2020050101,07,05,10,09,02
2020050102,09,02,04,07,05
2020050103,11,08,04,02,05
2020050104,02,04,09,03,07
2020050105,10,01,06,05,07
2020050106,05,02,07,09,04
2020050107,03,01,07,06,08
2020050108,07,02,11,10,03
2020050109,02,08,11,03,04
2020050110,07,04,11,08,02
2020050111,06,04,07,10,03
2020050112,03,06,05,10,04
2020050113,10,11,06,02,01
2020050114,10,06,05,09,02
2020050115,10,08,06,01,04
2020050116,06,09,10,03,05
2020050117,10,08,06,02,07
2020050118,10,03,11,06,02
2020050119,10,03,04,11,05
2020050120,05,04,06,01,11
2020050121,04,01,05,06,11
2020050122,10,07,01,08,05
2020050123,02,03,07,01,10
2020050124,08,07,05,04,03
2020050125,07,06,05,02,09
2020050126,09,07,02,11,08
2020050127,02,09,04,05,08
2020050128,06,07,03,02,10
2020050129,07,05,06,11,01
2020050130,07,03,01,09,05
2020050131,07,11,05,01,06
2020050132,05,07,06,09,03
2020050133,01,05,10,03,04
2020050134,07,10,11,08,04
2020050135,03,02,08,05,07
2020050136,11,02,01,03,08
2020050137,06,03,07,11,10
2020050138,02,06,08,03,09
2020050139,02,09,03,07,01
2020050140,09,01,06,10,04
