2020090101,03,05,04,01,07
2020090102,06,10,09,11,08
2020090103,05,08,02,10,04
2020090104,02,06,08,05,07
2020090105,08,02,06,09,01
2020090106,09,01,03,04,07
2020090107,05,08,11,03,01
2020090108,04,10,11,09,08
2020090109,03,05,09,04,01
2020090110,02,11,07,05,08
2020090111,09,02,06,04,11
2020090112,02,10,09,04,03
2020090113,04,01,08,07,03
2020090114,11,04,10,06,01
2020090115,11,10,09,04,08
2020090116,05,06,07,08,03
2020090117,04,02,03,08,01
2020090118,04,11,06,02,05
2020090119,03,07,02,01,04
2020090120,03,04,01,05,02
2020090121,07,02,04,05,09
2020090122,11,02,03,05,10
2020090123,09,04,05,03,08
2020090124,02,11,04,09,10
2020090125,09,01,10,06,07
2020090126,05,10,09,04,03
2020090127,09,05,06,07,08
2020090128,02,06,04,01,08
2020090129,10,08,07,04,06
2020090130,09,07,04,05,01
2020090131,09,05,07,06,11
2020090132,08,06,02,11,10
2020090133,09,03,05,06,04
2020090134,03,08,10,11,07
2020090135,09,04,11,05,06
2020090136,05,07,08,09,02
2020090137,10,05,01,02,11
2020090138,03,08,02,01,09
2020090139,11,05,10,02,01
2020090140,10,01,11,09,02
