2019090101,05,06,03,04,09
2019090102,06,04,05,07,10
2019090103,08,05,11,10,09
2019090104,08,11,09,01,04
2019090105,07,11,01,04,03
2019090106,11,10,09,06,08
2019090107,01,09,02,04,07
2019090108,03,04,07,05,09
2019090109,04,01,09,11,10
2019090110,05,06,03,08,10
2019090111,05,02,10,08,09
2019090112,03,10,01,11,06
2019090113,03,08,09,02,11
2019090114,05,08,09,03,04
2019090115,09,04,03,08,10
2019090116,06,10,03,02,08
2019090117,04,06,07,03,02
2019090118,11,03,09,05,01
2019090119,10,09,08,03,02
2019090120,04,02,08,11,07
2019090121,02,11,01,04,05
2019090122,02,07,01,06,04
2019090123,06,01,08,09,07
2019090124,10,04,05,07,06
2019090125,05,04,06,01,07
2019090126,08,07,03,06,09
2019090127,02,05,07,08,04
2019090128,01,02,04,11,06
2019090129,09,07,02,08,03
2019090130,10,05,08,09,06
2019090131,07,06,01,04,09
2019090132,03,10,11,08,05
2019090133,04,01,05,08,11
2019090134,01,08,05,10,11
2019090135,06,08,05,02,01
2019090136,07,06,01,02,11
2019090137,11,04,01,05,10
2019090138,02,07,03,01,11
2019090139,01,09,08,11,10
2019090140,10,04,09,07,02
2019090201,06,03,07,09,11
2019090202,09,07,03,10,06
2019090203,05,09,08,06,11
2019090204,02,01,03,06,07
2019090205,11,07,03,05,10
2019090206,06,10,11,02,07
2019090207,03,09,04,05,08
2019090208,10,02,03,11,07
2019090209,08,09,07,04,11
2019090210,07,06,11,02,03
2019090211,03,04,08,11,07
2019090212,03,01,04,08,05
2019090213,11,10,08,01,05
2019090214,06,03,07,08,01
2019090215,11,07,08,02,05
2019090216,07,04,03,09,11
2019090217,07,05,09,11,03
2019090218,09,04,01,05,08
2019090219,08,02,10,04,11
2019090220,05,09,07,11,08
2019090221,05,02,03,04,06
2019090222,05,08,06,07,02
2019090223,01,02,10,11,06
2019090224,04,03,10,07,08
2019090225,02,08,11,10,09
2019090226,05,07,11,03,08
2019090227,05,09,04,11,10
2019090228,01,02,05,08,07
2019090229,04,03,09,02,01
2019090230,08,06,07,10,02
2019090231,04,07,08,02,06
2019090232,10,07,03,01,02
2019090233,09,02,10,08,06
2019090234,05,11,06,01,03
2019090235,03,11,10,04,08
2019090236,07,01,05,11,09
2019090237,01,07,05,10,06
2019090238,05,04,08,09,01
2019090239,05,06,08,10,11
2019090240,01,04,05,06,10
2019090301,09,10,01,05,07
2019090302,08,04,01,09,06
2019090303,09,11,01,04,02
2019090304,06,01,05,09,11
2019090305,05,04,10,09,08
2019090306,08,02,06,10,05
2019090307,06,11,09,01,05
2019090308,05,06,07,11,04
2019090309,06,05,08,02,09
2019090310,06,02,11,01,04
2019090311,07,09,06,04,05
2019090312,01,06,11,09,05
2019090313,03,01,09,11,05
2019090314,10,06,08,03,09
2019090315,07,09,08,01,04
2019090316,05,09,04,07,02
2019090317,01,04,08,05,06
2019090318,06,04,05,02,11
2019090319,03,05,06,11,09
2019090320,08,11,10,04,02
2019090321,06,07,09,03,11
2019090322,02,07,11,06,05
2019090323,11,05,07,04,06
2019090324,07,06,05,04,11
2019090325,01,07,04,02,05
2019090326,10,08,05,11,07
2019090327,03,02,01,09,07
2019090328,08,11,03,01,06
2019090329,08,02,01,05,03
2019090330,03,10,07,06,04
2019090331,04,09,03,02,08
2019090332,06,01,11,03,05
2019090333,07,09,06,05,08
2019090334,06,03,05,09,08
2019090335,08,06,02,04,11
