2020040101,05,08,01,02,11
2020040102,10,08,11,07,03
2020040103,07,08,02,06,01
2020040104,07,02,03,10,05
2020040105,03,07,08,11,04
2020040106,02,05,01,04,08
2020040107,10,03,07,06,05
2020040108,08,04,07,05,09
2020040109,06,09,08,01,07
2020040110,01,07,08,04,10
2020040111,02,07,01,10,03
2020040112,05,06,08,07,04
2020040113,08,01,03,02,07
2020040114,01,07,03,11,06
2020040115,03,07,04,01,09
2020040116,06,08,10,07,09
2020040117,02,03,11,04,10
2020040118,09,11,03,05,04
2020040119,02,07,06,01,08
2020040120,09,11,02,03,04
2020040121,09,04,11,06,02
2020040122,08,02,07,06,03
2020040123,06,09,04,08,01
2020040124,05,09,04,08,03
2020040125,08,06,09,01,03
2020040126,01,10,08,02,04
2020040127,02,10,07,03,01
2020040128,10,08,04,02,09
2020040129,07,05,10,06,04
2020040130,08,06,03,04,11
2020040131,06,09,02,03,11
2020040132,01,07,03,02,09
2020040133,08,01,02,06,03
2020040134,10,09,04,06,01
2020040135,10,08,05,06,01
2020040136,05,04,08,07,01
2020040137,03,02,10,11,06
2020040138,04,05,11,02,06
2020040139,06,11,05,02,10
2020040140,10,09,01,06,04
