2019120101,03,02,04,09,10
2019120102,09,11,10,02,08
2019120103,01,09,02,05,11
2019120104,06,09,04,11,03
2019120105,06,09,05,01,03
2019120106,06,04,07,11,02
2019120107,02,07,04,01,08
2019120108,11,09,10,01,03
2019120109,05,03,07,11,02
2019120110,03,07,11,06,01
2019120111,06,02,10,08,07
2019120112,03,05,07,01,08
2019120113,07,03,02,11,08
2019120114,10,08,05,02,09
2019120115,11,03,09,04,01
2019120116,08,07,02,01,06
2019120117,06,07,01,03,08
2019120118,02,05,11,01,03
2019120119,02,04,03,06,10
2019120120,01,11,06,03,02
2019120121,05,03,07,01,09
2019120122,02,11,05,07,03
2019120123,08,06,10,04,02
2019120124,05,01,08,10,07
2019120125,05,08,09,03,10
2019120126,04,03,06,02,09
2019120127,05,07,06,03,08
2019120128,11,04,06,10,05
2019120129,05,11,01,08,06
2019120130,01,04,08,10,09
2019120131,02,06,08,04,10
2019120132,05,08,01,06,02
2019120133,07,05,03,04,11
2019120134,01,10,06,02,07
2019120135,11,05,06,08,10
2019120136,10,06,08,09,02
2019120137,11,03,01,07,05
