2020060101,05,10,03,04,09
2020060102,08,03,10,11,02
2020060103,10,02,09,04,03
2020060104,02,09,04,05,08
2020060105,02,07,04,01,10
2020060106,09,04,03,07,02
2020060107,10,03,08,09,11
2020060108,08,11,03,07,10
2020060109,04,10,08,03,11
2020060110,10,02,01,05,11
2020060111,05,07,02,10,09
2020060112,06,08,03,01,05
2020060113,10,07,06,11,02
2020060114,11,07,05,04,01
2020060115,08,04,06,05,11
2020060116,09,02,08,11,03
2020060117,04,08,07,02,10
2020060118,11,10,02,04,03
2020060119,09,08,05,06,11
2020060120,04,07,02,01,10
2020060121,10,09,11,02,04
2020060122,03,02,01,08,07
2020060123,01,09,02,08,07
2020060124,01,07,08,10,11
2020060125,01,07,08,05,09
2020060126,01,05,10,09,08
2020060127,11,07,05,01,03
2020060128,03,04,05,09,11
2020060129,05,10,11,09,03
2020060130,10,09,03,08,05
2020060131,08,01,06,04,03
2020060132,05,10,09,03,11
2020060133,09,08,10,05,04
2020060134,06,04,05,02,09
2020060135,01,02,09,08,11
2020060136,11,06,03,07,09
2020060137,02,06,09,01,03
2020060138,05,10,01,08,07
2020060139,01,09,06,02,03
2020060140,09,03,10,05,07
2020060201,06,10,02,07,01
2020060202,08,10,06,04,03
2020060203,02,04,07,01,05
2020060204,03,10,08,01,06
2020060205,10,05,06,08,02
2020060206,09,11,10,05,07
2020060207,06,04,03,07,11
2020060208,06,07,04,10,01
2020060209,09,07,05,03,10
2020060210,05,03,04,02,01
2020060211,07,03,09,05,10
2020060212,11,02,05,07,10
2020060213,02,08,07,11,03
2020060214,03,02,06,11,09
2020060215,03,01,10,09,08
2020060216,03,04,10,06,07
2020060217,04,09,11,02,10
2020060218,06,03,09,11,01
2020060219,08,03,06,01,05
2020060220,10,04,01,03,09
2020060221,04,03,11,05,07
2020060222,09,06,10,08,11
2020060223,11,02,05,01,07
2020060224,07,06,01,11,09
2020060225,05,01,10,04,03
2020060226,02,03,09,11,08
2020060227,07,02,06,09,01
2020060228,01,09,11,08,05
2020060229,07,09,03,01,06
2020060230,03,02,07,11,10
2020060231,03,11,05,07,01
2020060232,06,05,09,10,11
2020060233,01,05,07,02,03
2020060234,06,10,01,02,11
2020060235,02,07,11,01,08
2020060236,02,03,01,06,09
2020060237,09,04,08,05,01
2020060238,05,11,09,02,03
2020060239,08,01,02,07,09
2020060240,10,03,05,08,04
2020060301,01,05,08,06,07
2020060302,08,07,01,06,09
2020060303,10,09,11,04,08
2020060304,08,06,01,05,10
2020060305,01,10,06,09,03
2020060306,06,11,09,10,03
2020060307,04,07,08,05,11
2020060308,09,05,06,07,08
2020060309,09,05,03,06,07
2020060310,08,07,04,11,10
2020060311,11,03,10,06,02
2020060312,11,09,03,07,06
2020060313,10,07,11,05,04
2020060314,08,05,10,04,07
2020060315,11,10,09,05,07
2020060316,02,07,11,04,05
2020060317,01,08,09,04,11
2020060318,02,01,04,07,03
2020060319,04,09,05,03,08
2020060320,09,11,10,06,02
2020060321,06,10,08,07,02
2020060322,02,07,04,09,03
2020060323,02,08,01,05,07
2020060324,03,05,06,02,04
2020060325,01,11,08,05,04
2020060326,10,04,01,05,09
2020060327,09,04,10,07,06
2020060328,11,01,05,10,04
2020060329,09,06,03,02,08
2020060330,10,11,03,05,09
2020060331,05,08,06,07,11
2020060332,05,04,11,01,07
2020060333,10,06,05,04,02
2020060334,06,03,01,08,11
2020060335,10,03,06,01,07
2020060336,10,09,04,03,08
2020060337,05,01,04,02,07
2020060338,01,05,03,04,06
2020060339,01,03,05,07,11
2020060340,05,03,08,06,04
2020060401,02,03,10,11,09
2020060402,03,10,06,08,02
2020060403,07,11,02,05,01
2020060404,02,11,01,08,03
2020060405,11,02,05,07,03
2020060406,08,11,10,06,01
2020060407,04,03,02,05,10
2020060408,08,01,09,02,03
2020060409,02,10,08,09,11
2020060410,06,03,02,05,04
2020060411,09,07,06,01,05
2020060412,08,09,04,07,01
2020060413,08,05,02,09,06
2020060414,05,04,09,08,10
2020060415,10,08,06,07,03
2020060416,08,09,11,06,04
2020060417,07,08,01,11,06
2020060418,03,04,02,06,01
2020060419,03,02,10,09,08
2020060420,09,07,06,03,02
2020060421,08,10,09,06,02
2020060422,09,08,06,07,02
2020060423,01,04,11,08,07
2020060424,06,10,09,05,07
2020060425,09,04,03,10,08
2020060426,04,05,11,09,07
2020060427,04,11,03,07,06
2020060428,08,02,09,11,10
2020060429,05,09,07,08,02
2020060430,10,09,01,06,02
2020060431,02,04,10,05,06
2020060432,10,09,03,05,06
2020060433,04,09,08,03,10
2020060434,05,02,08,11,01
2020060435,06,03,10,01,02
2020060436,04,03,11,07,10
2020060437,02,05,06,03,08
2020060438,04,09,08,10,07
2020060439,10,05,11,06,03
2020060440,03,07,08,05,11
