2019081740,11,04,10,07,05
2019081741,02,07,09,03,08
2019081742,04,07,10,03,11
2019081801,02,05,01,03,10
2019081802,08,05,10,06,03
2019081803,05,08,01,11,06
2019081804,03,06,05,02,10
2019081805,08,05,04,10,01
2019081806,04,09,03,08,11
2019081807,09,06,07,01,03
2019081808,02,09,03,06,01
2019081809,09,03,07,02,05
2019081810,06,07,01,09,10
2019081811,06,01,02,04,07
2019081812,05,09,03,02,07
2019081813,02,10,09,07,06
2019081814,03,11,04,02,01
2019081815,01,10,11,02,07
2019081816,07,02,09,06,03
2019081817,05,09,04,08,10
2019081818,08,06,01,03,07
2019081819,08,10,06,09,04
2019081820,04,06,03,02,01
2019081821,01,06,02,11,08
2019081822,08,02,10,01,11
2019081823,09,01,08,05,02
2019081824,10,03,07,04,09
2019081825,06,03,11,04,09
2019081826,05,07,06,02,09
2019081827,03,11,10,02,07
2019081828,09,03,10,04,01
2019081829,04,02,06,01,03
2019081830,07,02,06,08,10
2019081831,04,08,11,09,03
2019081832,03,08,09,07,01
2019081833,06,07,11,01,02
2019081834,10,05,02,08,11
2019081835,08,09,05,01,10
2019081836,03,11,09,07,10
2019081837,10,09,03,11,07
2019081838,03,02,04,05,06
2019081839,08,05,01,11,06
2019081840,10,05,08,01,07
2019081841,07,08,11,04,02
2019081842,02,01,10,03,04
2019081901,02,05,11,08,10
2019081902,08,04,07,03,10
2019081903,01,07,05,09,10
2019081904,04,08,01,07,06
2019081905,03,07,11,02,08
2019081906,07,06,04,02,08
2019081907,11,08,04,06,01
2019081908,03,10,11,05,02
2019081909,03,10,05,01,08
2019081910,09,11,06,04,07
2019081911,09,03,06,04,07
2019081912,03,05,02,06,08
2019081913,01,02,05,11,06
2019081914,10,08,04,11,02
2019081915,09,01,02,08,07
2019081916,11,09,01,10,02
2019081917,06,03,08,10,02
2019081918,02,09,05,10,11
2019081919,08,01,02,06,10
2019081920,03,10,04,06,08
2019081921,05,04,11,02,03
2019081922,08,03,07,01,11
2019081923,06,02,11,10,07
2019081924,03,05,06,11,04
2019081925,03,04,06,10,11
2019081926,06,07,02,05,09
2019081927,01,04,07,08,05
2019081928,09,01,04,02,10
2019081929,01,11,02,03,10
2019081930,11,09,05,06,08
2019081931,08,02,06,05,04
2019081932,06,10,02,07,11
2019081933,07,04,01,10,11
2019081934,02,05,08,09,01
2019081935,08,07,09,02,06
2019081936,07,03,08,05,02
2019081937,09,08,02,05,11
2019081938,08,01,07,02,09
2019081939,02,04,06,08,10
2019081940,05,09,03,06,11
2019081941,06,05,02,08,04
2019081942,04,06,03,05,09
2019082001,08,10,06,07,05
2019082002,10,04,11,08,05
2019082003,10,09,06,11,03
2019082004,07,05,08,09,02
2019082005,01,06,07,11,03
2019082006,09,07,11,06,02
2019082007,03,04,08,06,05
2019082008,06,05,08,04,09
2019082009,02,09,11,10,01
2019082010,04,10,03,05,02
2019082011,03,02,05,09,07
2019082012,11,10,09,03,05
2019082013,04,11,06,07,10
2019082014,06,10,04,03,08
2019082015,07,03,09,06,10
2019082016,03,07,02,08,01
2019082017,04,07,08,10,03
2019082018,06,01,07,10,08
2019082019,03,01,08,11,09
2019082020,06,01,02,08,05
2019082021,02,01,03,09,04
2019082022,10,03,02,06,09
2019082023,06,01,09,04,10
2019082024,05,09,01,10,11
2019082025,08,04,10,01,05
2019082026,01,05,11,03,09
2019082027,09,02,05,07,03
2019082028,06,03,07,02,04
2019082029,06,05,09,10,11
2019082030,09,02,04,01,08
2019082031,02,09,01,06,08
2019082032,04,03,09,07,02
2019082033,06,07,05,04,03
2019082034,03,01,10,05,06
2019082035,06,04,05,02,09
2019082036,04,07,05,09,02
2019082037,06,10,11,02,09
2019082038,06,08,09,04,11
2019082039,10,05,02,06,09
2019082040,06,10,02,09,08
2019082041,01,04,05,02,11
2019082042,07,11,04,01,08
2019082101,08,04,06,10,11
2019082102,03,02,11,01,06
2019082103,11,09,04,03,01
2019082104,04,02,06,08,03
2019082105,09,03,11,07,01
2019082106,06,11,10,01,08
2019082107,03,11,08,07,02
2019082108,09,03,10,04,05
2019082109,11,01,03,04,09
2019082110,07,08,01,09,02
2019082111,05,07,01,04,10
2019082112,08,06,03,02,09
2019082113,01,03,06,04,07
2019082114,01,08,06,05,07
2019082115,11,02,08,01,04
2019082116,01,08,02,04,11
2019082117,01,05,04,03,11
2019082118,10,03,08,01,07
2019082119,02,10,11,09,01
2019082120,02,07,08,05,09
2019082121,05,03,10,08,02
2019082122,06,05,01,02,09
2019082123,01,10,02,06,03
2019082124,11,02,10,03,09
2019082125,08,06,05,09,02
2019082126,09,06,08,02,03
2019082127,06,09,08,11,04
2019082128,10,02,01,09,11
2019082129,04,09,08,10,07
2019082130,05,04,02,01,10
2019082131,04,10,02,01,08
2019082132,02,08,10,04,06
2019082133,10,01,02,03,09
2019082134,04,11,09,06,03
2019082135,11,08,09,04,03
2019082136,05,04,06,11,03
2019082137,04,07,01,08,10
2019082138,03,11,09,07,01
2019082139,03,01,10,07,09
2019082140,03,07,11,10,02
2019082141,08,04,02,06,11
2019082142,06,07,02,05,11
2019082201,05,11,04,06,07
2019082202,11,04,10,09,03
2019082203,02,05,11,04,01
2019082204,08,09,01,03,07
2019082205,06,10,08,03,02
2019082206,10,01,05,11,06
2019082207,01,05,09,08,07
2019082208,08,06,10,05,03
2019082209,11,01,03,10,02
2019082210,02,11,01,07,06
2019082211,11,03,02,04,09
2019082212,04,02,07,09,11
2019082213,03,09,11,02,06
2019082214,03,04,08,07,09
2019082215,08,04,03,02,09
2019082216,05,09,01,03,04
2019082217,08,01,11,07,03
2019082218,03,11,04,07,02
2019082219,02,06,04,01,09
2019082220,01,06,09,03,11
2019082221,03,05,10,08,04
2019082222,09,02,01,08,11
2019082223,11,05,01,02,04
2019082224,06,09,03,01,04
2019082225,11,08,07,04,06
2019082226,02,04,03,05,08
2019082227,04,05,01,11,08
2019082228,01,10,03,05,04
2019082229,03,09,05,02,07
2019082230,06,01,02,09,07
2019082231,07,06,03,08,10
2019082232,03,08,02,01,07
2019082233,09,08,07,02,11
2019082234,10,09,08,05,02
2019082235,01,06,03,05,04
2019082236,01,07,08,03,02
2019082237,08,04,10,02,07
2019082238,10,04,02,06,11
2019082239,03,02,11,05,04
2019082240,05,09,11,04,01
2019082241,05,02,07,04,01
2019082242,11,08,05,10,09
2019082301,10,06,07,04,01
2019082302,05,01,06,03,11
2019082303,10,09,07,02,11
2019082304,05,03,08,06,09
2019082305,10,02,04,05,06
2019082306,11,08,07,05,06
2019082307,05,04,02,01,03
2019082308,01,06,02,09,05
2019082309,07,11,06,05,03
2019082310,10,03,04,02,05
2019082311,08,07,03,01,11
2019082312,02,04,10,05,07
2019082313,11,03,08,05,02
2019082314,10,02,05,06,08
2019082315,03,09,04,05,11
2019082316,04,10,01,02,06
2019082317,06,10,04,11,03
2019082318,03,11,01,06,10
2019082319,05,08,02,11,01
2019082320,08,07,04,11,03
2019082321,10,03,06,01,11
2019082322,11,09,04,06,08
2019082323,04,01,07,05,02
2019082324,10,07,04,05,09
2019082325,11,05,04,01,08
2019082326,09,01,08,02,04
2019082327,05,09,02,07,08
2019082328,04,07,11,08,03
2019082329,05,08,09,07,06
2019082330,02,06,05,08,07
2019082331,04,10,06,01,08
2019082332,10,04,08,02,09
2019082333,07,01,08,11,09
2019082334,09,05,03,02,06
2019082335,04,06,01,11,07
2019082336,07,09,03,06,01
2019082337,08,10,11,06,04
2019082338,03,05,02,10,08
2019082339,01,10,09,07,03
2019082340,02,09,05,03,08
2019082341,09,05,02,08,06
2019082342,04,03,01,11,05
2019082401,02,05,01,06,04
2019082402,09,05,10,08,02
2019082403,05,10,04,02,01
2019082404,02,01,11,03,04
2019082405,03,06,09,02,04
2019082406,06,03,07,02,04
2019082407,02,11,06,05,10
2019082408,11,04,03,01,09
2019082409,06,10,01,11,09
2019082410,05,07,11,09,08
2019082411,10,06,02,08,09
2019082412,02,05,09,08,11
2019082413,08,03,06,10,05
2019082414,10,03,11,06,07
2019082415,06,03,11,04,10
2019082416,10,08,02,06,01
2019082417,05,08,03,01,10
2019082418,07,06,01,09,11
2019082419,02,09,01,06,08
2019082420,09,08,05,07,06
2019082421,01,11,04,05,07
2019082422,06,04,11,03,09
2019082423,11,03,10,05,04
2019082424,08,04,10,06,01
2019082425,03,10,02,09,07
2019082426,06,01,10,08,03
2019082427,03,09,07,06,11
2019082428,04,10,02,06,03
2019082429,01,06,09,04,08
2019082430,08,05,09,03,01
2019082431,08,06,09,01,05
2019082432,07,06,01,08,02
2019082433,11,01,06,09,03
2019082434,11,10,06,03,09
2019082435,03,10,08,02,11
2019082436,04,01,09,03,06
2019082437,09,06,11,01,10
2019082438,06,08,02,04,07
2019082439,05,10,11,02,06
2019082440,11,03,10,06,07
2019082441,03,06,08,04,02
2019082442,06,03,10,11,01
2019082501,09,10,08,05,11
2019082502,09,01,08,06,05
2019082503,03,10,04,05,02
2019082504,10,04,05,11,09
2019082505,06,07,01,10,05
2019082506,03,05,07,10,09
2019082507,04,05,02,01,11
2019082508,03,02,08,09,10
2019082509,08,02,03,05,01
2019082510,04,07,06,09,11
2019082511,11,05,06,07,08
2019082512,06,10,02,04,01
2019082513,03,05,02,01,04
2019082514,02,10,01,11,03
2019082515,03,06,08,11,02
2019082516,07,01,06,04,05
2019082517,01,04,06,11,07
2019082518,10,08,02,03,09
2019082519,04,07,08,02,01
2019082520,11,02,03,09,07
2019082521,10,01,06,02,08
2019082522,01,06,09,07,02
2019082523,06,11,09,10,04
2019082524,01,11,07,03,06
2019082525,01,03,06,11,10
2019082526,10,06,03,05,02
2019082527,02,08,04,10,06
2019082528,05,06,04,08,09
2019082529,09,01,07,06,05
2019082530,03,01,08,10,07
2019082531,01,04,02,10,05
2019082532,01,04,05,10,09
2019082533,03,06,01,11,09
2019082534,04,03,11,06,05
2019082535,03,01,07,08,06
2019082536,07,01,03,11,04
2019082537,05,04,08,07,10
2019082538,07,05,09,11,08
2019082539,06,03,11,05,04
2019082540,01,07,02,10,05
2019082541,08,06,01,05,02
2019082542,04,05,09,02,08
2019082601,08,10,09,01,06
2019082602,01,08,10,03,07
2019082603,02,05,09,07,10
2019082604,06,09,07,11,10
2019082605,02,07,04,06,10
2019082606,07,09,10,01,11
2019082607,09,08,11,05,06
2019082608,09,04,02,11,01
2019082609,09,04,03,01,06
2019082610,10,11,01,05,07
2019082611,05,10,06,02,09
2019082612,11,09,02,04,08
2019082613,04,05,01,10,07
2019082614,09,06,05,01,04
2019082615,09,10,06,07,11
2019082616,03,10,11,02,05
2019082617,10,03,08,02,11
2019082618,04,11,01,08,03
2019082619,08,07,09,05,03
2019082620,06,01,04,07,09
2019082621,11,10,08,09,05
2019082622,10,02,03,06,04
2019082623,06,04,07,11,10
2019082624,02,10,06,01,08
2019082625,01,04,06,09,03
2019082626,09,03,02,06,01
2019082627,08,05,09,11,02
2019082628,10,08,06,07,04
2019082629,06,10,03,05,08
2019082630,08,10,05,02,09
2019082631,05,04,10,07,08
2019082632,03,06,07,02,05
2019082633,05,10,08,06,11
2019082634,08,01,05,04,07
2019082635,10,11,08,03,09
2019082636,06,01,07,05,04
2019082637,10,01,04,05,06
2019082638,07,05,08,09,03
2019082639,02,06,07,10,08
2019082640,10,03,08,04,06
2019082641,07,08,06,02,05
2019082642,09,04,10,11,02
2019082701,08,11,02,10,01
2019082702,01,09,05,06,11
2019082703,09,06,03,01,05
2019082704,01,03,08,05,10
2019082705,03,09,01,05,07
2019082706,02,10,11,04,07
2019082707,02,09,01,05,08
2019082708,09,08,11,10,04
2019082709,02,11,07,05,09
2019082710,01,05,03,07,08
2019082711,09,11,04,08,10
2019082712,11,07,02,01,05
2019082713,04,01,03,10,05
2019082714,03,01,05,06,07
2019082715,08,07,10,05,02
2019082716,02,08,01,06,10
2019082717,11,09,01,08,07
2019082718,03,01,08,11,10
2019082719,08,02,04,01,10
2019082720,06,02,11,04,01
2019082721,02,09,03,04,10
2019082722,02,06,04,08,01
2019082723,11,10,02,05,03
2019082724,03,02,09,01,04
2019082725,08,06,03,10,09
2019082726,06,05,02,01,10
2019082727,02,06,09,05,07
2019082728,04,11,03,09,05
2019082729,02,06,11,03,04
2019082730,06,01,09,10,04
2019082731,02,11,01,04,08
2019082732,10,01,04,07,02
2019082733,11,04,03,10,05
2019082734,04,01,02,10,11
2019082735,04,03,05,02,08
2019082736,10,04,02,08,06
2019082737,04,09,05,08,10
2019082738,11,09,10,06,07
2019082739,08,01,11,02,10
2019082740,09,03,10,04,08
2019082741,08,04,03,07,01
2019082742,10,04,08,06,05
2019082801,05,02,11,07,09
2019082802,10,09,03,01,07
2019082803,10,05,04,06,02
2019082804,06,08,01,05,04
2019082805,02,09,04,03,01
2019082806,08,04,11,06,01
2019082807,07,03,11,01,10
2019082808,04,10,02,03,05
2019082809,10,08,03,09,07
2019082810,02,09,06,03,01
2019082811,02,09,11,03,07
2019082812,10,02,04,01,06
2019082813,06,08,10,07,01
2019082814,05,03,06,01,07
2019082815,08,07,03,01,10
2019082816,06,01,11,03,02
2019082817,09,08,06,11,10
2019082818,06,09,02,08,11
2019082819,02,07,03,10,08
2019082820,05,07,08,06,09
2019082821,01,06,11,08,10
2019082822,03,05,08,11,07
2019082823,06,01,11,08,09
2019082824,06,05,11,04,02
2019082825,01,06,03,04,10
2019082826,04,09,06,03,07
2019082827,08,01,06,10,04
2019082828,11,08,06,05,02
2019082829,09,06,07,11,04
2019082830,05,06,02,11,07
2019082831,01,08,06,03,05
2019082832,11,02,01,04,07
2019082833,06,07,03,05,02
2019082834,03,11,07,08,04
2019082835,06,08,10,04,03
2019082836,02,01,08,09,05
2019082837,10,08,03,04,07
2019082838,04,08,09,03,02
2019082839,02,07,09,01,08
2019082840,06,08,05,09,04
2019082841,01,11,04,08,05
2019082842,07,05,04,06,10
2019082901,01,02,03,11,04
2019082902,03,07,05,04,10
2019082903,05,01,03,06,08
2019082904,02,01,06,05,08
2019082905,04,06,10,09,05
2019082906,11,01,04,08,07
2019082907,09,01,02,08,06
2019082908,09,06,08,03,07
2019082909,11,05,01,02,04
2019082910,11,09,08,07,03
2019082911,02,06,05,07,11
2019082912,02,11,06,07,08
2019082913,07,09,04,05,01
2019082914,01,08,11,02,04
2019082915,08,02,03,01,09
2019082916,09,04,06,08,03
2019082917,02,10,07,06,05
2019082918,10,09,11,07,08
2019082919,09,06,08,10,02
2019082920,04,01,02,05,03
2019082921,10,09,11,03,01
2019082922,07,08,10,11,09
2019082923,03,04,07,10,11
2019082924,10,05,07,04,11
2019082925,11,10,06,09,07
2019082926,08,06,05,11,07
2019082927,05,11,03,09,10
2019082928,10,06,07,09,04
2019082929,01,02,10,09,04
2019082930,01,04,03,09,02
2019082931,04,06,11,02,01
2019082932,05,03,02,04,11
2019082933,06,02,07,10,01
2019082934,06,05,02,08,10
2019082935,08,04,10,01,09
2019082936,01,09,10,03,02
2019082937,09,06,10,07,11
2019082938,07,10,03,01,09
2019082939,05,11,03,02,01
2019082940,02,01,11,07,06
2019082941,11,10,03,06,05
2019082942,09,01,05,03,07
2019083001,09,06,03,01,02
2019083002,02,10,07,11,04
2019083003,03,06,05,02,09
2019083004,06,08,01,11,05
2019083005,09,02,10,11,05
2019083006,11,03,04,01,05
2019083007,10,09,04,01,11
2019083008,10,11,07,05,06
2019083009,07,04,05,06,11
2019083010,08,10,06,05,01
2019083011,01,10,04,08,09
2019083012,11,03,04,10,07
2019083013,06,04,03,09,07
2019083014,04,05,02,07,11
2019083015,06,07,09,08,03
2019083016,08,05,10,04,03
2019083017,03,11,07,04,10
2019083018,06,11,05,10,08
2019083019,06,04,10,07,03
2019083020,04,03,06,10,08
2019083021,10,08,11,07,02
2019083022,11,03,10,09,06
2019083023,04,03,01,07,09
2019083024,04,01,11,08,10
2019083025,11,07,02,01,03
2019083026,11,05,02,04,07
2019083027,02,04,05,11,06
2019083028,02,04,05,09,08
2019083029,04,11,03,05,01
2019083030,01,11,07,04,10
2019083031,02,07,01,10,11
2019083032,06,02,10,04,01
2019083033,10,11,04,08,01
2019083034,03,06,05,02,07
2019083035,08,03,09,07,05
2019083036,07,01,02,08,10
2019083037,10,01,06,08,09
2019083038,01,10,06,09,08
2019083039,05,08,11,09,10
2019083040,04,06,10,02,03
2019083041,11,02,05,06,10
2019083042,05,06,07,09,08
2019083101,08,05,10,11,09
2019083102,05,01,03,10,06
2019083103,07,01,02,08,04
2019083104,07,02,09,11,06
2019083105,11,03,09,05,07
2019083106,09,08,01,05,07
2019083107,06,08,01,03,11
2019083108,03,04,10,09,08
2019083109,09,02,04,05,01
2019083110,02,07,01,03,09
2019083111,10,01,04,06,09
2019083112,10,04,02,08,06
2019083113,06,04,10,09,02
2019083114,04,09,05,08,06
2019083115,01,08,10,09,11
2019083116,01,09,05,02,06
2019083117,09,06,05,03,07
2019083118,04,07,05,06,10
2019083119,10,04,03,05,11
2019083120,06,05,10,04,02
2019083121,04,01,02,09,07
2019083122,09,06,02,01,05
2019083123,02,04,10,03,01
2019083124,10,08,09,11,04
2019083125,02,09,10,04,06
2019083126,07,04,01,11,02
2019083127,01,07,04,11,10
2019083128,01,08,06,10,02
2019083129,03,10,07,05,08
2019083130,01,09,06,07,08
2019083131,11,08,03,05,01
2019083132,05,07,02,04,10
2019083133,10,04,08,06,11
2019083134,06,07,04,02,03
2019083135,08,11,05,06,03
2019083136,05,10,11,02,07
2019083137,06,01,03,07,04
2019083138,01,07,02,11,03
2019083139,09,05,06,11,10
2019083140,05,06,08,04,02
2019083141,05,11,07,06,02
2019083142,03,10,08,07,02
