2020010101,08,02,01,05,03
2020010102,08,05,03,01,10
2020010103,02,07,05,09,08
2020010104,10,11,04,05,07
2020010105,01,11,04,07,03
2020010106,09,08,11,06,02
2020010107,06,02,04,08,09
2020010108,03,06,11,09,05
2020010109,10,02,11,06,08
2020010110,06,05,02,07,08
2020010111,05,04,01,07,06
2020010112,04,09,01,06,08
2020010113,02,08,06,03,09
2020010114,10,08,05,03,06
2020010115,10,09,07,03,08
2020010116,10,06,01,05,08
2020010117,03,11,08,07,04
2020010118,01,07,08,05,10
2020010119,04,01,02,11,09
2020010120,05,07,04,01,03
2020010121,11,06,07,10,02
2020010122,10,02,05,04,07
2020010123,10,02,05,01,06
2020010124,03,04,01,08,05
2020010125,03,07,06,04,11
2020010126,03,05,08,07,10
2020010127,08,05,10,04,07
2020010128,05,01,04,06,11
2020010129,07,06,09,08,04
2020010130,07,08,01,06,10
2020010131,06,01,07,09,04
2020010132,02,05,10,01,03
2020010133,03,01,08,09,06
2020010134,08,05,10,06,11
2020010135,04,10,11,02,05
2020010136,04,02,11,10,09
2020010137,08,01,10,07,04
2020010138,11,09,02,07,04
2020010139,10,06,08,04,09
2020010140,04,08,10,02,07
2020010141,09,10,06,07,03
2020010142,05,10,09,06,03
2020010201,02,11,06,10,05
2020010202,05,04,09,08,02
2020010203,07,01,08,10,02
2020010204,09,05,03,02,08
2020010205,06,08,01,05,09
2020010206,04,07,09,02,06
2020010207,09,10,01,08,06
2020010208,01,02,04,09,05
2020010209,01,04,02,03,11
2020010210,05,08,11,04,02
2020010211,01,11,05,07,09
2020010212,08,03,09,07,11
2020010213,06,03,01,10,04
2020010214,08,06,04,09,05
2020010215,08,07,04,05,03
2020010216,08,10,06,11,03
2020010217,07,01,08,09,11
2020010218,06,10,04,01,03
2020010219,07,03,10,02,11
2020010220,07,08,11,03,02
2020010221,06,02,04,05,08
2020010222,07,06,09,04,10
2020010223,05,11,10,07,03
2020010224,05,09,11,04,08
2020010225,09,07,08,03,06
2020010226,04,06,05,02,01
2020010227,05,11,06,10,04
2020010228,02,01,09,06,05
2020010229,02,07,05,09,08
2020010230,03,07,08,11,09
2020010231,02,10,11,06,03
2020010232,08,09,01,02,07
2020010233,02,11,06,10,09
2020010234,10,02,01,09,08
2020010235,09,10,07,05,02
2020010236,08,04,03,10,05
2020010237,09,07,05,10,04
2020010238,02,01,07,05,06
