2019120101,02,04,10,09,01
2019120102,06,10,02,11,04
2019120103,07,11,05,10,01
2019120104,05,03,07,10,08
2019120105,11,09,06,05,01
2019120106,08,03,11,06,09
2019120107,06,04,11,10,07
2019120108,05,02,09,07,01
2019120109,11,01,10,07,04
2019120110,09,03,04,06,07
2019120111,02,06,01,04,03
2019120112,06,01,08,07,04
2019120113,02,01,04,05,03
2019120114,06,09,10,08,02
2019120115,01,03,04,02,06
2019120116,11,04,03,06,02
2019120117,11,09,10,04,06
2019120118,10,04,11,08,05
2019120119,02,11,10,03,01
2019120120,03,06,08,04,07
2019120121,07,01,09,04,05
2019120122,09,05,11,04,07
2019120123,08,09,04,10,06
2019120124,02,09,08,11,01
2019120125,09,06,10,01,03
2019120126,04,07,03,01,10
2019120127,04,02,03,10,11
2019120128,11,05,08,04,07
2019120129,02,05,11,10,01
2019120130,02,11,09,10,03
2019120131,02,08,11,09,10
2019120132,01,06,05,09,07
2019120133,11,01,09,07,08
2019120134,01,03,02,05,04
2019120135,11,04,05,09,08
2019120136,10,06,01,04,05
2019120137,02,03,11,05,06
2019120138,05,09,11,07,04
2019120139,09,10,06,05,01
2019120140,08,11,10,07,09
2019120141,08,07,09,04,05
2019120142,07,09,11,01,03
2019120201,01,10,05,04,07
2019120202,01,03,05,04,09
2019120203,10,11,06,02,03
2019120204,01,04,07,06,02
2019120205,04,05,06,03,07
2019120206,02,03,10,09,05
2019120207,09,03,10,02,08
2019120208,02,11,06,01,04
2019120209,10,05,03,01,02
2019120210,05,01,02,03,09
2019120211,09,11,04,02,08
2019120212,11,10,06,01,03
2019120213,11,06,09,10,07
2019120214,09,07,01,05,06
2019120215,10,02,06,07,04
2019120216,10,03,05,09,04
2019120217,04,01,03,11,06
2019120218,01,08,10,05,09
2019120219,07,09,01,10,05
2019120220,05,10,11,06,03
2019120221,01,04,05,10,11
2019120222,01,03,06,08,09
2019120223,02,07,01,08,06
2019120224,11,02,01,05,07
2019120225,01,10,03,02,11
2019120226,06,11,08,01,07
2019120227,04,01,11,09,08
2019120228,09,01,08,06,07
2019120229,04,02,09,11,03
2019120230,10,08,11,02,05
2019120231,09,11,05,08,04
2019120232,05,08,03,02,11
2019120233,05,07,03,08,02
2019120234,05,01,06,04,10
2019120235,01,07,09,06,10
2019120236,07,02,11,03,05
