2019100801,01,08,09,06,02
2019100802,08,02,09,10,07
2019100803,03,04,09,08,01
2019100804,10,05,08,11,01
2019100805,11,04,10,06,07
2019100806,05,08,06,07,03
2019100807,04,11,01,07,03
2019100808,04,02,08,05,06
2019100809,03,09,04,11,10
2019100810,10,11,05,01,08
2019100811,02,08,03,11,04
2019100812,02,10,05,11,01
2019100813,05,01,07,03,10
2019100814,09,11,06,03,07
2019100815,04,02,05,10,07
2019100816,02,10,08,01,09
2019100817,02,09,08,11,05
2019100818,02,08,03,01,06
2019100819,08,09,05,07,11
2019100820,03,07,11,09,05
2019100821,09,05,11,10,03
2019100822,11,02,03,04,08
2019100823,01,11,04,10,06
2019100824,01,08,11,05,07
2019100825,06,11,02,10,05
2019100826,07,10,01,11,04
2019100827,03,07,04,02,01
2019100828,02,04,10,01,07
2019100829,03,04,08,10,05
2019100830,10,02,04,09,08
2019100831,11,03,08,09,04
2019100832,06,07,04,08,01
2019100833,11,07,02,01,06
2019100834,03,09,11,04,07
2019100835,03,04,01,10,09
