2020050601,02,08,04,03,09
2020050602,10,07,01,06,04
2020050603,05,03,02,10,07
2020050604,05,11,09,04,08
2020050605,01,08,05,06,11
2020050606,03,06,02,07,01
2020050607,06,10,03,04,11
2020050608,10,02,05,03,04
2020050609,10,06,11,04,05
2020050610,01,03,10,11,05
2020050611,08,07,03,10,09
2020050612,07,08,10,04,06
2020050613,09,11,07,06,10
2020050614,10,09,08,07,02
2020050615,04,07,01,06,11
2020050616,10,11,01,07,05
2020050617,09,08,07,05,11
2020050618,04,08,03,06,11
2020050619,10,02,07,05,09
2020050620,01,05,11,06,04
2020050621,07,11,06,08,05
2020050622,05,10,02,03,08
2020050623,03,04,02,09,10
2020050624,10,01,07,04,09
2020050625,07,06,01,02,03
2020050626,08,11,02,09,05
2020050627,02,08,03,09,01
2020050628,05,03,06,09,02
2020050629,11,09,03,04,07
2020050630,01,10,02,03,11
2020050631,10,02,09,05,04
2020050632,01,06,05,09,11
2020050633,08,04,01,07,11
2020050634,08,10,04,02,05
2020050635,07,09,03,11,10
2020050636,02,11,05,07,09
2020050637,05,04,10,02,07
2020050638,06,01,10,08,07
2020050639,09,01,04,11,03
2020050640,02,10,06,01,07
2020050641,10,09,02,11,01
2020050642,06,01,04,07,09
2020050701,11,06,09,04,05
2020050702,05,02,07,08,03
2020050703,06,09,11,04,10
2020050704,03,11,05,04,08
2020050705,03,02,10,07,01
2020050706,11,03,05,02,07
2020050707,02,01,04,03,11
2020050708,06,03,11,07,08
2020050709,11,04,03,10,09
2020050710,04,11,06,02,01
2020050711,09,04,02,01,07
2020050712,10,11,05,03,06
2020050713,04,03,05,02,08
2020050714,08,05,01,06,10
2020050715,09,01,07,04,03
2020050716,04,11,08,05,10
2020050717,07,06,02,04,03
2020050718,06,08,11,07,01
2020050719,04,10,05,03,09
2020050720,08,07,11,09,04
2020050721,05,08,03,07,10
2020050722,08,06,07,02,03
2020050723,04,10,07,09,11
2020050724,11,06,05,09,04
2020050725,04,05,02,03,06
2020050726,04,01,05,11,09
2020050727,09,11,01,02,10
2020050728,02,01,09,08,05
2020050729,01,02,10,04,11
2020050730,11,08,04,05,10
2020050731,10,06,08,05,02
2020050732,06,08,01,04,09
2020050733,02,03,01,06,08
2020050734,03,11,02,07,05
2020050735,08,03,06,04,09
2020050736,03,04,09,05,07
2020050737,03,02,04,05,08
2020050738,03,02,05,10,01
2020050739,01,08,09,03,05
2020050740,06,05,04,03,11
2020050741,09,11,03,10,04
