2020010101,11,04,08,09,05
2020010102,11,08,03,02,10
2020010103,09,03,11,02,07
2020010104,11,05,07,04,03
2020010105,11,03,06,09,04
2020010106,05,01,06,09,04
2020010107,02,07,06,09,05
2020010108,06,09,11,01,02
2020010109,05,08,09,07,10
2020010110,02,10,09,06,03
2020010111,02,01,06,07,05
2020010112,10,08,07,05,06
2020010113,01,02,09,10,03
2020010114,08,01,07,06,05
2020010115,04,08,10,05,07
2020010116,02,03,06,09,10
2020010117,02,09,04,03,11
2020010118,06,08,10,03,05
2020010119,06,10,04,09,02
2020010120,01,11,06,05,02
2020010121,03,06,07,05,04
2020010122,11,08,07,01,06
2020010123,10,06,08,01,05
2020010124,10,06,03,07,04
2020010125,02,05,06,11,03
2020010126,05,07,10,03,01
2020010127,10,05,03,07,06
2020010128,01,11,07,04,02
2020010129,10,11,08,05,06
2020010130,02,08,10,11,04
2020010131,05,03,10,11,07
2020010132,08,04,05,06,01
2020010133,11,06,03,04,05
2020010134,10,02,06,09,11
2020010135,05,08,11,02,09
2020010136,02,08,07,11,09
2020010137,02,07,01,09,04
2020010138,03,11,10,04,05
2020010139,01,02,04,06,08
2020010140,08,06,07,02,01
2020010141,10,11,08,03,05
