2020080101,09,02,11,04,06
2020080102,11,02,07,01,03
2020080103,05,11,04,02,08
2020080104,08,04,05,02,03
2020080105,09,04,02,05,08
2020080106,01,07,09,05,08
2020080107,10,11,08,03,02
2020080108,01,04,07,05,06
2020080109,02,04,11,06,03
2020080110,10,05,08,02,01
2020080111,07,08,02,10,09
2020080112,06,10,02,05,01
2020080113,06,03,05,08,10
2020080114,08,06,03,05,01
2020080115,10,05,01,06,09
2020080116,08,10,02,01,07
2020080117,05,11,04,02,01
2020080118,01,08,02,07,11
2020080119,06,03,07,08,02
2020080120,02,04,11,05,08
2020080121,05,11,07,03,06
2020080122,02,09,06,01,10
2020080123,09,04,11,10,07
2020080124,06,10,11,07,02
2020080125,05,08,02,11,07
2020080126,11,10,03,07,06
2020080127,02,09,10,03,01
2020080128,11,02,09,03,01
2020080129,05,04,01,07,02
2020080130,09,10,01,08,04
2020080131,08,10,11,09,05
2020080132,11,06,09,02,03
2020080133,07,01,09,02,08
2020080134,11,07,03,10,06
2020080135,07,04,08,01,06
2020080136,01,08,06,04,05
2020080137,04,05,10,07,02
2020080138,04,08,07,02,01
2020080139,04,08,02,06,03
2020080140,06,10,07,04,03
2020080141,09,06,05,07,10
2020080142,10,04,11,03,06
2020080143,04,08,03,05,11
2020080144,03,06,05,01,07
2020080145,11,06,05,03,07
