2020060101,03,11,10,07,09
2020060102,06,08,03,07,05
2020060103,03,07,08,06,09
2020060104,09,02,03,01,06
2020060105,10,09,04,03,11
2020060106,04,02,06,10,09
2020060107,03,07,04,05,08
2020060108,04,09,01,06,03
2020060109,02,07,04,03,06
2020060110,02,06,04,07,10
2020060111,03,07,06,11,08
2020060112,06,05,02,11,04
2020060113,06,02,07,05,10
2020060114,02,05,04,01,10
2020060115,01,02,08,07,03
2020060116,07,08,09,10,03
2020060117,09,06,11,10,08
2020060118,04,03,08,02,01
2020060119,07,08,11,02,05
2020060120,01,02,06,07,10
2020060121,08,05,04,03,02
2020060122,11,07,04,09,08
2020060123,06,02,05,10,07
2020060124,07,06,09,03,08
2020060125,06,10,01,08,11
2020060126,06,10,02,01,04
2020060127,05,09,10,06,07
2020060128,06,10,07,03,02
2020060129,06,01,07,11,03
2020060130,11,02,01,07,04
2020060131,03,08,07,11,06
2020060132,05,02,01,03,11
2020060133,09,03,11,05,01
2020060134,04,08,09,06,10
2020060135,02,11,03,05,06
2020060136,03,04,05,09,10
2020060137,07,10,05,01,08
2020060138,01,08,04,02,10
2020060139,09,04,07,08,01
2020060140,11,03,09,01,10
2020060141,10,09,03,11,08
2020060142,11,09,08,01,02
2020060143,08,06,10,03,04
2020060144,03,10,05,11,02
