2020050101,05,08,04,09,10
2020050102,10,04,01,07,08
2020050103,07,03,09,10,11
2020050104,08,04,11,03,09
2020050105,09,01,04,07,05
2020050106,05,07,03,09,04
2020050107,06,09,10,01,04
2020050108,05,04,06,02,11
2020050109,09,10,07,11,08
2020050110,08,10,06,03,09
2020050111,09,03,04,08,02
2020050112,05,09,10,07,02
2020050113,10,06,03,08,01
2020050114,08,09,06,11,10
2020050115,06,04,07,09,08
2020050116,11,05,06,03,02
2020050117,08,05,02,04,09
2020050118,05,06,03,10,07
2020050119,11,10,09,03,05
2020050120,04,07,05,09,01
2020050121,09,08,02,01,06
2020050122,02,09,04,10,03
2020050123,09,02,04,08,06
2020050124,09,07,02,05,10
2020050125,06,08,02,10,04
2020050126,03,04,02,01,08
2020050127,09,07,11,10,02
2020050128,03,11,07,06,09
2020050129,03,07,08,10,11
2020050130,02,10,11,07,08
2020050131,11,09,04,08,03
2020050132,04,01,07,09,08
2020050133,08,05,02,06,01
2020050134,03,02,09,04,11
2020050135,07,08,06,05,04
2020050136,07,08,10,05,06
2020050137,07,11,08,03,04
2020050138,10,07,06,09,04
2020050139,02,06,10,05,04
2020050140,08,06,03,11,01
2020050141,05,02,01,09,07
2020050142,10,01,09,11,03
2020050143,09,07,03,02,04
2020050144,06,01,11,04,07
