2020040101,05,10,01,06,07
2020040102,07,03,08,06,09
2020040103,05,07,09,10,01
2020040104,08,07,11,10,05
2020040105,09,05,11,02,04
2020040106,02,09,04,07,11
2020040107,11,07,08,06,10
2020040108,07,01,02,10,11
2020040109,10,04,07,09,01
2020040110,11,01,06,09,04
2020040111,03,11,08,09,04
2020040112,01,09,05,03,11
2020040113,01,04,06,08,11
2020040114,08,04,05,07,02
2020040115,03,05,07,04,02
2020040116,07,04,02,10,03
2020040117,11,05,01,06,07
2020040118,05,01,06,02,09
2020040119,01,07,04,06,02
2020040120,06,04,09,03,10
2020040121,04,11,01,07,05
2020040122,08,10,06,05,03
2020040123,07,11,09,10,02
2020040124,10,04,11,02,03
2020040125,06,02,03,10,04
2020040126,04,06,01,02,08
2020040127,08,09,07,04,01
2020040128,01,02,08,10,07
2020040129,04,05,09,07,11
2020040130,08,09,01,03,02
2020040131,09,07,11,10,05
2020040132,06,09,07,10,08
2020040133,10,09,03,11,02
2020040134,06,03,07,05,01
2020040135,04,11,02,06,05
2020040136,02,06,11,03,09
2020040137,03,05,10,06,02
2020040138,06,09,07,02,11
2020040139,02,03,04,07,10
2020040140,02,10,09,01,03
2020040141,01,06,02,04,03
2020040142,03,06,04,01,10
2020040143,01,11,10,09,02
