2019081804,08,09,05,06,10
2019081805,09,08,06,01,11
2019081806,03,08,10,05,06
2019081807,06,08,05,07,04
2019081808,02,11,10,06,05
2019081809,09,05,07,06,11
2019081810,08,02,01,04,11
2019081811,08,04,10,01,09
2019081812,11,02,04,09,10
2019081813,11,06,08,09,04
2019081814,02,05,03,09,11
2019081815,06,03,02,11,07
2019081816,06,04,03,08,02
2019081817,05,01,06,08,09
2019081818,05,01,07,10,11
2019081819,06,07,05,03,04
2019081820,06,11,03,07,04
2019081821,01,11,03,05,07
2019081822,08,07,09,05,06
2019081823,02,09,08,10,04
2019081824,07,05,02,10,03
2019081825,04,08,09,11,03
2019081826,03,06,01,08,02
2019081827,08,01,06,09,03
2019081828,07,06,11,09,04
2019081829,10,08,05,04,02
2019081830,01,03,08,09,02
2019081831,10,11,08,06,01
2019081832,06,11,04,08,10
2019081833,02,01,04,10,09
2019081834,03,08,10,09,02
2019081835,09,03,04,06,08
2019081836,08,07,02,10,03
2019081837,06,09,10,02,11
2019081838,06,07,02,10,03
2019081839,07,03,06,02,01
2019081840,01,09,04,08,06
2019081841,02,03,10,04,08
2019081842,10,04,02,06,03
2019081843,08,01,02,05,07
2019081844,03,02,11,05,09
2019081845,03,04,01,07,05
2019081901,11,04,03,07,10
2019081902,05,08,07,11,04
2019081903,09,01,08,02,11
2019081904,11,03,01,10,09
2019081905,11,03,06,05,10
2019081906,11,08,07,10,03
2019081907,03,04,11,02,01
2019081908,04,07,03,06,02
2019081909,10,08,09,04,11
2019081910,10,09,08,11,06
2019081911,04,09,10,03,08
2019081912,05,06,08,07,10
2019081913,02,04,05,03,01
2019081914,05,03,09,08,10
2019081915,02,11,03,08,01
2019081916,07,04,10,05,09
2019081917,02,10,06,01,09
2019081918,04,07,09,08,11
2019081919,01,07,06,10,11
2019081920,08,06,03,11,01
2019081921,09,02,03,07,10
2019081922,08,07,11,01,04
2019081923,04,10,11,07,01
2019081924,01,08,02,03,07
2019081925,05,11,10,09,07
2019081926,09,01,02,05,11
2019081927,08,03,06,10,11
2019081928,01,10,09,08,06
2019081929,11,04,06,10,01
2019081930,03,11,02,08,10
2019081931,09,07,04,02,01
2019081932,02,08,11,04,01
2019081933,03,06,08,07,10
2019081934,02,10,07,01,03
2019081935,06,04,01,08,09
2019081936,11,07,10,04,03
2019081937,10,05,01,09,07
2019081938,08,11,02,09,06
2019081939,05,01,06,11,04
2019081940,02,09,11,06,10
2019081941,06,04,09,11,07
2019081942,04,07,02,01,08
2019081943,03,11,08,07,05
2019081944,03,10,09,04,07
2019081945,06,08,10,04,02
2019082001,01,02,05,09,06
2019082002,03,01,05,08,07
2019082003,01,07,10,09,03
2019082004,07,09,08,04,02
2019082005,07,09,06,01,04
2019082006,05,03,10,04,08
2019082007,07,06,09,04,08
2019082008,02,01,04,03,10
2019082009,05,03,07,06,11
2019082010,09,06,05,11,02
2019082011,09,05,01,08,10
2019082012,05,06,04,07,01
2019082013,07,01,02,11,04
2019082014,10,08,01,06,07
2019082015,06,03,01,08,07
2019082016,08,10,02,03,11
2019082017,10,06,11,04,08
2019082018,04,03,11,09,06
2019082019,10,08,09,03,05
2019082020,08,02,05,04,01
2019082021,01,08,07,09,10
2019082022,07,11,02,10,09
2019082023,10,09,06,01,08
2019082024,04,03,01,07,10
2019082025,02,04,01,05,03
2019082026,07,02,05,09,06
2019082027,08,10,06,03,02
2019082028,02,01,06,08,04
2019082029,03,01,11,06,07
2019082030,03,10,02,01,08
2019082031,04,10,06,03,05
2019082032,08,06,03,07,01
2019082033,05,04,07,02,11
2019082034,08,07,10,03,06
2019082035,03,09,06,10,04
2019082036,11,06,10,08,09
2019082037,02,08,01,06,03
2019082038,09,05,08,11,06
2019082039,07,08,11,02,05
2019082040,03,05,07,11,04
2019082041,10,05,03,02,07
2019082042,11,03,01,02,04
2019082043,05,10,01,09,06
2019082044,11,02,04,05,03
2019082045,01,10,03,11,07
2019082101,10,01,03,07,11
2019082102,06,09,04,03,07
2019082103,02,06,03,05,10
2019082104,08,02,03,01,10
2019082105,07,04,05,08,01
2019082106,03,02,01,08,11
2019082107,11,03,10,05,08
2019082108,01,11,08,09,07
2019082109,05,11,06,09,07
2019082110,03,04,11,05,06
2019082111,08,05,09,02,10
2019082112,10,08,03,02,04
2019082113,09,10,08,04,03
2019082114,01,10,03,02,09
2019082115,10,08,04,01,07
2019082116,04,10,08,07,03
2019082117,03,05,01,08,10
2019082118,03,08,04,10,09
2019082119,11,03,05,02,09
2019082120,09,10,01,05,06
2019082121,05,10,04,02,09
2019082122,04,03,11,05,09
2019082123,07,03,11,06,10
2019082124,11,08,09,02,06
2019082125,11,08,09,10,04
2019082126,08,11,06,01,03
2019082127,01,04,11,09,07
2019082128,08,05,04,11,09
2019082129,04,10,07,11,08
2019082130,07,10,06,08,02
2019082131,01,02,04,07,05
2019082132,05,08,07,04,03
2019082133,10,01,06,02,03
2019082134,10,04,11,08,07
2019082135,07,04,05,09,08
2019082136,10,04,11,09,01
2019082137,09,07,05,11,02
2019082138,09,02,01,11,03
2019082139,03,04,11,06,08
2019082140,08,10,02,04,09
2019082141,02,03,07,11,09
2019082142,09,11,06,04,07
2019082143,03,01,08,02,05
2019082144,11,04,02,10,05
2019082145,05,08,02,07,11
2019082201,10,04,11,03,06
2019082202,08,03,11,07,01
2019082203,02,06,10,04,08
2019082204,03,04,08,10,06
2019082205,10,03,08,07,05
2019082206,08,06,11,03,07
2019082207,04,05,02,07,08
2019082208,08,03,01,10,09
2019082209,06,10,08,03,05
2019082210,02,03,10,07,05
2019082211,08,02,01,05,11
2019082212,11,03,02,05,08
2019082213,09,10,08,04,02
2019082214,08,04,01,10,02
2019082215,08,06,02,10,09
2019082216,11,04,02,01,06
2019082217,09,08,05,06,07
2019082218,11,06,03,01,04
2019082219,11,01,05,08,06
2019082220,07,02,11,09,08
2019082221,05,08,02,06,04
2019082222,06,11,09,07,08
2019082223,11,06,08,09,10
2019082224,06,09,04,07,01
2019082225,05,09,11,08,10
2019082226,05,08,03,04,09
2019082227,05,01,02,10,04
2019082228,06,02,01,07,11
2019082229,11,06,05,03,08
2019082230,11,03,06,02,01
2019082231,06,10,04,05,01
2019082232,01,05,10,08,02
2019082233,10,02,07,06,11
2019082234,01,10,02,09,03
2019082235,11,09,04,02,10
2019082236,10,08,02,05,09
2019082237,02,08,03,11,06
2019082238,08,07,03,02,09
2019082239,01,04,09,05,11
2019082240,05,10,01,11,02
2019082241,11,02,08,10,03
2019082242,07,09,11,02,05
2019082243,07,01,10,08,05
2019082244,08,07,01,04,03
2019082245,06,03,04,02,11
2019082301,08,10,09,01,07
2019082302,02,01,06,10,08
2019082303,10,02,03,06,08
2019082304,05,08,10,07,04
2019082305,08,05,09,06,01
2019082306,02,06,04,10,07
2019082307,02,05,11,03,01
2019082308,01,06,04,07,09
2019082309,10,11,02,06,04
2019082310,02,10,07,05,01
2019082311,09,07,02,08,06
2019082312,06,04,09,02,03
2019082313,07,02,06,01,09
2019082314,09,03,02,11,01
2019082315,03,04,06,02,11
2019082316,07,08,02,06,09
2019082317,02,08,04,06,10
2019082318,01,03,02,10,04
2019082319,03,07,10,09,11
2019082320,06,03,02,07,08
2019082321,02,03,07,09,10
2019082322,10,07,01,05,08
2019082323,04,05,09,03,11
2019082324,03,01,04,10,02
2019082325,01,02,10,09,08
2019082326,08,10,07,06,09
2019082327,06,09,08,03,04
2019082328,01,09,10,11,08
2019082329,10,07,06,09,05
2019082330,07,01,08,04,02
2019082331,10,08,01,04,09
2019082332,11,10,02,07,05
2019082333,03,07,08,04,11
2019082334,06,02,10,09,03
2019082335,09,03,11,10,01
2019082336,11,08,06,07,02
2019082337,05,03,02,08,10
2019082338,10,08,07,03,05
2019082339,10,09,02,08,05
2019082340,04,03,08,06,09
2019082341,09,08,11,02,10
2019082342,06,05,10,01,07
2019082343,07,03,11,02,09
2019082344,04,01,10,06,07
2019082345,05,04,02,11,08
2019082401,09,02,04,11,01
2019082402,11,09,04,05,06
2019082403,02,07,01,10,05
2019082404,01,11,03,09,04
2019082405,06,09,07,01,10
2019082406,05,09,10,02,06
2019082407,03,07,10,06,11
2019082408,08,02,01,10,11
2019082409,11,01,07,08,02
2019082410,09,03,02,08,06
2019082411,11,03,09,10,02
2019082412,03,02,05,10,01
2019082413,01,05,03,10,06
2019082414,11,02,03,01,08
2019082415,02,07,01,11,08
2019082416,09,01,08,06,10
2019082417,01,05,04,02,11
2019082418,01,11,02,03,06
2019082419,09,04,08,03,02
2019082420,09,05,10,02,08
2019082421,07,06,01,10,08
2019082422,05,08,06,02,09
2019082423,09,03,07,01,04
2019082424,09,10,01,08,03
2019082425,06,08,04,02,07
2019082426,06,05,04,11,02
2019082427,05,09,11,04,10
2019082428,02,11,09,08,03
2019082429,06,08,02,10,01
2019082430,06,10,08,05,11
2019082431,06,04,05,01,11
2019082432,03,11,07,10,04
2019082433,06,07,09,08,04
2019082434,06,08,10,07,11
2019082435,07,02,11,10,09
2019082436,08,04,06,10,09
2019082437,01,10,06,11,09
2019082438,09,02,01,10,03
2019082439,01,04,08,07,02
2019082440,05,02,07,01,03
2019082441,07,04,01,10,06
2019082442,06,11,07,02,01
2019082443,07,10,06,04,08
2019082444,09,07,02,11,01
2019082445,01,09,05,08,11
2019082501,09,01,02,06,05
2019082502,02,07,09,05,11
2019082503,09,08,06,02,01
2019082504,04,10,08,11,03
2019082505,11,05,04,01,07
2019082506,05,07,11,09,01
2019082507,05,11,02,06,07
2019082508,11,02,04,01,05
2019082509,04,08,09,06,07
2019082510,01,05,10,02,11
2019082511,02,11,10,07,08
2019082512,03,10,06,02,09
2019082513,01,11,03,04,08
2019082514,03,06,04,05,08
2019082515,11,04,01,10,07
2019082516,11,09,04,03,08
2019082517,09,02,11,01,07
2019082518,07,06,01,03,08
2019082519,08,01,02,10,11
2019082520,01,09,04,07,06
2019082521,08,02,06,03,05
2019082522,05,06,07,10,02
2019082523,08,11,10,03,06
2019082524,09,03,08,10,05
2019082525,02,08,05,10,07
2019082526,08,04,11,01,09
2019082527,09,08,02,05,07
2019082528,03,07,08,01,10
2019082529,08,07,01,11,04
2019082530,04,07,09,02,10
2019082531,07,02,11,08,06
2019082532,06,07,04,11,08
2019082533,05,02,11,06,01
2019082534,08,05,11,03,04
2019082535,05,09,04,01,08
2019082536,11,02,10,03,01
2019082537,07,04,06,10,02
2019082538,01,02,09,10,03
2019082539,07,04,08,02,06
2019082540,09,06,07,11,03
2019082541,05,10,02,03,11
2019082542,10,05,03,07,02
2019082543,04,10,03,08,11
2019082544,06,07,05,11,01
2019082545,06,04,08,01,03
2019082601,03,10,09,01,07
2019082602,01,08,06,11,05
2019082603,10,01,06,03,05
2019082604,07,11,10,09,06
2019082605,10,07,08,04,09
2019082606,06,09,08,04,11
2019082607,05,09,08,03,06
2019082608,08,05,02,10,04
2019082609,09,01,06,04,03
2019082610,08,02,10,03,07
2019082611,10,03,08,06,11
2019082612,08,10,07,03,05
2019082613,05,04,09,01,02
2019082614,11,03,09,01,10
2019082615,04,06,09,11,07
2019082616,08,03,10,07,02
2019082617,11,02,07,09,01
2019082618,10,11,06,01,04
2019082619,03,07,01,06,08
2019082620,03,11,10,01,04
2019082621,05,02,04,03,08
2019082622,02,06,07,11,01
2019082623,06,09,02,11,08
2019082624,04,11,07,10,06
2019082625,09,05,04,10,03
2019082626,09,08,01,07,11
2019082627,10,04,02,07,09
2019082628,10,02,01,04,08
2019082629,05,04,08,10,07
2019082630,04,03,08,01,06
2019082631,02,10,09,06,11
2019082632,04,01,02,08,10
2019082633,06,04,07,03,10
2019082634,04,01,06,07,08
2019082635,07,10,11,05,03
2019082636,04,05,03,01,11
2019082637,01,05,07,06,11
2019082638,05,06,03,09,07
2019082639,05,07,08,10,02
2019082640,02,03,09,07,08
2019082641,08,06,11,10,05
2019082642,02,04,10,07,01
2019082643,10,11,09,07,06
2019082644,11,09,02,10,07
2019082645,07,10,02,04,08
2019082701,09,01,07,04,02
2019082702,04,09,08,11,07
2019082703,07,04,10,11,08
2019082704,07,11,05,06,01
2019082705,01,10,11,08,02
2019082706,04,11,08,05,02
2019082707,02,03,01,11,10
2019082708,09,04,08,10,01
2019082709,04,09,11,01,05
2019082710,10,03,01,02,07
2019082711,10,06,02,03,09
2019082712,06,07,11,03,04
2019082713,06,09,08,04,01
2019082714,01,05,10,07,08
2019082715,03,11,07,05,09
2019082716,03,07,04,06,01
2019082717,02,01,11,08,05
2019082718,08,02,01,06,07
2019082719,08,09,02,04,10
2019082720,02,08,01,09,05
2019082721,02,08,10,04,06
2019082722,07,11,04,08,09
2019082723,08,11,01,05,06
2019082724,04,11,07,01,10
2019082725,11,07,02,01,04
2019082726,09,02,03,05,01
2019082727,03,07,11,09,02
2019082728,05,03,04,06,01
2019082729,10,06,02,01,04
2019082730,09,05,01,07,04
2019082731,06,08,02,03,01
2019082732,01,11,04,10,02
2019082733,03,05,07,02,04
2019082734,09,02,08,11,06
2019082735,11,06,01,10,05
2019082736,03,08,04,06,10
