2019100801,07,09,08,05,04
2019100802,01,08,10,05,04
2019100803,05,08,03,04,06
2019100804,01,05,04,07,10
2019100805,03,05,04,09,07
2019100806,08,07,03,02,09
2019100807,07,09,08,10,06
2019100808,11,06,02,01,05
2019100809,02,03,08,09,01
2019100810,07,08,04,03,10
2019100811,10,03,02,05,11
2019100812,09,11,10,08,03
2019100813,03,07,05,11,09
2019100814,06,07,05,09,02
2019100815,03,08,06,10,09
2019100816,06,02,08,03,09
2019100817,02,07,05,10,11
2019100818,02,06,11,08,05
2019100819,04,09,11,10,02
2019100820,07,03,02,04,10
2019100821,11,03,05,01,07
2019100822,09,08,03,02,10
2019100823,03,08,04,02,06
2019100824,10,11,06,03,07
2019100825,10,01,07,02,06
2019100826,04,05,02,03,08
2019100827,04,03,01,06,08
2019100828,09,04,08,11,03
2019100829,11,07,06,05,02
2019100830,06,02,03,05,01
2019100831,07,08,03,02,09
2019100832,04,01,11,10,05
2019100833,03,04,07,11,09
2019100834,09,01,06,04,07
2019100835,09,04,10,03,11
2019100836,09,01,11,07,10
2019100837,10,08,03,07,02
2019100838,05,03,01,09,04
2019100839,08,02,09,04,01
2019100840,04,10,09,03,08
2019100841,07,09,01,02,08
2019100842,08,06,04,10,03
2019100843,09,11,04,02,05
2019100844,05,04,08,03,11
2019100845,09,03,11,08,04
2019100901,10,06,01,02,04
2019100902,04,08,02,10,06
2019100903,01,11,07,05,08
2019100904,10,09,03,11,04
2019100905,07,09,02,04,10
2019100906,06,04,01,07,05
2019100907,11,10,05,09,07
2019100908,06,08,05,07,09
2019100909,08,11,05,10,02
2019100910,01,02,11,07,08
2019100911,11,05,06,01,03
2019100912,07,02,11,09,08
2019100913,01,04,05,11,10
2019100914,08,06,11,07,04
2019100915,09,04,05,02,03
2019100916,08,07,06,03,11
2019100917,10,05,11,03,02
2019100918,01,09,06,03,07
2019100919,05,02,04,06,10
2019100920,11,10,07,09,02
2019100921,11,03,04,09,07
2019100922,03,06,01,11,10
2019100923,06,07,08,05,09
2019100924,02,09,03,04,11
2019100925,04,09,03,01,11
2019100926,05,01,03,11,10
2019100927,11,02,10,05,03
2019100928,01,05,04,02,08
2019100929,11,03,02,06,04
2019100930,08,11,09,03,02
2019100931,03,01,10,07,08
2019100932,05,02,03,01,08
2019100933,01,04,05,09,11
2019100934,10,06,09,05,11
2019100935,04,02,03,10,05
2019100936,05,03,10,08,11
2019100937,08,01,06,03,10
2019100938,11,01,06,02,08
