2020090101,03,04,09,08,06
2020090102,11,08,03,05,02
2020090103,10,05,07,01,02
2020090104,11,10,08,09,07
2020090105,07,09,02,08,11
2020090106,11,10,07,04,09
2020090107,08,05,04,02,10
2020090108,03,04,01,07,02
2020090109,09,01,06,10,04
2020090110,03,10,06,01,11
2020090111,07,04,10,05,09
2020090112,05,10,01,04,06
2020090113,01,03,02,05,10
2020090114,08,11,01,09,06
2020090115,09,07,01,11,03
2020090116,06,09,10,07,02
2020090117,02,07,09,05,04
2020090118,03,08,11,05,01
2020090119,07,09,04,02,06
2020090120,08,10,09,03,06
2020090121,10,08,05,09,02
2020090122,06,10,09,08,02
2020090123,05,06,08,03,02
2020090124,10,04,03,09,05
2020090125,02,09,05,08,06
2020090126,08,07,03,11,10
2020090127,03,10,08,09,06
2020090128,03,08,06,09,02
2020090129,10,06,02,03,01
2020090130,05,04,08,03,02
2020090131,02,10,01,07,09
2020090132,05,08,07,04,01
2020090133,02,09,03,07,04
2020090134,02,06,04,10,11
2020090135,06,11,04,07,09
2020090136,02,09,11,06,07
2020090137,04,07,03,01,08
2020090138,06,03,09,04,01
2020090139,01,07,10,02,11
2020090140,04,08,06,05,02
2020090141,03,02,01,07,06
2020090142,10,07,08,01,05
2020090143,07,11,09,10,08
2020090144,02,04,11,08,09
2020090145,10,09,02,01,04
