2019110101,03,07,10,05,09
2019110102,01,10,11,07,08
2019110103,05,06,01,03,02
2019110104,04,05,07,10,03
2019110105,07,10,11,05,02
2019110106,06,02,11,01,08
2019110107,08,06,05,03,11
2019110108,02,05,03,08,04
2019110109,06,01,10,04,09
2019110110,02,03,10,05,09
2019110111,07,11,03,06,04
2019110112,05,01,09,03,04
2019110113,05,10,01,07,03
2019110114,02,09,06,01,10
2019110115,11,03,05,07,02
2019110116,08,05,07,11,03
2019110117,01,03,05,10,09
2019110118,02,08,04,11,09
2019110119,11,03,07,08,02
2019110120,08,02,05,11,03
2019110121,03,06,07,02,04
2019110122,09,01,05,06,03
2019110123,04,01,11,03,09
2019110124,09,02,03,01,10
2019110125,08,10,02,03,09
2019110126,05,07,01,04,11
2019110127,05,08,09,10,11
2019110128,10,09,01,04,08
2019110129,10,07,06,08,01
2019110130,02,08,05,01,04
2019110131,01,10,09,02,06
2019110132,10,05,02,08,01
2019110133,11,06,09,03,08
2019110134,05,06,01,03,10
2019110135,11,05,02,06,10
2019110136,10,09,05,08,02
2019110137,07,05,06,02,10
2019110138,10,01,08,03,11
