2019090101,08,06,05,07,03
2019090102,06,03,08,11,02
2019090103,03,06,04,07,11
2019090104,11,09,08,04,06
2019090105,10,08,03,04,02
2019090106,08,03,09,01,06
2019090107,02,04,10,01,09
2019090108,03,07,08,02,05
2019090109,06,10,05,04,08
2019090110,05,04,10,03,07
2019090111,05,11,04,06,02
2019090112,01,08,03,05,10
2019090113,08,06,01,07,05
2019090114,04,03,02,11,07
2019090115,08,02,10,01,04
2019090116,05,11,04,09,03
2019090117,03,05,10,07,02
2019090118,07,04,11,02,01
2019090119,07,10,05,04,08
2019090120,01,07,06,11,10
2019090121,11,04,01,07,06
2019090122,10,04,09,07,08
2019090123,01,05,02,08,04
2019090124,08,06,01,10,07
2019090125,02,07,08,04,05
2019090126,05,09,10,06,02
2019090127,06,04,02,09,05
2019090128,05,08,10,07,02
2019090129,10,08,09,03,07
2019090130,04,11,05,10,08
2019090131,04,11,07,02,03
2019090132,07,10,04,11,06
2019090133,09,07,01,04,06
