2020031601,09,06,01,11,10
2020031602,09,05,07,03,04
2020031603,07,02,11,08,04
2020031604,02,03,04,08,11
2020031605,09,10,11,02,08
2020031606,11,03,05,02,09
2020031607,11,05,08,09,10
2020031608,06,10,04,03,09
2020031609,03,10,06,11,01
2020031610,03,09,11,05,01
2020031611,03,02,04,10,01
2020031612,10,11,06,09,04
2020031613,02,08,07,09,04
2020031614,06,02,05,08,07
2020031615,11,10,02,04,08
2020031616,06,11,02,08,09
2020031617,07,01,09,06,04
2020031618,09,11,07,06,04
2020031619,06,08,07,11,09
2020031620,02,01,06,05,10
2020031621,07,02,03,11,04
2020031622,03,04,09,06,02
2020031623,01,11,02,05,03
2020031624,11,08,04,10,03
2020031625,04,09,05,01,11
2020031626,11,01,03,09,02
2020031627,11,03,09,07,08
2020031628,09,02,01,07,03
2020031629,09,02,08,04,01
2020031630,01,11,08,10,04
2020031631,09,02,05,03,08
2020031632,04,03,06,08,07
2020031633,03,09,11,02,08
2020031634,01,06,02,05,11
2020031635,09,04,02,11,10
2020031636,10,11,03,02,08
2020031637,03,05,07,01,04
2020031638,07,08,09,10,03
2020031639,09,08,06,04,01
