2020080101,04,03,05,08,11
2020080102,04,08,07,05,01
2020080103,04,03,11,08,10
2020080104,09,04,02,11,07
2020080105,05,07,08,01,03
2020080106,01,04,03,07,11
2020080107,08,01,03,07,05
2020080108,01,11,05,07,08
2020080109,04,01,03,11,08
2020080110,09,03,01,04,02
2020080111,03,04,10,07,01
2020080112,09,01,11,02,05
2020080113,04,07,02,06,08
2020080114,02,10,04,08,01
2020080115,05,07,02,10,04
2020080116,08,04,09,03,01
2020080117,03,09,10,01,04
2020080118,03,01,04,11,07
2020080119,10,05,11,07,01
2020080120,02,07,11,06,09
2020080121,04,06,02,07,11
2020080122,06,10,03,01,02
2020080123,10,05,08,07,04
2020080124,02,06,01,04,10
2020080125,05,04,01,09,08
2020080126,04,11,07,03,09
2020080127,10,11,07,03,02
2020080128,10,09,08,06,07
2020080129,10,03,11,01,05
2020080130,08,07,10,04,06
2020080131,08,10,07,09,11
2020080132,01,06,08,03,05
2020080133,07,06,05,01,04
2020080134,08,07,05,01,10
2020080135,04,03,11,06,07
2020080136,10,05,06,11,02
2020080137,03,05,07,11,08
2020080138,05,08,02,04,11
2020080139,03,07,02,11,04
2020080140,08,01,02,09,06
2020080141,06,08,03,01,02
2020080142,10,02,08,03,06
