2019081726,09,10,04,11,07
2019081727,04,08,02,03,07
2019081728,08,07,10,11,02
2019081729,08,04,07,06,11
2019081730,09,10,08,02,11
2019081731,05,06,11,02,08
2019081732,04,05,06,11,03
2019081733,09,08,04,10,03
2019081734,10,11,07,08,09
2019081735,08,11,06,05,02
2019081736,03,07,09,02,08
2019081737,02,11,09,03,06
2019081738,08,04,07,05,01
2019081739,02,08,10,03,11
2019081740,09,11,03,07,06
2019081741,11,02,10,07,04
2019081742,10,07,08,06,05
2019081801,02,10,07,09,05
2019081802,01,05,10,07,09
2019081803,11,10,07,03,09
2019081804,04,11,10,02,06
2019081805,02,09,08,04,06
2019081806,03,10,08,09,05
2019081807,03,06,01,04,07
2019081808,11,07,08,09,04
2019081809,03,08,02,11,01
2019081810,07,05,04,01,11
2019081811,11,04,03,07,05
2019081812,06,08,11,02,04
2019081813,04,07,02,10,06
2019081814,09,03,07,04,08
2019081815,06,01,04,11,10
2019081816,03,09,05,07,04
2019081817,09,08,07,06,02
2019081818,05,04,02,03,06
2019081819,05,06,01,03,02
2019081820,09,01,06,08,10
2019081821,09,02,05,01,11
2019081822,08,05,02,03,01
2019081823,10,04,05,09,03
2019081824,05,06,07,01,10
2019081825,07,08,05,01,02
2019081826,02,05,10,08,09
2019081827,09,03,08,01,05
2019081828,05,07,02,06,01
2019081829,03,07,06,05,02
2019081830,08,11,01,04,05
2019081831,11,02,10,05,08
2019081832,07,01,06,08,10
2019081833,01,05,06,07,04
2019081834,07,02,05,03,09
2019081835,07,04,08,09,01
2019081836,09,11,02,06,04
2019081837,08,10,02,06,11
2019081838,07,03,11,06,10
2019081839,10,01,09,07,03
2019081840,11,08,10,04,02
2019081841,01,10,09,03,11
2019081842,05,08,07,01,06
2019081901,08,10,02,09,11
2019081902,10,01,08,07,04
2019081903,08,05,06,11,03
2019081904,07,10,05,01,06
2019081905,07,01,05,11,03
2019081906,11,08,09,01,05
2019081907,03,06,07,04,10
2019081908,09,11,06,01,05
2019081909,05,01,02,04,06
2019081910,06,10,09,11,01
2019081911,05,03,08,06,04
2019081912,11,03,09,05,01
2019081913,11,09,02,05,10
2019081914,11,09,04,08,01
2019081915,01,07,02,05,11
2019081916,08,02,01,11,03
2019081917,03,08,07,01,02
2019081918,07,03,02,08,06
2019081919,09,05,08,04,02
2019081920,02,11,06,07,04
2019081921,01,07,06,02,08
2019081922,10,08,09,02,01
2019081923,04,10,02,06,05
2019081924,08,05,07,02,01
2019081925,06,03,10,05,08
2019081926,06,01,03,02,10
2019081927,05,06,08,03,04
2019081928,03,04,10,08,01
2019081929,03,08,09,01,06
2019081930,09,08,03,07,06
2019081931,08,03,02,01,10
2019081932,07,06,02,04,08
2019081933,07,09,01,06,08
2019081934,07,04,05,08,01
2019081935,04,06,07,09,10
2019081936,09,06,04,08,10
2019081937,06,07,03,01,04
2019081938,03,06,04,09,10
2019081939,03,07,09,02,08
2019081940,08,01,04,05,10
2019081941,04,05,06,07,08
2019081942,06,07,10,04,11
2019082001,09,06,05,07,01
2019082002,06,10,11,08,03
2019082003,08,03,05,06,02
2019082004,05,02,09,08,03
2019082005,07,02,08,04,10
2019082006,10,11,02,06,01
2019082007,01,03,05,04,07
2019082008,05,11,10,04,01
2019082009,07,01,04,03,08
2019082010,03,05,07,06,02
2019082011,11,05,07,02,06
2019082012,09,11,10,06,08
2019082013,01,07,11,08,05
2019082014,05,10,02,01,08
2019082015,10,07,02,03,08
2019082016,01,11,08,04,03
2019082017,10,03,04,07,11
2019082018,09,05,01,04,11
2019082019,11,05,08,02,06
2019082020,01,07,11,06,02
2019082021,06,11,04,02,01
2019082022,06,08,07,01,03
2019082023,09,01,08,11,02
2019082024,04,11,02,06,03
2019082025,08,10,11,09,01
2019082026,07,09,11,06,03
2019082027,04,11,03,06,05
2019082028,04,02,07,05,01
2019082029,08,06,04,07,01
2019082030,03,01,10,05,02
2019082031,02,04,06,09,11
2019082032,11,04,01,09,03
2019082033,03,07,11,09,06
2019082034,03,01,02,10,11
2019082035,03,04,09,06,05
2019082036,07,10,08,11,05
2019082037,07,06,08,04,03
2019082038,01,10,07,04,11
2019082039,04,08,03,05,06
2019082040,09,04,01,03,07
2019082041,01,06,04,11,02
2019082042,02,07,10,08,01
2019082101,04,07,01,03,05
2019082102,11,03,09,05,02
2019082103,11,01,09,06,07
2019082104,06,05,02,04,07
2019082105,01,02,05,08,06
2019082106,07,03,09,04,10
2019082107,06,10,07,03,01
2019082108,11,04,10,02,01
2019082109,03,02,09,04,01
2019082110,11,02,07,08,06
2019082111,05,02,01,11,08
2019082112,10,08,05,02,01
2019082113,09,01,04,11,03
2019082114,05,04,10,03,01
2019082115,01,11,04,05,02
2019082116,08,04,11,07,02
2019082117,07,11,01,02,03
2019082118,10,02,11,01,06
2019082119,06,03,08,11,02
2019082120,01,08,10,07,06
2019082121,05,09,03,06,10
2019082122,07,08,04,06,10
2019082123,05,10,03,09,02
2019082124,02,06,07,01,09
2019082125,08,11,04,01,05
2019082126,09,07,04,06,10
2019082127,05,03,08,02,01
2019082128,03,10,01,06,07
2019082129,07,05,11,04,02
2019082130,05,09,03,06,11
2019082131,04,05,07,01,08
2019082132,05,01,10,11,06
2019082133,09,03,10,04,01
2019082134,11,08,01,04,07
2019082135,01,11,04,08,03
2019082136,09,02,08,01,03
2019082137,10,05,03,06,07
2019082138,01,11,09,02,07
2019082139,09,05,02,01,10
2019082140,06,02,07,03,09
2019082141,10,07,11,03,08
2019082142,02,01,10,05,11
2019082201,04,03,01,06,09
2019082202,04,05,09,10,06
2019082203,01,04,02,07,03
2019082204,06,08,03,05,01
2019082205,03,08,06,05,07
2019082206,08,01,06,02,09
2019082207,09,04,01,05,03
2019082208,05,03,07,06,01
2019082209,03,01,10,05,06
2019082210,05,03,08,04,07
2019082211,10,08,11,04,01
2019082212,03,02,06,08,07
2019082213,05,01,02,06,10
2019082214,06,01,10,02,09
2019082215,01,04,11,06,08
2019082216,05,07,11,04,01
2019082217,10,11,04,07,06
2019082218,04,08,10,07,05
2019082219,01,03,06,10,09
2019082220,11,05,03,04,10
2019082221,07,08,01,02,10
2019082222,05,01,10,06,02
2019082223,07,05,10,09,06
2019082224,04,03,07,09,05
2019082225,06,09,08,03,05
2019082226,11,10,04,09,05
2019082227,10,08,04,02,05
2019082228,02,03,10,05,04
2019082229,09,05,04,02,06
2019082230,05,01,02,11,08
2019082231,08,06,03,11,01
2019082232,07,01,03,05,04
2019082233,11,06,09,05,03
2019082234,07,11,09,08,01
2019082235,11,02,09,05,10
2019082236,01,02,03,10,05
2019082237,01,11,04,06,03
2019082238,04,01,03,07,10
2019082239,03,08,07,09,10
2019082240,09,10,11,06,01
2019082241,07,08,11,10,04
2019082242,04,09,06,02,05
2019082301,05,02,01,11,07
2019082302,01,09,06,08,04
2019082303,04,10,08,09,06
2019082304,03,05,09,07,02
2019082305,07,09,02,11,10
2019082306,10,03,05,06,04
2019082307,04,03,10,02,11
2019082308,08,03,09,02,06
2019082309,03,10,11,07,08
2019082310,09,10,05,02,03
2019082311,08,02,01,07,10
2019082312,10,06,05,02,07
2019082313,06,01,11,04,08
2019082314,11,01,06,09,05
2019082315,11,06,07,02,08
2019082316,08,02,05,11,09
2019082317,06,04,05,07,03
2019082318,05,02,04,07,11
