2020100501,03,09,07,06,05
2020100502,11,07,06,04,10
2020100503,07,03,04,02,01
2020100504,11,09,02,08,01
2020100505,09,01,10,08,02
2020100506,04,10,08,06,02
2020100507,01,08,09,10,02
2020100508,10,01,08,09,11
2020100509,09,07,04,03,05
2020100510,02,10,07,11,05
2020100511,10,05,02,11,08
2020100512,07,03,05,11,01
2020100513,04,08,03,10,01
2020100514,08,05,06,04,01
2020100515,07,03,08,09,02
2020100516,05,10,09,03,04
2020100517,07,01,06,10,09
2020100518,10,08,02,11,03
2020100519,09,07,08,01,11
2020100520,07,08,09,11,04
2020100521,08,02,05,11,07
2020100522,02,04,07,08,01
2020100523,11,07,09,01,04
2020100524,10,04,07,08,11
2020100525,10,02,07,03,08
2020100526,09,07,01,06,05
2020100527,05,01,08,11,03
2020100528,07,08,06,01,02
2020100529,09,08,03,07,06
2020100530,11,07,02,04,01
2020100531,05,10,04,01,11
2020100532,11,10,07,05,03
2020100533,11,06,03,07,09
2020100534,09,11,03,08,10
2020100535,06,07,01,05,04
2020100536,01,04,08,09,10
2020100537,09,05,11,03,07
2020100538,09,07,04,03,06
2020100539,10,04,02,05,07
2020100540,05,07,02,10,03
2020100541,07,03,10,08,02
2020100542,02,11,10,05,07
