2019120101,08,07,05,10,09
2019120102,05,01,02,03,04
2019120103,11,04,09,01,05
2019120104,11,03,01,02,08
2019120105,02,11,04,09,06
2019120106,02,09,06,04,07
2019120107,05,02,09,11,03
2019120108,05,11,09,07,08
2019120109,11,09,04,08,06
2019120110,07,08,02,11,03
2019120111,08,10,05,02,11
2019120112,09,02,10,06,03
2019120113,05,04,11,06,08
2019120114,05,09,11,10,02
2019120115,09,06,01,07,04
2019120116,11,03,10,07,02
2019120117,02,07,05,06,08
2019120118,04,09,01,08,06
2019120119,08,06,11,10,01
2019120120,08,03,06,07,01
2019120121,06,04,07,03,05
2019120122,05,10,01,02,07
2019120123,10,03,06,05,04
2019120124,09,04,03,02,05
2019120125,06,05,11,09,07
2019120126,06,08,10,07,05
2019120127,07,04,08,05,02
2019120128,09,10,05,03,01
2019120129,05,02,03,10,09
2019120130,08,05,09,01,11
2019120131,06,05,03,08,11
2019120132,02,05,04,09,10
2019120133,02,03,04,10,09
2019120134,05,04,02,11,10
2019120135,06,03,09,01,02
2019120136,06,01,07,05,11
