2020070135,06,08,03,09,05
2020070136,09,04,08,03,07
2020070137,01,11,02,05,04
2020070138,08,11,05,02,03
2020070139,11,08,02,05,10
2020070140,01,02,04,05,06
2020070141,11,03,01,06,07
2020070142,01,11,10,06,03
2020070201,04,03,06,05,02
2020070202,07,01,05,06,09
2020070203,10,04,02,03,06
2020070204,01,06,08,11,03
2020070205,05,04,11,09,08
2020070206,08,11,02,06,07
2020070207,01,09,04,03,07
2020070208,09,04,10,03,07
2020070209,08,10,06,07,03
2020070210,07,02,06,05,01
2020070211,11,02,06,07,01
2020070212,11,08,06,07,05
2020070213,01,06,10,07,11
2020070214,01,02,06,04,07
2020070215,03,04,10,07,01
2020070216,10,09,07,06,08
2020070217,01,03,11,08,02
2020070218,10,03,07,05,04
2020070219,01,07,08,05,06
2020070220,11,10,04,08,07
2020070221,11,10,02,04,05
2020070222,06,02,08,05,01
2020070223,10,09,05,11,08
2020070224,04,03,09,02,11
2020070225,09,01,10,05,06
2020070226,08,09,11,03,02
2020070227,03,09,10,04,08
2020070228,05,08,01,06,11
2020070229,01,06,07,11,03
2020070230,06,04,02,03,05
2020070231,06,02,05,11,08
2020070232,10,04,03,02,09
2020070233,06,10,08,02,03
2020070234,08,02,03,10,09
2020070235,11,06,01,02,09
2020070236,08,04,07,09,01
2020070237,09,07,05,01,10
2020070238,04,06,05,03,02
2020070239,11,08,04,06,10
2020070240,03,02,11,06,01
2020070241,02,05,11,03,06
2020070242,04,02,06,08,11
