2020060101,08,04,02,11,01
2020060102,02,04,03,07,08
2020060103,10,01,05,02,09
2020060104,05,03,06,09,11
2020060105,07,10,04,05,01
2020060106,09,05,03,08,10
2020060107,01,09,03,11,02
2020060108,02,07,10,05,11
2020060109,07,02,01,10,05
2020060110,10,11,04,03,09
2020060111,04,01,05,08,11
2020060112,11,02,05,08,04
2020060113,03,07,04,01,09
2020060114,07,06,01,04,02
2020060115,03,02,06,08,04
2020060116,10,11,06,01,08
2020060117,10,03,04,02,05
2020060118,02,09,06,10,01
2020060119,05,01,02,08,09
2020060120,10,01,02,05,03
2020060121,02,05,09,04,01
2020060122,07,02,09,08,11
2020060123,06,08,05,03,07
2020060124,06,03,05,07,09
2020060125,05,10,06,02,03
2020060126,02,05,04,06,09
2020060127,08,05,02,10,01
2020060128,06,10,01,03,11
2020060129,05,11,04,10,02
2020060130,07,06,01,11,05
2020060131,08,06,02,01,11
2020060132,05,08,10,04,01
2020060133,06,09,02,07,01
2020060134,01,10,06,08,04
2020060135,05,06,08,02,10
2020060136,07,03,08,05,04
2020060137,04,09,03,05,10
2020060138,04,02,11,10,05
2020060139,11,08,06,09,01
2020060140,06,07,01,10,09
2020060141,08,05,04,11,09
