2020060101,01,08,09,11,06
2020060102,05,04,08,10,11
2020060103,02,08,03,07,10
2020060104,05,01,03,02,11
2020060105,07,04,10,06,05
2020060106,05,10,02,11,08
2020060107,04,08,01,09,03
2020060108,05,02,09,04,10
2020060109,10,04,02,01,11
2020060110,04,08,06,01,09
2020060111,09,06,05,03,10
2020060112,03,01,04,08,09
2020060113,04,03,01,05,08
2020060114,10,02,08,07,05
2020060115,04,11,03,05,08
2020060116,06,11,05,02,07
2020060117,04,10,07,06,05
2020060118,02,11,06,05,09
2020060119,09,10,05,08,01
2020060120,08,10,03,02,07
2020060121,03,04,09,05,07
2020060122,10,04,09,01,02
2020060123,06,03,07,04,01
2020060124,01,09,07,08,10
2020060125,02,08,05,03,07
2020060126,01,11,02,04,07
2020060127,05,07,02,03,04
2020060128,02,05,08,01,11
2020060129,04,07,09,02,06
2020060130,09,02,10,05,11
2020060131,02,03,06,09,10
2020060132,07,05,08,02,01
2020060133,05,11,07,04,01
2020060134,02,10,01,05,07
2020060135,10,09,04,03,05
2020060136,08,05,06,02,11
2020060137,01,09,04,03,10
2020060138,08,01,09,03,10
2020060139,08,05,01,09,06
2020060201,10,02,03,04,01
2020060202,09,07,11,01,10
2020060203,01,10,04,05,11
2020060204,06,07,03,09,10
2020060205,04,01,09,10,11
2020060206,09,02,05,04,08
2020060207,05,10,11,04,09
2020060208,11,01,10,08,02
2020060209,06,10,04,02,01
2020060210,06,09,10,03,01
2020060211,02,05,06,07,10
2020060212,04,08,03,10,07
2020060213,07,02,03,04,10
2020060214,06,07,09,04,05
2020060215,11,08,03,10,06
2020060216,08,06,02,07,09
2020060217,07,02,08,10,09
2020060218,07,09,03,06,11
2020060219,04,09,03,07,11
2020060220,04,05,03,09,11
2020060221,02,05,01,11,03
2020060222,04,11,10,03,01
2020060223,01,07,08,02,03
2020060224,01,11,02,04,03
2020060225,02,05,10,04,11
2020060226,09,01,05,07,08
2020060227,10,05,01,11,06
2020060228,04,10,02,06,05
2020060229,02,10,09,03,06
2020060230,09,04,06,05,02
2020060231,02,08,07,05,01
2020060232,09,05,04,03,02
2020060233,04,10,11,06,08
2020060234,05,03,07,08,01
2020060235,04,02,06,03,10
2020060236,07,01,10,02,08
2020060237,11,01,10,09,04
2020060238,08,05,09,02,03
