2019100801,09,10,06,02,03
2019100802,05,06,02,01,08
2019100803,02,10,04,08,06
2019100804,05,09,04,10,01
2019100805,11,10,03,01,04
2019100806,04,06,11,10,07
2019100807,07,11,06,01,02
2019100808,04,03,09,05,10
2019100809,01,02,09,05,03
2019100810,07,05,06,01,04
2019100811,02,10,06,05,11
2019100812,04,06,08,05,09
2019100813,11,03,08,04,06
2019100814,11,10,09,01,07
2019100815,11,07,06,02,08
2019100816,03,04,10,01,06
2019100817,01,11,07,09,10
2019100818,02,08,03,06,01
2019100819,03,04,11,06,07
2019100820,09,07,03,05,04
2019100821,08,03,05,07,02
2019100822,06,02,05,08,09
2019100823,11,03,04,02,08
2019100824,02,04,06,07,01
2019100825,11,04,07,05,06
2019100826,05,10,08,06,09
2019100827,09,10,01,06,11
2019100828,11,02,09,05,07
2019100829,07,04,10,06,09
2019100830,07,04,05,11,01
2019100831,07,02,06,11,05
