2020110101,01,11,09,02,08
2020110102,08,04,09,11,03
2020110103,11,10,02,07,04
2020110104,02,05,06,04,11
2020110105,09,02,10,04,08
2020110106,07,01,06,11,04
2020110107,01,11,09,06,05
2020110108,07,05,02,04,03
2020110109,09,10,04,05,02
2020110110,07,03,02,08,10
2020110111,08,02,04,03,01
2020110112,05,04,11,06,03
2020110113,05,11,01,06,09
2020110114,06,05,11,10,04
2020110115,08,04,10,05,09
2020110116,09,10,04,01,11
2020110117,08,05,01,06,11
2020110118,07,04,02,09,08
2020110119,08,05,02,09,01
2020110120,07,01,06,03,11
2020110121,02,07,04,09,03
2020110122,11,03,07,04,02
2020110123,02,08,11,01,06
2020110124,03,04,08,02,05
2020110125,10,07,05,09,02
2020110126,03,07,08,05,01
2020110127,02,03,08,11,04
2020110128,03,08,04,07,02
2020110129,03,06,07,09,10
2020110130,06,10,11,03,07
2020110131,09,10,07,02,06
2020110132,01,03,04,06,10
2020110133,06,09,07,03,01
2020110134,07,11,04,08,02
2020110135,07,04,03,02,11
2020110136,01,03,02,07,05
2020110137,05,08,02,06,10
2020110138,01,08,10,07,05
2020110139,04,09,06,03,05
