2019110101,11,05,08,06,03
2019110102,04,05,08,11,03
2019110103,02,09,04,01,03
2019110104,06,08,10,04,09
2019110105,09,01,02,03,04
2019110106,08,06,10,02,05
2019110107,03,06,07,01,10
2019110108,11,09,01,06,05
2019110109,08,05,02,07,01
2019110110,02,04,06,11,10
2019110111,06,10,05,01,02
2019110112,05,03,07,01,04
2019110113,05,06,08,02,04
2019110114,02,09,07,05,06
2019110115,09,07,08,01,06
2019110116,04,09,02,05,08
2019110117,07,01,11,02,06
2019110118,01,04,11,10,09
2019110119,08,06,11,05,04
2019110120,02,01,05,11,06
2019110121,07,04,03,05,09
2019110122,02,01,07,11,05
2019110123,11,10,02,01,06
2019110124,01,03,02,09,06
2019110125,05,11,02,01,04
2019110126,03,09,06,08,10
2019110127,02,08,07,06,05
2019110128,11,09,05,07,03
2019110129,08,03,10,02,07
2019110130,07,08,04,09,06
2019110131,05,03,04,11,10
2019110132,03,05,06,04,01
