2019100745,03,08,10,02,06
2019100801,05,04,08,10,07
2019100802,02,11,06,09,07
2019100803,10,07,06,11,09
2019100804,02,04,03,09,06
2019100805,01,04,05,02,07
2019100806,09,06,03,04,10
2019100807,10,09,02,04,05
2019100808,09,03,08,04,07
2019100809,11,02,03,08,06
2019100810,11,02,03,07,04
2019100811,07,04,08,09,02
2019100812,07,01,09,05,08
2019100813,02,04,08,09,06
2019100814,08,09,06,02,05
2019100815,10,11,07,08,05
2019100816,08,01,05,07,02
2019100817,06,07,01,08,05
2019100818,02,10,05,06,07
2019100819,06,09,04,02,10
2019100820,11,10,05,06,09
2019100821,01,08,07,03,05
2019100822,04,03,01,06,10
2019100823,06,09,10,01,07
2019100824,02,11,04,06,05
2019100825,10,11,02,08,05
2019100826,02,06,01,11,03
2019100827,07,01,11,10,09
2019100828,11,04,01,02,08
2019100829,03,05,07,02,06
2019100830,06,01,04,05,08
2019100831,09,01,02,04,06
2019100832,01,10,07,03,06
2019100833,03,06,01,07,10
2019100834,09,10,06,02,03
2019100835,04,07,01,02,06
2019100836,08,01,05,03,07
2019100837,01,02,03,05,11
2019100838,09,10,05,03,07
2019100839,03,10,11,01,09
2019100840,03,08,07,05,04
2019100841,10,05,01,04,09
2019100842,11,01,07,02,06
2019100843,10,02,06,11,04
2019100844,01,10,05,09,03
2019100845,01,09,08,02,07
2019100901,11,02,08,10,04
2019100902,06,02,05,01,03
2019100903,02,04,07,01,08
2019100904,05,08,09,04,10
2019100905,05,10,01,06,11
2019100906,10,07,03,09,06
2019100907,04,03,06,09,11
2019100908,11,01,07,09,02
2019100909,02,01,10,09,08
2019100910,03,08,10,05,11
2019100911,06,07,08,11,03
2019100912,06,02,05,09,11
2019100913,01,10,09,06,05
2019100914,01,08,06,07,03
2019100915,02,07,03,05,04
2019100916,05,10,01,07,04
2019100917,01,07,04,08,11
2019100918,08,11,03,06,01
2019100919,01,07,05,09,10
2019100920,09,03,08,02,05
2019100921,03,10,07,09,01
2019100922,06,08,03,02,07
2019100923,08,09,03,01,10
2019100924,06,02,05,04,08
2019100925,01,05,10,09,08
2019100926,08,11,04,10,02
2019100927,01,06,07,05,04
2019100928,07,10,06,11,09
2019100929,08,07,11,10,04
2019100930,05,11,10,03,08
2019100931,02,08,01,09,05
2019100932,06,02,05,08,07
2019100933,01,11,09,07,02
2019100934,06,08,02,10,04
2019100935,11,10,04,07,08
2019100936,10,05,08,07,04
2019100937,06,04,02,09,11
2019100938,10,01,04,09,03
2019100939,01,05,10,08,02
2019100940,06,04,08,10,01
2019100941,01,05,11,09,08
2019100942,02,01,10,11,08
2019100943,08,04,03,01,10
2019100944,07,03,09,02,06
2019100945,05,03,11,08,06
2019101001,02,04,05,10,01
2019101002,03,09,10,07,02
2019101003,11,02,06,01,09
2019101004,09,10,05,03,08
2019101005,07,03,08,09,02
2019101006,05,03,02,04,09
2019101007,07,01,06,11,04
2019101008,03,08,07,02,01
2019101009,08,06,01,03,10
2019101010,05,03,11,10,07
2019101011,07,10,05,06,04
2019101012,11,09,05,03,04
2019101013,08,02,05,07,11
2019101014,09,03,04,10,02
2019101015,10,01,03,05,11
2019101016,08,07,04,11,03
2019101017,11,04,03,05,02
2019101018,03,06,02,11,05
2019101019,10,03,08,06,05
2019101020,09,06,03,04,02
2019101021,05,10,03,02,04
2019101022,02,01,04,10,09
2019101023,01,05,09,02,06
2019101024,10,03,08,01,07
2019101025,04,06,01,08,11
2019101026,11,07,09,05,03
2019101027,10,01,03,02,08
2019101028,04,05,09,01,02
2019101029,04,03,06,09,02
2019101030,11,04,02,03,01
2019101031,01,05,03,02,08
2019101032,05,01,04,03,08
2019101033,10,01,11,04,02
2019101034,02,06,09,05,01
2019101035,11,09,04,07,08
2019101036,01,10,08,03,11
2019101037,08,09,07,03,06
2019101038,04,01,10,07,03
2019101039,06,10,07,04,03
2019101040,06,07,02,08,04
2019101041,06,02,09,08,03
2019101042,01,02,05,04,09
2019101043,10,04,02,01,07
2019101044,08,03,01,05,10
2019101045,10,08,05,11,07
2019101101,08,05,01,07,06
2019101102,06,09,04,10,01
2019101103,01,03,10,04,05
2019101104,03,06,07,02,11
2019101105,02,11,03,09,04
2019101106,04,03,09,11,02
2019101107,07,06,09,08,04
2019101108,02,08,09,10,05
2019101109,03,07,04,11,09
2019101110,07,03,01,09,04
2019101111,01,03,09,04,06
2019101112,09,01,02,04,08
2019101113,03,07,06,01,08
2019101114,09,11,05,06,04
2019101115,01,07,04,03,10
2019101116,03,04,11,10,02
2019101117,04,06,08,05,09
2019101118,07,02,03,01,05
2019101119,08,02,05,04,07
2019101120,01,11,08,03,05
2019101121,02,09,05,04,08
2019101122,08,03,01,06,09
2019101123,02,01,05,10,07
2019101124,07,09,06,11,08
2019101125,04,07,09,05,10
2019101126,07,01,08,06,04
2019101127,02,10,08,06,05
2019101128,02,11,03,06,08
2019101129,08,04,07,03,06
2019101130,10,04,11,09,01
2019101131,04,01,09,06,07
2019101132,01,09,05,04,10
2019101133,09,01,04,11,08
2019101134,09,06,10,02,03
2019101135,07,01,09,06,10
