2020010101,01,08,10,03,05
2020010102,02,03,10,07,05
2020010103,06,07,09,03,02
2020010104,11,06,07,08,02
2020010105,02,05,11,01,03
2020010106,01,11,03,05,04
2020010107,10,07,03,05,06
2020010108,10,05,01,11,04
2020010109,02,10,06,07,01
2020010110,07,11,09,08,01
2020010111,04,08,02,01,09
2020010112,08,07,01,10,11
2020010113,06,01,11,10,09
2020010114,03,11,02,01,04
2020010115,08,04,01,11,07
2020010116,07,06,04,05,01
2020010117,01,04,08,03,06
2020010118,10,06,11,05,08
2020010119,03,05,01,04,10
2020010120,08,06,09,02,11
2020010121,05,03,08,10,07
2020010122,11,06,03,05,07
2020010123,02,03,08,07,05
2020010124,04,07,05,09,08
2020010125,02,04,05,07,10
2020010126,03,01,04,10,09
2020010127,04,07,03,06,02
2020010128,11,03,09,05,04
2020010129,05,11,07,01,03
2020010130,10,11,01,07,02
2020010131,11,08,04,10,06
2020010132,10,11,04,07,08
2020010133,08,06,07,05,10
2020010134,07,08,04,11,05
2020010135,04,06,11,08,03
2020010136,03,10,09,02,08
2020010137,06,03,09,01,07
2020010138,09,07,03,05,01
