2019081801,01,08,02,10,05
2019081802,09,06,02,01,10
2019081803,07,01,08,02,11
2019081804,02,08,10,07,01
2019081805,04,08,05,10,01
2019081806,08,09,05,01,10
2019081807,11,09,06,07,05
2019081808,06,07,01,02,08
2019081809,10,06,05,11,07
2019081810,07,08,11,09,03
2019081811,09,10,05,03,11
2019081812,09,07,02,10,04
2019081813,11,07,06,05,01
2019081814,06,09,07,02,08
2019081815,07,01,04,10,08
2019081816,06,09,01,05,10
2019081817,04,10,05,02,07
2019081818,07,11,01,08,09
2019081819,02,09,05,11,06
2019081820,05,10,01,09,08
2019081821,04,02,05,06,07
2019081822,07,11,09,05,03
2019081823,10,06,04,05,08
2019081824,10,06,07,01,03
2019081825,08,01,09,06,07
2019081826,01,04,02,09,10
2019081827,03,01,11,05,07
2019081828,04,07,10,06,05
2019081829,05,11,02,07,03
2019081830,06,03,01,11,10
2019081831,08,01,04,05,07
2019081832,10,11,04,08,03
2019081833,02,04,09,06,11
2019081834,09,04,01,02,07
2019081835,11,08,06,05,01
2019081836,04,06,11,10,07
2019081837,09,05,10,01,02
2019081838,02,06,08,11,05
2019081839,08,01,04,06,03
2019081840,01,02,10,04,06
2019081841,09,07,03,04,10
2019081842,08,03,07,11,02
2019081843,11,07,03,04,05
2019081844,03,08,01,11,05
2019081845,04,10,08,06,11
2019081901,03,04,08,11,01
2019081902,11,09,03,08,10
2019081903,02,09,06,05,11
2019081904,04,09,01,03,08
2019081905,10,08,09,02,03
2019081906,01,09,04,07,08
2019081907,06,04,09,02,08
2019081908,02,07,01,10,05
2019081909,01,06,04,10,11
2019081910,04,02,06,11,08
2019081911,10,02,11,07,09
2019081912,06,11,08,09,03
2019081913,03,10,02,08,11
2019081914,02,11,03,06,08
2019081915,02,06,04,11,05
2019081916,08,06,04,11,01
2019081917,08,05,07,03,04
2019081918,02,05,06,11,10
2019081919,05,03,02,01,06
2019081920,11,10,01,04,02
2019081921,03,11,04,07,01
2019081922,02,10,05,11,04
2019081923,06,02,11,08,07
2019081924,03,10,07,06,05
2019081925,11,09,05,01,04
2019081926,03,02,10,09,01
2019081927,08,05,07,01,10
2019081928,08,05,04,03,09
2019081929,09,01,07,08,10
2019081930,04,11,01,09,10
2019081931,04,03,09,02,05
2019081932,10,09,01,07,03
2019081933,11,09,03,01,04
2019081934,04,08,09,11,03
2019081935,02,07,01,03,11
2019081936,04,06,02,10,03
2019081937,08,07,10,04,11
2019081938,04,06,07,05,03
2019081939,05,10,07,03,02
2019081940,01,05,10,08,11
2019081941,05,11,07,08,10
2019081942,10,03,09,06,11
2019081943,03,11,04,09,08
2019081944,08,09,04,07,10
2019081945,10,08,01,09,06
2019082001,03,01,06,10,11
2019082002,04,01,02,06,07
2019082003,11,09,07,04,05
2019082004,11,06,09,08,02
2019082005,03,05,10,04,02
2019082006,05,07,06,02,09
2019082007,04,03,11,05,07
2019082008,11,07,06,02,08
2019082009,09,05,06,01,02
2019082010,10,06,11,08,01
2019082011,04,10,08,03,11
2019082012,10,03,04,11,09
2019082013,07,10,03,08,05
2019082014,02,03,07,04,09
2019082015,11,02,01,07,06
2019082016,08,07,05,01,10
2019082017,09,05,06,11,08
2019082018,03,06,05,08,11
2019082019,04,06,01,11,08
2019082020,02,01,08,10,11
2019082021,07,06,08,01,05
2019082022,04,07,10,06,01
2019082023,04,02,09,06,05
2019082024,03,01,04,09,07
2019082025,09,03,11,07,04
2019082026,11,01,09,07,03
2019082027,05,02,01,09,11
2019082028,07,05,03,10,04
2019082029,09,06,11,01,04
2019082030,01,04,10,03,05
2019082031,04,10,11,06,07
2019082032,06,10,08,02,11
2019082033,07,03,09,08,06
2019082034,08,02,10,07,09
2019082035,04,01,06,10,03
2019082036,09,11,02,01,04
2019082037,07,05,04,01,02
2019082038,11,06,09,07,01
2019082039,02,06,04,05,09
2019082040,01,04,05,03,11
2019082041,06,05,03,08,10
2019082042,03,04,07,02,08
2019082043,05,07,02,06,08
2019082044,01,07,02,06,09
2019082045,05,08,09,11,03
2019082101,03,06,09,10,08
2019082102,02,06,10,09,11
2019082103,11,10,04,08,02
2019082104,02,07,11,04,03
2019082105,08,10,02,06,04
2019082106,08,04,03,06,05
2019082107,07,10,11,05,02
2019082108,05,07,09,01,10
2019082109,02,03,10,04,08
2019082110,10,04,06,11,07
2019082111,11,01,04,05,08
2019082112,11,01,05,10,02
2019082113,02,01,07,10,05
2019082114,08,11,10,07,03
2019082115,08,11,05,04,10
2019082116,03,04,10,08,01
2019082117,09,03,04,05,10
2019082118,03,11,09,05,08
2019082119,03,04,06,08,01
2019082120,11,02,05,10,06
2019082121,07,09,01,05,10
2019082122,11,04,01,10,09
2019082123,01,07,03,05,11
2019082124,04,05,01,06,02
2019082125,06,05,01,10,03
2019082126,01,02,09,03,06
2019082127,06,02,08,09,01
2019082128,07,11,01,09,10
2019082129,11,04,07,08,02
2019082130,08,11,01,05,02
2019082131,09,03,08,02,07
2019082132,11,06,04,10,07
2019082133,07,03,08,01,04
2019082134,09,08,04,06,01
2019082135,10,07,09,11,03
2019082136,02,09,01,03,11
2019082137,04,05,11,09,01
2019082138,05,02,09,07,03
2019082139,02,07,05,03,10
2019082140,04,06,07,03,05
2019082141,04,08,10,01,02
2019082142,08,07,01,06,10
2019082143,06,11,04,09,05
2019082144,01,07,05,06,11
2019082145,08,03,11,02,07
2019082201,02,01,05,03,09
2019082202,11,10,03,01,04
2019082203,09,06,02,11,08
2019082204,05,09,10,11,08
2019082205,06,11,09,03,02
2019082206,02,06,09,08,10
2019082207,11,06,01,04,05
2019082208,05,09,04,11,03
2019082209,08,02,01,07,05
2019082210,02,06,07,03,10
2019082211,06,01,07,04,05
2019082212,04,02,07,10,01
2019082213,03,09,07,01,02
2019082214,03,05,08,07,02
2019082215,06,08,01,02,03
2019082216,07,06,03,10,05
2019082217,09,06,05,01,02
2019082218,11,02,04,09,03
2019082219,06,07,11,04,01
2019082220,10,07,04,06,03
2019082221,11,01,04,02,07
2019082222,06,03,09,08,07
2019082223,04,03,07,02,11
2019082224,09,03,01,06,02
2019082225,02,06,08,01,04
2019082226,07,09,01,08,06
2019082227,02,01,03,04,07
2019082228,05,01,02,06,03
2019082229,06,07,05,04,03
2019082230,05,02,01,06,08
2019082231,03,02,04,05,11
2019082232,06,05,09,07,10
2019082233,04,01,11,06,09
2019082234,04,03,11,01,10
2019082235,02,10,08,11,06
2019082236,06,01,03,05,11
2019082237,11,08,02,06,09
2019082238,08,09,05,04,01
2019082239,03,07,10,08,02
2019082240,05,03,02,01,11
2019082241,06,10,07,05,11
2019082242,10,07,03,02,04
2019082243,01,06,07,04,08
2019082244,02,10,03,06,07
2019082245,06,05,01,09,02
2019082301,05,07,01,09,06
2019082302,09,01,02,10,07
2019082303,02,10,01,11,04
2019082304,03,05,04,01,11
2019082305,07,11,03,10,09
2019082306,05,10,09,08,06
2019082307,09,04,11,02,06
2019082308,07,10,03,06,05
2019082309,05,11,08,02,07
2019082310,01,11,02,07,09
2019082311,03,04,05,10,11
2019082312,07,10,02,11,03
2019082313,05,10,11,02,01
2019082314,03,08,06,01,10
2019082315,02,09,07,04,11
2019082316,08,11,04,09,01
2019082317,03,07,06,02,08
2019082318,06,05,02,03,04
2019082319,10,05,07,08,11
2019082320,11,06,05,09,08
2019082321,03,04,05,07,08
2019082322,08,11,03,02,05
2019082323,09,11,08,06,01
2019082324,04,03,02,05,09
2019082325,03,04,11,05,02
2019082326,07,04,05,02,10
2019082327,06,07,02,10,09
2019082328,11,09,10,02,06
2019082329,09,11,10,07,06
2019082330,04,02,01,11,07
2019082331,01,10,08,04,02
2019082332,03,02,08,04,06
2019082333,03,05,07,09,10
2019082334,11,04,10,02,06
2019082335,03,07,10,05,08
2019082336,08,01,05,02,04
2019082337,03,08,09,04,10
2019082338,10,03,07,05,08
2019082339,08,11,02,04,05
2019082340,11,06,01,07,08
2019082341,03,07,05,01,08
2019082342,11,03,02,04,09
2019082343,09,02,08,03,11
2019082344,05,01,02,03,11
2019082345,05,02,04,11,03
2019082401,04,11,05,02,07
2019082402,09,10,08,03,02
2019082403,08,05,06,10,01
2019082404,03,05,08,01,07
2019082405,06,02,01,10,09
2019082406,02,06,07,01,09
2019082407,06,05,03,04,10
2019082408,08,05,10,02,07
2019082409,06,03,02,01,04
2019082410,05,01,06,07,09
2019082411,06,03,02,09,01
2019082412,08,02,04,01,09
2019082413,10,07,09,03,01
2019082414,10,08,06,09,07
2019082415,08,04,07,02,11
2019082416,07,03,05,01,04
2019082417,05,09,03,06,01
2019082418,07,04,08,02,06
2019082419,05,10,06,01,02
2019082420,08,09,07,05,03
2019082421,09,03,10,06,01
2019082422,03,04,11,06,02
2019082423,07,10,05,11,06
2019082424,05,09,11,07,08
2019082425,04,05,08,07,01
2019082426,09,01,10,07,08
2019082427,06,01,05,08,09
2019082428,02,04,07,10,01
2019082429,03,02,06,05,08
2019082430,11,08,07,02,01
2019082431,11,03,02,04,10
2019082432,08,04,11,05,03
2019082433,01,02,08,06,04
2019082434,01,10,08,07,03
2019082435,04,05,06,07,09
2019082436,02,01,06,08,10
2019082437,07,05,11,01,08
2019082438,03,07,09,08,05
2019082439,11,02,06,05,01
2019082440,09,05,10,06,03
2019082441,04,06,10,05,09
2019082442,01,06,03,02,04
2019082443,06,10,07,08,09
2019082444,01,06,09,05,11
2019082445,02,07,10,05,09
2019082501,11,09,05,10,01
2019082502,07,05,08,10,01
2019082503,03,07,02,10,06
2019082504,07,01,04,03,05
2019082505,05,09,08,07,11
2019082506,09,07,05,03,11
2019082507,03,07,02,11,10
2019082508,06,10,05,04,03
2019082509,04,08,09,05,06
2019082510,11,09,01,03,10
2019082511,01,11,07,10,03
2019082512,04,10,03,06,02
2019082513,06,10,07,04,02
2019082514,03,08,05,11,01
2019082515,09,11,06,05,03
2019082516,03,10,07,09,11
2019082517,07,06,11,05,04
2019082518,07,10,11,06,02
2019082519,10,01,03,08,11
2019082520,03,11,01,05,06
2019082521,03,10,08,04,07
2019082522,04,10,05,01,09
2019082523,10,02,05,11,07
2019082524,08,01,09,02,04
2019082525,10,03,05,02,07
2019082526,06,11,10,05,02
2019082527,05,09,03,06,07
2019082528,02,10,07,08,03
2019082529,04,09,11,01,08
2019082530,05,09,02,01,08
2019082531,09,11,02,06,03
2019082532,09,11,08,04,03
2019082533,10,03,05,09,08
2019082534,04,02,05,07,03
2019082535,05,10,01,11,07
2019082536,07,01,04,10,05
2019082537,07,11,04,02,10
2019082538,10,04,05,09,07
2019082539,03,05,06,04,02
2019082540,10,04,01,08,03
2019082541,03,11,10,07,05
2019082542,03,07,02,08,04
2019082543,10,08,03,07,01
2019082544,07,03,11,09,06
2019082545,05,03,11,08,01
2019082601,08,09,03,01,02
2019082602,03,08,10,02,06
2019082603,02,08,04,06,11
2019082604,10,04,06,02,11
2019082605,05,08,01,04,02
2019082606,05,04,01,11,03
2019082607,03,08,01,10,09
2019082608,01,07,03,11,04
2019082609,10,08,04,05,03
2019082610,01,05,04,10,03
2019082611,02,11,06,04,05
2019082612,01,08,06,10,02
2019082613,02,04,06,09,01
2019082614,11,07,08,09,03
2019082615,09,01,04,11,06
2019082616,05,07,02,10,06
2019082617,05,01,11,03,02
2019082618,11,08,07,01,05
2019082619,07,10,08,01,11
2019082620,11,09,04,06,08
2019082621,02,05,08,03,10
2019082622,06,02,04,03,01
2019082623,07,10,09,05,04
2019082624,10,11,01,07,05
2019082625,03,06,11,01,10
2019082626,07,03,06,05,04
2019082627,06,07,01,02,08
2019082628,01,02,03,06,08
2019082629,03,09,07,05,11
2019082630,04,06,08,01,11
2019082631,05,11,04,02,10
2019082632,10,02,03,05,01
2019082633,07,01,05,06,04
2019082634,04,11,01,09,02
2019082635,02,03,07,06,04
2019082636,02,09,08,07,10
2019082637,06,07,08,10,05
2019082638,01,04,10,07,02
2019082639,05,01,04,11,10
2019082640,09,06,01,05,03
2019082641,06,01,08,09,07
2019082642,01,06,02,08,09
2019082643,06,02,09,07,04
2019082644,01,11,05,03,09
2019082645,09,04,02,05,01
2019082701,10,04,03,11,02
2019082702,02,10,06,03,08
2019082703,03,06,07,05,01
2019082704,09,08,04,06,11
2019082705,02,07,08,05,03
2019082706,05,09,06,11,02
2019082707,08,06,09,07,03
2019082708,07,09,10,01,06
2019082709,02,07,11,03,01
2019082710,08,09,02,07,04
2019082711,04,05,11,08,09
2019082712,10,09,01,07,03
2019082713,09,11,02,10,04
2019082714,04,07,03,01,11
2019082715,06,01,08,02,11
2019082716,05,10,04,11,07
2019082717,04,07,08,02,10
2019082718,11,01,07,08,09
2019082719,05,02,09,01,11
2019082720,09,06,04,10,07
2019082721,01,09,08,07,02
2019082722,04,06,11,09,05
2019082723,11,08,01,09,02
2019082724,09,11,03,07,08
2019082725,04,07,01,11,03
2019082726,03,08,10,06,11
2019082727,07,10,06,02,03
2019082728,02,10,01,05,04
2019082729,11,07,09,03,10
2019082730,10,11,06,04,08
2019082731,08,04,02,06,09
2019082732,08,05,10,04,02
2019082733,02,03,11,10,05
2019082734,09,03,07,02,04
