2020060101,09,03,05,04,02
2020060102,03,02,09,04,05
2020060103,10,05,08,01,04
2020060104,07,02,06,09,11
2020060105,08,04,07,10,03
2020060106,07,10,06,03,02
2020060107,02,11,01,05,08
2020060108,07,03,06,08,09
2020060109,06,02,08,01,11
2020060110,08,02,05,11,04
2020060111,03,11,04,02,08
2020060112,01,10,06,03,08
2020060113,03,05,09,10,01
2020060114,08,10,11,04,06
2020060115,08,05,02,04,01
2020060116,08,11,05,07,04
2020060117,01,05,10,02,11
2020060118,09,02,04,01,06
2020060119,06,03,05,09,08
2020060120,07,08,06,10,02
2020060121,03,06,02,09,01
2020060122,07,04,02,08,10
2020060123,10,01,09,05,11
2020060124,05,09,07,08,11
2020060125,05,02,03,09,08
2020060126,05,01,07,09,11
2020060127,01,11,09,04,07
2020060128,05,03,10,07,01
2020060129,11,01,05,07,04
2020060130,04,02,01,11,05
2020060131,11,03,06,04,01
2020060132,06,05,01,09,07
2020060133,10,08,09,04,03
2020060134,08,11,01,06,03
2020060135,11,03,10,07,02
2020060136,03,11,07,05,10
2020060137,08,07,10,11,06
2020060138,11,06,05,09,01
2020060139,10,02,03,05,11
2020060140,03,11,04,02,06
2020060141,09,06,01,07,11
2020060142,05,01,09,11,07
2020060143,06,10,03,05,08
2020060144,01,07,04,10,11
2020060145,04,09,06,05,03
2020060201,11,02,05,07,09
2020060202,09,04,03,07,08
2020060203,03,10,08,11,04
2020060204,09,02,08,10,11
2020060205,04,03,10,01,07
2020060206,08,06,11,04,09
2020060207,09,01,10,02,11
2020060208,06,01,10,08,05
2020060209,10,11,05,03,01
2020060210,02,03,08,05,04
2020060211,11,10,09,07,08
2020060212,10,01,11,08,04
2020060213,02,03,10,11,09
2020060214,02,06,09,05,10
2020060215,06,10,09,05,03
2020060216,04,09,10,08,02
2020060217,10,02,01,08,07
2020060218,03,11,02,04,07
2020060219,08,02,07,09,11
2020060220,05,04,01,07,08
2020060221,02,05,04,01,03
2020060222,09,02,07,03,10
2020060223,08,06,05,04,11
2020060224,07,10,01,03,04
2020060225,06,04,09,11,02
2020060226,04,07,01,06,10
2020060227,01,11,03,07,02
2020060228,09,08,01,06,03
2020060229,05,03,02,07,09
2020060230,04,03,11,08,02
2020060231,10,03,01,08,07
2020060232,07,11,08,02,03
2020060233,03,06,10,02,08
2020060234,04,02,03,11,01
2020060235,06,09,04,10,02
2020060236,01,05,08,10,04
2020060237,08,01,09,03,11
2020060238,10,11,02,01,04
2020060239,02,11,03,05,08
2020060240,07,08,10,04,03
2020060241,08,07,02,01,03
2020060242,01,05,03,04,10
2020060243,08,02,01,11,03
2020060244,04,02,08,06,03
2020060245,05,01,11,04,03
2020060301,11,10,09,08,07
2020060302,10,06,08,09,02
2020060303,05,03,09,08,04
2020060304,02,07,04,01,09
2020060305,05,04,03,11,08
2020060306,04,02,01,06,07
2020060307,01,05,07,06,09
2020060308,03,10,06,11,01
2020060309,08,10,03,04,11
2020060310,10,11,09,04,02
2020060311,09,05,02,07,06
2020060312,01,11,09,10,03
2020060313,07,05,03,02,06
2020060314,04,09,10,07,01
2020060315,10,05,03,11,06
2020060316,06,09,11,10,02
2020060317,04,07,09,06,05
2020060318,09,05,07,10,02
2020060319,04,11,08,09,03
2020060320,01,10,02,06,03
2020060321,02,03,05,01,07
2020060322,11,10,03,07,05
2020060323,08,02,01,06,03
2020060324,07,04,03,08,02
2020060325,05,10,09,03,04
2020060326,05,08,06,04,03
2020060327,09,05,08,03,01
2020060328,01,05,07,08,06
2020060329,02,10,08,11,09
2020060330,10,03,02,09,01
2020060331,02,07,10,06,05
2020060332,01,03,08,04,09
2020060333,05,04,07,08,06
2020060334,07,03,11,06,08
2020060335,03,08,01,09,10
2020060336,05,03,09,02,06
2020060337,04,01,06,07,09
2020060338,09,08,02,06,10
2020060339,02,06,07,05,01
2020060340,09,01,02,08,06
2020060341,04,09,03,05,01
2020060342,09,06,08,11,01
2020060343,07,05,06,01,03
2020060344,06,11,01,04,03
2020060345,05,10,11,07,06
2020060401,10,04,03,11,01
2020060402,02,04,09,01,07
2020060403,09,11,06,05,04
2020060404,11,02,10,01,07
2020060405,02,11,03,07,06
2020060406,08,09,04,01,03
2020060407,01,07,04,02,06
2020060408,05,03,08,02,10
2020060409,02,01,07,09,06
2020060410,08,06,09,11,07
2020060411,04,01,05,06,03
2020060412,06,08,10,03,04
2020060413,08,03,05,04,01
2020060414,05,06,03,01,08
2020060415,10,08,04,03,11
2020060416,09,11,03,10,02
2020060417,02,01,05,06,10
2020060418,03,02,09,06,05
2020060419,11,10,04,07,06
2020060420,08,11,09,06,03
2020060421,05,01,09,07,10
2020060422,06,02,03,10,08
2020060423,01,06,09,04,03
2020060424,10,04,06,02,05
2020060425,03,08,01,04,09
2020060426,11,07,04,02,01
2020060427,03,08,06,05,04
2020060428,09,02,11,01,10
2020060429,07,11,09,08,01
2020060430,11,01,05,02,08
2020060431,01,08,10,05,11
2020060432,10,02,05,08,04
2020060433,03,06,11,04,05
2020060434,08,10,03,02,05
2020060435,05,08,04,06,01
2020060436,08,10,11,06,04
2020060437,06,09,04,05,02
2020060438,11,02,08,07,03
2020060439,02,06,09,08,11
2020060440,05,04,10,06,03
2020060441,03,05,08,04,10
2020060442,06,10,04,03,02
2020060443,11,06,04,07,09
2020060444,01,07,05,09,06
2020060445,03,02,05,04,08
2020060501,07,11,08,05,10
2020060502,08,02,03,10,01
2020060503,02,10,06,11,05
2020060504,02,08,07,10,11
2020060505,11,01,05,08,04
2020060506,08,04,05,06,03
2020060507,05,02,04,06,11
2020060508,04,09,06,10,11
2020060509,06,08,10,04,07
2020060510,10,08,02,07,05
2020060511,04,11,08,01,03
2020060512,06,04,07,11,09
2020060513,09,08,03,07,05
2020060514,08,02,11,01,04
2020060515,09,10,01,07,08
2020060516,01,02,05,11,09
2020060517,02,03,05,11,10
2020060518,10,01,06,08,07
2020060519,08,06,11,07,03
2020060520,09,10,08,06,02
2020060521,11,01,06,04,03
2020060522,02,10,05,06,01
2020060523,04,09,11,06,08
2020060524,07,02,08,04,06
2020060525,03,02,10,06,05
2020060526,07,02,08,03,10
2020060527,05,03,04,06,02
2020060528,10,02,05,07,11
2020060529,09,07,01,06,02
2020060530,01,02,06,08,05
2020060531,08,01,03,10,07
2020060532,05,10,03,08,11
2020060533,06,01,02,05,04
2020060534,08,02,10,09,07
2020060535,02,01,10,03,04
2020060536,06,07,01,03,11
2020060537,05,06,11,09,04
2020060538,07,11,08,05,02
2020060539,03,11,07,01,09
2020060540,04,01,08,02,09
2020060541,09,01,11,07,06
2020060542,01,05,02,11,03
2020060543,11,07,08,09,02
2020060544,03,09,06,10,11
2020060545,06,09,02,07,03
2020060601,10,11,06,07,08
2020060602,08,11,07,09,06
2020060603,04,09,03,01,06
2020060604,11,07,06,03,04
2020060605,04,07,06,01,02
2020060606,02,06,03,11,04
2020060607,02,11,06,04,08
2020060608,05,10,11,04,02
2020060609,11,10,01,09,05
2020060610,08,09,06,05,11
2020060611,04,07,06,05,11
2020060612,06,04,07,08,02
2020060613,05,03,01,02,07
2020060614,02,11,05,07,03
2020060615,04,01,08,09,11
2020060616,01,09,10,07,03
2020060617,09,01,11,04,06
2020060618,10,04,11,06,01
2020060619,07,06,11,01,02
2020060620,10,06,04,02,01
2020060621,05,09,04,08,03
2020060622,09,04,03,05,08
2020060623,04,08,03,06,10
2020060624,10,06,07,02,08
2020060625,06,07,11,05,04
2020060626,06,05,10,03,11
2020060627,01,04,02,09,11
2020060628,04,07,05,02,01
2020060629,03,04,06,08,05
2020060630,10,07,09,11,05
2020060631,07,10,01,03,04
2020060632,03,09,07,06,04
2020060633,05,04,03,09,11
2020060634,08,10,09,02,06
2020060635,01,02,07,03,11
2020060636,01,05,06,08,09
2020060637,02,06,01,09,03
2020060638,02,04,01,09,03
2020060639,05,10,03,08,06
2020060640,01,11,02,07,10
2020060641,07,02,08,04,01
2020060642,02,04,03,10,09
