2020031201,11,07,05,04,03
2020031202,11,04,08,03,05
2020031203,03,06,07,08,09
2020031204,08,02,05,04,10
2020031205,03,05,09,08,04
2020031206,09,08,11,03,05
2020031207,02,08,07,10,01
2020031208,02,04,06,11,10
2020031209,09,03,07,04,05
2020031210,01,06,09,02,04
2020031211,08,11,01,09,07
2020031212,11,09,07,01,04
2020031213,08,10,11,02,03
2020031214,11,04,10,03,09
2020031215,04,01,03,10,11
2020031216,07,08,06,09,05
2020031217,08,04,09,03,07
2020031218,01,09,02,10,05
2020031219,02,05,08,07,11
2020031220,08,11,05,10,07
2020031221,11,09,05,03,02
2020031222,05,09,02,04,07
2020031223,05,01,02,11,03
2020031224,04,10,07,02,08
2020031225,01,11,03,06,10
2020031226,10,06,07,01,02
2020031227,02,03,05,01,09
2020031228,07,03,01,11,09
2020031229,04,06,09,01,03
2020031230,09,02,11,01,10
2020031231,05,01,03,06,08
2020031232,10,11,08,02,06
2020031233,11,02,03,07,05
2020031234,01,07,03,02,06
2020031235,09,11,03,10,05
2020031236,02,05,09,06,04
2020031237,04,09,03,08,02
2020031238,03,04,02,05,07
2020031239,10,08,03,09,06
