2020070131,05,08,03,09,01
2020070132,08,04,07,03,10
2020070133,03,10,07,09,05
2020070134,04,02,09,11,06
2020070135,05,04,03,06,09
2020070136,10,07,04,01,11
2020070137,02,08,04,05,09
2020070138,05,03,01,11,02
2020070139,06,01,10,07,09
2020070140,03,02,07,11,10
2020070201,03,02,08,10,04
2020070202,04,06,02,01,07
2020070203,05,06,07,09,11
2020070204,07,09,11,04,02
2020070205,02,09,08,04,10
2020070206,09,07,01,10,04
2020070207,02,07,10,08,03
2020070208,11,01,10,07,02
2020070209,07,01,11,06,04
2020070210,01,11,10,03,05
2020070211,09,02,01,03,07
2020070212,04,07,08,06,05
2020070213,03,04,07,05,09
2020070214,06,07,10,03,08
2020070215,01,04,11,05,10
2020070216,09,03,08,02,05
2020070217,02,05,03,01,07
2020070218,09,10,05,03,08
2020070219,11,07,10,01,02
2020070220,08,01,02,05,10
2020070221,05,01,11,03,04
2020070222,08,04,01,06,03
2020070223,07,08,06,05,09
2020070224,04,02,01,06,11
2020070225,08,05,04,06,11
2020070226,03,06,07,01,10
2020070227,09,01,10,08,03
2020070228,06,04,11,09,07
2020070229,02,04,05,03,11
2020070230,01,10,04,05,09
2020070231,10,09,01,04,03
2020070232,02,08,04,01,06
2020070233,11,08,10,04,09
2020070234,01,04,07,05,09
2020070235,09,07,04,08,06
2020070236,08,10,06,02,04
2020070237,01,11,09,08,06
2020070238,06,07,10,04,01
2020070239,04,07,03,06,01
2020070240,02,01,06,08,11
