2020060101,01,07,02,03,09
2020060102,03,01,05,04,08
2020060103,07,11,02,06,10
2020060104,06,11,07,02,04
2020060105,08,03,05,04,07
2020060106,11,08,09,06,03
2020060107,03,05,01,02,04
2020060108,04,06,02,09,01
2020060109,08,04,09,07,10
2020060110,08,09,07,03,01
2020060111,09,02,06,10,08
2020060112,01,07,04,10,03
2020060113,09,02,05,04,03
2020060114,09,04,02,06,05
2020060115,02,10,05,01,04
2020060116,09,05,04,11,07
2020060117,01,11,09,10,04
2020060118,04,11,03,01,05
2020060119,10,11,05,06,08
2020060120,01,02,05,06,04
2020060121,10,06,04,05,03
2020060122,11,01,07,02,03
2020060123,09,11,04,02,01
2020060124,06,11,01,03,05
2020060125,07,02,03,09,06
2020060126,03,08,04,11,07
2020060127,08,10,11,04,05
2020060128,08,06,03,09,02
2020060129,05,01,08,10,07
2020060130,09,06,08,04,11
2020060131,09,08,05,10,04
2020060132,07,06,02,08,03
2020060133,05,04,08,07,10
2020060134,02,10,03,09,05
2020060135,07,06,05,09,04
2020060136,01,04,02,11,05
2020060137,02,03,07,01,08
2020060138,06,07,05,03,09
2020060139,02,03,01,10,06
2020060140,05,10,06,01,02
