2019081736,02,05,10,01,04
2019081737,08,02,11,06,04
2019081738,10,11,06,05,03
2019081739,11,06,10,04,01
2019081740,06,02,05,10,08
2019081801,10,08,06,01,04
2019081802,04,09,08,10,01
2019081803,04,02,08,07,03
2019081804,05,08,06,03,02
2019081805,08,01,09,06,05
2019081806,03,07,06,10,09
2019081807,04,06,09,08,11
2019081808,09,06,11,02,07
2019081809,07,09,04,11,05
2019081810,03,09,05,01,02
2019081811,10,03,01,04,07
2019081812,05,11,10,01,04
2019081813,05,11,01,03,10
2019081814,01,02,08,03,11
2019081815,09,06,05,01,08
2019081816,11,04,08,09,07
2019081817,07,06,02,11,10
2019081818,02,08,04,06,10
2019081819,06,11,02,01,09
2019081820,06,03,08,11,01
2019081821,03,02,07,08,10
2019081822,08,05,06,02,04
2019081823,11,02,09,06,08
2019081824,01,10,07,02,03
2019081825,03,11,05,08,06
2019081826,04,01,07,09,06
2019081827,01,08,05,02,06
2019081828,10,09,05,03,07
2019081829,09,05,02,11,08
2019081830,07,08,01,10,04
2019081831,06,01,07,09,11
2019081832,10,08,05,09,11
2019081833,05,04,06,09,10
2019081834,04,11,01,07,10
2019081835,10,06,03,08,04
2019081836,05,08,03,01,04
2019081837,11,08,09,03,04
2019081838,06,08,02,09,05
2019081839,11,08,02,04,09
2019081840,10,09,02,07,03
2019081901,05,04,08,01,11
2019081902,01,07,03,05,11
2019081903,09,04,11,05,06
2019081904,03,11,07,01,06
2019081905,05,02,08,09,01
2019081906,09,08,03,05,06
2019081907,10,02,07,05,08
2019081908,06,03,10,08,05
2019081909,02,09,05,11,01
2019081910,09,06,10,01,08
2019081911,02,03,04,09,11
2019081912,05,02,03,07,09
2019081913,08,10,04,01,02
2019081914,09,08,11,01,05
2019081915,02,05,04,10,06
2019081916,09,01,08,04,02
2019081917,06,07,08,04,03
2019081918,07,05,10,08,09
2019081919,09,01,05,10,04
2019081920,06,04,09,01,07
2019081921,07,11,03,04,01
2019081922,10,02,06,01,08
2019081923,06,04,10,09,05
2019081924,04,02,05,03,10
2019081925,09,04,07,02,08
2019081926,04,11,10,08,03
2019081927,11,08,07,02,05
2019081928,08,03,05,10,02
2019081929,02,09,11,06,10
2019081930,08,11,09,07,10
2019081931,06,02,11,04,07
2019081932,06,03,07,11,10
2019081933,11,04,07,09,01
2019081934,10,04,08,07,05
2019081935,06,03,07,01,08
2019081936,03,08,05,09,07
2019081937,11,10,05,07,08
2019081938,08,09,05,04,02
2019081939,07,10,01,09,08
2019081940,05,02,10,03,09
2019082001,08,05,10,09,02
2019082002,04,05,01,11,10
2019082003,02,07,10,06,04
2019082004,11,09,07,06,03
2019082005,08,01,11,07,09
2019082006,08,02,09,03,07
2019082007,04,01,11,08,09
2019082008,08,09,04,07,10
2019082009,07,02,10,09,08
2019082010,11,06,09,08,10
2019082011,09,10,06,07,05
2019082012,08,10,02,03,01
2019082013,05,07,04,03,11
2019082014,07,01,04,11,05
2019082015,05,11,06,01,10
2019082016,10,08,06,05,09
2019082017,10,09,03,07,06
2019082018,01,08,11,03,02
2019082019,07,04,02,06,09
2019082020,05,11,03,07,04
2019082021,03,08,01,09,10
2019082022,09,03,06,08,07
2019082023,04,07,11,01,08
2019082024,11,07,10,05,09
2019082025,04,07,02,06,03
