2020031501,06,01,05,09,04
2020031502,10,03,07,06,09
2020031503,04,08,01,11,07
2020031504,05,01,09,11,06
2020031505,08,03,07,01,06
2020031506,08,09,10,03,07
2020031507,11,03,06,05,07
2020031508,01,05,11,02,10
2020031509,09,06,05,11,01
2020031510,09,07,03,08,04
2020031511,05,11,03,08,06
2020031512,09,03,04,01,08
2020031513,01,04,08,06,03
2020031514,06,07,05,02,04
2020031515,03,02,11,10,09
2020031516,05,01,07,04,02
2020031517,10,08,02,04,06
2020031518,03,07,09,01,10
2020031519,02,06,07,03,08
2020031520,01,06,03,09,07
2020031521,05,11,08,04,06
2020031522,03,06,04,07,10
2020031523,08,05,07,04,03
2020031524,02,04,10,11,07
2020031525,03,09,05,08,11
2020031526,03,10,02,07,11
2020031527,06,01,08,09,11
2020031528,06,03,05,01,08
2020031529,07,01,05,02,08
2020031530,01,09,02,05,08
2020031531,02,05,01,04,06
2020031532,08,06,09,05,04
2020031533,05,04,07,08,10
2020031534,01,11,10,05,09
2020031535,07,10,03,08,01
2020031536,06,09,05,07,08
2020031537,09,06,07,04,05
2020031538,05,06,02,01,11
2020031539,03,02,07,09,08
2020031540,06,11,03,02,07
