2019081742,02,11,09,08,07
2019081801,05,07,03,06,10
2019081802,05,02,03,06,10
2019081803,02,07,04,08,05
2019081804,02,11,03,10,01
2019081805,04,03,06,02,01
2019081806,11,04,09,08,10
2019081807,05,10,04,09,06
2019081808,09,08,02,04,11
2019081809,10,06,07,04,03
2019081810,09,07,10,04,05
2019081811,10,02,03,01,07
2019081812,10,03,09,07,05
2019081813,02,04,07,08,10
2019081814,03,04,02,09,11
2019081815,02,04,03,01,10
2019081816,02,10,09,05,01
2019081817,06,02,11,03,10
2019081818,09,03,04,05,11
2019081819,08,11,05,01,02
2019081820,09,11,07,02,04
2019081821,03,07,10,09,11
2019081822,09,03,06,11,08
2019081823,01,02,07,11,10
2019081824,02,06,10,04,01
2019081825,06,05,03,11,10
2019081826,08,04,02,11,07
2019081827,01,03,10,11,08
2019081828,02,06,03,11,01
2019081829,08,04,02,11,06
2019081830,05,03,07,02,08
2019081831,09,01,03,08,04
2019081832,08,10,01,09,02
2019081833,08,05,03,01,04
2019081834,04,06,01,07,05
2019081835,05,01,08,09,07
2019081836,10,04,06,07,11
2019081837,10,11,05,06,02
2019081838,05,11,09,08,06
2019081839,11,02,05,01,03
2019081840,06,07,10,01,11
2019081841,11,09,03,10,05
2019081842,10,07,03,04,05
2019081901,10,11,09,08,05
2019081902,06,04,03,10,07
2019081903,05,10,07,01,09
2019081904,03,07,09,01,11
2019081905,06,02,11,08,01
2019081906,11,09,02,01,03
2019081907,05,03,06,09,02
2019081908,05,02,11,01,07
2019081909,04,06,02,01,08
2019081910,05,03,01,04,11
2019081911,03,08,09,01,02
2019081912,08,02,11,09,10
2019081913,10,04,09,03,11
2019081914,01,03,05,10,08
2019081915,03,08,06,05,07
2019081916,01,10,07,02,06
2019081917,09,06,05,04,10
2019081918,10,04,11,05,03
2019081919,02,10,09,03,07
2019081920,02,10,03,01,06
2019081921,02,01,04,08,06
2019081922,06,08,04,01,02
2019081923,05,06,02,04,10
2019081924,08,11,02,04,05
2019081925,04,05,01,10,02
2019081926,07,01,11,05,06
2019081927,10,02,01,11,09
2019081928,04,01,11,10,09
2019081929,02,01,09,07,05
2019081930,02,05,09,10,06
2019081931,04,09,01,10,11
2019081932,09,08,02,06,11
2019081933,06,01,07,08,11
2019081934,03,09,07,01,04
2019081935,05,04,09,08,10
2019081936,02,10,03,05,11
2019081937,01,07,10,04,11
2019081938,01,05,09,04,08
2019081939,06,11,03,08,10
2019081940,07,03,10,06,02
2019081941,03,01,04,10,05
2019081942,08,10,04,06,09
2019082001,02,07,03,05,06
2019082002,06,04,08,07,11
2019082003,08,10,09,02,03
2019082004,07,10,01,09,04
2019082005,07,11,01,02,04
2019082006,11,10,05,02,04
2019082007,11,08,06,01,03
2019082008,06,03,08,01,05
2019082009,07,10,02,03,08
2019082010,08,04,03,01,11
2019082011,02,06,07,04,10
2019082012,04,03,10,08,05
2019082013,06,10,05,01,02
2019082014,01,05,09,06,11
2019082015,08,11,09,01,05
2019082016,05,08,10,03,09
2019082017,07,06,04,05,09
2019082018,06,01,11,09,04
2019082019,10,08,03,04,05
2019082020,02,05,11,07,09
2019082021,09,04,07,11,05
2019082022,03,07,01,02,08
2019082023,01,05,08,11,07
2019082024,04,07,08,10,06
2019082025,09,11,05,01,10
2019082026,11,05,04,01,03
2019082027,08,07,10,04,01
2019082028,05,09,11,01,02
2019082029,04,08,09,05,03
2019082030,03,05,09,11,07
2019082031,10,06,08,05,11
2019082032,06,11,04,05,01
2019082033,06,11,04,05,03
2019082034,04,08,07,05,09
2019082035,06,09,08,02,01
2019082036,08,06,02,03,07
2019082037,05,06,08,03,02
2019082038,09,10,02,11,05
2019082039,01,09,05,03,11
2019082040,11,06,03,09,01
2019082041,09,04,08,05,03
2019082042,05,06,01,02,03
2019082101,08,10,03,06,07
2019082102,09,05,03,11,07
2019082103,09,03,11,08,07
2019082104,01,10,05,04,02
2019082105,08,02,01,10,05
2019082106,01,06,07,10,05
2019082107,07,01,06,08,04
2019082108,07,06,10,02,11
2019082109,04,06,09,03,08
2019082110,08,11,03,06,10
2019082111,04,05,10,06,08
2019082112,09,11,08,03,07
2019082113,11,02,08,10,01
2019082114,09,05,11,06,04
2019082115,03,08,02,07,10
2019082116,02,08,03,10,04
2019082117,01,03,06,05,04
2019082118,11,01,05,08,07
2019082119,01,11,05,08,10
2019082120,11,09,06,04,10
2019082121,03,10,08,09,01
2019082122,04,01,09,10,08
2019082123,04,07,11,05,06
2019082124,08,09,02,10,03
2019082125,01,06,10,05,02
2019082126,03,11,05,04,07
2019082127,07,10,02,04,11
2019082128,03,06,10,04,08
2019082129,10,11,07,04,06
2019082130,03,09,08,10,11
2019082131,05,02,07,04,06
2019082132,01,05,02,07,10
2019082133,10,11,05,01,03
2019082134,08,11,06,07,09
2019082135,02,05,07,01,06
2019082136,07,01,02,03,09
2019082137,01,06,03,08,11
2019082138,03,09,10,07,05
2019082139,03,02,06,09,05
2019082140,03,10,02,04,08
2019082141,04,07,09,10,05
2019082142,04,03,01,10,07
2019082201,10,05,11,06,02
2019082202,11,04,07,03,08
2019082203,08,09,07,05,10
2019082204,06,02,05,01,08
2019082205,04,05,10,08,02
2019082206,04,08,09,01,06
2019082207,08,06,02,11,07
2019082208,10,07,04,03,08
2019082209,01,03,10,04,07
2019082210,02,06,01,07,05
2019082211,02,06,08,09,03
2019082212,02,03,09,11,07
2019082213,06,07,01,04,11
2019082214,08,03,07,05,01
2019082215,01,07,10,08,05
2019082216,09,04,06,05,10
2019082217,02,05,10,11,08
2019082218,05,07,01,11,02
2019082219,02,10,09,08,01
2019082220,10,01,05,07,02
2019082221,07,04,08,06,03
2019082222,04,02,10,08,06
2019082223,02,07,01,11,03
2019082224,07,11,06,04,02
2019082225,05,01,02,06,08
2019082226,04,07,10,05,01
2019082227,03,02,05,08,09
2019082228,09,04,06,05,10
2019082229,03,02,07,11,10
2019082230,03,10,07,08,06
2019082231,11,07,04,05,03
2019082232,10,08,04,07,03
2019082233,06,03,01,07,11
2019082234,06,08,03,09,01
2019082235,06,08,07,05,10
2019082236,03,06,09,10,02
2019082237,02,03,08,11,05
2019082238,03,04,08,11,07
2019082239,03,05,01,07,04
2019082240,06,01,09,04,03
2019082241,08,09,11,06,02
2019082242,06,01,07,10,04
2019082301,10,09,08,07,06
2019082302,11,01,04,05,06
2019082303,09,11,10,07,04
2019082304,09,10,11,08,04
2019082305,03,10,02,04,11
2019082306,08,10,01,11,04
2019082307,05,02,10,08,03
2019082308,05,01,11,07,06
2019082309,07,06,10,05,02
2019082310,04,11,05,01,10
2019082311,08,09,11,06,03
2019082312,10,08,01,09,11
2019082313,08,01,07,05,03
2019082314,03,05,02,09,07
2019082315,11,10,07,09,02
2019082316,04,08,05,11,06
2019082317,09,02,10,07,06
2019082318,07,06,08,09,05
2019082319,06,03,01,11,04
2019082320,10,01,09,03,08
2019082321,07,01,06,10,08
2019082322,05,04,11,08,03
2019082323,10,09,07,06,11
