2019110101,07,09,01,08,06
2019110102,10,03,11,04,08
2019110103,07,01,05,04,10
2019110104,07,05,09,03,04
2019110105,08,04,06,02,10
2019110106,03,05,11,07,04
2019110107,10,07,02,08,05
2019110108,09,01,08,05,04
2019110109,08,09,11,04,05
2019110110,03,06,01,09,05
2019110111,04,07,03,08,11
2019110112,08,06,04,01,07
2019110113,03,02,04,05,01
2019110114,09,11,08,06,03
2019110115,02,03,07,08,01
2019110116,01,06,09,03,04
2019110117,09,02,10,06,01
2019110118,11,08,05,09,03
2019110119,05,09,10,02,01
2019110120,04,07,08,05,09
2019110121,07,06,02,04,09
2019110122,01,02,07,11,03
2019110123,06,03,04,07,05
2019110124,06,05,01,02,07
2019110125,06,01,07,04,03
2019110126,08,11,04,03,09
2019110127,02,06,04,08,10
2019110128,06,01,04,05,08
2019110129,07,11,06,04,08
2019110130,04,10,01,05,03
2019110131,10,06,08,09,11
2019110132,04,03,01,09,07
2019110133,03,01,10,11,09
2019110134,04,09,06,05,10
2019110135,01,05,11,09,10
2019110136,05,08,07,06,10
2019110137,02,11,08,09,01
2019110138,01,09,06,03,08
2019110139,07,09,01,04,02
2019110140,02,08,05,11,09
2019110141,01,05,08,09,02
2019110142,09,03,01,08,06
2019110201,02,03,10,11,01
2019110202,11,09,04,10,02
2019110203,10,04,05,08,09
2019110204,09,02,01,05,06
2019110205,02,11,07,05,09
2019110206,09,08,11,06,07
2019110207,06,03,04,08,05
2019110208,07,05,03,08,04
2019110209,10,09,11,07,03
2019110210,05,10,08,11,01
2019110211,10,11,05,07,06
2019110212,06,01,08,10,05
2019110213,05,08,10,09,04
2019110214,01,06,11,09,04
2019110215,06,07,05,02,04
2019110216,10,11,02,08,06
2019110217,09,02,01,05,08
2019110218,04,01,06,11,09
2019110219,09,01,07,04,08
2019110220,10,07,09,05,11
2019110221,02,10,01,04,03
2019110222,08,09,07,06,11
2019110223,09,06,01,07,11
2019110224,03,08,05,09,10
2019110225,11,03,06,01,08
2019110226,05,03,11,02,09
2019110227,10,04,07,03,08
2019110228,02,03,07,05,04
2019110229,07,02,03,10,06
2019110230,09,05,11,04,08
2019110231,04,05,06,09,10
2019110232,06,04,10,07,08
2019110233,07,09,10,04,08
2019110234,10,04,01,11,03
2019110235,02,07,05,01,04
2019110236,10,08,06,01,05
2019110237,10,09,05,02,08
