2019120101,11,08,10,05,01
2019120102,10,09,07,01,05
2019120103,06,04,01,10,05
2019120104,10,02,11,01,06
2019120105,01,02,10,06,07
2019120106,11,01,04,05,08
2019120107,07,11,06,05,08
2019120108,06,08,05,01,07
2019120109,03,07,08,09,11
2019120110,10,08,07,11,09
2019120111,06,01,11,08,04
2019120112,02,03,08,09,01
2019120113,06,10,11,04,02
2019120114,11,10,04,09,07
2019120115,03,10,11,04,08
2019120116,07,06,03,10,08
2019120117,01,10,08,03,09
2019120118,06,09,05,04,02
2019120119,01,11,05,10,03
2019120120,03,10,02,11,05
2019120121,04,06,07,11,03
2019120122,03,01,10,07,08
2019120123,10,08,04,03,05
2019120124,07,01,05,10,04
2019120125,08,02,05,10,04
2019120126,01,05,09,06,10
2019120127,09,02,06,08,03
2019120128,10,07,04,02,06
2019120129,09,08,01,10,06
2019120130,01,03,11,05,04
2019120131,03,06,05,09,01
2019120132,04,09,11,03,10
2019120133,03,01,06,08,02
2019120134,11,10,01,06,03
2019120135,09,05,10,01,11
2019120136,08,10,04,02,09
2019120137,04,09,07,08,11
2019120138,09,03,08,10,06
