2020040101,01,08,09,04,03
2020040102,02,07,05,04,11
2020040103,11,10,03,06,01
2020040104,06,05,01,04,03
2020040105,01,04,09,08,11
2020040106,03,07,06,02,08
2020040107,11,08,01,06,05
2020040108,06,05,02,07,08
2020040109,03,11,05,06,01
2020040110,09,08,11,03,02
2020040111,04,08,01,11,06
2020040112,04,06,11,08,07
2020040113,07,10,03,08,06
2020040114,02,05,04,06,11
2020040115,09,11,05,02,06
2020040116,04,07,02,10,08
2020040117,02,11,04,08,09
2020040118,03,10,08,04,09
2020040119,09,11,08,04,06
2020040120,04,11,03,09,10
2020040121,10,04,05,09,03
2020040122,08,06,07,05,02
2020040123,07,06,10,02,03
2020040124,08,09,06,01,11
2020040125,08,01,02,06,10
2020040126,11,04,06,10,08
2020040127,04,06,05,11,09
2020040128,01,02,04,06,11
2020040129,06,05,10,08,11
2020040130,11,07,10,05,08
2020040131,09,07,06,01,04
2020040132,10,11,07,03,09
2020040133,11,08,05,01,07
2020040134,07,10,03,08,04
2020040135,07,08,09,04,02
2020040136,10,04,02,03,07
2020040137,10,11,02,04,03
2020040138,04,03,09,01,07
2020040139,04,02,01,11,03
2020040140,04,03,05,09,01
2020040141,07,06,11,05,03
2020040142,03,02,06,10,08
2020040143,07,11,10,05,09
