2019120101,05,04,03,11,06
2019120102,10,06,04,02,11
2019120103,03,10,01,06,05
2019120104,02,09,03,11,10
2019120105,03,06,02,08,05
2019120106,11,06,03,01,07
2019120107,05,06,04,02,11
2019120108,07,05,10,09,01
2019120109,10,09,04,11,07
2019120110,07,05,03,10,06
2019120111,07,08,05,10,04
2019120112,03,11,05,06,09
2019120113,06,04,01,05,11
2019120114,11,10,06,01,02
2019120115,08,06,07,01,05
2019120116,07,06,02,10,09
2019120117,02,04,09,07,11
2019120118,03,10,11,09,05
2019120119,11,09,02,05,03
2019120120,01,07,10,11,06
2019120121,07,08,01,11,10
2019120122,08,04,02,05,11
2019120123,07,03,08,10,06
2019120124,09,04,01,03,10
2019120125,10,06,01,07,09
2019120126,01,02,11,08,09
2019120127,04,07,03,05,06
2019120128,09,08,05,10,03
2019120129,11,07,10,09,05
2019120130,07,06,02,10,01
2019120131,09,01,08,04,11
2019120132,08,01,04,09,10
2019120133,03,09,01,04,08
2019120134,09,06,02,08,03
2019120135,01,02,09,10,04
2019120136,09,03,01,06,07
2019120137,03,05,07,08,02
2019120138,05,03,07,10,11
2019120139,08,10,11,03,02
