2020090101,04,01,07,09,11
2020090102,03,10,08,05,04
2020090103,06,09,03,11,01
2020090104,11,08,04,03,01
2020090105,04,07,02,05,01
2020090106,06,08,02,03,10
2020090107,04,03,08,02,09
2020090108,10,03,04,05,07
2020090109,03,09,10,11,07
2020090110,08,05,07,03,10
2020090111,05,08,11,07,10
2020090112,08,11,05,09,03
2020090113,08,05,02,09,03
2020090114,02,08,11,10,06
2020090115,01,04,08,05,09
2020090116,11,04,10,08,07
2020090117,09,02,04,05,03
2020090118,08,06,04,02,11
2020090119,01,08,07,03,04
2020090120,05,09,11,04,02
2020090121,05,03,02,10,06
2020090122,05,11,10,06,02
2020090123,06,09,10,02,11
2020090124,01,10,11,04,08
2020090125,05,04,09,01,11
2020090126,03,04,02,08,10
2020090127,01,03,02,07,05
2020090128,10,08,02,03,09
2020090129,02,04,05,07,03
2020090130,05,02,01,09,07
2020090131,04,09,05,06,02
2020090132,04,11,10,03,02
2020090133,11,02,09,01,06
2020090134,04,02,10,07,09
2020090135,06,03,08,05,09
2020090136,02,08,01,04,03
2020090137,03,09,01,05,06
2020090138,07,10,01,11,03
2020090139,09,03,07,10,05
2020090140,09,02,04,06,07
2020090141,09,04,11,08,03
2020090142,08,05,07,03,11
2020090143,07,02,04,06,05
2020090144,05,06,10,07,02
