2019081803,09,05,07,04,03
2019081804,09,10,04,06,03
2019081805,03,01,10,04,02
2019081806,08,11,09,03,10
2019081807,06,11,03,02,05
2019081808,05,03,07,09,11
2019081809,07,01,06,05,09
2019081810,06,09,10,07,08
2019081811,03,02,11,07,10
2019081812,10,01,07,02,11
2019081813,09,08,04,07,11
2019081814,04,06,10,07,03
2019081815,09,02,03,10,07
2019081816,11,08,05,04,09
2019081817,07,10,04,03,05
2019081818,10,01,11,02,03
2019081819,02,11,05,03,01
2019081820,11,10,04,07,09
2019081821,04,10,01,08,07
2019081822,04,02,06,07,08
2019081823,09,06,05,08,01
2019081824,08,10,09,04,06
2019081825,11,06,10,09,07
2019081826,03,09,08,10,06
2019081827,10,03,06,09,02
2019081828,02,03,11,06,10
2019081829,01,07,09,04,03
2019081830,06,08,09,03,10
2019081831,08,07,03,06,09
2019081832,03,08,02,06,07
2019081833,08,05,07,10,09
2019081834,01,07,05,09,04
2019081835,06,07,02,03,10
2019081836,11,04,07,10,06
2019081837,04,03,11,06,10
2019081838,10,11,01,05,03
2019081839,06,04,08,03,05
2019081840,10,04,01,06,07
2019081841,05,03,02,11,09
2019081842,01,11,08,03,06
2019081843,01,10,02,07,09
2019081844,07,10,01,06,09
2019081901,11,05,03,02,09
2019081902,07,01,10,03,05
2019081903,11,06,04,08,01
2019081904,09,02,11,03,04
2019081905,08,06,02,01,09
2019081906,02,10,07,03,06
2019081907,01,04,06,05,07
2019081908,08,01,10,11,03
2019081909,11,07,02,06,01
2019081910,11,04,03,05,07
2019081911,11,06,08,01,07
2019081912,01,06,02,07,03
2019081913,01,03,06,10,08
2019081914,06,09,07,08,04
2019081915,01,02,05,07,04
2019081916,07,02,09,05,01
2019081917,05,08,06,02,03
2019081918,11,01,07,03,04
2019081919,04,11,09,07,05
2019081920,11,10,05,01,02
2019081921,09,10,07,02,05
2019081922,05,04,01,08,03
2019081923,09,07,08,10,01
2019081924,05,06,03,09,02
2019081925,04,08,09,03,01
2019081926,04,09,08,10,01
2019081927,06,09,07,03,05
2019081928,08,03,07,10,06
2019081929,03,09,01,10,07
2019081930,10,09,01,07,05
2019081931,11,07,06,05,04
2019081932,02,07,10,09,03
2019081933,08,11,06,09,10
2019081934,10,05,03,08,09
2019081935,04,06,07,11,03
2019081936,10,02,09,04,06
2019081937,05,03,09,01,06
2019081938,10,09,07,03,08
2019081939,05,11,04,08,02
2019081940,04,05,08,03,02
2019081941,07,10,06,09,01
2019081942,10,05,01,02,04
2019081943,09,11,08,06,04
2019081944,08,04,07,09,01
2019082001,05,07,09,08,03
2019082002,01,06,10,03,04
2019082003,10,02,04,09,03
2019082004,03,07,01,04,06
2019082005,04,07,10,01,09
2019082006,04,06,07,09,02
2019082007,06,10,07,09,01
2019082008,10,11,09,07,02
2019082009,05,03,02,04,06
2019082010,07,11,08,01,09
2019082011,05,11,09,04,02
2019082012,07,01,11,09,06
2019082013,11,08,06,01,07
2019082014,07,11,06,01,09
2019082015,07,09,03,06,05
2019082016,05,02,11,08,06
2019082017,01,09,11,08,02
2019082018,02,04,10,05,06
2019082019,02,07,04,08,01
2019082020,09,10,06,02,03
2019082021,11,05,01,06,04
2019082022,10,08,11,05,03
2019082023,01,02,03,04,10
2019082024,03,09,05,02,10
2019082025,01,07,02,11,04
2019082026,02,11,03,10,08
2019082027,09,07,04,10,02
2019082028,03,08,06,09,10
2019082029,01,07,06,05,02
2019082030,04,05,08,01,11
2019082031,09,04,02,10,03
2019082032,05,11,01,04,08
2019082033,06,01,08,11,04
2019082034,11,03,09,05,07
2019082035,05,11,02,03,07
2019082036,07,09,11,03,10
2019082037,05,09,07,01,10
2019082038,03,02,04,10,09
2019082039,05,04,09,11,07
2019082040,11,07,04,08,02
2019082041,06,05,01,10,08
2019082042,10,11,04,02,01
2019082043,03,04,05,02,06
2019082044,03,02,01,08,05
2019082101,09,02,04,10,01
2019082102,08,05,07,01,04
2019082103,07,10,09,02,08
2019082104,01,11,10,09,04
2019082105,06,10,08,09,04
2019082106,05,10,09,11,04
2019082107,09,03,06,02,08
2019082108,11,04,08,02,09
2019082109,08,11,07,10,04
2019082110,02,05,04,03,11
2019082111,02,05,03,07,10
2019082112,04,03,10,11,01
2019082113,11,10,01,02,07
2019082114,07,03,01,10,09
2019082115,06,03,10,04,07
2019082116,09,04,07,01,11
2019082117,08,02,05,04,10
2019082118,08,06,02,03,04
2019082119,02,08,09,01,05
