2019100801,09,03,07,04,08
2019100802,07,02,06,09,08
2019100803,05,02,01,07,10
2019100804,06,04,02,05,09
2019100805,07,06,01,09,02
2019100806,04,07,06,02,03
2019100807,08,09,01,02,05
2019100808,10,08,09,06,07
2019100809,03,11,07,09,06
2019100810,06,03,10,05,08
2019100811,07,02,03,10,04
2019100812,09,06,02,04,03
2019100813,04,07,05,02,08
2019100814,02,06,08,01,11
2019100815,08,07,09,01,03
2019100816,04,01,02,03,06
2019100817,05,04,02,09,08
2019100818,03,01,02,10,09
2019100819,11,02,07,01,04
2019100820,11,06,04,05,10
2019100821,08,06,04,09,07
2019100822,02,06,07,03,05
2019100823,01,09,04,11,08
2019100824,07,08,09,03,11
2019100825,02,04,06,11,05
2019100826,08,04,05,02,03
2019100827,04,09,02,03,08
2019100828,05,07,01,08,03
2019100829,11,07,09,02,06
2019100830,11,08,07,03,09
2019100831,10,09,05,03,02
2019100832,04,02,11,06,07
2019100833,02,11,04,05,06
2019100834,05,09,08,03,01
2019100835,06,10,03,11,05
2019100836,03,09,10,05,01
2019100837,06,07,01,05,10
2019100838,06,03,04,07,05
2019100839,08,10,01,03,02
2019100840,03,10,06,09,05
2019100901,01,03,11,05,10
2019100902,01,11,07,04,05
2019100903,04,08,07,02,03
2019100904,06,05,08,02,01
2019100905,07,03,08,04,09
2019100906,07,02,05,03,11
2019100907,06,10,01,08,11
2019100908,07,11,08,09,02
2019100909,03,05,11,04,07
2019100910,11,03,02,06,10
2019100911,11,02,04,05,07
2019100912,09,04,03,07,02
2019100913,04,05,09,08,10
2019100914,01,04,09,06,08
2019100915,03,06,10,05,02
2019100916,05,04,09,08,06
2019100917,03,02,05,11,07
2019100918,02,08,10,07,05
2019100919,11,01,03,07,04
2019100920,03,05,11,10,06
2019100921,10,04,09,05,07
2019100922,07,05,06,04,08
2019100923,03,01,08,07,05
2019100924,02,03,11,10,05
2019100925,10,07,01,11,08
2019100926,10,04,05,08,11
2019100927,07,09,08,10,11
2019100928,01,03,09,07,11
2019100929,01,11,09,02,10
2019100930,07,02,06,04,01
2019100931,03,10,06,08,05
2019100932,09,02,08,03,10
2019100933,01,09,06,11,07
2019100934,05,03,01,02,10
2019100935,10,02,09,11,07
2019100936,09,08,11,04,01
2019100937,06,11,07,02,09
2019100938,07,09,01,03,06
2019100939,07,03,05,06,04
2019100940,06,10,07,04,05
2019101001,07,03,11,08,01
2019101002,08,07,01,05,06
2019101003,09,06,05,04,11
2019101004,02,01,03,11,09
2019101005,05,01,06,09,11
2019101006,07,10,05,04,06
2019101007,10,02,04,11,08
2019101008,03,01,10,05,07
2019101009,07,04,03,05,09
2019101010,10,06,09,02,08
2019101011,01,03,11,06,09
2019101012,07,09,02,08,01
2019101013,08,04,07,02,11
2019101014,04,09,03,11,08
2019101015,06,11,10,07,04
2019101016,07,10,08,02,09
2019101017,09,07,04,06,05
2019101018,02,01,04,03,06
2019101019,08,06,03,05,07
2019101020,05,03,02,01,10
2019101021,10,08,06,04,07
2019101022,01,05,09,03,11
2019101023,08,07,11,01,04
2019101024,05,10,09,06,04
2019101025,08,06,04,02,03
2019101026,02,01,05,07,11
2019101027,03,02,09,05,08
2019101028,09,03,07,10,02
2019101029,11,09,10,04,03
2019101030,03,05,10,09,02
2019101031,06,08,09,11,05
2019101032,07,09,01,06,03
2019101033,11,08,10,05,07
2019101034,02,06,04,01,07
2019101035,05,06,09,07,02
2019101036,09,03,04,05,08
