2019110101,08,04,06,01,09
2019110102,05,02,10,11,04
2019110103,05,07,02,04,03
2019110104,09,01,02,06,11
2019110105,07,04,02,10,11
2019110106,04,09,02,11,01
2019110107,09,01,07,10,02
2019110108,11,06,01,05,08
2019110109,05,02,09,07,04
2019110110,11,07,05,01,09
2019110111,03,05,07,08,02
2019110112,09,03,01,10,02
2019110113,02,07,06,08,01
2019110114,04,10,08,02,06
2019110115,11,09,04,01,10
2019110116,01,02,04,08,06
2019110117,03,04,11,07,06
2019110118,07,03,08,11,09
2019110119,10,09,03,08,02
2019110120,01,06,09,11,03
2019110121,02,03,10,06,08
2019110122,06,04,01,09,02
2019110123,07,06,11,04,03
2019110124,05,08,04,03,07
2019110125,11,06,10,08,09
2019110126,11,04,07,03,10
2019110127,02,03,06,10,09
2019110128,10,11,08,04,05
2019110129,07,03,08,09,06
2019110130,04,10,05,09,02
2019110131,10,05,02,04,08
2019110132,10,07,09,01,05
2019110133,02,07,05,03,09
2019110134,07,04,11,09,02
2019110135,09,04,07,11,08
2019110136,11,06,07,05,08
2019110137,11,09,05,10,02
