2020010101,11,04,10,08,02
2020010102,11,03,01,02,08
2020010103,04,08,05,02,11
2020010104,06,03,07,05,10
2020010105,10,01,02,06,03
2020010106,08,01,10,06,05
2020010107,11,08,05,07,06
2020010108,09,07,02,03,05
2020010109,08,06,07,05,02
2020010110,10,02,05,11,01
2020010111,08,11,07,02,06
2020010112,03,06,07,11,08
2020010113,06,11,04,08,05
2020010114,03,09,05,04,01
2020010115,03,06,01,11,02
2020010116,01,05,06,11,07
2020010117,08,04,05,03,09
2020010118,03,06,04,07,01
2020010119,02,07,06,05,11
2020010120,09,02,06,08,11
2020010121,10,03,01,07,04
2020010122,10,01,02,08,04
2020010123,03,05,08,06,04
2020010124,03,08,01,10,04
2020010125,05,08,04,03,06
2020010126,04,05,07,02,06
2020010127,10,04,01,03,06
2020010128,02,08,05,07,01
2020010129,06,08,10,09,05
2020010130,01,07,04,10,11
2020010131,11,07,02,04,05
2020010132,10,02,01,04,07
2020010133,09,11,04,01,08
2020010134,06,11,02,01,05
2020010135,11,08,09,07,10
2020010136,02,07,08,01,06
2020010137,11,01,04,08,03
2020010138,08,04,05,03,06
2020010139,09,08,02,04,11
