2019120101,08,05,02,04,03
2019120102,08,09,03,07,05
2019120103,09,07,06,04,11
2019120104,10,07,01,03,11
2019120105,08,02,01,09,03
2019120106,09,07,08,10,01
2019120107,08,05,10,07,01
2019120108,07,11,09,02,10
2019120109,04,09,03,05,02
2019120110,05,10,09,02,11
2019120111,10,08,04,03,06
2019120112,08,09,04,03,06
2019120113,04,08,06,03,05
2019120114,06,08,09,11,03
2019120115,03,08,01,10,04
2019120116,07,01,03,08,10
2019120117,07,02,11,09,08
2019120118,04,06,10,01,09
2019120119,04,09,07,05,06
2019120120,06,09,03,11,04
2019120121,07,08,05,04,02
2019120122,07,03,01,09,08
2019120123,02,11,01,04,09
2019120124,02,11,07,03,06
2019120125,07,08,06,01,03
2019120126,03,02,06,09,11
2019120127,06,07,05,08,02
2019120128,01,02,05,09,10
2019120129,10,05,07,02,01
2019120130,05,04,07,01,02
2019120131,05,09,01,08,07
2019120132,03,01,06,02,05
2019120133,04,06,11,01,08
2019120134,03,08,04,06,11
2019120135,07,09,08,04,05
2019120136,01,02,07,11,05
2019120137,01,09,06,05,10
2019120138,07,01,11,09,05
2019120139,09,10,08,05,04
2019120140,01,02,08,07,05
2019120201,04,06,01,10,11
2019120202,09,07,05,03,01
2019120203,01,02,04,08,10
2019120204,04,11,09,01,05
2019120205,06,05,03,09,02
2019120206,08,11,10,03,05
2019120207,10,07,01,06,09
2019120208,08,06,05,03,09
2019120209,04,09,10,06,02
2019120210,09,10,05,06,03
2019120211,11,08,02,09,03
2019120212,03,04,06,09,05
2019120213,06,10,05,08,03
2019120214,08,04,11,02,05
2019120215,02,03,06,08,01
2019120216,05,07,11,02,09
2019120217,11,05,10,07,09
2019120218,10,09,03,06,04
2019120219,03,09,05,08,11
2019120220,11,05,09,08,06
2019120221,06,05,08,11,01
2019120222,03,05,08,06,07
2019120223,04,11,08,07,06
2019120224,11,04,06,01,03
2019120225,10,03,07,06,01
2019120226,09,04,03,10,07
2019120227,02,05,03,10,06
2019120228,04,08,10,11,02
2019120229,05,01,03,09,10
2019120230,04,06,01,09,03
2019120231,05,09,06,10,11
2019120232,11,05,02,03,09
2019120233,03,04,06,01,02
2019120234,03,01,09,05,11
2019120235,03,01,06,09,11
2019120236,08,04,02,09,06
2019120237,10,08,07,03,05
2019120238,10,05,11,08,02
2019120239,04,05,08,11,07
2019120240,01,07,03,05,09
2019120301,05,01,08,03,07
2019120302,02,07,11,01,05
2019120303,05,07,06,10,03
2019120304,01,03,05,02,10
2019120305,09,10,06,08,04
2019120306,03,08,04,09,07
2019120307,09,05,07,10,02
2019120308,06,09,03,07,10
2019120309,07,06,10,05,03
2019120310,10,11,04,02,09
2019120311,05,09,08,01,03
2019120312,01,10,11,09,05
2019120313,01,10,04,09,08
2019120314,03,04,08,06,09
2019120315,10,08,11,04,01
2019120316,09,01,06,10,03
2019120317,03,07,01,11,05
2019120318,11,04,02,03,01
2019120319,04,11,07,08,10
2019120320,08,06,01,07,05
2019120321,08,06,05,03,04
2019120322,06,07,02,08,11
2019120323,03,01,10,09,07
2019120324,08,09,11,01,04
2019120325,03,06,01,04,05
2019120326,07,03,02,06,09
2019120327,01,09,07,06,10
2019120328,07,09,11,02,03
2019120329,09,02,11,03,07
2019120330,04,11,02,01,05
2019120331,04,07,06,09,02
2019120332,10,03,08,05,07
2019120333,03,09,10,08,01
2019120334,08,03,09,05,07
2019120335,06,08,09,10,11
2019120336,02,10,07,03,04
2019120337,02,01,07,03,09
2019120338,09,10,04,01,05
2019120339,08,06,01,07,10
2019120340,04,01,06,08,07
2019120401,08,05,07,02,06
2019120402,06,09,05,10,04
2019120403,08,11,01,04,06
2019120404,08,05,04,09,07
2019120405,11,02,06,03,01
2019120406,07,10,02,01,06
2019120407,07,11,01,06,10
2019120408,02,07,01,05,08
2019120409,05,03,11,10,01
2019120410,07,03,11,09,05
2019120411,11,02,04,07,03
2019120412,01,11,06,03,07
2019120413,08,01,04,09,05
2019120414,03,02,08,06,04
2019120415,06,03,10,07,02
2019120416,10,08,03,01,09
2019120417,04,06,02,10,01
2019120418,06,09,04,05,08
2019120419,11,06,10,07,01
2019120420,02,10,03,06,04
2019120421,09,03,10,06,07
2019120422,10,05,08,03,01
2019120423,07,05,02,10,09
2019120424,04,11,07,05,06
2019120425,11,09,07,06,10
2019120426,01,08,11,07,02
2019120427,08,05,10,07,03
2019120428,02,04,08,11,07
2019120429,08,11,10,03,06
2019120430,01,03,06,02,11
2019120431,07,05,01,09,02
2019120432,10,08,05,06,07
2019120433,01,09,02,05,03
2019120434,01,05,06,11,03
2019120435,02,04,10,06,08
2019120436,02,05,08,11,09
2019120437,03,05,10,02,06
2019120438,01,02,07,04,09
2019120439,04,02,08,09,05
2019120440,11,02,07,03,01
2019120501,05,07,03,02,10
2019120502,01,05,03,04,10
2019120503,08,06,10,07,11
2019120504,04,07,09,08,01
2019120505,07,09,08,04,11
2019120506,01,07,03,04,11
2019120507,06,02,01,08,07
2019120508,05,01,08,07,11
2019120509,10,03,05,07,09
2019120510,09,10,04,03,11
2019120511,07,10,05,04,08
2019120512,08,09,01,02,05
2019120513,10,01,11,04,06
2019120514,11,10,04,02,08
2019120515,06,05,03,11,04
2019120516,04,09,10,02,11
2019120517,05,02,04,08,01
2019120518,02,11,04,06,07
2019120519,09,07,02,08,05
2019120520,04,08,02,05,10
2019120521,04,07,09,06,01
2019120522,08,09,02,01,11
2019120523,02,07,01,08,05
2019120524,09,06,04,11,08
2019120525,08,05,03,02,01
2019120526,08,02,10,06,05
2019120527,09,08,05,10,11
2019120528,03,11,05,09,02
2019120529,05,01,11,06,08
2019120530,10,02,01,08,04
2019120531,01,04,05,08,06
2019120532,04,01,09,10,05
2019120533,11,06,07,03,09
2019120534,05,04,09,01,08
2019120535,04,10,08,07,09
2019120536,01,11,03,04,08
2019120537,08,11,01,10,09
2019120538,11,10,07,03,04
