2020010101,06,05,02,08,07
2020010102,10,02,06,01,03
2020010103,07,01,05,11,09
2020010104,07,11,03,04,01
2020010105,10,07,06,01,08
2020010106,06,09,04,03,10
2020010107,03,01,02,05,08
2020010108,06,08,11,05,10
2020010109,06,10,05,04,01
2020010110,11,03,07,01,05
2020010111,02,11,04,07,09
2020010112,04,02,03,05,09
2020010113,05,06,11,08,09
2020010114,06,11,05,03,10
2020010115,02,05,09,03,07
2020010116,04,06,11,09,10
2020010117,07,09,02,11,08
2020010118,09,05,04,01,02
2020010119,04,02,05,03,09
2020010120,03,05,06,04,09
2020010121,03,09,06,10,01
2020010122,06,09,07,04,05
2020010123,03,10,09,04,06
2020010124,06,10,03,08,07
2020010125,04,08,07,01,03
2020010126,08,06,01,11,02
2020010127,01,02,07,06,08
2020010128,05,11,04,01,06
2020010129,09,01,06,10,04
2020010130,05,04,08,10,01
2020010131,02,05,09,11,01
2020010132,01,07,04,11,10
2020010133,02,03,10,09,06
2020010134,10,08,02,05,11
2020010135,04,08,09,10,07
2020010136,02,08,01,11,03
2020010137,02,03,10,07,11
2020010138,08,10,07,03,04
2020010139,11,06,10,02,04
2020010201,08,07,05,11,10
2020010202,02,04,05,06,03
2020010203,05,02,10,08,01
2020010204,06,01,09,05,10
2020010205,06,10,09,08,01
2020010206,06,09,04,08,11
2020010207,01,06,08,04,05
2020010208,06,11,04,07,01
2020010209,06,01,02,07,05
2020010210,09,07,08,06,04
2020010211,10,07,06,11,09
2020010212,06,02,10,01,03
2020010213,11,03,08,07,05
2020010214,09,08,06,07,03
2020010215,08,04,02,07,01
2020010216,01,10,06,09,07
2020010217,01,06,03,10,11
2020010218,03,06,11,09,07
2020010219,02,10,01,09,05
2020010220,01,02,10,11,04
2020010221,02,06,11,01,08
2020010222,07,11,05,04,03
2020010223,06,02,11,09,05
2020010224,01,04,08,11,06
2020010225,10,05,04,07,02
2020010226,01,09,04,06,07
2020010227,03,10,01,04,05
2020010228,07,09,01,03,02
2020010229,11,07,04,10,08
2020010230,10,04,01,11,02
2020010231,07,03,08,04,01
2020010232,08,02,11,07,04
2020010233,10,02,09,11,01
2020010234,07,08,10,06,09
2020010235,02,05,08,04,03
2020010236,07,08,05,01,11
2020010237,11,06,07,09,08
2020010238,05,01,10,03,09
2020010239,04,02,09,05,10
