2019100801,07,03,06,01,08
2019100802,09,11,04,02,06
2019100803,09,01,08,06,03
2019100804,11,01,02,05,06
2019100805,04,05,03,09,10
2019100806,08,02,05,10,07
2019100807,04,03,02,11,09
2019100808,06,07,01,04,02
2019100809,07,01,05,03,09
2019100810,03,07,01,04,11
2019100811,09,02,07,10,04
2019100812,11,06,09,07,04
2019100813,05,03,09,11,08
2019100814,05,01,07,03,11
2019100815,04,01,08,03,07
2019100816,03,08,05,01,06
2019100817,10,06,08,07,04
2019100818,03,10,06,02,11
2019100819,03,05,02,06,07
2019100820,04,02,11,01,06
2019100821,10,11,01,03,08
2019100822,06,03,10,04,07
2019100823,09,05,02,11,08
2019100824,03,07,02,06,04
2019100825,10,07,09,11,01
2019100826,05,09,04,01,10
2019100827,10,06,09,01,11
2019100828,07,11,04,05,03
2019100829,05,01,02,04,11
2019100830,04,02,11,05,09
2019100831,09,07,02,06,01
2019100832,11,10,04,02,06
2019100833,06,08,07,10,11
2019100834,06,09,01,10,05
2019100835,07,04,01,02,08
2019100836,06,03,07,10,11
