2020100501,03,07,09,11,05
2020100502,05,08,06,02,11
2020100503,11,02,10,03,06
2020100504,03,11,06,01,09
2020100505,06,05,07,10,01
2020100506,05,10,08,11,09
2020100507,04,03,06,11,08
2020100508,06,05,09,03,10
2020100509,03,05,04,10,09
2020100510,02,06,05,08,01
2020100511,06,03,05,01,07
2020100512,09,06,05,08,02
2020100513,08,05,04,11,01
2020100514,11,07,10,01,06
2020100515,10,03,02,08,04
2020100516,11,07,01,10,09
2020100517,09,04,01,08,05
2020100518,03,09,06,04,01
2020100519,11,02,10,06,09
2020100520,10,01,05,04,09
2020100521,08,07,09,05,06
2020100522,09,03,04,05,02
2020100523,02,06,08,10,05
2020100524,08,01,02,03,05
2020100525,11,09,06,05,10
2020100526,03,10,09,04,02
2020100527,06,09,11,07,01
2020100528,07,10,04,03,11
2020100529,08,09,01,03,02
2020100530,09,08,04,07,03
2020100531,03,11,01,10,04
2020100532,01,06,11,09,08
2020100533,06,05,01,10,07
2020100534,04,06,03,02,07
2020100535,03,09,11,06,07
2020100536,05,04,11,10,09
2020100537,05,01,08,06,03
2020100538,11,09,07,05,06
2020100539,09,11,08,06,10
