2019120101,01,11,04,07,02
2019120102,02,03,07,05,11
2019120103,01,02,10,08,09
2019120104,03,09,04,02,06
2019120105,08,01,10,07,03
2019120106,08,09,07,04,05
2019120107,02,05,11,09,10
2019120108,04,10,11,05,06
2019120109,02,07,01,06,05
2019120110,06,04,07,03,09
2019120111,09,08,02,07,10
2019120112,08,09,07,05,10
2019120113,03,10,06,02,11
2019120114,06,07,04,11,02
2019120115,10,03,05,06,04
2019120116,11,05,09,04,10
2019120117,11,08,07,02,06
2019120118,08,03,07,09,06
2019120119,04,01,05,08,07
2019120120,09,08,03,06,05
2019120121,08,04,01,02,07
2019120122,01,05,06,07,04
2019120123,07,08,10,09,03
2019120124,01,11,06,02,04
2019120125,02,08,03,06,01
2019120126,06,08,10,07,03
2019120127,06,04,08,02,03
2019120128,07,04,03,06,05
2019120129,11,09,05,02,10
2019120130,05,11,09,01,06
2019120131,01,08,09,04,03
2019120132,10,11,05,02,09
2019120133,08,09,02,04,10
2019120134,04,05,07,10,06
2019120135,01,08,06,07,03
2019120136,06,11,01,02,08
2019120137,09,06,02,10,11
2019120138,07,06,09,10,01
2019120139,03,06,05,04,11
2019120201,04,06,02,10,11
2019120202,11,01,03,05,08
2019120203,06,04,05,03,07
2019120204,02,09,05,07,08
2019120205,09,02,11,10,07
2019120206,05,07,08,11,03
2019120207,04,02,11,01,08
2019120208,03,10,09,07,02
2019120209,05,03,06,09,01
2019120210,09,05,11,06,01
2019120211,05,08,11,09,03
2019120212,11,09,06,01,10
2019120213,07,04,09,05,06
2019120214,01,04,08,11,09
2019120215,10,01,05,08,11
2019120216,11,04,02,09,03
2019120217,05,11,03,07,10
2019120218,09,03,04,05,10
2019120219,03,01,08,07,10
2019120220,04,08,05,07,09
2019120221,01,03,11,02,06
2019120222,04,10,09,07,01
2019120223,01,04,05,03,08
2019120224,07,11,06,01,02
2019120225,05,02,11,06,09
2019120226,09,07,10,04,05
2019120227,05,11,02,01,09
2019120228,02,07,03,09,10
2019120229,02,07,06,04,10
2019120230,06,05,11,02,09
2019120231,05,07,10,08,01
2019120232,02,10,01,07,09
2019120233,05,10,02,11,04
2019120234,07,05,06,01,02
2019120235,02,10,05,03,04
2019120236,08,03,02,09,07
2019120237,02,08,04,05,11
2019120238,07,11,06,01,04
