2020090101,10,09,01,02,06
2020090102,04,03,09,01,10
2020090103,06,11,10,09,07
2020090104,08,06,07,11,05
2020090105,04,07,10,01,05
2020090106,09,02,07,05,08
2020090107,11,08,02,01,03
2020090108,04,08,10,02,05
2020090109,01,08,11,10,02
2020090110,08,06,09,10,02
2020090111,02,10,07,04,09
2020090112,11,10,06,01,03
2020090113,06,11,05,07,10
2020090114,05,11,10,02,04
2020090115,04,02,05,07,01
2020090116,06,01,09,07,05
2020090117,04,02,03,11,10
2020090118,03,05,01,06,04
2020090119,02,03,11,09,10
2020090120,07,02,10,08,11
2020090121,08,02,05,10,01
2020090122,07,06,10,05,11
2020090123,05,09,04,10,11
2020090124,08,05,10,09,01
2020090125,07,11,01,04,06
2020090126,04,09,01,08,02
2020090127,07,01,02,05,09
2020090128,04,02,07,05,09
2020090129,03,02,04,10,01
2020090130,08,07,04,02,06
2020090131,02,05,04,06,10
2020090132,08,01,03,10,07
2020090133,07,10,09,01,02
2020090134,03,02,11,09,08
2020090135,04,08,03,05,11
2020090136,01,05,07,06,10
2020090137,01,08,05,07,03
2020090138,01,04,02,06,10
2020090139,11,07,10,06,02
2020090140,07,09,01,11,03
2020090141,06,10,09,03,02
