2019090101,09,05,04,10,11
2019090102,10,05,06,07,09
2019090103,11,06,02,01,05
2019090104,11,01,03,09,07
2019090105,01,09,03,02,08
2019090106,01,09,03,10,06
2019090107,04,02,05,03,08
2019090108,06,10,11,03,08
2019090109,02,05,10,09,08
2019090110,08,10,05,02,07
2019090111,10,11,03,02,05
2019090112,05,04,07,11,09
2019090113,10,02,03,05,01
2019090114,04,11,08,05,06
2019090115,06,08,10,05,09
2019090116,03,02,11,06,10
2019090117,02,10,05,07,03
2019090118,08,10,01,03,05
2019090119,01,06,07,05,03
2019090120,04,06,02,07,03
2019090121,10,03,05,08,04
2019090122,10,09,07,01,03
2019090123,06,01,08,05,09
2019090124,05,11,01,02,06
2019090125,04,08,07,03,02
2019090126,11,07,02,03,09
2019090127,05,11,10,02,07
2019090128,01,05,04,10,02
2019090129,08,09,10,11,02
2019090130,02,09,08,05,06
2019090131,11,01,05,06,10
2019090132,05,02,07,04,10
2019090133,01,05,02,10,08
2019090134,09,04,10,11,03
2019090135,08,07,10,03,09
2019090136,01,08,03,10,04
