2020070133,09,03,01,08,11
2020070134,09,02,07,11,06
2020070135,03,09,04,08,06
2020070136,04,01,05,03,08
2020070137,08,10,02,03,05
2020070138,01,08,11,10,05
2020070139,04,09,05,03,10
2020070140,05,10,07,01,03
2020070141,09,05,11,01,06
2020070201,03,05,09,02,07
2020070202,09,06,08,04,03
2020070203,04,07,06,03,05
2020070204,10,02,03,11,04
2020070205,06,07,08,02,09
2020070206,07,04,09,06,01
2020070207,10,01,05,03,04
2020070208,07,04,09,02,01
2020070209,08,01,03,02,07
2020070210,04,10,02,08,06
2020070211,03,01,07,11,02
2020070212,10,04,08,03,11
2020070213,08,09,02,07,04
2020070214,06,05,11,04,10
2020070215,02,09,01,08,03
2020070216,06,02,01,05,11
2020070217,01,04,07,03,09
2020070218,07,01,06,11,02
2020070219,08,09,10,07,02
2020070220,10,08,09,02,03
2020070221,06,10,04,09,03
2020070222,09,02,06,07,10
2020070223,01,05,02,11,10
2020070224,03,05,08,11,06
2020070225,01,04,03,05,09
2020070226,01,11,03,04,08
2020070227,06,05,01,02,08
2020070228,06,01,02,09,10
2020070229,07,10,09,02,08
2020070230,04,05,07,03,10
2020070231,02,04,08,03,06
2020070232,07,03,05,08,01
2020070233,06,04,01,02,10
2020070234,06,10,11,07,01
2020070235,09,07,06,08,05
2020070236,08,02,05,11,07
2020070237,03,10,01,08,02
2020070238,04,03,06,10,02
2020070239,04,02,10,06,01
2020070240,10,08,04,02,09
2020070241,10,06,11,02,03
