2020040101,03,07,01,04,09
2020040102,04,10,07,03,01
2020040103,09,03,01,10,06
2020040104,06,09,01,11,05
2020040105,01,03,08,04,02
2020040106,09,11,02,08,07
2020040107,01,10,04,03,05
2020040108,06,10,01,03,09
2020040109,05,04,03,02,10
2020040110,11,02,06,10,08
2020040111,06,04,11,01,10
2020040112,11,02,10,05,03
2020040113,03,10,08,05,06
2020040114,03,01,10,11,07
2020040115,08,09,06,01,05
2020040116,10,07,06,11,02
2020040117,01,11,02,08,06
2020040118,10,03,06,04,05
2020040119,04,01,11,09,06
2020040120,06,11,07,05,04
2020040121,04,07,09,03,08
2020040122,01,02,05,09,06
2020040123,08,10,05,09,01
2020040124,05,06,11,03,07
2020040125,06,03,04,10,07
2020040126,03,07,10,01,05
2020040127,08,11,03,10,07
2020040128,04,03,08,09,11
2020040129,05,10,08,01,09
2020040130,02,01,08,09,04
2020040131,02,09,01,04,08
2020040132,09,04,01,08,02
2020040133,11,01,10,06,07
2020040134,01,07,02,05,08
2020040135,11,02,01,04,09
2020040136,07,08,01,04,10
2020040137,10,06,04,02,05
2020040138,04,10,09,03,02
2020040139,02,09,06,07,04
2020040140,10,02,08,06,11
2020040141,08,03,04,05,02
