2019081728,05,06,01,03,11
2019081729,09,01,04,07,08
2019081730,03,11,02,06,05
2019081731,11,08,03,05,10
2019081732,10,01,06,05,07
2019081733,03,04,06,02,11
2019081734,05,02,07,04,08
2019081735,08,09,10,11,03
2019081736,04,07,11,10,05
2019081737,09,01,10,07,05
2019081738,11,06,02,08,05
2019081739,09,02,06,01,05
2019081740,08,01,03,10,11
2019081741,02,11,04,01,10
2019081801,04,02,08,10,11
2019081802,03,04,11,01,02
2019081803,09,01,03,11,05
2019081804,03,09,01,08,05
2019081805,05,01,03,08,10
2019081806,05,01,07,08,06
2019081807,08,09,05,10,04
2019081808,02,04,07,03,05
2019081809,05,03,01,04,10
2019081810,10,06,08,11,04
2019081811,07,10,09,11,02
2019081812,05,07,10,03,11
2019081813,04,10,07,11,01
2019081814,06,04,11,10,03
2019081815,06,02,04,09,10
2019081816,07,09,05,01,11
2019081817,07,01,04,10,08
2019081818,11,10,04,08,09
2019081819,03,07,04,09,01
2019081820,03,05,07,11,06
2019081821,11,09,05,06,07
2019081822,05,03,04,07,11
2019081823,02,03,11,01,05
2019081824,01,08,02,10,07
2019081825,01,10,04,09,11
2019081826,06,04,03,01,10
2019081827,07,02,04,11,03
2019081828,02,05,09,01,11
2019081829,08,11,03,06,05
2019081830,11,02,05,07,09
2019081831,10,07,04,05,11
2019081832,01,05,10,08,04
2019081833,11,02,01,03,10
2019081834,01,08,02,03,07
2019081835,05,08,02,04,09
2019081836,11,10,03,07,09
2019081837,06,03,07,09,01
2019081838,08,06,02,03,04
2019081839,11,07,04,02,10
2019081840,05,09,10,11,01
2019081841,02,11,10,05,07
2019081901,11,10,09,07,04
2019081902,11,09,05,02,01
2019081903,11,10,08,03,01
2019081904,06,07,01,10,11
2019081905,06,04,02,03,11
2019081906,08,10,11,05,03
2019081907,10,01,04,09,11
2019081908,06,03,10,02,07
2019081909,05,07,02,03,10
2019081910,02,07,03,04,01
2019081911,03,07,08,06,01
2019081912,05,08,02,10,06
2019081913,01,08,06,02,07
2019081914,10,04,07,08,01
2019081915,02,10,05,06,07
2019081916,01,05,06,03,09
2019081917,07,06,01,04,03
2019081918,04,08,03,09,01
2019081919,09,05,07,08,11
2019081920,06,07,08,05,10
2019081921,10,01,03,08,05
2019081922,11,05,01,02,10
2019081923,01,11,08,07,06
2019081924,07,03,01,02,06
2019081925,09,10,08,07,04
2019081926,03,08,05,10,02
2019081927,09,02,11,10,06
2019081928,01,03,04,08,11
2019081929,07,10,05,09,11
2019081930,01,06,11,07,03
2019081931,11,02,08,01,09
2019081932,05,03,11,08,10
2019081933,02,07,10,09,05
2019081934,06,11,05,07,10
2019081935,09,04,05,02,10
2019081936,10,03,02,06,09
2019081937,01,08,09,06,02
2019081938,07,09,10,05,03
2019081939,09,10,03,06,04
2019081940,10,11,02,04,06
2019081941,10,11,01,02,04
2019082001,05,07,04,10,08
2019082002,05,01,10,03,06
2019082003,08,07,10,06,05
2019082004,07,11,01,10,05
2019082005,06,08,11,07,01
2019082006,05,06,04,01,07
2019082007,04,08,11,05,09
2019082008,05,08,09,10,06
2019082009,09,11,06,03,02
2019082010,05,06,08,01,09
2019082011,06,10,09,11,07
2019082012,10,06,02,07,04
2019082013,02,10,03,06,08
2019082014,08,09,10,06,07
2019082015,05,04,06,01,11
2019082016,11,07,03,01,04
2019082017,09,05,04,10,02
2019082018,08,10,01,04,11
2019082019,09,01,03,05,08
2019082020,10,06,04,11,03
2019082021,08,11,01,04,06
2019082022,06,02,05,04,11
2019082023,07,09,08,11,04
2019082024,04,06,09,05,08
2019082025,11,09,01,02,03
2019082026,10,07,05,04,01
2019082027,09,07,06,01,05
2019082028,09,02,07,01,03
2019082029,09,11,01,08,07
2019082030,09,10,02,11,08
2019082031,09,02,06,07,05
2019082032,11,03,05,10,08
2019082033,03,05,08,09,11
2019082034,01,02,05,10,03
2019082035,03,10,08,11,04
2019082036,01,09,08,11,03
2019082037,01,10,02,06,05
2019082038,11,05,01,02,10
2019082039,08,03,02,09,10
2019082040,10,09,01,11,03
2019082041,03,05,01,08,09
2019082101,05,01,10,04,09
2019082102,02,09,08,10,06
2019082103,04,02,11,03,05
2019082104,08,01,03,04,07
2019082105,01,11,10,05,02
2019082106,04,06,01,10,09
2019082107,08,04,05,10,02
2019082108,09,10,06,03,01
2019082109,08,11,07,09,04
2019082110,05,02,03,11,01
2019082111,11,10,05,02,06
2019082112,08,01,09,11,06
2019082113,01,08,05,11,03
2019082114,05,01,09,11,10
2019082115,07,02,11,03,10
2019082116,09,02,06,03,07
2019082117,02,07,09,10,01
2019082118,03,04,09,11,02
2019082119,05,08,03,02,04
2019082120,11,05,07,02,01
2019082121,09,03,05,10,07
2019082122,11,03,07,04,01
2019082123,04,10,01,02,08
2019082124,06,11,08,09,02
2019082125,04,03,07,02,11
2019082126,06,01,02,07,05
2019082127,06,05,03,01,02
2019082128,01,08,10,06,05
2019082129,06,05,11,02,10
2019082130,06,11,05,02,01
2019082131,11,03,02,01,05
2019082132,03,01,07,10,02
2019082133,02,06,10,01,11
2019082134,05,01,04,06,08
2019082135,09,08,06,03,02
2019082136,10,04,11,07,08
2019082137,07,11,10,04,01
2019082138,05,11,07,08,04
2019082139,02,04,01,03,10
2019082140,09,04,05,02,10
2019082141,01,04,10,11,06
2019082201,05,07,06,04,10
2019082202,03,06,02,10,05
2019082203,06,01,04,11,07
2019082204,04,08,03,11,10
2019082205,04,06,08,02,05
2019082206,09,03,07,10,06
2019082207,07,10,06,03,02
2019082208,10,11,07,04,02
2019082209,07,01,10,04,05
2019082210,08,04,01,11,05
2019082211,10,01,02,06,07
2019082212,01,08,10,06,03
2019082213,08,05,03,01,02
2019082214,08,06,11,07,04
2019082215,01,07,09,03,02
2019082216,09,02,10,08,01
2019082217,11,08,05,02,10
2019082218,01,06,05,08,03
2019082219,05,02,09,08,07
2019082220,06,04,11,03,01
2019082221,03,05,02,06,09
2019082222,02,04,09,11,10
2019082223,06,07,11,01,05
2019082224,10,06,05,03,08
2019082225,05,11,08,09,03
2019082226,09,05,04,10,01
2019082227,03,07,08,01,05
2019082228,06,03,04,08,05
2019082229,08,07,06,10,03
2019082230,02,11,10,06,05
2019082231,02,04,05,07,09
2019082232,10,04,05,01,03
2019082233,05,07,09,01,04
2019082234,02,03,08,09,06
2019082235,02,10,03,08,01
2019082236,09,07,01,04,03
2019082237,01,09,06,07,02
2019082238,11,07,01,03,06
2019082239,06,11,10,02,07
2019082240,09,10,02,04,05
2019082241,11,01,04,07,06
2019082301,10,08,05,02,01
2019082302,05,01,02,09,04
2019082303,03,02,06,09,10
2019082304,08,06,02,05,09
2019082305,11,07,02,03,06
2019082306,08,04,10,01,03
2019082307,10,08,03,06,04
2019082308,06,07,01,02,10
2019082309,02,11,09,05,10
2019082310,02,06,04,05,08
2019082311,08,06,07,04,05
2019082312,02,04,08,07,05
2019082313,03,01,07,02,08
2019082314,02,04,05,06,01
2019082315,03,08,07,02,05
2019082316,04,11,10,02,05
2019082317,09,02,05,08,10
2019082318,07,01,03,02,10
2019082319,04,03,05,06,11
2019082320,01,10,08,07,09
2019082321,05,03,10,06,01
2019082322,04,10,07,02,06
2019082323,09,01,10,02,08
2019082324,09,10,04,02,08
2019082325,02,06,03,05,11
2019082326,05,01,08,11,07
2019082327,09,10,02,11,07
2019082328,07,06,03,04,02
2019082329,04,11,05,10,09
2019082330,01,02,10,03,08
2019082331,07,06,03,04,10
2019082332,01,09,10,05,04
2019082333,10,08,01,09,04
2019082334,11,09,02,04,07
2019082335,11,09,04,01,08
2019082336,10,09,04,01,02
2019082337,09,11,08,03,04
2019082338,11,10,02,09,07
2019082339,02,07,06,03,05
2019082340,10,11,03,08,07
2019082341,10,03,06,01,08
2019082401,07,01,11,02,09
2019082402,06,03,08,02,10
2019082403,07,02,04,03,05
2019082404,03,06,07,01,11
2019082405,07,05,10,06,02
2019082406,02,03,09,04,05
2019082407,02,05,01,07,08
2019082408,10,08,02,05,01
2019082409,09,02,01,07,11
2019082410,01,08,06,09,02
2019082411,09,11,03,10,07
2019082412,05,09,11,02,01
2019082413,09,03,08,05,11
2019082414,02,05,08,04,09
2019082415,01,10,04,06,05
2019082416,09,05,04,01,03
2019082417,06,02,05,08,10
2019082418,05,10,08,09,07
2019082419,01,07,02,05,10
2019082420,01,06,05,10,09
2019082421,06,02,09,03,07
2019082422,06,04,09,08,03
2019082423,05,01,03,04,08
2019082424,08,06,09,01,05
2019082425,06,09,07,08,01
2019082426,03,02,11,04,08
2019082427,04,09,08,11,07
2019082428,03,05,11,06,10
2019082429,06,03,01,10,07
2019082430,09,07,04,02,05
2019082431,05,07,03,11,06
2019082432,05,02,01,11,06
2019082433,04,11,06,03,01
2019082434,05,03,06,07,10
2019082435,05,09,03,01,04
2019082436,11,10,08,07,06
2019082437,05,02,09,06,01
2019082438,08,04,09,01,06
2019082439,07,01,02,04,11
2019082440,10,04,11,06,08
2019082441,01,05,04,11,06
2019082501,11,04,03,09,05
2019082502,03,09,10,04,05
2019082503,07,05,01,06,03
2019082504,08,01,07,06,10
2019082505,09,11,06,08,10
2019082506,10,08,04,09,01
2019082507,01,09,07,04,10
2019082508,08,04,06,05,02
2019082509,11,03,07,01,04
2019082510,01,06,05,02,03
2019082511,04,09,06,02,03
2019082512,09,05,01,06,02
2019082513,07,04,06,03,10
2019082514,11,10,06,05,07
2019082515,02,07,09,03,01
2019082516,04,03,02,11,09
2019082517,11,07,05,03,10
2019082518,06,07,05,10,09
2019082519,07,10,02,05,09
2019082520,05,11,08,02,09
2019082521,04,10,11,05,02
2019082522,09,01,08,10,07
2019082523,01,05,09,08,10
2019082524,08,06,03,05,02
2019082525,11,01,04,08,03
2019082526,02,04,06,03,08
2019082527,03,10,08,01,06
2019082528,04,08,07,10,01
2019082529,01,08,10,11,07
2019082530,07,01,03,09,02
2019082531,07,11,10,05,08
2019082532,10,04,05,02,11
2019082533,08,01,05,09,03
2019082534,08,11,06,09,02
2019082535,04,06,08,02,09
2019082536,01,06,05,10,07
2019082537,03,09,05,06,10
2019082538,04,03,02,11,05
2019082539,01,02,07,04,10
2019082540,04,11,08,09,06
2019082541,10,09,05,11,08
2019082601,04,09,07,10,06
2019082602,02,04,11,08,10
2019082603,10,03,09,05,01
2019082604,07,09,10,04,08
2019082605,02,05,04,08,09
2019082606,07,01,08,03,11
2019082607,04,01,08,06,02
2019082608,04,09,10,06,11
2019082609,05,03,10,07,09
2019082610,08,09,06,02,10
2019082611,08,10,02,01,11
2019082612,11,04,06,07,09
2019082613,07,05,01,11,09
2019082614,03,09,05,06,02
2019082615,10,05,02,08,04
2019082616,07,01,06,10,11
2019082617,07,06,03,01,09
2019082618,02,09,06,04,03
2019082619,04,01,10,07,02
2019082620,07,08,05,04,03
2019082621,06,04,07,01,08
2019082622,11,09,01,03,04
2019082623,03,11,07,01,10
2019082624,04,03,06,11,08
2019082625,05,10,08,04,03
2019082626,11,04,03,08,01
2019082627,03,04,10,06,09
2019082628,01,11,02,06,04
2019082629,10,05,07,09,11
2019082630,10,05,11,02,06
2019082631,08,11,09,02,03
2019082632,02,06,09,11,01
2019082633,09,04,11,07,02
2019082634,04,01,02,05,07
2019082635,06,03,01,07,04
2019082636,09,06,02,11,10
2019082637,02,08,11,04,09
2019082638,07,04,01,08,11
2019082639,01,04,10,09,11
2019082640,06,11,10,01,03
2019082641,06,02,04,03,09
2019082701,09,11,05,10,07
2019082702,10,07,01,02,09
2019082703,01,03,07,09,05
2019082704,10,03,06,07,11
2019082705,08,11,10,05,06
2019082706,09,03,06,07,05
2019082707,05,07,08,02,09
2019082708,10,09,11,04,02
2019082709,11,04,10,03,08
2019082710,07,08,02,11,05
2019082711,07,06,02,08,01
2019082712,02,07,01,05,09
2019082713,06,08,10,01,02
2019082714,11,07,03,04,09
2019082715,02,09,10,04,06
2019082716,08,07,11,10,05
2019082717,10,06,05,08,02
2019082718,02,03,11,04,06
2019082719,03,06,01,11,05
2019082720,06,03,02,09,01
2019082721,03,08,06,07,04
2019082722,06,11,05,09,07
2019082723,11,03,06,09,08
2019082724,08,04,09,11,02
2019082725,09,03,11,01,10
2019082726,03,06,02,05,09
2019082727,11,05,06,10,01
2019082728,10,03,07,04,02
2019082729,11,01,06,08,09
2019082730,10,03,04,08,01
2019082731,01,09,10,06,05
2019082732,10,09,08,11,03
2019082733,06,07,11,05,02
2019082734,01,10,08,06,04
2019082735,03,11,09,01,10
2019082736,04,08,01,07,03
2019082737,08,06,10,04,11
2019082738,09,07,08,06,04
2019082739,08,11,04,01,03
2019082740,08,03,05,02,07
2019082741,07,01,05,03,11
2019082801,10,09,04,03,08
2019082802,05,09,04,07,10
2019082803,08,11,05,03,01
2019082804,09,10,06,11,01
2019082805,06,02,05,10,07
2019082806,08,02,01,10,11
2019082807,08,03,10,05,02
2019082808,01,05,08,09,04
2019082809,06,04,09,01,03
2019082810,08,06,07,04,03
2019082811,03,02,05,06,11
2019082812,03,10,07,09,04
2019082813,07,02,03,04,11
2019082814,10,04,08,05,11
2019082815,10,06,07,11,01
2019082816,07,09,08,10,05
2019082817,08,07,06,11,04
2019082818,02,08,07,09,05
2019082819,09,10,08,01,04
2019082820,11,02,05,08,03
2019082821,04,10,01,06,11
2019082822,01,06,05,10,02
2019082823,07,02,11,04,10
2019082824,01,03,02,09,06
2019082825,07,01,03,09,02
2019082826,01,06,05,04,03
2019082827,11,03,04,07,08
2019082828,11,08,10,07,02
2019082829,01,09,02,06,05
2019082830,01,04,06,10,02
2019082831,07,03,06,09,02
2019082832,11,02,03,05,07
2019082833,04,08,03,07,10
2019082834,07,09,06,03,10
2019082835,01,06,02,09,05
2019082836,01,10,08,02,07
2019082837,06,09,02,07,08
2019082838,03,02,10,11,07
2019082839,02,11,04,09,08
2019082840,04,01,11,08,07
2019082841,11,06,09,05,04
2019082901,04,05,02,03,07
2019082902,01,10,07,05,02
2019082903,10,08,02,04,06
2019082904,11,01,03,08,05
2019082905,11,02,03,09,05
2019082906,10,05,08,02,06
2019082907,05,11,09,06,03
2019082908,10,06,05,04,09
2019082909,07,06,03,10,04
2019082910,01,04,08,09,05
2019082911,06,11,05,09,08
2019082912,10,06,04,08,05
2019082913,10,02,11,09,01
2019082914,01,06,05,11,10
2019082915,04,11,09,02,10
2019082916,10,04,08,01,05
2019082917,06,02,03,10,11
2019082918,09,06,08,05,07
2019082919,01,08,10,07,11
2019082920,09,01,05,07,10
2019082921,03,04,07,02,06
2019082922,04,05,07,08,03
2019082923,03,05,02,04,09
2019082924,05,07,08,01,06
2019082925,11,10,04,03,08
2019082926,08,10,02,01,11
2019082927,07,01,10,06,04
2019082928,11,01,04,09,07
2019082929,01,09,03,05,07
2019082930,03,04,05,11,10
2019082931,03,02,05,10,09
2019082932,01,08,02,10,04
2019082933,07,04,05,06,08
2019082934,10,03,09,06,02
2019082935,06,03,01,02,05
2019082936,06,10,09,07,05
2019082937,05,03,04,06,02
2019082938,01,05,06,04,02
2019082939,07,04,03,06,11
2019082940,03,08,04,11,02
2019082941,03,08,09,06,02
2019083001,05,07,09,03,11
2019083002,06,09,02,07,04
2019083003,08,11,06,10,01
2019083004,02,11,09,10,01
2019083005,09,03,11,10,02
2019083006,02,01,06,04,09
2019083007,01,06,09,03,07
2019083008,01,03,09,04,05
2019083009,10,02,07,06,05
2019083010,11,05,07,03,06
2019083011,06,07,10,09,11
2019083012,09,04,08,02,11
2019083013,06,05,10,03,08
2019083014,11,03,04,05,01
2019083015,02,04,05,09,06
2019083016,10,01,08,06,02
2019083017,04,10,03,06,02
2019083018,09,05,06,11,07
2019083019,10,07,04,01,09
2019083020,02,05,07,10,06
2019083021,10,06,05,02,03
2019083022,10,03,02,05,01
2019083023,01,05,04,08,10
2019083024,07,05,11,02,10
2019083025,06,05,11,02,01
2019083026,01,11,08,07,02
2019083027,05,09,07,03,04
2019083028,01,03,05,07,11
2019083029,09,02,11,08,05
2019083030,10,02,07,01,05
2019083031,07,09,02,05,04
2019083032,10,03,05,04,09
2019083033,05,10,07,06,08
2019083034,03,11,08,05,09
2019083035,08,01,04,02,07
2019083036,08,01,11,05,09
