2020080101,05,07,11,08,06
2020080102,11,07,08,04,03
2020080103,06,05,10,11,03
2020080104,10,01,04,11,05
2020080105,02,08,06,10,05
2020080106,09,04,03,06,07
2020080107,07,01,10,03,04
2020080108,08,07,04,05,01
2020080109,04,11,06,09,05
2020080110,02,06,10,07,01
2020080111,02,11,07,01,04
2020080112,08,01,05,11,06
2020080113,09,05,03,07,10
2020080114,05,10,03,04,09
2020080115,01,11,06,02,05
2020080116,04,05,01,02,03
2020080117,06,10,08,04,05
2020080118,06,04,10,09,05
2020080119,04,11,02,06,07
2020080120,11,08,09,06,05
2020080121,08,11,05,04,10
2020080122,02,03,05,08,09
2020080123,06,10,08,01,09
2020080124,06,08,09,10,04
2020080125,02,04,05,01,07
2020080126,06,08,04,05,01
2020080127,05,09,04,11,03
2020080128,02,05,10,06,08
2020080129,02,11,10,04,07
2020080130,08,03,06,02,11
2020080131,05,08,11,01,06
2020080132,09,08,10,11,02
2020080133,10,02,01,04,07
2020080134,03,01,02,07,11
2020080135,11,09,05,10,08
2020080136,10,04,06,01,08
2020080137,04,08,06,03,07
2020080138,09,08,04,11,01
2020080139,09,06,05,01,02
2020080140,08,07,02,09,03
2020080141,11,02,06,08,10
