2020050101,11,10,09,03,06
2020050102,08,01,10,07,09
2020050103,05,07,11,10,04
2020050104,04,07,11,10,05
2020050105,08,07,09,10,01
2020050106,02,09,11,08,10
2020050107,08,06,05,04,11
2020050108,04,05,10,08,07
2020050109,07,11,08,05,03
2020050110,10,09,02,07,04
2020050111,11,06,05,07,09
2020050112,11,02,08,10,06
2020050113,11,03,10,06,09
2020050114,05,08,03,09,02
2020050115,05,08,06,02,03
2020050116,04,10,03,11,01
2020050117,11,10,06,04,09
2020050118,03,09,06,02,05
2020050119,05,09,04,11,10
2020050120,08,07,05,03,02
2020050121,06,10,07,09,11
2020050122,05,10,09,11,02
2020050123,08,09,01,05,10
2020050124,01,05,11,07,10
2020050125,05,06,08,11,01
2020050126,04,10,09,05,01
2020050127,10,04,07,08,01
2020050128,06,07,02,05,08
2020050129,08,01,11,03,06
2020050130,07,01,05,08,11
2020050131,06,09,07,01,10
2020050132,06,02,08,03,10
2020050133,07,03,02,08,01
2020050134,01,10,06,05,07
2020050135,06,07,05,08,02
2020050136,06,10,04,09,11
2020050137,01,05,11,04,02
2020050138,05,07,06,11,08
2020050139,07,06,01,11,05
2020050140,10,02,05,04,01
2020050141,08,10,05,09,03
