2020060101,03,11,02,05,10
2020060102,07,02,09,01,11
2020060103,05,09,03,11,06
2020060104,09,06,08,07,03
2020060105,09,03,04,02,08
2020060106,06,01,02,05,07
2020060107,09,04,07,02,06
2020060108,02,07,05,08,04
2020060109,11,02,03,01,09
2020060110,02,07,11,01,08
2020060111,03,07,04,02,11
2020060112,08,07,10,04,01
2020060113,08,01,11,09,02
2020060114,08,06,09,03,05
2020060115,02,01,11,06,08
2020060116,03,06,09,11,05
2020060117,02,04,03,05,09
2020060118,04,10,01,09,06
2020060119,10,08,09,02,07
2020060120,11,07,05,09,01
2020060121,03,06,04,08,07
2020060122,06,01,04,08,03
2020060123,02,05,03,11,01
2020060124,02,09,07,04,11
2020060125,07,04,03,11,01
2020060126,03,01,10,09,06
2020060127,04,09,03,08,10
2020060128,11,09,08,03,05
2020060129,02,10,04,09,07
2020060130,01,03,05,07,06
2020060131,01,02,10,03,05
2020060132,09,10,01,05,03
2020060133,01,11,02,08,09
2020060134,08,02,10,05,03
2020060135,01,02,11,09,10
2020060136,09,02,08,04,01
2020060137,11,08,05,02,03
2020060138,07,11,01,06,05
2020060139,02,09,01,11,08
2020060140,02,09,07,10,03
2020060141,03,02,01,07,09
