2019081726,09,02,11,04,10
2019081727,07,03,01,08,05
2019081728,08,10,06,09,01
2019081729,04,09,07,06,10
2019081730,09,01,08,11,04
2019081731,05,11,04,08,06
2019081732,06,04,10,07,11
2019081733,07,10,09,04,08
2019081734,02,11,07,08,06
2019081735,05,10,09,02,08
2019081736,03,04,10,07,11
2019081737,06,07,08,03,05
2019081738,11,04,02,06,08
2019081739,06,01,03,02,07
2019081740,07,08,09,02,04
2019081741,03,09,01,05,08
2019081742,01,05,08,04,03
2019081801,07,05,04,08,06
2019081802,02,04,06,05,10
2019081803,08,01,05,10,07
2019081804,09,05,08,06,10
2019081805,10,11,09,03,06
2019081806,04,08,03,10,09
2019081807,08,09,05,04,06
2019081808,02,10,09,05,01
2019081809,10,05,01,03,07
2019081810,09,07,08,06,11
2019081811,11,03,06,02,08
2019081812,07,08,04,02,11
2019081813,02,05,07,04,10
2019081814,06,02,11,03,10
2019081815,06,01,09,03,11
2019081816,06,03,01,08,09
2019081817,11,07,06,05,10
2019081818,02,01,03,08,07
2019081819,04,07,02,06,08
2019081820,05,04,11,02,06
2019081821,07,11,08,09,01
2019081822,08,06,11,03,01
2019081823,06,04,05,01,09
2019081824,05,02,06,09,03
2019081825,01,05,07,02,04
2019081826,07,11,05,04,09
2019081827,04,01,11,08,07
2019081828,04,05,01,10,03
2019081829,10,08,04,06,03
2019081830,10,09,03,04,01
2019081831,03,09,11,05,04
2019081832,11,03,06,08,09
2019081833,01,03,10,06,02
2019081834,07,01,09,05,11
2019081835,02,07,03,10,05
2019081836,07,05,01,04,06
2019081837,09,01,08,03,07
2019081838,03,09,11,01,02
2019081839,08,03,09,11,10
2019081840,11,10,07,01,05
2019081841,10,04,06,11,09
2019081842,10,11,05,02,06
2019081901,08,11,01,07,06
2019081902,04,02,11,05,06
2019081903,11,03,06,08,04
2019081904,04,07,05,03,08
2019081905,07,11,04,05,10
2019081906,03,02,08,07,01
2019081907,04,11,06,01,05
2019081908,04,09,03,11,08
2019081909,08,06,09,03,02
2019081910,07,06,09,11,10
2019081911,04,06,11,09,05
2019081912,01,06,05,09,08
2019081913,10,04,07,01,08
2019081914,05,11,10,04,02
2019081915,09,05,10,02,01
2019081916,03,07,05,08,04
2019081917,07,03,01,11,09
2019081918,01,11,09,08,02
2019081919,03,07,06,11,05
2019081920,09,10,03,11,04
2019081921,06,07,04,01,09
2019081922,10,08,01,03,06
2019081923,04,02,11,08,01
2019081924,01,02,05,07,06
2019081925,08,05,03,02,11
2019081926,10,09,02,01,11
2019081927,08,06,10,07,05
2019081928,09,11,01,08,05
2019081929,09,07,04,08,10
2019081930,05,03,11,07,06
2019081931,06,08,01,03,11
2019081932,04,01,09,08,11
2019081933,07,08,09,11,05
2019081934,08,09,03,07,02
2019081935,06,07,04,08,11
2019081936,11,02,10,01,03
2019081937,02,07,03,08,05
2019081938,06,05,11,02,09
2019081939,04,01,11,09,05
2019081940,03,06,07,09,02
2019081941,05,02,06,11,10
2019081942,06,08,03,11,07
2019082001,01,10,05,08,11
2019082002,10,01,09,05,08
2019082003,05,04,10,01,11
2019082004,07,06,08,02,04
2019082005,03,11,08,04,02
2019082006,11,10,09,04,07
2019082007,10,06,05,11,03
2019082008,09,10,03,01,08
2019082009,09,03,06,10,08
2019082010,03,07,04,05,08
2019082011,04,11,02,03,05
2019082012,05,08,02,09,06
2019082013,07,04,09,11,10
2019082014,11,09,05,03,01
2019082015,10,09,05,03,01
2019082016,05,01,06,10,09
2019082017,10,06,02,11,07
2019082018,11,10,04,05,08
2019082019,03,07,08,01,04
2019082020,11,04,07,10,06
2019082021,07,02,03,06,11
2019082022,06,03,11,09,04
2019082023,02,10,08,05,04
2019082024,02,04,01,07,11
2019082025,05,08,02,06,03
2019082026,01,08,05,10,03
2019082027,04,02,10,01,11
2019082028,03,02,04,09,08
2019082029,06,04,10,05,03
2019082030,11,04,05,02,06
2019082031,08,01,05,11,04
2019082032,10,07,01,05,11
2019082033,03,10,11,02,04
2019082034,01,02,05,06,10
2019082035,11,08,04,02,07
2019082036,03,02,07,05,01
2019082037,10,09,05,08,11
2019082038,01,08,10,07,04
2019082039,07,09,03,04,05
2019082040,01,10,06,08,09
2019082041,07,11,08,05,09
2019082042,01,02,06,04,09
2019082101,10,08,01,09,07
2019082102,03,07,08,05,02
2019082103,03,11,04,01,10
2019082104,01,05,02,07,11
2019082105,10,11,01,04,02
2019082106,05,03,06,10,02
2019082107,04,07,03,10,09
2019082108,09,02,10,03,06
2019082109,02,07,03,10,09
2019082110,07,02,03,05,06
2019082111,01,09,08,11,05
2019082112,11,09,06,10,04
2019082113,08,05,11,02,04
2019082114,02,05,08,01,06
2019082115,01,05,07,02,11
2019082116,07,09,03,02,04
2019082117,10,02,08,01,09
2019082118,02,10,05,01,08
2019082119,11,10,06,05,09
2019082120,10,11,05,07,08
2019082121,04,10,03,09,11
2019082122,08,07,05,10,01
2019082123,07,11,04,05,03
2019082124,04,07,09,02,06
2019082125,09,10,06,07,02
2019082126,05,03,08,02,11
2019082127,08,10,07,11,02
2019082128,07,08,02,10,05
2019082129,08,04,10,09,03
2019082130,11,06,05,07,03
2019082131,07,11,06,08,03
2019082132,01,07,03,04,09
2019082133,01,02,09,06,05
2019082134,10,03,07,01,06
2019082135,11,08,03,02,07
2019082136,06,02,08,03,04
2019082137,08,10,02,01,06
2019082138,04,02,03,09,06
2019082139,04,09,08,01,03
2019082140,07,08,01,06,03
2019082141,10,02,09,04,03
2019082142,09,03,04,05,08
2019082201,11,06,08,04,02
2019082202,11,02,04,08,01
2019082203,05,06,08,04,09
2019082204,04,09,07,10,03
2019082205,06,02,01,11,08
2019082206,07,05,03,09,10
2019082207,08,03,01,04,05
2019082208,01,08,06,04,03
2019082209,10,09,01,11,08
2019082210,10,02,06,01,08
2019082211,01,04,07,05,11
2019082212,08,09,07,06,11
2019082213,04,07,11,01,08
2019082214,07,08,10,05,01
2019082215,01,04,02,07,03
2019082216,05,04,03,06,07
2019082217,01,06,11,03,04
2019082218,02,11,01,04,07
2019082219,01,02,04,09,07
2019082220,10,11,07,01,06
2019082221,06,08,03,02,11
2019082222,08,04,03,09,06
2019082223,06,10,07,01,11
2019082224,01,04,07,03,10
2019082225,10,06,11,05,03
2019082226,11,01,06,03,09
2019082227,06,05,08,03,11
2019082228,05,09,11,01,03
2019082229,05,02,06,10,04
2019082230,07,10,11,02,05
2019082231,10,11,07,03,08
2019082232,10,06,09,01,03
2019082233,07,02,03,09,06
2019082234,09,02,11,05,03
2019082235,04,01,09,05,07
2019082236,09,06,01,03,11
2019082237,04,05,09,01,08
2019082238,03,11,01,05,06
2019082239,11,06,03,07,02
2019082240,10,05,11,01,03
2019082241,05,04,10,06,01
2019082242,08,04,11,10,07
2019082301,06,01,03,10,11
2019082302,09,04,06,01,03
2019082303,08,06,05,09,03
2019082304,03,10,11,06,05
2019082305,05,04,08,09,07
2019082306,02,01,04,08,10
2019082307,08,10,04,09,02
2019082308,03,11,05,09,06
2019082309,07,09,11,03,04
2019082310,05,04,11,06,07
2019082311,01,04,11,10,02
2019082312,03,08,09,10,02
2019082313,11,06,10,07,03
2019082314,02,01,05,08,11
2019082315,02,03,01,07,04
2019082316,11,07,09,01,04
2019082317,03,10,08,07,11
2019082318,09,06,02,11,04
2019082319,06,05,01,03,08
2019082320,06,01,09,05,10
2019082321,11,07,02,04,01
2019082322,06,07,01,10,04
2019082323,07,01,06,04,11
2019082324,01,04,07,03,10
2019082325,10,11,01,07,05
2019082326,11,02,07,06,10
2019082327,05,06,07,09,11
2019082328,01,07,03,04,08
2019082329,02,06,09,04,05
2019082330,06,07,11,02,08
2019082331,06,11,05,08,09
2019082332,02,10,11,07,04
2019082333,06,01,09,08,07
2019082334,02,10,05,11,01
2019082335,07,08,11,05,04
2019082336,11,06,01,04,08
2019082337,07,04,08,01,06
2019082338,07,11,10,02,04
2019082339,06,05,09,11,07
2019082340,03,05,10,08,09
2019082341,03,07,05,04,01
2019082342,07,01,06,04,11
2019082401,06,09,07,10,01
2019082402,09,04,10,03,07
2019082403,06,07,03,11,04
2019082404,03,06,01,05,09
2019082405,08,03,01,09,10
2019082406,11,04,06,03,10
2019082407,06,01,10,05,07
2019082408,07,03,02,09,11
2019082409,11,07,06,08,02
2019082410,06,07,01,10,04
2019082411,02,07,01,06,10
2019082412,08,02,10,01,09
2019082413,01,11,08,03,05
2019082414,08,07,04,05,10
2019082415,04,03,07,02,08
2019082416,06,03,10,05,02
2019082417,06,05,04,01,03
2019082418,09,07,10,11,03
2019082419,07,03,01,11,02
2019082420,03,08,04,06,01
2019082421,05,10,11,09,06
2019082422,05,09,11,02,07
2019082423,10,02,11,05,08
2019082424,03,11,06,01,04
2019082425,07,08,10,09,11
2019082426,10,04,09,06,03
2019082427,04,09,02,11,07
2019082428,10,03,11,04,02
2019082429,04,07,09,03,05
2019082430,03,10,11,08,07
2019082431,08,02,11,01,06
2019082432,06,01,03,10,11
2019082433,02,09,06,11,08
2019082434,01,06,04,07,09
2019082435,03,09,11,02,07
2019082436,10,05,06,11,09
2019082437,08,05,01,04,09
2019082438,07,03,06,08,10
2019082439,07,08,10,04,11
2019082440,05,04,01,11,10
2019082441,09,03,02,08,04
2019082442,03,01,11,07,02
2019082501,08,07,05,06,01
2019082502,04,06,05,10,01
2019082503,10,03,01,05,02
2019082504,11,08,09,06,04
2019082505,09,01,03,05,07
2019082506,02,09,07,04,06
2019082507,06,03,07,10,05
2019082508,05,02,06,04,11
2019082509,03,04,09,10,11
2019082510,10,04,07,11,01
2019082511,05,09,03,06,02
2019082512,02,05,03,01,04
2019082513,06,03,07,08,09
2019082514,03,02,06,10,04
2019082515,05,02,08,03,06
2019082516,01,04,03,11,10
2019082517,01,09,07,06,10
2019082518,07,05,09,01,10
2019082519,08,06,01,02,10
2019082520,02,05,06,10,04
2019082521,05,08,10,09,06
2019082522,11,05,02,10,08
2019082523,05,02,06,04,08
2019082524,11,03,07,09,08
2019082525,03,07,01,11,05
2019082526,04,02,03,08,11
2019082527,06,02,08,09,05
2019082528,02,08,05,06,04
2019082529,01,10,09,03,11
2019082530,10,06,07,02,04
2019082531,06,01,03,04,09
2019082532,10,08,04,05,02
2019082533,06,04,03,08,02
2019082534,10,11,06,07,03
2019082535,08,05,01,09,06
2019082536,04,01,05,08,09
2019082537,09,11,10,03,02
2019082538,02,06,08,09,01
2019082539,04,07,06,11,09
2019082540,06,02,07,11,04
2019082541,01,08,10,04,07
2019082542,05,11,04,07,08
2019082601,05,10,08,09,03
2019082602,06,07,11,01,04
2019082603,03,08,09,07,01
2019082604,08,05,01,09,02
2019082605,03,02,08,01,10
2019082606,06,10,11,02,09
2019082607,03,07,10,02,04
2019082608,11,01,05,09,10
2019082609,01,05,03,10,06
2019082610,10,11,03,01,05
2019082611,04,06,01,09,03
2019082612,05,08,09,10,06
2019082613,04,11,02,07,03
2019082614,02,04,03,10,05
2019082615,08,06,11,01,05
2019082616,01,04,06,02,09
2019082617,11,01,10,06,03
2019082618,06,09,02,04,05
2019082619,07,01,05,03,08
2019082620,02,07,08,11,01
2019082621,10,09,01,06,02
2019082622,10,04,09,03,01
2019082623,01,07,08,11,06
2019082624,06,10,08,09,03
2019082625,11,03,07,06,02
2019082626,02,06,03,04,08
2019082627,09,08,02,04,01
2019082628,03,08,10,09,04
2019082629,10,11,07,01,04
2019082630,01,09,04,10,07
2019082631,07,02,01,10,06
2019082632,05,11,06,04,02
2019082633,02,06,05,03,11
