2020010101,09,01,04,08,02
2020010102,05,09,11,02,08
2020010103,09,05,06,04,11
2020010104,06,10,02,05,11
2020010105,02,05,11,06,01
2020010106,11,09,02,06,03
2020010107,09,06,01,04,10
2020010108,08,10,09,07,01
2020010109,04,11,09,06,05
2020010110,03,06,09,01,11
2020010111,07,06,11,08,04
2020010112,07,05,08,04,03
2020010113,11,03,07,02,04
2020010114,05,04,10,09,07
2020010115,06,10,03,07,11
2020010116,06,11,02,07,09
2020010117,04,07,01,06,05
2020010118,03,09,10,01,07
2020010119,03,02,07,06,08
2020010120,06,04,10,09,08
2020010121,10,06,03,05,02
2020010122,07,01,02,05,08
2020010123,06,01,03,04,07
2020010124,07,04,05,08,11
2020010125,05,06,03,10,01
2020010126,04,07,03,10,11
2020010127,11,02,06,10,08
2020010128,03,02,06,05,10
2020010129,01,10,08,06,04
2020010130,02,07,03,01,04
2020010131,02,07,05,09,10
2020010132,03,06,04,08,02
2020010133,01,08,02,03,06
2020010134,08,11,01,06,07
2020010135,09,11,02,06,07
2020010136,05,07,02,03,01
2020010137,08,07,10,03,11
2020010138,11,10,06,02,09
