2020090101,06,05,08,09,01
2020090102,05,07,06,01,03
2020090103,04,01,11,08,05
2020090104,06,03,08,09,11
2020090105,03,11,02,04,08
2020090106,06,04,05,07,11
2020090107,01,02,09,11,08
2020090108,02,06,08,10,03
2020090109,06,08,09,02,03
2020090110,07,10,09,11,05
2020090111,01,10,04,06,09
2020090112,07,09,03,01,06
2020090113,01,02,08,10,04
2020090114,07,06,03,04,09
2020090115,10,07,01,09,03
2020090116,09,03,07,10,02
2020090117,01,04,10,09,05
2020090118,06,11,09,08,10
2020090119,08,05,07,09,04
2020090120,01,02,04,09,10
2020090121,03,05,04,02,08
2020090122,03,04,11,08,07
2020090123,06,03,07,04,08
2020090124,08,09,06,02,11
2020090125,01,08,07,03,06
2020090126,06,05,09,03,01
2020090127,08,09,10,07,02
2020090128,04,03,10,07,02
2020090129,06,11,08,10,07
2020090130,01,10,06,11,07
2020090131,05,06,09,10,08
2020090132,02,04,09,01,05
2020090133,08,06,10,09,07
2020090134,01,09,04,11,05
2020090135,07,02,04,03,09
2020090136,07,10,08,03,04
2020090137,09,05,10,04,11
2020090138,04,03,02,11,07
2020090139,01,03,02,06,07
2020090140,07,01,08,06,10
2020090141,07,05,01,03,09
2020090142,03,08,07,10,09
2020090201,09,07,05,03,10
2020090202,01,11,08,02,06
2020090203,08,04,09,05,07
2020090204,10,09,08,02,01
2020090205,05,02,04,06,10
2020090206,01,07,08,10,05
2020090207,04,02,03,05,07
2020090208,02,10,01,08,03
2020090209,06,04,03,11,01
2020090210,08,07,01,09,02
2020090211,06,10,11,07,01
2020090212,03,08,09,11,01
2020090213,05,04,02,03,08
2020090214,03,01,07,11,10
2020090215,02,08,10,04,03
2020090216,04,08,10,07,11
2020090217,04,03,11,01,05
2020090218,04,10,08,07,03
2020090219,06,02,10,01,03
2020090220,05,11,07,09,02
2020090221,11,05,04,06,10
2020090222,01,05,07,03,02
2020090223,04,01,08,03,10
2020090224,11,01,08,02,09
2020090225,07,03,06,01,10
2020090226,05,06,08,07,01
2020090227,10,06,11,02,09
2020090228,08,06,05,09,10
2020090229,03,06,04,05,02
2020090230,01,09,02,05,08
2020090231,08,04,05,01,10
2020090232,07,05,01,02,08
2020090233,04,02,11,05,07
2020090234,08,03,10,06,02
2020090235,10,03,09,01,05
2020090236,03,10,06,02,04
2020090237,10,01,08,06,11
2020090238,04,02,07,11,06
2020090239,02,08,10,04,07
2020090240,01,08,10,04,09
2020090241,05,02,03,09,07
2020090242,08,09,06,10,07
