2020031101,10,06,03,08,07
2020031102,08,07,09,05,04
2020031103,04,02,08,07,11
2020031104,07,03,06,11,08
2020031105,04,03,09,06,05
2020031106,05,10,04,01,06
2020031107,04,03,09,01,08
2020031108,10,08,05,06,09
2020031109,07,03,10,09,05
2020031110,06,04,02,07,10
2020031111,02,10,06,01,11
2020031112,08,04,02,10,07
2020031113,09,07,06,10,11
2020031114,02,09,04,10,06
2020031115,02,08,05,03,01
2020031116,09,03,05,11,02
2020031117,08,02,11,06,01
2020031118,08,07,04,10,02
2020031119,10,01,09,05,07
2020031120,03,07,09,11,01
2020031121,10,05,09,02,04
2020031122,02,11,03,06,09
2020031123,03,04,10,07,05
2020031124,08,10,07,11,05
2020031125,08,05,11,01,10
2020031126,06,02,07,04,08
2020031127,01,04,08,10,02
2020031128,03,02,11,09,01
2020031129,05,03,01,10,06
2020031130,07,03,06,04,05
2020031131,07,06,08,04,05
2020031132,11,05,01,10,07
2020031133,07,01,09,06,04
2020031134,04,01,11,02,09
2020031135,01,05,10,08,03
2020031136,08,01,03,10,06
2020031137,01,09,07,04,11
2020031138,02,01,08,11,09
2020031139,02,01,05,06,07
2020031140,06,04,08,01,02
2020031141,06,09,07,05,10
2020031142,06,04,09,07,10
2020031201,04,08,03,05,06
2020031202,03,01,10,06,08
2020031203,04,05,07,06,11
2020031204,07,10,01,06,04
2020031205,08,06,01,04,10
2020031206,09,11,03,06,08
2020031207,07,05,02,03,04
2020031208,05,11,10,01,03
2020031209,04,09,01,11,03
2020031210,04,03,10,01,02
2020031211,04,01,02,07,03
2020031212,04,07,02,11,03
2020031213,07,08,10,05,11
2020031214,06,01,08,09,02
2020031215,02,01,03,09,06
2020031216,01,04,10,03,09
2020031217,09,11,02,05,04
2020031218,02,11,09,01,06
2020031219,08,02,07,01,09
2020031220,10,02,07,08,05
2020031221,06,02,05,04,01
2020031222,05,01,06,02,08
2020031223,07,03,08,11,06
2020031224,11,03,07,10,02
2020031225,05,11,06,07,03
2020031226,03,01,05,10,06
2020031227,08,03,04,05,01
2020031228,05,08,09,10,04
2020031229,11,04,05,02,09
2020031230,04,02,09,08,01
2020031231,08,01,09,06,11
2020031232,06,01,05,10,03
2020031233,05,08,06,11,02
2020031234,09,02,05,10,01
2020031235,01,10,06,11,08
2020031236,06,02,01,11,05
2020031237,07,08,04,09,10
2020031238,08,07,06,04,03
2020031239,08,06,01,10,07
