2020010101,02,11,07,06,08
2020010102,08,01,05,03,11
2020010103,08,05,06,09,01
2020010104,08,02,11,09,04
2020010105,02,11,06,03,08
2020010106,06,09,03,02,05
2020010107,11,10,05,03,04
2020010108,10,05,01,08,04
2020010109,04,02,07,11,03
2020010110,05,10,03,08,07
2020010111,06,09,10,02,11
2020010112,10,07,09,08,11
2020010113,05,02,11,01,07
2020010114,02,07,06,09,08
2020010115,11,10,07,03,05
2020010116,07,09,02,10,01
2020010117,01,11,10,05,08
2020010118,08,07,01,03,05
2020010119,11,01,08,05,07
2020010120,03,10,11,07,09
2020010121,07,05,11,02,06
2020010122,08,05,10,11,04
2020010123,02,10,11,01,03
2020010124,06,11,07,02,05
2020010125,09,10,08,06,07
2020010126,06,01,05,10,07
2020010127,10,06,11,05,07
2020010128,03,02,09,01,07
2020010129,05,02,03,06,07
2020010130,08,03,04,06,02
2020010131,03,07,08,10,09
2020010132,06,02,04,10,05
2020010133,11,01,04,05,08
2020010134,01,05,02,06,10
2020010135,03,04,06,01,09
2020010136,11,04,07,05,03
2020010137,10,07,05,03,02
2020010138,05,10,03,11,08
2020010139,10,07,06,09,08
2020010140,09,08,10,06,01
2020010141,05,08,09,01,06
2020010201,08,09,01,04,05
2020010202,04,01,09,07,03
2020010203,09,11,04,05,10
2020010204,05,01,06,11,08
2020010205,04,06,10,11,09
2020010206,09,01,04,11,02
2020010207,10,06,05,07,09
2020010208,09,08,04,03,01
2020010209,04,02,03,10,09
2020010210,09,01,11,08,06
2020010211,08,10,09,05,04
2020010212,10,11,09,08,06
2020010213,07,10,09,02,04
2020010214,03,09,11,02,08
2020010215,02,10,04,09,08
2020010216,01,03,08,02,05
2020010217,06,08,02,10,09
2020010218,09,06,01,04,11
2020010219,08,11,01,06,10
2020010220,11,02,09,04,01
2020010221,08,06,10,01,03
2020010222,11,04,08,06,05
2020010223,10,04,02,03,09
2020010224,08,09,11,04,02
2020010225,09,01,07,08,05
2020010226,07,11,05,09,08
2020010227,08,05,07,01,06
2020010228,09,11,03,10,07
2020010229,01,02,08,03,10
2020010230,03,10,07,02,11
2020010231,09,01,02,07,08
2020010232,09,05,02,04,11
2020010233,07,10,11,04,02
2020010234,07,11,02,04,01
2020010235,03,09,10,02,07
2020010236,04,02,10,09,08
2020010237,08,02,06,07,01
2020010238,09,11,01,06,02
2020010239,01,10,02,06,09
