2019120101,03,07,04,10,02
2019120102,09,06,11,01,10
2019120103,09,11,07,04,02
2019120104,02,11,03,08,09
2019120105,06,07,03,09,11
2019120106,01,09,04,05,02
2019120107,03,08,11,02,10
2019120108,03,11,05,07,04
2019120109,08,04,11,02,09
2019120110,01,03,02,07,04
2019120111,03,06,07,01,08
2019120112,07,11,08,03,09
2019120113,04,08,10,06,03
2019120114,09,03,04,08,05
2019120115,09,07,01,04,10
2019120116,03,11,08,10,01
2019120117,04,06,07,01,02
2019120118,02,07,09,04,06
2019120119,02,01,03,04,07
2019120120,03,02,10,11,01
2019120121,06,07,01,03,11
2019120122,10,04,11,05,01
2019120123,11,08,02,01,07
2019120124,10,07,03,04,06
2019120125,01,05,07,06,04
2019120126,09,10,06,04,03
2019120127,01,06,10,07,03
2019120128,02,09,07,04,11
2019120129,01,10,02,05,11
2019120130,01,10,02,06,11
2019120131,07,01,11,04,09
2019120132,09,05,04,11,08
2019120133,09,01,11,06,03
2019120134,09,04,10,01,03
2019120135,02,05,01,06,04
2019120136,06,08,11,03,09
2019120137,09,10,01,04,05
