2020050101,08,05,06,09,10
2020050102,04,10,09,08,06
2020050103,09,04,11,05,01
2020050104,11,02,08,05,07
2020050105,09,10,04,02,05
2020050106,08,03,06,04,11
2020050107,03,06,10,01,11
2020050108,08,09,05,11,06
2020050109,05,06,09,03,01
2020050110,08,09,10,05,07
2020050111,11,07,09,08,04
2020050112,08,03,06,02,09
2020050113,09,03,01,05,06
2020050114,08,10,03,06,04
2020050115,03,10,01,08,06
2020050116,11,07,02,09,08
2020050117,08,09,07,04,10
2020050118,06,02,05,01,03
2020050119,06,07,02,01,09
2020050120,09,07,03,10,01
2020050121,02,09,08,01,10
2020050122,06,10,05,08,02
2020050123,05,08,11,09,03
2020050124,02,11,01,04,06
2020050125,05,09,07,04,11
2020050126,03,01,08,07,06
2020050127,01,08,02,06,09
2020050128,05,06,04,01,03
2020050129,07,10,09,08,11
2020050130,07,11,06,08,04
2020050131,01,05,10,09,02
2020050132,06,09,11,03,02
2020050133,06,11,03,04,09
2020050134,02,08,03,05,01
2020050135,06,09,05,01,03
2020050136,03,02,09,06,10
2020050137,05,03,10,09,01
2020050138,01,02,10,03,11
2020050139,10,09,08,06,01
2020050140,01,05,07,10,09
2020050141,11,02,07,04,05
