2019120101,05,06,08,09,10
2019120102,09,10,04,06,11
2019120103,04,10,08,06,05
2019120104,08,05,02,03,11
2019120105,06,04,02,01,10
2019120106,02,01,11,05,10
2019120107,10,06,07,02,09
2019120108,08,05,02,09,03
2019120109,07,11,02,01,08
2019120110,08,04,01,02,05
2019120111,03,04,08,11,09
2019120112,04,03,01,06,05
2019120113,04,08,09,11,05
2019120114,01,09,06,08,05
2019120115,01,08,09,10,03
2019120116,08,09,10,04,05
2019120117,01,07,02,06,05
2019120118,09,06,11,08,01
2019120119,11,07,03,04,05
2019120120,09,05,06,10,08
2019120121,04,07,08,02,05
2019120122,07,03,08,02,06
2019120123,08,04,07,10,05
2019120124,05,06,07,03,02
2019120125,11,06,10,01,03
2019120126,11,02,01,03,08
2019120127,05,01,06,04,02
2019120128,03,01,10,09,07
2019120129,11,02,03,10,05
2019120130,11,08,01,04,09
2019120131,08,04,05,10,01
2019120132,02,08,05,06,01
2019120133,02,04,09,06,01
2019120134,04,03,08,06,10
2019120135,11,08,02,09,03
2019120136,07,10,05,09,11
2019120137,09,01,03,05,04
2019120138,09,03,11,06,08
2019120139,04,01,09,03,10
2019120140,06,02,11,01,07
2019120141,09,02,10,06,11
2019120142,09,10,01,11,04
2019120201,08,06,10,11,02
2019120202,09,07,10,05,01
2019120203,04,02,07,01,03
2019120204,11,04,01,06,08
2019120205,09,10,05,11,03
2019120206,03,04,02,10,08
2019120207,01,07,11,10,09
2019120208,06,05,01,03,10
2019120209,03,11,05,06,09
2019120210,01,05,03,11,09
2019120211,11,04,08,09,06
2019120212,08,02,05,03,10
2019120213,07,10,06,02,03
2019120214,01,08,03,04,02
2019120215,03,02,04,11,07
2019120216,08,04,11,03,07
2019120217,06,07,05,11,02
2019120218,04,03,06,09,07
2019120219,06,07,04,02,05
2019120220,06,10,11,01,07
2019120221,07,06,01,08,02
2019120222,08,10,02,04,01
2019120223,06,11,03,08,09
2019120224,06,05,01,04,03
2019120225,08,11,07,05,04
2019120226,03,01,06,02,05
2019120227,11,04,06,03,10
2019120228,11,09,06,03,02
2019120229,03,01,09,11,07
2019120230,11,10,07,08,05
2019120231,08,02,10,11,03
2019120232,03,04,08,01,09
2019120233,01,03,09,08,10
2019120234,10,01,03,07,04
2019120235,01,04,05,07,06
2019120236,03,01,02,11,07
2019120237,11,09,03,10,01
2019120238,01,06,04,03,07
2019120239,10,02,06,01,03
2019120240,05,09,04,02,07
2019120241,10,01,08,07,09
2019120242,03,06,10,07,11
2019120301,09,10,01,11,08
2019120302,10,01,03,09,11
2019120303,06,08,10,05,09
2019120304,05,09,06,08,02
2019120305,08,10,06,02,11
2019120306,03,08,09,01,06
2019120307,09,08,05,10,06
2019120308,09,11,03,05,02
2019120309,11,08,07,10,02
2019120310,08,06,07,04,01
2019120311,05,08,11,10,01
2019120312,11,02,03,09,07
2019120313,03,06,04,09,07
2019120314,02,11,03,05,08
2019120315,02,07,11,05,10
2019120316,10,02,09,05,03
2019120317,09,07,03,04,05
2019120318,09,02,07,03,05
2019120319,07,06,05,08,10
2019120320,03,08,10,11,02
2019120321,04,11,06,07,03
2019120322,11,07,01,06,09
2019120323,06,04,01,03,05
2019120324,02,01,03,06,10
2019120325,07,09,02,10,06
2019120326,07,08,10,06,03
2019120327,04,11,09,07,05
2019120328,02,07,03,08,11
2019120329,04,07,11,09,08
2019120330,07,08,06,05,01
2019120331,04,01,11,08,06
2019120332,10,08,05,07,06
2019120333,04,08,01,09,11
2019120334,06,09,03,02,01
2019120335,04,10,11,03,07
2019120336,11,06,02,04,07
