2019090101,01,08,07,02,06
2019090102,04,10,01,06,07
2019090103,07,03,02,08,05
2019090104,10,03,02,05,11
2019090105,04,03,05,07,06
2019090106,05,01,09,10,07
2019090107,09,01,02,04,11
2019090108,10,02,04,06,09
2019090109,07,06,02,05,09
2019090110,04,07,06,08,09
2019090111,04,02,11,07,06
2019090112,10,01,07,04,09
2019090113,03,01,09,07,02
2019090114,07,09,06,11,08
2019090115,07,08,01,06,09
2019090116,08,10,04,01,11
2019090117,03,02,11,06,05
2019090118,11,05,10,03,01
2019090119,04,07,02,05,06
2019090120,11,09,01,05,02
2019090121,03,07,10,02,05
2019090122,04,05,01,07,03
2019090123,10,08,05,03,07
2019090124,02,01,11,06,04
2019090125,09,04,05,03,07
2019090126,07,01,08,11,05
2019090127,05,09,04,10,03
2019090128,08,07,09,02,06
2019090129,02,10,09,04,08
2019090130,06,08,04,01,11
2019090131,06,05,07,08,09
2019090132,05,09,02,06,08
2019090133,06,01,03,09,11
2019090134,02,05,03,10,08
