2020080101,08,11,06,09,04
2020080102,01,03,02,11,05
2020080103,08,07,05,10,11
2020080104,10,05,06,07,09
2020080105,01,11,05,04,03
2020080106,08,02,11,07,05
2020080107,08,01,06,09,03
2020080108,11,05,02,03,10
2020080109,11,10,04,06,09
2020080110,02,04,10,07,08
2020080111,06,03,01,07,08
2020080112,04,06,05,11,08
2020080113,03,04,02,10,09
2020080114,11,05,08,10,04
2020080115,07,05,06,04,08
2020080116,03,02,10,04,09
2020080117,09,10,06,02,05
2020080118,02,11,03,04,06
2020080119,09,03,05,06,07
2020080120,06,08,03,01,05
2020080121,11,02,08,04,06
2020080122,05,03,07,11,10
2020080123,09,06,10,01,04
2020080124,10,07,06,04,05
2020080125,05,02,09,08,10
2020080126,06,08,07,10,11
2020080127,03,01,08,10,04
2020080128,02,10,08,01,05
2020080129,08,01,04,06,10
2020080130,10,07,09,03,02
2020080131,04,11,06,03,05
2020080132,08,03,05,06,07
2020080133,04,10,07,03,06
2020080134,07,11,05,10,01
2020080135,07,10,08,04,03
2020080136,10,01,03,09,06
2020080137,11,07,09,04,10
2020080138,02,04,03,07,11
2020080139,11,03,04,06,02
2020080140,07,03,04,06,11
2020080141,03,10,04,11,09
2020080142,09,03,08,02,01
