2020070129,05,03,10,02,01
2020070130,07,08,01,04,05
2020070131,02,10,06,01,05
2020070132,09,08,11,04,05
2020070133,09,02,03,11,01
2020070134,02,01,04,08,07
2020070135,08,01,04,03,02
2020070136,10,04,02,03,06
2020070137,01,07,11,08,10
2020070138,08,03,05,04,11
2020070139,07,03,06,08,09
2020070201,01,05,09,08,07
2020070202,05,03,09,04,01
2020070203,09,06,07,02,05
2020070204,11,09,02,03,01
2020070205,01,07,02,04,06
2020070206,01,04,11,08,09
2020070207,01,02,05,07,09
2020070208,08,10,03,05,09
2020070209,02,04,10,07,08
2020070210,09,04,06,11,05
2020070211,11,02,01,03,08
2020070212,02,11,03,05,08
2020070213,11,09,05,03,08
2020070214,09,01,04,06,02
2020070215,01,04,09,10,08
2020070216,08,10,09,06,07
2020070217,04,07,01,02,05
2020070218,11,03,10,07,05
2020070219,09,11,08,01,06
2020070220,08,07,09,02,05
2020070221,03,08,07,02,06
2020070222,01,05,04,06,09
2020070223,10,02,05,03,01
2020070224,09,07,02,11,06
2020070225,09,11,01,10,07
2020070226,10,05,07,06,08
2020070227,10,07,09,03,08
2020070228,07,09,08,05,02
2020070229,01,03,05,10,11
2020070230,08,04,09,07,03
2020070231,02,09,01,06,07
2020070232,05,01,07,10,06
2020070233,10,03,06,04,08
2020070234,10,09,04,03,08
2020070235,06,09,02,01,05
2020070236,04,07,11,03,02
2020070237,06,10,11,07,09
2020070238,08,03,01,09,06
2020070239,11,09,01,03,05
