2019081734,11,05,09,07,02
2019081735,08,10,04,01,05
2019081736,08,03,04,07,01
2019081737,01,05,08,11,09
2019081738,03,05,02,09,01
2019081739,07,06,01,08,02
2019081801,07,11,10,06,09
2019081802,09,03,11,10,05
2019081803,03,06,02,04,11
2019081804,03,10,09,05,07
2019081805,07,03,11,02,05
2019081806,02,10,03,08,01
2019081807,11,10,08,06,03
2019081808,07,06,08,09,03
2019081809,08,03,05,09,10
2019081810,11,04,06,09,01
2019081811,07,08,06,01,11
2019081812,03,06,11,07,04
2019081813,09,01,05,08,10
2019081814,11,02,09,04,01
2019081815,08,05,10,11,03
2019081816,04,06,01,05,10
2019081817,11,09,07,02,04
2019081818,07,01,03,05,09
2019081819,01,05,03,02,04
2019081820,05,06,02,03,09
2019081821,08,07,06,10,09
2019081822,09,10,04,06,07
2019081823,05,10,07,09,02
2019081824,02,07,10,04,06
2019081825,07,06,08,01,02
2019081826,09,03,04,07,05
2019081827,05,06,04,07,01
2019081828,07,09,05,01,03
2019081829,03,09,10,04,02
2019081830,02,04,10,11,03
2019081831,04,10,05,01,11
2019081832,06,01,03,07,10
2019081833,04,05,10,06,08
2019081834,02,11,07,03,09
2019081835,08,04,05,03,10
2019081836,09,10,05,08,07
2019081837,02,10,05,07,03
2019081838,07,03,04,09,08
2019081839,01,03,09,06,10
2019081901,08,10,03,06,07
2019081902,10,08,03,01,07
2019081903,05,03,10,08,02
2019081904,11,06,08,05,02
2019081905,03,07,11,09,04
2019081906,08,06,04,05,02
2019081907,01,02,07,09,05
2019081908,07,10,11,01,08
2019081909,05,03,01,06,04
2019081910,09,10,08,06,03
2019081911,05,09,10,06,08
2019081912,03,10,07,05,09
2019081913,06,08,10,09,04
2019081914,08,11,01,03,06
2019081915,09,07,10,04,02
2019081916,02,06,05,07,08
2019081917,03,02,07,06,01
2019081918,06,11,03,10,09
2019081919,06,04,03,05,10
2019081920,04,09,03,02,11
2019081921,08,10,05,11,09
2019081922,09,04,10,08,07
2019081923,03,02,10,01,11
2019081924,09,05,04,11,03
2019081925,06,07,05,01,08
2019081926,05,10,02,09,03
2019081927,09,08,02,07,06
2019081928,08,01,04,10,07
2019081929,06,10,02,04,01
2019081930,03,06,05,01,02
2019081931,11,10,07,09,04
2019081932,07,10,06,08,05
2019081933,03,05,07,08,11
2019081934,06,09,03,02,01
2019081935,02,03,08,09,05
2019081936,07,01,03,11,05
2019081937,07,05,02,06,04
2019081938,09,06,10,03,02
2019081939,09,06,08,10,07
2019082001,09,08,10,03,07
2019082002,10,02,01,08,04
2019082003,07,06,11,02,05
2019082004,06,02,10,03,05
2019082005,08,04,06,07,02
2019082006,07,04,08,02,03
2019082007,04,06,01,09,11
2019082008,06,03,02,01,05
2019082009,03,10,07,06,05
2019082010,06,02,09,08,04
2019082011,10,09,04,08,02
2019082012,04,05,07,10,03
2019082013,10,09,05,02,03
2019082014,04,07,09,05,01
2019082015,05,10,02,11,06
2019082016,09,04,06,07,08
2019082017,05,04,09,08,01
2019082018,10,11,09,02,04
2019082019,10,01,02,07,06
2019082020,07,11,02,10,04
2019082021,11,03,01,06,02
2019082022,09,11,10,06,03
2019082023,02,06,05,07,03
2019082024,04,02,06,08,01
2019082025,05,04,11,03,06
2019082026,05,07,10,11,03
2019082027,08,05,01,07,11
2019082028,10,03,06,02,07
2019082029,08,11,07,10,03
2019082030,09,05,03,04,06
2019082031,08,10,03,07,06
2019082032,07,06,03,08,10
2019082033,06,03,01,11,08
2019082034,09,08,11,06,02
2019082035,11,05,06,04,08
2019082036,02,11,01,03,08
2019082037,10,02,03,04,01
2019082038,06,10,09,02,05
2019082039,01,04,08,09,07
2019082101,01,02,04,07,08
2019082102,08,05,01,04,02
2019082103,05,08,02,09,01
2019082104,03,10,07,11,02
2019082105,04,06,02,07,08
2019082106,07,02,08,10,04
2019082107,10,02,03,11,09
2019082108,01,05,08,04,07
2019082109,09,01,11,02,07
2019082110,03,05,11,01,04
2019082111,01,02,09,03,06
2019082112,05,03,02,08,06
2019082113,07,06,05,11,08
2019082114,01,06,04,11,03
2019082115,03,01,10,06,02
2019082116,05,04,08,06,02
2019082117,06,01,09,08,05
2019082118,09,07,08,05,11
2019082119,01,06,07,05,02
2019082120,06,03,02,11,05
2019082121,11,02,10,03,06
2019082122,04,09,06,07,05
2019082123,06,03,02,04,05
2019082124,11,09,05,03,06
2019082125,04,07,03,01,02
2019082126,09,01,05,03,07
2019082127,09,10,07,05,06
2019082128,10,11,07,02,08
2019082129,02,03,04,01,10
2019082130,09,03,07,02,10
2019082131,11,04,08,05,06
2019082132,01,02,06,05,08
2019082133,02,03,01,09,05
2019082134,10,11,02,07,06
2019082135,02,10,08,07,03
2019082136,08,11,07,05,01
2019082137,04,11,06,03,08
2019082138,04,11,08,05,02
2019082139,10,01,03,09,06
2019082201,03,06,04,09,07
2019082202,02,07,08,11,05
2019082203,07,05,06,10,11
2019082204,05,11,09,08,07
2019082205,01,03,07,08,09
2019082206,07,11,10,02,08
2019082207,08,05,04,07,09
2019082208,04,10,11,05,02
2019082209,02,07,11,06,04
2019082210,06,07,02,08,01
2019082211,05,07,09,10,01
2019082212,06,07,11,05,02
2019082213,03,06,07,09,01
2019082214,06,03,09,04,08
2019082215,06,09,11,04,03
2019082216,06,10,11,04,09
2019082217,05,03,09,02,10
2019082218,04,02,11,08,06
2019082219,08,04,03,11,09
2019082220,04,11,03,01,06
2019082221,02,03,04,11,01
2019082222,04,01,08,03,11
2019082223,02,07,10,03,09
2019082224,10,07,01,11,03
2019082225,08,06,07,02,01
2019082226,04,11,07,06,03
2019082227,06,02,08,09,03
2019082228,08,07,09,11,02
2019082229,08,06,03,09,02
2019082230,08,09,05,07,11
2019082231,03,04,10,02,08
2019082232,06,01,11,10,09
2019082233,08,04,02,06,07
2019082234,07,04,11,02,08
2019082235,10,05,07,09,08
2019082236,04,07,05,09,03
2019082237,04,07,09,01,11
2019082238,01,06,05,09,03
2019082239,08,04,05,09,11
2019082301,10,06,08,07,05
2019082302,02,08,09,01,05
2019082303,02,07,10,11,05
2019082304,11,10,08,09,05
2019082305,06,04,08,02,10
2019082306,03,10,07,11,04
2019082307,02,11,09,10,05
2019082308,03,05,04,09,02
2019082309,11,06,10,05,01
2019082310,01,11,07,03,05
2019082311,09,06,05,04,01
2019082312,09,05,07,01,06
2019082313,09,02,11,03,08
2019082314,11,09,06,08,03
2019082315,09,04,06,07,08
2019082316,06,02,05,09,04
2019082317,08,02,07,10,03
2019082318,09,01,07,08,04
2019082319,10,03,01,07,05
2019082320,01,03,10,09,02
2019082321,02,03,06,10,07
2019082322,10,06,08,11,05
2019082323,05,03,10,06,11
2019082324,01,08,02,04,10
2019082325,11,05,09,03,07
2019082326,05,10,09,03,04
2019082327,05,02,07,09,08
2019082328,06,10,07,04,03
2019082329,04,09,11,03,07
2019082330,05,11,03,08,02
2019082331,02,07,06,11,05
2019082332,10,09,07,06,04
2019082333,04,01,06,03,02
2019082334,02,01,04,10,06
2019082335,04,08,11,03,01
2019082336,08,10,07,05,03
2019082337,11,07,03,02,06
2019082338,06,10,05,02,04
2019082339,07,05,09,06,11
2019082401,06,02,03,05,04
2019082402,03,05,07,08,11
2019082403,11,07,03,10,05
2019082404,04,03,07,10,05
2019082405,07,05,10,06,09
2019082406,11,08,06,04,10
2019082407,06,02,01,11,05
2019082408,08,11,03,06,07
2019082409,10,05,03,06,01
2019082410,03,04,08,11,10
2019082411,02,10,08,06,11
2019082412,11,02,07,10,06
2019082413,03,02,09,08,06
2019082414,05,07,11,02,08
2019082415,06,03,07,01,09
2019082416,08,11,04,07,05
2019082417,11,03,07,10,06
2019082418,06,02,08,11,05
2019082419,02,04,11,03,05
2019082420,11,01,09,06,04
2019082421,05,09,02,04,11
2019082422,07,01,09,08,04
2019082423,10,01,11,08,02
2019082424,01,02,04,05,09
2019082425,10,04,07,11,01
2019082426,10,04,07,06,01
2019082427,03,06,10,04,11
2019082428,09,10,03,08,05
2019082429,11,07,04,02,01
2019082430,08,07,09,05,04
2019082431,01,09,03,11,06
2019082432,11,04,10,02,08
2019082433,03,04,06,01,10
2019082434,10,07,02,05,11
2019082435,03,06,08,11,07
2019082436,07,05,01,03,08
2019082437,03,09,11,07,04
2019082438,01,06,10,02,05
2019082439,07,03,09,04,05
2019082501,08,01,06,09,03
2019082502,11,04,03,09,05
2019082503,04,01,07,02,03
2019082504,09,08,05,04,07
2019082505,10,04,02,05,01
2019082506,07,09,10,05,04
2019082507,10,09,11,01,05
2019082508,01,09,10,03,07
2019082509,01,11,06,04,05
2019082510,06,03,01,02,10
2019082511,01,05,08,06,11
2019082512,08,07,04,03,09
2019082513,08,10,09,01,02
2019082514,08,07,10,04,09
2019082515,07,11,05,10,02
2019082516,08,09,06,07,02
2019082517,06,08,01,02,09
2019082518,01,05,04,03,07
2019082519,04,09,11,10,02
2019082520,07,04,08,02,06
2019082521,10,11,01,09,02
2019082522,11,02,08,06,10
2019082523,03,04,07,01,05
2019082524,03,04,10,06,02
2019082525,04,08,02,10,03
2019082526,03,06,10,09,02
2019082527,05,07,09,04,06
2019082528,01,03,10,08,02
2019082529,06,05,03,02,11
2019082530,02,01,09,03,11
2019082531,11,04,05,03,10
2019082532,03,01,08,04,05
2019082533,03,06,11,01,05
