2020080101,01,10,11,09,05
2020080102,02,11,03,04,08
2020080103,06,01,09,10,05
2020080104,04,02,03,07,10
2020080105,04,02,06,08,09
2020080106,08,10,02,03,05
2020080107,07,01,08,05,02
2020080108,03,04,06,09,02
2020080109,01,04,10,07,08
2020080110,01,08,09,05,07
2020080111,02,11,01,06,09
2020080112,08,11,02,06,09
2020080113,02,06,08,01,11
2020080114,07,10,08,09,05
2020080115,04,10,11,03,07
2020080116,10,05,02,07,04
2020080117,09,02,07,01,06
2020080118,10,03,02,07,06
2020080119,02,08,06,11,04
2020080120,10,07,03,11,05
2020080121,06,05,10,02,03
2020080122,09,06,10,01,08
2020080123,06,02,07,10,04
2020080124,07,01,03,06,09
2020080125,08,06,07,11,01
2020080126,10,02,01,11,05
2020080127,06,01,10,05,07
2020080128,03,06,08,11,10
2020080129,01,11,02,03,06
2020080130,07,01,04,03,08
2020080131,11,10,07,05,01
2020080132,01,08,03,06,10
2020080133,07,11,10,05,02
2020080134,07,04,11,05,08
2020080135,07,10,08,09,06
2020080136,06,08,09,07,03
2020080137,11,04,07,10,06
2020080138,05,07,03,06,09
2020080139,02,04,11,05,10
