2020040101,08,11,09,03,04
2020040102,07,11,08,10,04
2020040103,10,03,01,09,11
2020040104,03,02,10,07,08
2020040105,05,03,06,10,01
2020040106,06,10,08,11,02
2020040107,11,09,10,04,01
2020040108,08,09,04,02,11
2020040109,02,03,11,04,05
2020040110,05,09,04,06,10
2020040111,01,06,08,09,02
2020040112,10,06,05,09,01
2020040113,06,07,02,03,08
2020040114,07,10,02,09,11
2020040115,06,01,08,03,05
2020040116,02,07,11,03,09
2020040117,09,10,07,03,01
2020040118,10,02,06,03,01
2020040119,11,06,08,04,07
2020040120,03,05,11,01,08
2020040121,06,04,01,08,09
2020040122,07,04,01,09,10
2020040123,10,02,11,09,05
2020040124,01,02,03,04,05
2020040125,06,03,11,05,02
2020040126,08,04,03,01,07
2020040127,03,01,11,04,09
2020040128,07,08,01,02,04
2020040129,05,11,01,09,02
2020040130,11,01,02,09,03
2020040131,04,07,01,02,10
2020040132,01,11,08,06,04
2020040133,04,03,06,11,08
2020040134,08,03,04,05,09
2020040135,08,03,11,05,10
2020040136,05,01,11,09,07
2020040137,05,09,08,02,11
2020040138,02,08,07,03,10
2020040139,01,03,08,11,06
