2020090101,02,09,08,04,01
2020090102,03,07,04,01,10
2020090103,08,05,06,11,02
2020090104,02,01,04,08,10
2020090105,04,02,01,07,08
2020090106,05,11,02,10,07
2020090107,09,02,10,05,07
2020090108,05,01,04,03,11
2020090109,06,01,09,08,04
2020090110,01,04,02,06,07
2020090111,03,07,05,06,01
2020090112,05,06,07,09,04
2020090113,11,02,08,01,09
2020090114,01,02,04,09,07
2020090115,06,08,03,04,09
2020090116,08,03,02,04,01
2020090117,04,08,01,07,11
2020090118,07,11,06,08,01
2020090119,04,05,11,08,02
2020090120,05,10,04,02,07
2020090121,08,09,05,06,10
2020090122,07,04,01,08,03
2020090123,05,11,06,04,10
2020090124,03,02,06,11,05
2020090125,04,07,02,08,05
2020090126,02,07,10,06,08
2020090127,03,01,08,04,02
2020090128,04,01,06,08,03
2020090129,11,02,10,09,05
2020090130,09,05,02,04,07
2020090131,01,11,10,03,05
2020090132,10,07,09,04,06
2020090133,04,06,02,01,07
2020090134,11,05,10,06,04
2020090135,06,04,07,03,11
2020090136,04,11,03,10,05
2020090137,07,05,01,11,04
2020090138,03,02,10,07,04
2020090139,06,09,03,11,05
