2020050101,07,09,06,01,03
2020050102,09,01,11,10,04
2020050103,06,03,08,05,07
2020050104,06,10,08,09,05
2020050105,10,02,09,04,06
2020050106,05,06,04,10,07
2020050107,07,10,09,02,03
2020050108,04,06,09,08,07
2020050109,08,03,11,10,01
2020050110,01,03,04,09,11
2020050111,08,07,02,09,04
2020050112,03,09,11,10,08
2020050113,06,04,07,01,03
2020050114,07,05,01,10,02
2020050115,02,08,06,01,05
2020050116,11,06,03,04,05
2020050117,10,02,07,11,06
2020050118,10,06,04,03,01
2020050119,11,07,03,02,05
2020050120,08,02,04,10,05
2020050121,03,09,07,01,06
2020050122,05,07,03,08,04
2020050123,05,11,03,04,08
2020050124,02,01,07,03,06
2020050125,08,05,10,09,07
2020050126,07,04,10,02,01
2020050127,09,04,01,07,11
2020050128,02,01,11,09,07
2020050129,02,05,03,06,11
2020050130,06,10,01,11,05
2020050131,03,11,09,01,07
2020050132,11,05,07,01,09
2020050133,04,11,01,07,05
2020050134,11,06,09,02,01
2020050135,01,11,06,03,08
2020050136,10,06,02,08,03
2020050137,08,02,11,01,04
2020050138,07,04,11,09,10
2020050139,08,05,01,09,10
