2020080102,06,11,09,10,07
2020080103,08,05,03,01,09
2020080104,09,02,07,05,08
2020080105,06,05,01,08,04
2020080106,10,01,11,05,07
2020080107,02,09,11,08,01
2020080108,10,04,07,06,05
2020080109,11,03,01,08,02
2020080110,05,09,03,04,11
2020080111,10,02,06,07,11
2020080112,11,10,07,01,02
2020080113,04,10,08,09,11
2020080114,04,07,06,05,03
2020080115,07,08,01,09,06
2020080116,10,07,11,01,09
2020080117,01,05,11,03,10
2020080118,10,05,01,11,03
2020080119,01,07,05,09,02
2020080120,05,07,06,09,01
2020080121,07,04,06,08,10
2020080122,07,09,10,02,05
2020080123,09,04,07,10,06
2020080124,05,01,10,08,07
2020080125,04,06,10,03,05
2020080126,07,09,03,06,08
2020080127,04,07,01,08,09
2020080128,03,09,10,01,04
2020080129,08,11,01,04,06
2020080130,02,06,10,01,03
2020080131,07,08,02,10,03
2020080132,08,01,07,05,09
2020080133,06,08,01,03,07
2020080134,11,08,03,06,05
2020080135,10,02,06,03,11
2020080136,09,10,06,07,01
2020080137,10,08,07,06,05
2020080138,08,02,11,03,07
2020080139,05,10,03,11,02
2020080140,03,05,11,08,07
2020080141,10,04,11,07,02
2020080201,02,04,07,11,10
2020080202,01,07,08,11,10
2020080203,10,09,08,07,02
2020080204,11,03,01,02,07
2020080205,05,06,02,04,09
2020080206,02,07,01,08,10
2020080207,04,10,01,09,11
2020080208,04,11,08,01,07
2020080209,04,02,01,08,10
2020080210,08,04,07,03,06
2020080211,07,06,08,10,04
2020080212,07,06,09,05,08
2020080213,07,04,05,10,06
2020080214,01,10,04,03,11
2020080215,02,06,11,01,10
2020080216,11,03,08,06,05
2020080217,06,05,08,04,02
2020080218,07,08,04,06,10
2020080219,05,01,08,03,10
2020080220,07,04,08,09,05
2020080221,03,05,08,11,07
2020080222,11,06,01,02,04
2020080223,07,11,03,06,08
2020080224,07,04,11,10,01
2020080225,07,09,03,06,11
2020080226,07,04,02,05,08
2020080227,01,03,08,06,09
2020080228,10,02,06,09,05
2020080229,10,05,09,03,07
2020080230,05,11,08,06,07
2020080231,09,02,03,06,11
2020080232,04,09,06,01,02
2020080233,06,04,05,11,02
2020080234,06,04,01,11,03
2020080235,08,05,01,06,04
2020080236,10,05,03,01,07
2020080237,11,09,08,02,07
2020080238,05,11,02,10,08
2020080239,06,01,08,11,03
2020080240,07,06,04,09,10
2020080241,03,11,07,10,06
