2019120101,08,07,11,09,02
2019120102,08,07,09,01,03
2019120103,03,05,09,07,04
2019120104,11,02,07,08,01
2019120105,10,09,07,03,04
2019120106,05,11,10,04,02
2019120107,05,07,06,11,10
2019120108,04,09,03,02,08
2019120109,11,07,01,04,10
2019120110,05,07,11,01,10
2019120111,06,09,07,05,01
2019120112,09,07,05,11,03
2019120113,01,06,09,11,02
2019120114,08,03,05,06,10
2019120115,04,01,11,02,05
2019120116,10,03,06,08,05
2019120117,03,01,06,02,11
2019120118,08,07,09,04,03
2019120119,04,02,10,07,03
2019120120,09,07,03,06,01
2019120121,07,02,10,08,11
2019120122,02,04,08,03,05
2019120123,07,06,08,05,04
2019120124,02,06,08,01,05
2019120125,05,02,11,07,06
2019120126,05,07,10,04,11
2019120127,11,04,10,08,01
2019120128,06,07,02,04,10
2019120129,05,02,11,06,09
2019120130,08,10,01,03,05
2019120131,01,05,07,11,04
2019120132,06,09,05,11,03
2019120133,01,08,07,04,02
2019120134,06,01,09,02,11
2019120135,09,06,10,04,03
2019120136,07,11,05,01,09
2019120137,08,04,02,05,09
2019120138,11,06,02,03,09
2019120139,08,01,06,05,03
2019120140,04,01,05,02,09
2019120141,09,11,08,02,06
2019120201,09,10,01,05,11
2019120202,10,07,08,05,01
2019120203,02,11,09,04,10
2019120204,06,08,03,11,07
2019120205,10,09,11,05,02
2019120206,02,05,01,07,10
2019120207,11,06,04,03,08
2019120208,09,01,11,05,04
2019120209,03,04,06,11,05
2019120210,06,11,05,08,01
2019120211,03,02,11,07,08
2019120212,09,03,07,08,05
2019120213,01,06,11,09,07
2019120214,01,05,09,04,07
2019120215,05,11,10,06,02
2019120216,01,03,05,02,06
2019120217,03,06,01,05,08
2019120218,04,05,01,10,08
2019120219,04,05,06,11,07
2019120220,03,09,11,01,04
2019120221,08,10,03,01,06
2019120222,09,04,11,10,06
2019120223,09,10,04,05,02
2019120224,09,11,04,02,08
2019120225,09,02,05,01,08
2019120226,08,02,06,09,04
2019120227,07,03,05,08,11
2019120228,08,09,04,10,11
2019120229,07,06,10,04,01
2019120230,02,04,11,01,05
2019120231,08,01,05,04,02
2019120232,05,02,11,03,10
2019120233,11,10,07,02,09
2019120234,09,05,06,03,02
2019120235,02,11,03,09,04
2019120236,03,04,05,10,11
