2019100801,05,02,04,09,06
2019100802,08,06,02,01,09
2019100803,03,01,02,08,06
2019100804,03,01,11,05,06
2019100805,08,04,01,05,11
2019100806,01,06,02,11,10
2019100807,06,09,11,01,05
2019100808,04,11,03,06,10
2019100809,09,04,08,02,01
2019100810,05,03,06,09,07
2019100811,08,04,09,07,02
2019100812,11,09,07,01,03
2019100813,09,05,08,01,10
2019100814,05,02,08,06,03
2019100815,11,05,01,07,08
2019100816,06,08,10,01,05
2019100817,01,08,09,10,03
2019100818,01,07,06,04,10
2019100819,01,06,08,02,10
2019100820,09,11,02,07,04
2019100821,03,08,02,10,06
2019100822,03,08,11,04,10
2019100823,05,09,06,03,07
2019100824,11,10,01,04,02
2019100825,05,04,08,06,03
2019100826,08,09,02,01,04
2019100827,02,10,01,09,11
2019100828,06,09,07,02,05
2019100829,10,01,07,09,06
2019100830,05,04,02,08,10
2019100831,05,11,06,10,01
2019100832,08,03,11,07,01
2019100833,02,09,08,06,05
2019100834,10,01,06,05,02
