2019110101,11,07,05,03,01
2019110102,08,10,09,07,04
2019110103,01,10,06,05,08
2019110104,04,02,06,08,05
2019110105,01,02,11,04,06
2019110106,06,10,05,07,01
2019110107,10,08,01,11,07
2019110108,10,01,09,05,06
2019110109,09,02,05,04,07
2019110110,02,09,10,08,11
2019110111,10,11,06,09,05
2019110112,02,01,03,04,06
2019110113,04,06,05,07,11
2019110114,10,06,03,05,11
2019110115,11,04,02,05,01
2019110116,02,06,11,05,09
2019110117,08,11,10,02,03
2019110118,07,02,08,11,05
2019110119,01,03,08,09,06
2019110120,09,11,07,04,10
2019110121,10,05,07,04,09
2019110122,06,03,04,11,07
2019110123,01,05,08,04,02
2019110124,09,11,07,01,02
2019110125,09,10,04,11,08
2019110126,07,04,09,08,10
2019110127,01,06,09,04,11
2019110128,03,08,10,01,02
2019110129,06,08,03,05,09
2019110130,07,03,02,10,06
2019110131,02,05,11,01,07
2019110132,02,03,11,07,05
2019110133,04,07,08,01,10
2019110134,06,03,08,04,10
2019110135,03,04,06,08,11
