2020031101,11,01,09,06,07
2020031103,03,01,05,02,08
2020031105,09,08,03,01,11
2020031106,08,10,06,11,07
2020031107,08,11,02,04,06
2020031108,03,05,09,11,01
2020031109,10,01,02,09,04
2020031110,06,03,07,08,11
2020031111,01,09,10,02,07
2020031112,04,10,05,08,03
2020031113,06,10,08,03,05
2020031114,04,02,01,10,05
2020031115,02,06,11,03,01
2020031116,09,07,10,08,11
2020031117,11,08,05,02,01
2020031118,09,04,01,06,03
2020031119,11,08,07,03,05
2020031120,10,11,01,03,08
2020031121,10,02,08,01,09
2020031122,04,06,01,02,03
2020031123,02,10,04,08,05
2020031124,06,04,07,09,08
2020031125,09,02,03,04,07
2020031126,11,08,02,01,04
2020031127,04,06,11,03,10
2020031128,03,05,11,10,06
2020031129,01,04,09,11,10
2020031130,09,06,01,11,08
2020031131,07,04,02,03,10
2020031132,01,07,04,10,09
2020031133,08,09,05,11,03
2020031134,11,06,01,05,10
2020031135,05,04,03,10,08
2020031136,06,11,01,08,10
2020031137,09,08,03,06,10
2020031138,01,03,09,04,02
2020031139,01,03,09,08,11
2020031140,03,01,09,04,06
2020031141,01,10,04,09,06
2020031201,06,01,11,07,05
2020031202,07,01,03,09,02
2020031203,07,05,01,11,02
2020031204,01,08,09,10,05
2020031205,02,06,08,04,10
2020031206,04,03,07,08,06
2020031207,02,11,06,09,10
2020031208,03,05,09,01,07
2020031209,03,04,05,11,07
2020031210,06,05,02,07,04
2020031211,01,08,09,04,06
2020031212,07,11,08,05,06
2020031213,10,06,02,07,01
2020031214,10,08,06,02,05
2020031215,11,06,10,01,07
2020031216,05,07,06,02,10
2020031217,06,10,11,01,03
2020031218,08,07,02,01,11
2020031219,11,10,04,02,09
2020031220,05,10,09,04,01
2020031221,08,09,05,07,01
2020031222,06,03,08,05,09
2020031223,08,07,01,10,02
2020031224,02,05,06,10,09
2020031225,09,01,11,08,07
2020031226,05,10,04,09,01
2020031227,07,01,08,06,10
2020031228,08,04,05,02,01
2020031229,08,11,01,04,05
2020031230,01,02,06,09,07
2020031231,10,02,05,01,03
2020031232,08,10,07,09,05
2020031233,03,01,02,05,10
2020031234,02,08,06,11,09
2020031235,10,11,03,06,08
2020031236,06,11,10,09,04
2020031237,09,07,05,04,06
2020031238,08,07,10,03,04
2020031239,11,10,09,01,07
2020031240,02,10,08,04,01
2020031241,09,02,05,08,06
2020031301,08,09,04,11,06
2020031302,08,11,05,02,07
2020031303,02,05,09,08,03
2020031304,06,08,03,05,07
2020031305,05,01,11,10,08
2020031306,11,01,09,05,08
2020031307,05,04,06,09,11
2020031308,10,05,07,03,04
2020031309,06,03,05,04,07
2020031310,10,03,05,01,06
2020031311,04,11,05,07,02
2020031312,09,07,06,10,11
2020031313,04,02,07,01,08
2020031314,02,11,09,03,04
2020031315,11,06,01,10,05
2020031316,06,07,08,05,02
2020031317,03,06,02,01,09
2020031318,10,02,03,09,05
2020031319,11,03,06,01,09
2020031320,09,01,03,04,05
2020031321,06,04,03,08,11
2020031322,05,07,03,01,10
2020031323,08,05,03,07,02
2020031324,09,01,07,03,02
2020031325,11,04,10,05,01
2020031326,05,10,06,02,03
2020031327,10,07,01,08,02
2020031328,04,09,01,06,03
2020031329,05,07,02,08,06
2020031330,09,08,11,06,05
2020031331,02,09,03,01,07
2020031332,09,02,05,04,01
2020031333,01,10,04,06,11
2020031334,07,06,05,04,01
2020031335,10,03,11,01,07
2020031336,04,03,08,09,02
2020031337,09,08,06,11,07
2020031338,10,07,06,08,03
2020031339,09,04,08,03,11
