2020040101,08,01,05,02,07
2020040102,10,09,01,03,07
2020040103,06,07,01,09,10
2020040104,07,08,03,10,04
2020040105,04,09,01,06,10
2020040106,04,05,08,10,02
2020040107,09,02,10,04,06
2020040108,04,01,07,02,03
2020040109,09,01,10,05,11
2020040110,02,05,08,11,06
2020040111,03,09,07,02,10
2020040112,08,11,04,09,10
2020040113,05,08,04,09,11
2020040114,09,07,08,11,10
2020040115,03,07,05,11,10
2020040116,10,04,02,11,03
2020040117,03,09,01,04,10
2020040118,09,08,04,06,02
2020040119,03,02,05,01,08
2020040120,07,03,06,08,10
2020040121,01,08,09,05,10
2020040122,02,07,05,09,03
2020040123,05,11,02,01,04
2020040124,01,06,05,09,04
2020040125,06,08,11,05,09
2020040126,06,02,04,05,01
2020040127,01,03,09,04,02
2020040128,11,05,01,10,08
2020040129,09,03,08,06,04
2020040130,08,06,11,04,07
2020040131,07,06,09,05,01
2020040132,08,04,09,03,10
2020040133,04,01,07,11,08
2020040134,08,01,11,10,02
2020040135,11,02,05,07,06
2020040136,05,07,10,08,01
2020040137,03,10,01,11,05
2020040138,11,02,03,10,08
