2019090101,06,09,03,08,01
2019090102,04,09,10,11,07
2019090103,02,06,10,11,03
2019090104,01,02,10,07,08
2019090105,06,10,09,07,04
2019090106,11,02,05,09,07
2019090107,06,07,03,05,02
2019090108,01,05,06,04,08
2019090109,11,10,04,08,06
2019090110,10,03,04,07,02
2019090111,03,10,02,05,08
2019090112,05,08,07,11,03
2019090113,05,10,09,02,11
2019090114,03,11,09,07,08
2019090115,11,01,08,05,03
2019090116,08,03,06,11,02
2019090117,01,04,11,05,02
2019090118,06,08,07,04,02
2019090119,06,05,09,10,07
2019090120,01,11,06,10,05
2019090121,09,05,08,03,02
2019090122,05,09,01,02,03
2019090123,11,01,08,05,06
2019090124,07,03,10,02,09
2019090125,06,01,11,04,03
2019090126,08,09,02,03,07
2019090127,06,02,07,10,04
2019090128,05,11,09,06,02
2019090129,08,03,10,05,06
2019090130,05,10,01,06,07
2019090131,08,02,09,07,03
2019090132,01,05,06,04,11
2019090133,10,02,05,03,11
2019090134,09,06,08,03,07
2019090135,05,01,08,07,04
2019090136,06,09,11,02,10
2019090137,11,07,08,04,01
2019090138,03,04,11,08,01
2019090139,01,07,08,11,03
2019090140,02,11,06,04,03
2019090141,03,01,02,05,07
2019090201,11,01,07,05,02
2019090202,10,01,03,07,06
2019090203,02,04,05,08,03
2019090204,09,05,07,03,10
2019090205,07,08,11,06,02
2019090206,08,10,07,04,01
2019090207,11,05,02,07,04
2019090208,10,08,03,06,09
2019090209,04,07,11,01,10
2019090210,04,01,10,11,06
2019090211,07,05,04,02,03
2019090212,07,08,11,06,09
2019090213,06,07,05,04,08
2019090214,06,04,02,11,01
2019090215,03,05,08,01,04
2019090216,04,01,11,05,09
2019090217,04,07,11,03,06
2019090218,01,11,05,10,03
2019090219,05,04,06,11,08
2019090220,01,09,04,10,05
2019090221,11,04,02,01,08
2019090222,09,11,08,04,06
2019090223,01,06,03,04,10
2019090224,01,08,10,03,02
2019090225,05,01,04,02,03
2019090226,07,05,09,10,02
2019090227,08,02,06,11,09
2019090228,09,11,10,01,08
2019090229,04,09,07,05,06
2019090230,02,10,03,11,07
2019090231,10,02,04,11,09
2019090232,08,10,06,05,07
2019090233,06,04,08,10,03
