2019120101,04,11,02,05,06
2019120102,10,02,11,08,01
2019120103,06,08,02,05,10
2019120104,01,07,11,04,10
2019120105,06,03,01,04,09
2019120106,06,01,03,04,02
2019120107,03,06,11,10,04
2019120108,02,10,08,07,04
2019120109,08,07,06,10,09
2019120110,03,02,04,07,09
2019120111,04,05,02,01,06
2019120112,10,06,01,03,02
2019120113,08,02,05,06,07
2019120114,08,03,06,10,05
2019120115,03,09,01,07,08
2019120116,11,08,04,02,01
2019120117,03,04,08,01,05
2019120118,01,03,02,06,11
2019120119,06,10,03,11,08
2019120120,02,01,06,04,07
2019120121,09,01,11,10,05
2019120122,04,02,07,08,03
2019120123,11,06,04,05,10
2019120124,04,02,09,10,06
2019120125,05,03,04,11,07
2019120126,11,03,02,10,01
2019120127,01,10,06,08,09
2019120128,05,01,09,11,02
2019120129,01,09,10,05,03
2019120130,07,01,02,11,08
2019120131,06,05,07,03,08
2019120132,11,02,10,01,04
2019120133,03,09,10,06,11
2019120134,08,09,05,01,04
2019120135,10,08,11,06,05
2019120136,04,03,10,07,09
2019120137,06,01,09,04,10
