2020110101,11,04,03,06,02
2020110102,01,05,06,10,04
2020110103,08,05,02,09,01
2020110104,05,09,08,07,02
2020110105,02,09,11,10,01
2020110106,03,02,07,04,01
2020110107,08,02,01,11,06
2020110108,10,04,02,01,03
2020110109,05,06,11,07,02
2020110110,04,02,06,05,01
2020110111,09,04,05,02,08
2020110112,03,04,09,11,01
2020110113,08,10,03,02,05
2020110114,10,08,11,02,09
2020110115,08,01,07,11,06
2020110116,11,05,02,08,03
2020110117,08,04,06,09,05
2020110118,04,08,10,11,02
2020110119,05,07,02,11,08
2020110120,09,06,08,02,04
2020110121,08,04,07,09,01
2020110122,11,01,02,08,05
2020110123,07,09,04,11,10
2020110124,05,10,08,07,09
2020110125,03,06,07,05,01
2020110126,05,03,06,02,07
2020110127,07,09,04,08,06
2020110128,03,07,06,08,05
2020110129,07,04,08,10,01
2020110130,09,04,05,06,02
2020110131,03,02,11,06,08
2020110132,09,07,05,11,02
2020110133,04,03,10,08,02
2020110134,02,11,09,07,05
2020110135,10,08,09,02,04
2020110136,09,02,01,05,08
2020110137,11,10,07,03,06
2020110138,06,08,01,10,05
2020110139,01,10,07,08,11
2020110140,10,08,05,11,03
2020110141,03,08,06,05,10
2020110142,03,06,02,07,05
2020110143,06,01,10,05,09
