2020031301,03,05,09,02,04
2020031302,03,08,07,05,09
2020031303,09,10,03,07,05
2020031304,10,09,03,05,08
2020031305,02,09,07,06,03
2020031306,11,05,03,04,08
2020031307,06,05,08,04,11
2020031308,05,06,07,08,02
2020031309,07,09,10,05,04
2020031310,03,08,09,07,04
2020031311,02,04,03,08,01
2020031312,09,10,01,03,05
2020031313,07,04,11,08,01
2020031314,03,11,04,06,09
2020031315,08,04,02,09,01
2020031316,10,07,06,03,05
2020031317,07,01,11,02,04
2020031318,07,05,11,06,04
2020031319,01,02,06,09,03
2020031320,04,07,01,08,05
2020031321,09,04,06,05,08
2020031322,04,07,02,11,09
2020031323,05,02,04,11,07
2020031324,01,09,10,05,03
2020031325,07,04,08,05,06
2020031326,01,10,11,07,09
2020031327,08,04,03,02,10
2020031328,08,04,01,11,05
2020031329,09,01,11,06,02
2020031330,11,08,07,09,05
2020031331,06,02,05,04,11
2020031332,01,03,07,05,10
2020031333,06,08,02,03,07
2020031334,09,03,07,04,11
2020031335,07,03,05,04,06
2020031336,07,03,01,10,09
2020031337,09,03,05,11,07
2020031338,05,06,08,01,11
2020031339,03,10,07,02,04
2020031340,09,06,02,05,03
2020031341,08,07,06,11,09
