2019081729,07,01,05,04,09
2019081730,07,08,02,06,03
2019081731,05,09,03,10,04
2019081732,04,03,08,11,09
2019081733,06,10,07,11,01
2019081734,03,02,01,08,11
2019081735,08,06,07,03,10
2019081736,07,11,08,02,01
2019081737,04,11,01,08,05
2019081738,11,08,04,09,06
2019081739,09,08,06,02,03
2019081740,03,02,11,08,09
2019081741,10,03,11,06,07
2019081742,07,04,11,05,10
2019081743,05,06,08,02,10
2019081801,02,07,03,06,08
2019081802,04,11,07,01,05
2019081803,08,10,04,06,02
2019081804,10,07,02,04,05
2019081805,04,03,11,09,01
2019081806,10,08,09,03,04
2019081807,11,07,10,08,01
2019081808,04,01,10,07,08
2019081809,06,04,08,02,11
2019081810,09,04,03,06,02
2019081811,03,05,04,08,06
2019081812,09,08,01,05,04
2019081813,01,07,09,08,10
2019081814,02,01,07,04,08
2019081815,07,09,05,04,01
2019081816,10,08,02,06,05
2019081817,05,04,06,08,03
2019081818,09,01,02,11,03
2019081819,05,11,02,07,10
2019081820,10,04,01,07,08
2019081821,01,04,05,08,11
2019081822,08,03,10,09,01
2019081823,03,05,01,11,07
2019081824,04,08,06,03,02
2019081825,11,01,09,04,06
2019081826,01,06,09,02,08
2019081827,10,02,11,03,06
2019081828,01,05,08,10,11
2019081829,01,03,06,07,02
2019081830,09,11,02,04,01
2019081831,08,11,01,03,02
2019081832,05,06,02,09,11
2019081833,09,11,02,06,05
2019081834,04,07,09,02,03
2019081835,11,02,06,04,09
2019081836,07,09,05,02,04
2019081837,02,03,06,08,04
2019081838,02,01,05,03,08
2019081839,07,01,10,04,02
2019081840,06,10,11,05,02
2019081841,11,02,03,05,10
2019081842,04,08,01,06,09
2019081843,11,06,01,10,07
2019081901,01,11,03,04,06
2019081902,06,05,09,10,02
2019081903,02,04,09,10,06
2019081904,09,04,10,01,07
2019081905,07,04,09,03,10
2019081906,04,06,07,08,01
2019081907,05,11,10,01,08
2019081908,11,02,05,10,03
2019081909,07,04,05,02,01
2019081910,08,11,09,04,10
2019081911,02,04,09,05,03
2019081912,05,04,03,08,02
2019081913,10,06,02,09,07
2019081914,03,06,09,10,01
2019081915,11,05,10,01,03
2019081916,11,05,02,07,01
2019081917,01,06,07,02,08
2019081918,04,01,09,07,11
2019081919,10,09,01,08,06
2019081920,11,08,10,04,03
2019081921,10,05,03,02,07
2019081922,03,06,11,05,09
2019081923,01,06,04,07,10
2019081924,04,09,05,10,08
2019081925,07,05,03,11,09
2019081926,02,05,06,08,11
2019081927,01,04,02,10,03
2019081928,10,06,05,03,02
2019081929,09,07,01,08,11
2019081930,06,08,10,03,07
2019081931,05,11,07,03,04
2019081932,01,02,11,06,05
2019081933,10,06,03,07,11
2019081934,07,02,04,10,01
2019081935,02,09,11,01,07
2019081936,02,05,07,09,06
2019081937,10,07,05,06,01
2019081938,06,04,10,11,02
2019081939,10,07,04,09,03
2019081940,03,01,04,11,05
2019081941,01,03,11,09,10
2019081942,08,10,03,01,06
2019081943,07,11,04,03,09
2019082001,10,11,02,08,09
2019082002,03,11,08,01,04
2019082003,01,09,02,04,08
2019082004,04,08,11,09,07
2019082005,11,03,01,08,04
2019082006,07,01,09,11,10
2019082007,06,03,09,05,01
2019082008,01,08,10,06,05
2019082009,10,04,02,07,11
2019082010,10,06,01,11,07
2019082011,10,04,01,02,08
2019082012,01,11,03,06,09
2019082013,06,04,07,03,11
2019082014,07,08,01,11,06
2019082015,09,02,03,10,07
2019082016,06,08,04,02,03
2019082017,03,09,10,08,01
2019082018,06,01,08,05,11
2019082019,06,07,11,03,05
2019082020,10,02,03,06,08
2019082021,11,04,07,01,08
2019082022,01,10,02,04,11
2019082023,08,06,11,04,02
2019082024,02,03,08,04,09
2019082025,09,07,11,05,06
2019082026,08,07,10,03,09
2019082027,02,01,07,03,04
2019082028,02,04,07,09,10
2019082029,07,09,05,01,02
2019082030,11,10,07,09,08
2019082031,11,10,06,01,03
2019082032,05,07,11,08,04
2019082033,10,05,01,07,09
2019082034,02,03,01,09,10
2019082035,09,07,10,06,02
2019082036,02,06,01,04,10
2019082037,07,04,10,05,08
2019082038,04,05,03,10,01
2019082039,07,01,11,05,02
2019082040,04,11,09,07,03
2019082041,10,08,05,07,06
2019082042,08,06,10,02,05
2019082043,04,08,02,10,09
2019082101,05,01,09,03,11
2019082102,10,08,01,06,04
2019082103,01,10,11,06,07
2019082104,04,03,11,10,06
2019082105,08,09,01,05,10
2019082106,05,02,08,07,06
2019082107,03,01,06,04,09
2019082108,08,04,11,07,05
2019082109,06,08,04,01,09
2019082110,03,02,08,06,01
2019082111,10,01,08,06,04
2019082112,01,06,07,02,11
2019082113,05,11,09,03,02
2019082114,10,07,09,01,03
2019082115,05,01,06,07,02
2019082116,03,06,10,04,07
2019082117,05,10,04,06,07
2019082118,11,03,05,07,04
2019082119,07,06,04,03,08
2019082120,02,11,01,07,10
2019082121,05,03,01,02,04
2019082122,04,02,05,11,08
2019082123,10,03,01,06,05
2019082124,04,01,09,08,06
2019082125,04,05,01,09,02
2019082126,02,11,10,08,03
2019082127,02,04,10,01,06
2019082128,02,10,08,07,05
2019082129,09,10,01,02,03
2019082130,07,08,06,01,03
2019082131,11,06,05,09,01
2019082132,10,04,06,05,07
2019082133,08,09,02,05,07
2019082134,11,01,08,06,02
2019082135,06,05,02,01,10
2019082136,10,06,05,04,09
2019082137,07,03,11,08,02
2019082138,04,01,03,08,09
2019082139,01,06,04,05,03
2019082140,06,07,10,03,11
2019082141,05,03,01,02,06
2019082142,04,02,03,08,07
2019082143,10,08,11,03,01
2019082201,01,02,04,03,11
2019082202,11,01,08,03,10
2019082203,07,03,05,11,09
2019082204,07,05,09,11,03
2019082205,08,09,05,10,01
2019082206,03,01,09,05,07
2019082207,10,09,03,06,11
2019082208,07,06,02,05,04
2019082209,08,02,03,05,01
2019082210,04,07,01,10,06
2019082211,02,09,08,03,06
2019082212,03,01,11,02,06
2019082213,06,07,01,10,02
2019082214,05,10,11,08,04
2019082215,01,09,08,06,11
2019082216,05,07,10,08,02
2019082217,09,03,08,04,05
2019082218,06,11,07,02,08
2019082219,05,02,09,01,03
2019082220,02,06,08,11,07
2019082221,10,03,02,11,04
2019082222,10,09,06,04,08
2019082223,09,06,11,04,03
2019082224,10,04,05,07,08
2019082225,04,03,01,10,11
2019082226,09,02,07,05,10
2019082227,11,03,04,05,01
2019082228,01,05,02,03,10
2019082229,01,04,05,07,06
2019082230,03,08,06,01,10
2019082231,01,10,06,05,04
2019082232,07,11,03,04,05
2019082233,06,05,02,08,03
2019082234,10,11,09,05,01
2019082235,10,03,06,01,07
2019082236,05,03,09,07,01
2019082237,08,05,09,01,06
2019082238,06,02,08,10,05
2019082239,06,03,09,11,04
2019082240,02,03,11,10,05
2019082241,04,09,06,03,07
2019082242,03,10,07,05,11
2019082243,04,03,02,07,05
2019082301,03,05,08,11,09
2019082302,06,01,04,03,09
2019082303,08,10,01,03,06
2019082304,04,07,01,06,11
2019082305,04,03,08,11,09
2019082306,10,04,01,06,08
2019082307,04,09,01,11,07
2019082308,09,04,06,03,05
2019082309,07,02,08,04,01
2019082310,04,01,10,07,03
2019082311,08,10,06,09,05
2019082312,01,05,10,06,09
2019082313,09,06,03,01,04
2019082314,04,03,05,09,07
2019082315,08,06,03,10,05
2019082316,10,06,09,07,02
2019082317,07,08,03,06,11
2019082318,09,11,05,06,07
2019082319,09,03,11,05,07
2019082320,11,06,03,01,02
2019082321,09,06,01,11,02
2019082322,10,06,07,08,03
2019082323,08,11,02,04,09
2019082324,08,04,06,01,05
2019082325,07,03,01,06,05
2019082326,11,06,04,09,10
2019082327,10,06,04,11,08
2019082328,04,08,11,07,06
2019082329,02,11,07,09,01
2019082330,03,10,02,07,04
2019082331,05,09,03,04,06
2019082332,02,10,08,06,01
2019082333,07,05,06,04,02
2019082334,01,03,07,05,10
2019082335,09,06,08,11,10
