2020040101,08,06,05,10,01
2020040102,08,05,04,07,02
2020040103,05,02,04,08,01
2020040104,10,03,07,02,06
2020040105,01,11,08,06,07
2020040106,11,04,02,06,07
2020040107,01,11,07,10,08
2020040108,07,11,06,03,09
2020040109,05,06,11,01,09
2020040110,06,07,08,03,05
2020040111,02,09,01,10,03
2020040112,08,11,10,04,03
2020040113,11,04,05,10,09
2020040114,09,02,08,03,06
2020040115,07,10,11,05,04
2020040116,05,02,01,10,09
2020040117,10,04,05,09,08
2020040118,07,05,06,10,09
2020040119,01,10,11,04,07
2020040120,03,07,11,02,09
2020040121,10,02,03,11,07
2020040122,04,07,02,01,11
2020040123,01,02,05,04,09
2020040124,03,06,11,08,07
2020040125,07,06,02,04,03
2020040126,11,08,10,09,06
2020040127,02,10,01,03,07
2020040128,10,09,05,04,11
2020040129,03,11,05,10,08
2020040130,01,03,04,11,09
2020040131,01,07,09,02,10
2020040132,04,02,10,06,01
2020040133,03,07,09,02,10
2020040134,03,07,04,09,10
2020040135,11,03,09,02,04
2020040136,05,09,03,01,06
2020040137,09,07,04,06,02
2020040138,02,06,08,11,07
2020040139,05,06,04,10,01
2020040140,09,06,10,01,03
2020040141,04,02,05,06,11
