2020010101,05,02,03,07,11
2020010102,10,08,01,04,06
2020010103,10,07,02,03,01
2020010104,07,08,01,06,11
2020010105,09,08,10,07,04
2020010106,11,04,05,09,02
2020010107,11,08,04,09,02
2020010108,09,10,01,03,05
2020010109,09,11,01,05,03
2020010110,05,09,08,01,06
2020010111,05,11,03,10,04
2020010112,06,11,05,08,09
2020010113,09,06,07,01,04
2020010114,10,06,01,11,02
2020010115,08,03,02,06,04
2020010116,09,11,04,01,02
2020010117,11,04,03,09,08
2020010118,09,11,07,04,10
2020010119,09,03,01,10,04
2020010120,02,01,03,09,11
2020010121,02,07,11,05,09
2020010122,11,04,09,05,07
2020010123,08,04,01,09,07
2020010124,09,11,01,10,02
2020010125,04,10,06,05,08
2020010126,09,08,11,10,05
2020010127,06,02,11,07,03
2020010128,05,01,03,04,08
2020010129,01,10,04,03,09
2020010130,01,11,09,07,05
2020010131,10,04,03,08,09
2020010132,04,02,11,09,07
2020010133,06,01,07,03,02
2020010134,08,07,11,01,10
2020010135,10,08,01,03,05
2020010136,04,10,02,01,06
2020010137,01,07,05,03,08
2020010138,05,03,09,10,02
2020010139,10,02,07,03,11
