2019090101,05,01,08,07,06
2019090102,04,05,10,09,11
2019090103,04,09,03,05,11
2019090104,06,07,03,04,02
2019090105,08,11,10,04,06
2019090106,01,09,06,04,11
2019090107,02,10,09,11,03
2019090108,02,09,08,05,01
2019090109,07,04,08,06,03
2019090110,11,04,02,07,01
2019090111,04,07,03,08,06
2019090112,02,03,10,11,01
2019090113,03,09,06,07,01
2019090114,11,03,07,06,08
2019090115,10,07,03,08,04
2019090116,06,10,09,08,07
2019090117,02,08,06,05,07
2019090118,04,06,11,03,02
2019090119,11,07,10,09,05
2019090120,07,04,01,08,05
2019090121,03,10,08,02,07
2019090122,04,09,03,10,07
2019090123,06,05,09,03,10
2019090124,09,08,04,02,07
2019090125,01,09,02,06,11
2019090126,10,02,01,06,11
2019090127,04,06,09,07,03
2019090128,11,01,03,02,04
2019090129,11,02,07,09,05
2019090130,11,09,10,07,01
2019090131,10,08,02,11,01
2019090132,01,07,08,09,06
2019090133,07,11,08,02,03
2019090134,02,11,07,03,01
2019090135,03,05,04,11,07
