2020060101,03,04,08,09,11
2020060102,07,03,08,05,10
2020060103,03,02,01,07,05
2020060104,09,02,03,08,07
2020060105,07,10,03,06,09
2020060106,09,01,11,07,05
2020060107,03,05,08,10,11
2020060108,06,07,11,04,03
2020060109,02,11,09,06,01
2020060110,01,06,09,10,11
2020060111,02,07,10,03,04
2020060112,04,08,10,09,01
2020060113,02,06,04,10,08
2020060114,03,09,04,10,11
2020060115,04,09,11,08,06
2020060116,03,08,01,02,06
2020060117,03,05,02,09,07
2020060118,04,03,10,07,05
2020060119,07,10,11,03,04
2020060120,06,05,03,07,01
2020060121,09,07,03,05,10
2020060122,07,02,11,09,03
2020060123,04,09,11,08,05
2020060124,09,02,03,04,11
2020060125,04,09,02,06,10
2020060126,09,07,11,05,04
2020060127,08,10,04,06,05
2020060128,03,11,06,09,08
2020060129,10,03,11,07,08
2020060130,02,01,04,03,06
2020060131,07,08,05,10,06
2020060132,11,08,06,10,01
2020060133,04,09,07,05,10
2020060134,10,09,06,11,04
2020060135,06,05,09,11,01
2020060136,06,08,07,09,10
2020060137,11,08,04,05,02
2020060138,01,03,05,10,07
2020060139,02,01,11,10,09
2020060140,07,11,01,08,05
2020060141,09,01,08,04,03
2020060142,04,02,09,10,05
2020060143,02,01,03,05,06
2020060144,11,10,04,09,08
2020060145,06,03,05,10,09
2020060201,03,08,11,02,06
2020060202,10,02,07,11,04
2020060203,09,01,07,08,10
2020060204,09,05,04,03,01
2020060205,02,05,07,01,06
2020060206,01,04,05,10,08
2020060207,07,09,06,11,10
2020060208,07,10,09,03,05
2020060209,07,08,05,09,10
2020060210,01,07,05,03,11
2020060211,06,11,05,08,07
2020060212,03,01,02,06,10
2020060213,10,02,04,11,07
2020060214,04,06,08,09,11
2020060215,03,04,06,02,08
2020060216,02,05,08,10,06
2020060217,11,06,10,07,02
2020060218,10,03,08,01,11
2020060219,10,03,09,06,08
2020060220,05,10,09,07,02
2020060221,11,04,09,03,02
2020060222,08,05,02,10,04
2020060223,06,02,03,05,01
2020060224,07,11,04,05,01
2020060225,05,06,01,04,09
2020060226,04,03,05,09,10
2020060227,04,06,01,08,03
2020060228,02,10,08,06,01
2020060229,05,02,10,09,04
2020060230,05,07,10,06,11
2020060231,11,04,07,01,06
2020060232,11,04,06,10,05
2020060233,01,07,05,02,09
2020060234,08,05,09,03,11
2020060235,09,10,08,05,02
2020060236,10,09,06,02,03
2020060237,05,08,01,10,07
2020060238,04,07,11,03,08
2020060239,06,07,01,03,05
2020060240,07,02,06,04,01
2020060241,01,10,06,02,11
2020060242,06,08,03,02,10
