2020010101,01,11,06,02,09
2020010102,06,08,03,01,04
2020010103,10,11,05,09,06
2020010104,01,07,04,06,08
2020010105,02,06,05,03,01
2020010106,05,02,04,11,07
2020010107,09,01,06,05,02
2020010108,09,02,08,07,10
2020010109,01,05,04,09,10
2020010110,03,02,01,07,05
2020010111,11,03,06,09,01
2020010112,02,07,11,03,09
2020010113,11,09,06,02,05
2020010114,03,04,11,07,08
2020010115,05,10,01,11,08
2020010116,05,07,03,02,08
2020010117,04,02,05,06,10
2020010118,11,09,06,02,03
2020010119,02,08,01,04,07
2020010120,10,05,08,03,11
2020010121,01,06,09,04,02
2020010122,05,03,04,01,02
2020010123,01,06,10,04,03
2020010124,06,03,11,07,04
2020010125,06,05,03,07,10
2020010126,11,09,07,10,01
2020010127,11,03,02,08,10
2020010128,10,09,07,01,02
2020010129,02,01,09,11,06
2020010130,05,07,04,01,09
2020010131,07,01,08,03,04
2020010132,02,08,03,07,06
2020010133,04,03,06,11,05
2020010134,03,10,07,02,09
2020010135,02,01,04,07,05
2020010136,04,06,11,07,02
2020010137,03,10,11,05,02
2020010138,06,11,03,08,10
