2020090101,08,03,02,11,01
2020090102,02,10,09,06,01
2020090103,07,03,06,02,11
2020090104,03,08,05,06,11
2020090105,06,04,05,03,08
2020090106,01,06,10,04,05
2020090107,10,03,06,02,09
2020090108,10,02,11,01,04
2020090109,05,10,11,07,08
2020090110,04,03,08,06,10
2020090111,01,06,03,02,09
2020090112,07,03,01,08,09
2020090113,02,05,10,06,07
2020090114,11,09,02,03,08
2020090115,06,11,03,01,09
2020090116,11,07,09,03,06
2020090117,05,10,03,04,07
2020090118,06,11,03,10,08
2020090119,06,05,02,09,11
2020090120,06,09,08,07,11
2020090121,01,06,05,04,02
2020090122,03,02,05,11,09
2020090123,04,01,05,07,11
2020090124,03,04,08,11,05
2020090125,09,04,11,07,06
2020090126,04,03,11,06,08
2020090127,08,04,02,06,10
2020090128,10,02,08,03,06
2020090129,11,01,05,02,06
2020090130,07,10,06,03,08
2020090131,04,09,02,03,06
2020090132,05,02,04,09,11
2020090133,10,09,07,03,01
2020090134,09,05,06,10,04
2020090135,09,08,10,07,05
2020090136,02,01,03,05,09
2020090137,01,05,09,11,04
2020090138,01,10,03,04,02
2020090139,06,07,10,09,03
2020090140,03,05,10,02,09
2020090141,11,08,09,10,06
2020090142,04,01,02,06,05
2020090143,03,07,10,01,04
2020090144,02,10,03,05,08
