2019090101,03,07,06,08,02
2019090102,07,08,04,10,09
2019090103,04,10,08,11,05
2019090104,02,03,07,06,09
2019090105,11,08,07,05,09
2019090106,05,01,07,03,09
2019090107,03,11,01,07,04
2019090108,06,08,02,04,11
2019090109,08,09,01,07,10
2019090110,03,05,07,08,11
2019090111,02,11,05,08,03
2019090112,05,09,03,06,10
2019090113,10,05,09,11,06
2019090114,03,10,07,01,02
2019090115,01,10,02,03,04
2019090116,09,06,03,05,08
2019090117,08,09,11,07,10
2019090118,01,10,03,09,04
2019090119,04,05,08,07,10
2019090120,05,04,11,03,06
2019090121,05,10,07,01,11
2019090122,07,09,02,01,11
2019090123,01,05,11,06,03
2019090124,07,03,11,02,09
2019090125,10,09,06,01,02
2019090126,01,05,07,08,02
2019090127,04,07,03,11,09
2019090128,10,03,01,04,07
2019090129,07,05,02,04,03
2019090130,08,03,04,06,10
2019090131,11,01,10,04,08
2019090132,05,07,08,11,01
2019090133,01,04,06,05,09
2019090134,03,11,07,02,04
2019090135,11,06,07,02,09
