2020070139,05,04,02,06,01
2020070140,06,02,03,10,04
2020070141,09,01,06,03,04
2020070142,01,02,06,10,09
2020070143,11,06,03,04,09
2020070144,08,06,01,09,05
2020070201,02,10,06,11,08
2020070202,02,01,10,03,08
2020070203,02,09,05,03,06
2020070204,04,06,10,07,11
2020070205,06,08,02,01,10
2020070206,06,10,04,05,01
2020070207,09,05,01,08,06
2020070208,09,02,07,08,03
2020070209,04,08,06,05,09
2020070210,11,01,08,09,04
2020070211,05,02,11,08,01
2020070212,02,04,10,03,01
2020070213,01,03,08,06,04
2020070214,05,08,07,10,01
2020070215,02,09,10,08,01
2020070216,02,05,01,03,11
2020070217,03,10,02,08,11
2020070218,11,02,03,10,05
2020070219,09,07,03,06,01
2020070220,10,03,01,06,05
2020070221,09,04,10,03,08
2020070222,01,03,11,05,10
2020070223,10,06,04,09,05
2020070224,02,11,10,09,03
2020070225,03,08,05,07,11
2020070226,11,02,05,04,06
2020070227,10,11,02,03,04
2020070228,09,06,11,07,08
2020070229,11,03,09,07,06
2020070230,10,11,06,03,05
2020070231,09,04,11,07,08
2020070232,09,11,04,06,08
2020070233,09,04,05,01,03
2020070234,08,07,10,09,11
2020070235,11,03,01,02,10
2020070236,02,01,07,08,11
2020070237,02,11,07,05,01
2020070238,02,03,07,05,11
2020070239,09,02,07,05,04
2020070240,03,01,07,10,04
2020070241,02,03,09,05,08
2020070242,02,06,01,05,09
2020070243,08,03,11,01,02
2020070244,09,01,05,08,10
2020070301,03,09,02,01,07
2020070302,06,04,03,07,01
2020070303,08,10,11,07,05
2020070304,08,04,11,01,02
2020070305,05,02,04,11,01
2020070306,03,09,07,01,11
2020070307,04,08,02,06,05
2020070308,01,04,07,11,02
2020070309,08,07,11,02,10
2020070310,05,11,10,07,04
2020070311,06,10,09,04,02
2020070312,06,09,07,10,04
2020070313,04,01,05,06,08
2020070314,08,10,09,06,05
2020070315,08,09,01,10,03
2020070316,10,09,11,05,07
2020070317,01,03,02,06,10
2020070318,10,08,03,06,05
2020070319,10,11,01,09,08
2020070320,04,07,05,01,02
2020070321,03,06,10,02,04
2020070322,10,01,04,06,11
2020070323,10,09,03,05,04
2020070324,06,08,05,02,03
2020070325,10,08,06,04,07
2020070326,11,04,05,08,01
2020070327,02,11,07,04,06
2020070328,01,09,11,04,06
2020070329,03,01,05,09,10
2020070330,10,09,05,02,08
2020070331,08,06,01,03,02
2020070332,03,05,02,08,11
2020070333,02,10,01,05,11
2020070334,08,09,10,03,02
2020070335,01,08,05,06,04
2020070336,10,06,01,09,07
2020070337,11,10,09,04,02
2020070338,10,06,07,02,08
2020070339,02,06,09,01,05
2020070340,04,09,07,06,03
2020070341,06,11,04,02,09
2020070342,08,02,11,03,10
2020070343,11,05,03,08,10
2020070344,08,04,09,02,05
2020070401,01,03,02,07,04
2020070402,05,03,02,07,08
2020070403,05,07,03,06,10
2020070404,06,09,07,08,11
2020070405,01,10,03,08,07
2020070406,04,09,02,01,05
2020070407,04,03,08,09,10
2020070408,02,01,03,09,11
2020070409,02,09,05,06,07
2020070410,07,06,10,03,08
2020070411,01,10,05,04,08
2020070412,04,09,05,01,06
2020070413,04,05,01,03,10
2020070414,06,10,11,09,05
2020070415,02,10,01,07,09
2020070416,04,07,11,09,10
2020070417,11,04,09,03,06
2020070418,02,11,10,09,03
2020070419,03,02,04,05,06
2020070420,07,05,01,10,08
2020070421,09,08,03,07,06
2020070422,09,06,03,07,01
2020070423,07,05,09,02,01
2020070424,05,03,10,07,08
2020070425,09,10,04,11,08
2020070426,06,09,08,10,05
2020070427,10,11,07,02,09
2020070428,02,11,08,06,05
2020070429,07,09,10,04,03
2020070430,01,02,03,11,07
2020070431,06,08,07,04,10
2020070432,11,08,09,05,10
2020070433,07,02,09,05,08
2020070434,01,07,06,08,11
2020070435,06,02,10,08,07
2020070436,01,02,08,09,06
2020070437,07,11,04,01,05
2020070438,01,11,02,07,05
2020070439,01,03,04,06,05
2020070440,05,02,08,06,01
2020070441,05,07,08,02,09
2020070442,08,09,04,10,05
2020070443,08,11,05,04,02
2020070444,05,11,09,06,08
2020070501,03,10,05,02,04
2020070502,11,07,10,01,09
2020070503,07,02,03,06,05
2020070504,11,03,06,09,07
2020070505,09,07,11,02,04
2020070506,03,01,07,05,09
2020070507,09,04,06,11,05
2020070508,08,07,02,10,06
2020070509,06,08,10,11,07
2020070510,06,05,04,11,03
2020070511,09,06,10,08,05
2020070512,06,04,09,05,10
2020070513,03,02,10,04,11
2020070514,03,08,10,09,11
2020070515,02,08,10,05,11
2020070516,06,03,10,01,04
2020070517,01,08,11,09,05
2020070518,01,10,11,03,08
2020070519,07,02,08,04,09
2020070520,10,11,08,03,01
2020070521,02,10,08,06,01
2020070522,09,08,02,07,04
2020070523,01,07,09,10,04
2020070524,06,07,10,05,01
2020070525,08,06,09,03,10
2020070526,03,11,07,09,06
2020070527,08,09,04,02,10
2020070528,09,06,04,05,02
2020070529,06,01,04,11,03
2020070530,05,01,02,11,07
2020070531,02,04,10,01,11
2020070532,06,05,10,09,03
2020070533,11,10,08,09,06
2020070534,09,04,03,01,11
2020070535,08,01,07,04,09
2020070536,01,09,04,06,03
2020070537,06,10,05,11,09
2020070538,05,04,03,06,02
2020070539,04,09,02,06,08
2020070540,08,09,10,05,06
2020070541,06,08,03,01,02
2020070542,10,02,11,07,08
2020070543,03,02,04,01,09
2020070544,03,02,06,10,11
2020070601,09,04,10,08,05
2020070602,09,08,11,02,03
2020070603,03,04,10,09,06
2020070604,09,05,06,02,08
2020070605,02,01,09,04,07
2020070606,11,10,01,05,07
2020070607,10,09,06,08,03
2020070608,04,07,01,11,05
2020070609,05,08,10,07,04
2020070610,06,01,04,07,10
2020070611,10,02,05,06,09
2020070612,08,11,10,05,01
2020070613,11,01,08,10,04
2020070614,07,02,09,05,04
2020070615,09,01,11,04,05
2020070616,11,01,03,02,05
2020070617,07,01,08,06,09
2020070618,05,07,10,11,01
2020070619,10,05,08,09,01
2020070620,04,02,11,10,05
2020070621,03,05,09,10,02
2020070622,11,04,08,05,10
2020070623,08,09,05,02,11
2020070624,11,09,02,01,08
2020070625,04,07,01,10,03
2020070626,08,04,05,10,03
2020070627,06,07,02,11,10
2020070628,09,01,08,06,02
2020070629,04,03,06,08,10
2020070630,11,10,05,02,04
2020070631,10,05,08,02,07
2020070632,11,06,07,08,04
2020070633,10,01,07,06,04
2020070634,08,11,01,02,09
2020070635,11,09,06,02,10
2020070636,03,08,10,07,11
2020070637,08,11,02,10,07
2020070638,05,03,01,11,04
2020070639,04,10,09,07,02
2020070640,01,11,04,10,05
2020070641,09,05,04,02,11
2020070642,02,04,05,07,03
2020070643,09,04,05,11,07
2020070644,10,01,08,07,03
2020070701,03,08,04,02,05
2020070702,06,07,10,04,08
2020070703,05,10,07,03,09
2020070704,10,03,08,07,09
2020070705,09,05,08,02,04
2020070706,07,04,03,05,08
2020070707,09,02,01,05,11
2020070708,02,04,11,08,10
2020070709,08,09,04,11,06
2020070710,01,07,09,11,05
2020070711,04,07,10,05,01
2020070712,06,07,11,03,10
2020070713,01,02,07,08,04
2020070714,11,09,05,10,07
2020070715,04,03,11,10,05
2020070716,06,09,05,01,08
2020070717,08,07,04,03,10
2020070718,03,04,10,02,01
2020070719,01,11,04,10,02
2020070720,06,03,10,05,07
2020070721,01,10,08,05,09
2020070722,07,03,10,06,04
2020070723,10,01,09,07,11
2020070724,04,01,03,02,07
2020070725,06,08,01,07,11
2020070726,06,07,05,08,10
2020070727,02,07,05,09,10
2020070728,05,01,03,02,04
2020070729,07,01,11,03,02
2020070730,02,07,06,11,05
2020070731,11,06,08,02,09
2020070732,03,04,06,01,11
2020070733,09,02,11,01,10
2020070734,01,05,11,02,07
2020070735,06,08,10,11,02
2020070736,03,07,11,05,06
2020070737,01,05,03,02,10
2020070738,06,10,01,03,07
2020070739,06,05,01,07,08
2020070740,07,08,01,06,02
2020070741,03,05,04,01,09
2020070742,10,04,09,01,07
2020070743,03,06,04,05,02
2020070744,04,03,01,10,07
2020070801,08,10,01,09,05
2020070802,02,05,08,06,03
2020070803,03,09,01,10,08
2020070804,11,07,09,08,02
2020070805,10,06,03,05,01
2020070806,03,06,08,02,09
2020070807,07,10,08,02,04
2020070808,04,05,03,10,01
2020070809,05,09,10,03,08
2020070810,08,05,04,01,09
2020070811,09,08,10,05,03
2020070812,04,05,07,08,10
2020070813,11,08,02,07,04
2020070814,07,10,02,11,04
2020070815,03,09,06,04,05
2020070816,10,08,07,05,09
2020070817,08,06,10,09,02
2020070818,05,07,03,01,10
2020070819,09,10,02,04,08
2020070820,03,11,07,05,06
2020070821,08,07,09,11,02
2020070822,08,10,02,05,01
2020070823,10,07,04,01,02
2020070824,09,03,08,02,04
2020070825,08,06,09,01,02
2020070826,08,10,02,06,04
2020070827,06,11,05,08,01
2020070828,10,09,01,05,08
2020070829,10,05,02,03,04
2020070830,01,11,06,08,04
2020070831,04,07,10,05,08
2020070832,07,05,10,04,09
2020070833,01,10,06,08,04
2020070834,03,09,11,10,07
2020070835,10,03,06,09,05
2020070836,02,07,01,08,05
2020070837,11,06,08,03,09
2020070838,03,04,05,02,09
2020070839,01,11,02,03,08
2020070840,10,02,11,07,03
2020070841,08,03,11,04,05
2020070842,11,09,07,06,10
2020070843,10,02,09,07,08
2020070844,09,03,02,08,04
2020070901,06,07,08,10,02
2020070902,06,03,05,10,01
2020070903,04,07,02,08,09
2020070904,04,02,03,05,01
2020070905,10,04,09,02,07
2020070906,07,06,01,11,02
2020070907,10,03,05,06,01
2020070908,10,08,05,03,02
2020070909,03,01,04,05,09
2020070910,03,01,09,06,10
2020070911,03,02,01,06,05
2020070912,04,11,10,06,03
2020070913,08,06,04,07,09
2020070914,02,04,03,10,06
2020070915,06,10,05,02,03
2020070916,03,01,05,07,02
2020070917,01,02,07,05,10
2020070918,03,05,10,08,06
2020070919,04,01,11,09,02
2020070920,08,06,10,02,01
2020070921,05,09,03,07,08
2020070922,01,08,04,06,03
2020070923,05,06,08,04,02
2020070924,01,03,06,08,10
2020070925,01,05,09,07,11
2020070926,06,09,01,02,04
2020070927,07,08,09,11,04
2020070928,11,02,09,05,06
2020070929,07,02,09,11,05
2020070930,09,10,02,07,05
2020070931,03,11,01,05,04
2020070932,08,11,04,01,09
2020070933,05,08,09,04,01
2020070934,01,02,04,06,07
2020070935,11,10,05,03,02
2020070936,01,09,11,10,08
2020070937,03,02,04,05,07
2020070938,10,02,11,03,05
2020070939,03,07,06,11,02
2020070940,06,07,09,08,02
2020070941,11,04,01,02,10
2020070942,02,10,01,11,07
2020070943,06,10,08,09,03
2020070944,11,04,07,09,03
2020071001,03,08,05,04,07
2020071002,02,08,03,01,04
2020071003,09,08,06,05,03
2020071004,10,11,03,02,07
2020071005,01,11,10,04,05
2020071006,11,07,09,08,10
2020071007,06,02,01,04,08
2020071008,03,11,02,10,07
2020071009,02,04,07,06,05
2020071010,10,06,04,08,05
2020071011,11,02,06,09,08
2020071012,04,03,06,09,10
2020071013,05,04,03,09,07
2020071014,02,06,08,03,11
2020071015,03,02,05,04,01
2020071016,06,09,02,10,03
2020071017,03,05,07,01,10
2020071018,04,03,06,05,08
2020071019,06,02,08,05,09
2020071020,07,02,06,09,01
2020071021,03,01,04,11,08
2020071022,07,05,01,06,11
2020071023,04,02,03,06,05
2020071024,07,06,03,02,09
2020071025,10,06,05,04,07
2020071026,07,01,10,09,08
2020071027,04,08,01,05,06
2020071028,08,07,10,01,05
2020071029,01,06,10,05,08
2020071030,06,07,04,09,08
2020071031,10,07,11,03,05
2020071032,10,07,09,05,06
2020071033,05,01,10,07,06
2020071034,11,06,09,03,10
2020071035,01,08,11,09,02
2020071036,08,09,10,02,04
2020071037,11,03,01,10,05
2020071038,01,11,06,02,04
2020071039,03,04,07,08,01
2020071040,11,03,07,01,10
2020071041,10,02,08,11,09
2020071042,09,05,07,02,03
2020071043,03,02,06,11,01
2020071044,09,11,01,02,08
2020071101,02,09,05,04,10
2020071102,09,03,05,04,06
2020071103,07,10,05,11,08
2020071104,05,08,09,02,10
2020071105,02,04,03,09,07
2020071106,05,04,09,07,03
2020071107,10,05,11,04,06
2020071108,10,02,08,01,07
2020071109,09,06,02,04,03
2020071110,03,05,11,10,02
2020071111,06,11,10,02,09
2020071112,11,09,05,02,10
2020071113,05,10,11,04,03
2020071114,10,07,08,09,06
2020071115,06,07,01,04,10
2020071116,04,08,09,11,01
2020071117,02,03,06,09,11
2020071118,06,01,11,02,09
2020071119,02,05,07,04,08
2020071120,02,10,11,04,07
2020071121,05,06,08,04,09
2020071122,09,11,06,10,02
2020071123,07,04,01,06,10
2020071124,01,03,08,07,11
2020071125,01,05,06,09,11
2020071126,02,11,07,04,09
2020071127,09,07,02,03,04
2020071128,04,07,01,06,11
2020071129,06,03,05,01,09
2020071130,08,01,10,07,04
2020071131,05,06,01,03,09
2020071132,10,06,09,01,07
2020071133,06,01,03,07,02
2020071134,11,05,07,09,01
2020071135,01,07,04,09,05
2020071136,02,04,08,01,09
2020071137,01,08,06,09,10
2020071138,01,08,06,04,05
2020071139,09,10,02,01,11
2020071140,04,02,10,01,03
2020071141,04,06,11,09,10
2020071142,03,05,02,09,11
2020071143,09,05,11,03,10
2020071144,01,07,09,03,05
2020071201,10,08,07,05,04
2020071202,08,07,10,04,06
2020071203,11,10,02,01,09
2020071204,08,04,10,06,01
2020071205,04,01,03,10,09
2020071206,02,06,10,03,08
2020071207,07,02,04,01,10
2020071208,05,03,02,06,10
2020071209,09,03,05,07,02
2020071210,08,11,03,01,07
2020071211,10,06,11,01,07
2020071212,10,02,07,04,09
2020071213,06,11,09,10,02
2020071214,10,09,05,03,04
2020071215,10,07,01,11,03
2020071216,08,06,02,04,01
2020071217,10,09,03,08,11
2020071218,10,01,07,03,09
2020071219,07,06,05,11,04
2020071220,05,08,09,11,03
2020071221,05,08,10,07,02
2020071222,10,11,03,04,09
2020071223,10,01,09,03,02
2020071224,03,06,05,02,01
2020071225,05,10,03,07,09
2020071226,02,05,04,10,03
2020071227,02,03,05,04,10
2020071228,10,09,01,04,02
2020071229,01,04,05,08,03
2020071230,07,09,08,01,06
2020071231,07,08,03,09,06
2020071232,10,02,11,08,04
2020071233,07,03,05,02,04
2020071234,04,03,05,11,09
2020071235,01,03,06,02,10
2020071236,09,06,01,11,02
2020071237,10,02,05,06,11
2020071238,03,05,07,02,11
2020071239,01,02,08,11,07
2020071240,08,03,11,01,09
2020071241,08,06,11,09,01
2020071242,05,11,01,10,09
2020071243,06,07,03,02,09
2020071244,08,11,02,06,10
2020071339,06,05,09,03,04
2020071340,08,09,01,04,03
2020071341,04,07,01,10,08
2020071342,05,02,11,03,09
2020071343,06,07,01,03,02
2020071344,08,06,11,02,10
2020071401,10,05,06,03,09
2020071402,11,09,06,05,10
2020071403,07,08,01,11,02
2020071404,11,09,01,08,05
2020071405,01,11,03,02,04
2020071406,09,05,04,11,06
2020071407,07,05,02,08,11
2020071408,09,01,07,08,10
2020071409,01,10,04,02,07
2020071410,05,01,11,07,02
2020071411,06,08,04,05,09
2020071412,11,01,02,04,06
2020071413,05,01,06,07,10
2020071414,01,04,03,09,11
2020071415,03,08,05,10,06
2020071416,11,07,06,10,08
2020071417,05,03,09,08,06
2020071418,07,06,05,10,09
2020071419,01,08,09,11,04
2020071420,06,10,08,11,02
2020071421,04,02,10,07,09
2020071422,06,09,10,03,02
2020071423,09,04,11,07,01
2020071424,06,05,03,08,09
2020071425,09,11,08,03,07
2020071426,03,11,08,06,07
2020071427,07,02,04,10,11
2020071428,09,08,11,03,05
2020071429,09,06,04,11,10
2020071430,01,09,08,11,04
2020071431,06,03,02,08,10
2020071432,01,06,05,03,02
2020071433,11,03,08,01,09
2020071434,01,08,10,05,06
2020071435,03,09,08,11,06
2020071436,07,08,11,09,03
2020071437,03,11,06,05,04
2020071438,01,02,05,10,09
2020071439,07,03,05,08,06
2020071440,06,02,03,05,07
2020071441,09,02,08,11,04
2020071442,10,07,11,06,02
2020071443,04,02,07,06,08
2020071444,08,03,02,06,07
2020071501,05,11,10,02,01
2020071502,11,03,08,10,05
2020071503,09,04,03,10,08
2020071504,03,11,04,06,01
2020071505,02,08,01,04,10
2020071506,03,07,01,02,05
2020071507,01,03,09,02,11
2020071508,02,05,04,09,08
2020071509,09,02,10,05,07
2020071510,10,05,04,01,06
2020071511,03,01,02,11,08
2020071512,08,04,06,05,09
2020071513,05,06,09,01,02
2020071514,02,10,11,07,03
2020071515,02,08,05,06,03
2020071516,01,02,05,07,06
2020071517,11,10,04,03,05
2020071518,10,05,01,03,09
2020071519,09,06,10,01,05
2020071520,02,08,03,05,09
2020071521,03,09,02,08,05
2020071522,01,08,09,02,11
2020071523,06,02,04,03,07
2020071524,09,10,02,08,01
2020071525,09,08,11,01,05
2020071526,05,09,04,07,11
2020071527,05,01,06,09,03
2020071528,06,02,10,01,11
2020071529,01,04,08,07,06
2020071530,08,04,11,05,06
2020071531,11,03,01,10,09
2020071532,06,04,03,09,07
2020071533,04,07,11,10,01
2020071534,06,05,08,01,02
2020071535,07,10,09,05,01
2020071536,11,05,01,06,08
2020071537,11,02,08,05,09
2020071538,11,09,05,02,03
2020071539,05,11,07,09,10
2020071540,11,03,10,09,08
2020071541,08,07,09,05,02
2020071542,10,03,11,08,09
2020071543,04,08,10,05,11
2020071544,08,06,07,03,09
2020071601,08,11,06,10,01
2020071602,09,04,01,03,08
2020071603,11,05,06,04,08
2020071604,02,11,04,07,09
2020071605,04,02,10,06,08
2020071606,06,11,05,02,08
2020071607,09,05,07,10,02
2020071608,03,01,09,04,05
2020071609,05,02,06,10,11
2020071610,04,03,02,08,07
2020071611,02,01,07,03,09
2020071612,04,02,06,11,03
2020071613,10,07,04,11,01
2020071614,01,04,02,11,03
2020071615,01,07,11,04,08
2020071616,06,07,08,04,11
2020071617,04,07,11,08,03
2020071618,08,06,07,11,09
2020071619,10,07,08,05,01
2020071620,10,05,04,06,07
2020071621,11,04,05,10,09
2020071622,10,05,07,03,06
2020071623,07,08,11,02,04
2020071624,02,04,11,09,10
2020071625,03,01,09,07,08
2020071626,09,03,04,02,06
2020071627,03,02,05,08,06
2020071628,10,09,01,05,06
2020071629,01,03,10,09,02
2020071630,11,07,09,04,06
2020071631,09,07,02,10,08
2020071632,05,08,04,01,11
2020071633,04,06,05,07,09
2020071634,01,04,06,11,09
2020071635,09,10,05,04,03
2020071636,04,03,02,01,05
2020071637,11,01,09,05,10
2020071638,11,06,05,10,08
2020071639,11,03,08,05,02
2020071640,01,05,10,09,11
2020071641,04,06,09,05,08
2020071642,09,08,04,03,07
2020071643,03,10,06,04,11
2020071644,04,06,08,07,05
