2020100501,09,07,05,08,10
2020100502,09,06,08,10,01
2020100503,05,03,09,02,08
2020100504,02,10,08,03,01
2020100505,09,03,11,02,01
2020100506,11,03,08,04,09
2020100507,10,06,05,03,04
2020100508,08,07,10,02,05
2020100509,04,11,05,06,02
2020100510,01,08,07,05,11
2020100511,08,04,11,06,02
2020100512,11,03,07,04,02
2020100513,10,04,11,01,07
2020100514,06,10,08,09,05
2020100515,04,03,02,09,10
2020100516,10,04,08,02,06
2020100517,04,07,01,03,06
2020100518,08,04,11,05,01
2020100519,11,08,09,10,04
2020100520,02,04,09,07,06
2020100521,06,05,10,02,11
2020100522,03,05,10,02,08
2020100523,01,10,05,02,03
2020100524,05,08,10,07,04
2020100525,06,11,07,10,05
2020100526,11,02,09,06,03
2020100527,02,05,03,11,06
2020100528,05,03,11,10,07
2020100529,02,10,08,09,05
2020100530,06,11,04,07,02
2020100531,07,08,11,02,01
2020100532,01,02,11,07,03
2020100533,08,09,03,06,11
2020100534,08,05,10,07,11
2020100535,02,10,08,07,05
2020100536,05,04,06,03,07
2020100537,06,07,10,11,05
2020100538,05,09,08,02,04
2020100539,07,01,10,06,03
2020100540,11,04,06,01,07
2020100541,05,09,06,03,07
2020100542,09,02,01,10,07
2020100543,05,04,08,11,09
2020100544,04,02,06,07,09
2020100601,02,09,10,01,04
2020100602,04,09,05,10,11
2020100603,03,01,06,10,08
2020100604,11,02,10,01,03
2020100605,04,03,09,01,05
2020100606,03,09,04,05,10
2020100607,03,04,07,10,01
2020100608,07,04,09,02,08
2020100609,05,09,03,02,01
2020100610,03,04,06,09,05
2020100611,02,11,01,07,05
2020100612,09,01,03,10,08
2020100613,04,10,09,07,06
2020100614,05,01,06,11,02
2020100615,05,04,07,10,09
2020100616,08,02,07,01,11
2020100617,10,09,11,05,07
2020100618,05,02,08,03,11
2020100619,09,08,07,02,03
2020100620,06,04,09,07,03
2020100621,07,09,10,01,04
2020100622,06,03,01,08,09
2020100623,02,03,11,05,10
2020100624,03,05,08,09,07
2020100625,10,11,06,08,03
2020100626,07,09,03,10,04
2020100627,09,06,05,03,07
2020100628,06,05,07,10,01
2020100629,09,03,07,04,01
2020100630,10,06,03,01,05
2020100631,09,08,04,05,07
2020100632,10,03,04,01,08
2020100633,06,03,01,11,05
2020100634,05,08,03,01,07
2020100635,01,11,08,05,02
2020100636,03,01,08,10,11
2020100637,11,05,10,08,04
2020100638,03,04,11,10,01
2020100639,07,03,06,08,09
2020100640,04,05,06,02,08
2020100641,10,05,06,03,09
2020100642,04,09,06,03,08
2020100643,05,04,01,03,09
2020100644,11,04,05,07,10
2020100701,01,09,10,08,11
2020100702,10,02,09,01,05
2020100703,04,06,10,03,07
2020100704,09,07,06,03,11
2020100705,09,03,02,10,04
2020100706,05,02,11,10,04
2020100707,05,08,07,11,01
2020100708,04,11,08,05,03
2020100709,03,08,01,10,09
2020100710,11,05,09,06,02
2020100711,10,02,11,05,03
2020100712,11,02,04,03,07
2020100713,04,09,07,02,10
2020100714,07,03,10,02,05
2020100715,10,06,08,09,04
2020100716,03,01,09,10,05
2020100717,02,08,11,07,05
2020100718,07,04,02,08,06
2020100719,09,06,02,08,01
2020100720,06,02,01,04,11
2020100721,08,10,05,01,11
2020100722,05,02,11,08,10
2020100723,08,05,04,07,06
2020100724,06,11,07,03,10
2020100725,11,08,06,03,09
2020100726,07,04,06,03,10
2020100727,08,05,11,02,01
2020100728,11,10,05,04,01
2020100729,05,02,03,06,11
2020100730,06,04,05,07,11
2020100731,09,03,11,06,04
2020100732,09,10,08,06,07
2020100733,02,07,04,01,09
2020100734,11,10,06,03,07
2020100735,02,05,06,11,08
2020100736,07,09,08,01,02
2020100737,06,08,03,11,09
2020100738,01,09,08,10,03
2020100739,06,09,07,11,01
2020100740,08,01,07,10,11
2020100741,07,04,03,10,05
2020100742,08,06,05,11,02
2020100743,11,01,05,08,09
2020100744,08,09,11,02,04
