2020060101,09,07,06,11,10
2020060102,01,02,05,10,06
2020060103,06,07,01,10,05
2020060104,07,09,01,08,05
2020060105,03,09,02,10,07
2020060106,03,04,05,09,08
2020060107,04,07,11,05,10
2020060108,06,11,09,01,03
2020060109,08,04,01,02,10
2020060110,10,03,06,05,11
2020060111,01,03,04,08,09
2020060112,02,07,10,01,06
2020060113,06,05,01,02,04
2020060114,10,11,07,04,02
2020060115,11,10,04,01,05
2020060116,06,03,05,09,01
2020060117,05,03,09,06,02
2020060118,02,07,06,03,01
2020060119,01,05,10,06,11
2020060120,03,11,05,02,01
2020060121,05,10,03,01,07
2020060122,02,07,08,11,04
2020060123,04,08,10,06,11
2020060124,11,05,02,03,09
2020060125,10,08,06,05,04
2020060126,01,05,09,10,02
2020060127,02,06,01,03,08
2020060128,06,10,08,04,01
2020060129,02,04,03,09,05
2020060130,08,03,05,01,06
2020060131,06,03,05,10,07
2020060132,01,10,02,09,06
2020060133,02,05,09,07,01
2020060134,11,05,06,10,03
2020060135,04,10,05,03,08
2020060136,01,02,11,10,09
2020060137,03,05,08,06,10
2020060138,03,08,05,06,02
2020060139,06,07,10,11,01
2020060140,11,03,05,10,01
2020060141,04,01,11,07,02
2020060142,09,03,11,07,05
2020060143,02,01,08,10,11
