2019081802,04,03,09,08,05
2019081803,04,09,07,11,03
2019081804,09,03,11,08,04
2019081805,11,02,03,01,07
2019081806,06,02,09,07,11
2019081807,01,02,11,04,06
2019081808,02,01,04,06,11
2019081809,02,11,09,01,03
2019081810,08,11,02,04,05
2019081811,04,02,10,03,09
2019081812,02,06,09,07,11
2019081813,10,08,01,05,04
2019081814,09,06,05,01,02
2019081815,03,06,11,02,09
2019081816,07,11,01,02,05
2019081817,02,08,04,05,11
2019081818,11,09,03,04,08
2019081819,07,04,11,10,06
2019081820,10,09,04,03,07
2019081821,04,07,08,11,10
2019081822,09,05,10,08,11
2019081823,10,08,05,02,06
2019081824,02,01,04,10,07
2019081825,03,11,10,01,04
2019081826,05,11,01,02,09
2019081827,01,06,08,10,02
2019081828,08,06,03,10,05
2019081829,02,06,09,10,05
2019081830,10,11,07,06,08
2019081831,02,07,06,04,01
2019081832,05,03,02,01,04
2019081833,08,10,06,04,01
2019081834,07,11,05,04,06
2019081835,05,11,02,04,10
2019081836,05,09,10,11,04
2019081837,11,07,06,04,02
2019081838,10,03,08,09,02
2019081839,08,05,01,02,03
2019081840,06,11,03,10,07
2019081841,10,06,04,01,07
2019081842,10,05,06,08,01
2019081843,06,09,05,03,02
2019081844,01,09,05,02,08
2019081901,05,02,09,01,11
2019081902,01,10,05,06,07
2019081903,06,05,10,01,07
2019081904,07,03,11,01,08
2019081905,11,06,10,01,04
2019081906,05,02,01,09,06
2019081907,02,10,11,08,06
2019081908,01,03,06,11,08
2019081909,07,09,11,03,10
2019081910,07,01,04,05,02
2019081911,01,08,03,10,05
2019081912,05,09,10,04,03
2019081913,08,07,02,10,06
2019081914,11,04,03,05,09
2019081915,08,11,01,09,10
2019081916,06,03,11,04,07
2019081917,03,11,02,01,07
2019081918,01,04,08,07,10
2019081919,10,01,11,07,08
2019081920,01,09,04,08,06
2019081921,06,01,09,04,10
2019081922,05,04,02,11,03
2019081923,11,08,03,01,05
2019081924,11,08,05,06,01
2019081925,02,05,04,09,06
2019081926,08,07,06,09,04
2019081927,07,10,06,09,04
2019081928,04,07,11,08,10
2019081929,11,09,02,06,03
2019081930,01,08,05,04,09
2019081931,10,04,03,05,09
2019081932,01,06,04,09,05
2019081933,08,02,06,01,04
2019081934,01,02,09,05,07
2019081935,11,03,07,06,09
2019081936,05,07,02,08,03
2019081937,05,11,08,01,03
2019081938,04,01,02,09,06
2019081939,07,03,04,08,02
2019081940,09,11,10,06,05
2019081941,07,01,09,06,04
2019081942,08,11,01,09,04
2019081943,05,03,02,01,10
2019081944,05,02,06,08,11
2019082001,02,04,11,01,06
2019082002,04,06,05,10,11
2019082003,08,02,11,06,04
2019082004,04,07,08,10,09
2019082005,08,04,09,01,06
2019082006,03,08,10,07,09
2019082007,03,10,04,07,01
2019082008,02,01,05,09,10
2019082009,07,01,08,11,04
2019082010,01,11,10,07,08
2019082011,10,01,05,06,04
2019082012,09,05,01,06,02
2019082013,06,01,09,08,02
2019082014,02,08,07,04,10
2019082015,07,02,05,06,08
2019082016,01,07,09,02,08
2019082017,08,09,05,06,03
2019082018,02,03,08,01,10
2019082019,10,07,06,02,09
2019082020,09,10,02,05,11
2019082021,07,06,04,09,11
2019082022,01,11,07,10,02
2019082023,03,02,08,11,10
2019082024,10,08,02,04,05
2019082025,02,06,11,09,01
2019082026,09,11,05,07,01
2019082027,01,08,10,04,05
2019082028,10,02,07,11,06
2019082029,05,11,07,02,10
2019082030,03,05,02,01,06
2019082031,07,10,01,03,02
2019082032,10,02,08,03,05
2019082033,09,01,03,06,02
2019082034,01,05,06,10,02
2019082035,10,09,04,02,01
2019082036,02,06,01,05,07
2019082037,02,10,09,08,04
2019082038,11,03,01,08,06
2019082039,09,07,02,10,08
2019082040,11,05,07,01,02
2019082041,03,11,01,04,05
2019082042,10,11,05,06,04
2019082043,09,08,06,10,03
2019082044,08,06,01,02,03
2019082101,04,10,06,11,03
2019082102,04,09,10,03,06
2019082103,08,04,01,03,09
2019082104,05,04,09,02,07
2019082105,06,10,07,05,03
2019082106,09,11,01,10,04
2019082107,07,06,03,01,11
2019082108,09,05,07,01,11
2019082109,05,02,08,09,10
2019082110,06,01,02,09,08
2019082111,10,02,11,08,04
2019082112,03,05,10,11,04
2019082113,02,10,03,06,05
2019082114,03,11,10,02,05
2019082115,01,02,05,03,04
2019082116,07,03,05,02,09
2019082117,10,11,09,05,07
2019082118,05,03,01,07,04
2019082119,05,02,07,08,10
2019082120,08,05,11,01,07
2019082121,10,01,07,03,06
2019082122,09,02,06,07,01
2019082123,07,10,05,08,09
2019082124,06,01,07,03,05
2019082125,04,11,01,08,02
2019082126,09,10,06,07,02
2019082127,06,10,05,03,08
2019082128,01,05,04,09,02
2019082129,06,09,05,04,03
2019082130,03,10,11,05,08
2019082131,11,06,04,10,05
2019082132,10,07,06,04,08
2019082133,11,05,07,03,01
2019082134,03,01,06,07,10
2019082135,09,04,10,11,07
2019082136,03,10,09,11,04
2019082137,11,07,05,09,08
2019082138,01,11,04,05,02
2019082139,08,09,07,05,06
2019082140,04,08,03,11,02
2019082141,09,07,10,04,02
2019082142,11,10,08,03,09
2019082143,05,11,03,09,08
2019082144,03,11,05,10,09
2019082201,04,06,03,02,05
2019082202,01,09,11,04,05
2019082203,10,06,11,03,07
2019082204,08,09,10,11,02
2019082205,07,10,06,02,08
2019082206,08,09,02,05,07
2019082207,10,08,11,05,03
2019082208,09,05,04,11,07
2019082209,02,06,09,10,03
2019082210,02,10,07,03,09
2019082211,03,07,06,08,10
2019082212,05,07,06,03,09
2019082213,01,04,06,03,02
2019082214,06,01,09,02,10
2019082215,11,03,09,04,05
2019082216,11,01,04,07,08
2019082217,09,07,02,03,11
2019082218,03,11,06,10,04
2019082219,10,01,02,07,06
2019082220,02,07,01,03,06
2019082221,08,06,10,03,04
2019082222,05,06,04,11,03
2019082223,02,10,09,03,04
2019082224,05,02,10,06,03
2019082225,11,05,06,09,04
2019082226,09,01,06,05,03
2019082227,05,06,08,04,11
2019082228,03,08,09,05,01
2019082229,01,06,10,11,07
2019082230,08,01,05,06,04
2019082231,11,04,09,07,03
2019082232,10,02,09,08,04
2019082233,05,03,09,08,07
2019082234,02,03,08,09,06
2019082235,08,05,07,02,10
2019082236,03,10,08,01,02
2019082237,09,05,03,11,01
2019082238,01,02,08,04,11
2019082239,05,08,09,01,04
2019082240,03,06,07,04,08
2019082241,02,07,01,05,03
2019082242,10,11,06,09,07
2019082243,08,04,06,07,01
2019082244,04,01,08,11,02
2019082301,03,06,01,02,09
2019082302,09,02,04,10,06
2019082303,02,08,11,03,06
2019082304,08,05,01,06,02
2019082305,07,09,10,01,11
2019082306,10,04,05,07,03
2019082307,02,01,04,05,09
2019082308,09,03,01,05,06
2019082309,05,10,07,11,04
2019082310,01,05,04,03,07
2019082311,10,11,09,06,07
2019082312,11,06,08,10,04
2019082313,02,04,08,10,05
2019082314,03,11,10,07,09
2019082315,02,01,08,03,09
2019082316,05,08,07,11,04
2019082317,11,07,05,06,08
2019082318,09,10,01,11,03
2019082319,07,10,11,06,01
2019082320,10,01,05,02,11
2019082321,09,04,11,10,01
2019082322,08,05,11,01,10
2019082323,09,02,10,07,08
2019082324,03,07,10,05,01
2019082325,07,06,08,10,01
2019082326,06,09,05,04,11
2019082327,10,06,03,04,01
2019082328,08,07,05,11,04
2019082329,03,08,10,07,01
2019082330,02,05,10,09,06
2019082331,07,11,05,08,06
2019082332,02,07,09,10,08
2019082333,04,05,01,10,03
2019082334,05,02,07,11,01
2019082335,02,05,10,09,11
2019082336,04,06,01,02,10
2019082337,05,06,03,08,11
2019082338,10,08,06,01,11
2019082339,02,05,09,08,06
2019082340,08,01,11,04,03
2019082341,02,05,03,08,06
2019082342,08,09,10,02,06
2019082343,11,05,02,07,08
2019082344,08,06,11,05,03
2019082401,06,01,04,03,10
2019082402,04,10,05,08,07
2019082403,11,05,01,10,04
2019082404,10,01,03,11,06
2019082405,01,07,06,09,02
2019082406,03,08,10,07,06
2019082407,05,10,08,11,03
2019082408,11,08,06,09,10
2019082409,06,10,02,01,08
2019082410,08,06,10,04,01
2019082411,07,09,06,04,10
2019082412,08,11,02,09,07
2019082413,11,10,09,02,07
2019082414,09,08,11,06,10
2019082415,07,11,03,02,04
2019082416,02,09,07,06,08
2019082417,04,11,03,02,10
2019082418,08,10,02,06,05
2019082419,11,05,07,02,01
2019082420,07,08,03,01,11
2019082421,05,01,03,09,07
2019082422,03,04,06,02,09
2019082423,02,04,06,10,08
2019082424,09,05,03,08,01
2019082425,06,09,07,04,03
2019082426,05,03,09,04,01
2019082427,07,09,08,01,03
2019082428,02,08,11,06,03
2019082429,03,09,10,11,07
2019082430,08,03,10,07,05
2019082431,11,10,08,01,05
2019082432,03,08,07,01,05
2019082433,05,06,10,02,09
2019082434,04,11,05,07,10
2019082435,01,06,05,02,04
