2019120101,01,07,06,08,09
2019120102,04,06,11,08,03
2019120103,05,08,07,03,06
2019120104,10,04,02,07,03
2019120105,05,08,06,10,09
2019120106,07,08,05,04,03
2019120107,11,07,02,10,06
2019120108,09,08,04,10,11
2019120109,01,10,05,06,02
2019120110,07,05,04,03,06
2019120111,10,01,02,05,09
2019120112,04,02,06,01,10
2019120113,07,04,01,09,02
2019120114,10,03,01,11,06
2019120115,11,09,05,08,03
2019120116,06,07,01,02,05
2019120117,07,06,02,04,09
2019120118,08,07,05,09,02
2019120119,10,05,08,07,04
2019120120,05,06,09,08,04
2019120121,11,08,06,09,07
2019120122,05,03,01,02,11
2019120123,02,08,11,07,09
2019120124,03,07,04,06,05
2019120125,05,06,07,09,01
2019120126,03,09,05,06,07
2019120127,06,02,05,04,03
2019120128,06,09,07,08,10
2019120129,03,09,07,10,01
2019120130,02,01,04,05,03
2019120131,03,04,01,06,05
2019120132,03,02,08,01,05
2019120133,11,01,08,10,02
2019120134,01,11,04,10,09
2019120135,05,03,09,02,01
2019120136,10,03,06,04,09
2019120137,01,07,05,10,08
2019120138,07,02,09,11,10
2019120139,04,01,06,09,10
2019120140,04,02,06,01,11
2019120141,08,03,04,01,11
2019120142,11,03,05,09,04
2019120143,08,09,03,01,04
2019120144,07,08,01,05,04
2019120145,03,10,11,09,08
2019120146,08,07,03,04,02
2019120147,03,05,07,09,06
2019120201,03,02,10,01,09
2019120202,05,02,04,11,01
2019120203,09,11,01,05,06
2019120204,11,05,01,10,07
2019120205,05,06,09,04,07
2019120206,06,05,07,03,04
2019120207,06,10,09,11,01
2019120208,03,05,04,08,11
2019120209,07,11,03,06,04
2019120210,10,04,03,09,11
2019120211,09,02,11,07,01
2019120212,05,02,08,10,07
2019120213,08,01,09,04,02
2019120214,08,10,02,06,09
2019120215,09,03,07,11,01
2019120216,11,02,05,08,10
2019120217,09,01,03,02,06
2019120218,07,02,10,11,08
2019120219,02,05,07,03,08
2019120220,09,10,04,03,02
2019120221,08,06,10,05,03
2019120222,11,07,03,09,04
2019120223,08,03,04,10,01
2019120224,02,06,08,07,05
2019120225,01,02,06,10,08
2019120226,07,09,05,01,02
2019120227,10,06,05,07,08
2019120228,02,09,03,06,10
2019120229,01,11,08,04,02
2019120230,06,10,09,04,08
2019120231,02,06,03,11,04
2019120232,05,11,06,03,02
2019120233,02,07,08,05,09
2019120234,03,10,06,05,04
2019120235,03,01,10,09,07
2019120236,10,09,03,05,02
2019120237,02,01,06,10,08
2019120238,05,09,10,11,08
