2019090101,03,07,04,09,08
2019090102,09,10,03,05,01
2019090103,08,03,07,05,04
2019090104,09,01,07,04,05
2019090105,08,01,05,06,09
2019090106,01,04,03,09,05
2019090107,10,06,03,11,09
2019090108,06,10,07,09,04
2019090109,09,03,06,05,10
2019090110,10,08,05,06,07
2019090111,02,07,03,04,08
2019090112,01,08,10,06,09
2019090113,04,02,11,08,03
2019090114,07,09,03,10,02
2019090115,01,08,09,05,02
2019090116,01,03,06,10,09
2019090117,11,10,05,02,01
2019090118,10,11,04,09,07
2019090119,05,09,10,04,02
2019090120,02,05,01,03,04
2019090121,09,10,03,02,05
2019090122,02,07,09,11,08
2019090123,02,10,05,01,09
2019090124,09,01,05,02,04
2019090125,01,07,03,09,11
2019090126,04,02,05,06,07
2019090127,11,05,04,06,03
2019090128,08,10,09,11,03
2019090129,08,03,07,10,11
2019090130,06,09,03,07,04
2019090131,06,01,09,08,10
2019090132,02,03,09,05,06
2019090133,01,03,09,11,05
2019090134,04,10,02,11,09
2019090135,08,04,03,06,09
2019090136,07,11,10,09,02
