2020050101,05,07,02,06,01
2020050102,09,08,04,01,07
2020050103,07,09,01,08,03
2020050104,06,08,03,11,05
2020050105,10,06,04,07,09
2020050106,04,11,03,06,08
2020050107,06,07,02,04,01
2020050108,02,05,11,06,10
2020050109,04,06,09,02,11
2020050110,09,03,02,04,01
2020050111,09,06,01,07,03
2020050112,06,07,02,08,09
2020050113,05,08,10,02,07
2020050114,08,05,10,07,03
2020050115,04,06,07,01,09
2020050116,05,02,07,06,11
2020050117,02,05,08,11,01
2020050118,03,01,07,06,02
2020050119,02,11,04,06,07
2020050120,11,09,10,01,07
2020050121,03,05,08,07,09
2020050122,06,02,03,04,07
2020050123,07,11,10,08,02
2020050124,03,11,06,02,09
2020050125,05,07,06,04,03
2020050126,11,09,10,05,01
2020050127,06,08,02,04,09
2020050128,03,05,06,11,08
2020050129,01,08,04,03,02
2020050130,04,02,03,06,09
2020050131,08,02,06,04,07
2020050132,09,02,04,07,11
2020050133,07,05,08,02,01
2020050134,08,04,03,06,05
2020050135,04,03,08,09,07
2020050136,02,09,08,01,07
2020050137,02,08,03,09,05
2020050138,10,05,06,08,04
2020050139,07,04,01,03,02
2020050140,02,11,07,01,05
2020050141,05,10,01,06,02
2020050142,01,09,04,07,02
2020050143,01,05,11,06,02
2020050144,03,06,05,02,09
2020050145,10,08,03,11,09
2020050146,11,05,01,06,09
2020050147,10,06,03,01,08
2020050201,11,03,02,05,07
2020050202,08,05,09,07,11
2020050203,03,05,01,06,10
2020050204,06,02,03,05,01
2020050205,10,02,08,11,07
2020050206,11,10,07,02,04
2020050207,05,01,04,06,09
2020050208,03,01,10,08,04
2020050209,11,05,08,02,04
2020050210,09,06,02,10,03
2020050211,05,01,09,11,08
2020050212,02,11,04,10,01
2020050213,10,04,09,01,06
2020050214,08,07,02,03,01
2020050215,11,04,09,08,05
2020050216,07,06,05,08,02
2020050217,02,05,04,11,01
2020050218,10,04,01,03,11
2020050219,02,09,06,08,04
2020050220,05,10,01,09,06
2020050221,08,07,10,11,05
2020050222,03,08,09,06,04
2020050223,11,04,09,05,10
2020050224,08,04,10,05,07
2020050225,09,07,06,08,03
2020050226,04,03,08,06,01
2020050227,01,04,05,06,09
2020050228,03,08,05,01,02
2020050229,10,01,11,04,08
2020050230,06,04,10,05,09
2020050231,04,08,02,10,09
2020050232,01,03,06,05,07
2020050233,03,06,07,02,10
2020050234,10,08,04,09,06
2020050235,05,04,11,01,02
2020050236,04,08,06,07,05
2020050237,11,04,10,01,06
2020050238,10,04,07,01,02
2020050239,10,02,07,05,03
2020050240,04,06,11,03,05
2020050241,04,06,03,07,09
2020050242,07,08,01,03,11
2020050243,05,01,03,04,11
