2020010101,06,09,01,02,05
2020010102,02,05,07,03,01
2020010103,01,05,06,10,04
2020010104,09,06,08,03,11
2020010105,10,11,08,09,06
2020010106,09,05,04,07,01
2020010107,02,08,05,07,10
2020010108,10,04,11,03,08
2020010109,04,11,05,09,01
2020010110,11,03,07,01,05
2020010111,02,06,05,04,07
2020010112,01,04,03,10,06
2020010113,07,05,06,04,11
2020010114,08,09,10,02,03
2020010115,06,11,08,01,10
2020010116,03,04,02,05,10
2020010117,09,06,07,05,02
2020010118,08,10,01,09,06
2020010119,09,06,01,08,04
2020010120,05,02,09,03,06
2020010121,08,04,03,06,05
2020010122,02,07,04,05,01
2020010123,09,08,06,10,05
2020010124,08,09,04,07,01
2020010125,11,09,10,02,04
2020010126,09,08,04,07,10
2020010127,07,05,10,06,01
2020010128,02,03,08,01,04
2020010129,11,01,08,09,07
2020010130,03,07,04,06,10
2020010131,04,06,02,09,05
2020010132,07,02,11,08,04
2020010133,04,06,02,08,05
2020010134,08,10,06,05,03
2020010135,04,10,06,09,01
2020010136,08,11,05,04,01
2020010137,11,01,06,08,10
2020010138,06,10,01,08,05
2020010139,02,01,08,09,03
2020010140,07,01,11,02,09
