2020100501,11,07,08,10,05
2020100502,07,02,05,06,11
2020100503,02,11,05,06,09
2020100504,11,02,05,04,09
2020100505,05,01,09,06,11
2020100506,06,10,05,02,04
2020100507,06,07,08,09,04
2020100508,03,04,09,08,05
2020100509,02,11,07,05,04
2020100510,03,05,02,07,04
2020100511,03,10,08,11,01
2020100512,09,10,01,11,04
2020100513,07,11,06,08,02
2020100514,09,03,11,02,04
2020100515,11,09,10,08,05
2020100516,05,07,01,10,03
2020100517,07,11,01,03,10
2020100518,05,11,03,02,06
2020100519,11,02,08,09,06
2020100520,01,07,09,06,11
2020100521,05,06,02,03,04
2020100522,01,07,11,04,10
2020100523,01,07,06,03,02
2020100524,01,02,05,08,10
2020100525,03,09,05,10,06
2020100526,04,08,07,11,03
2020100527,05,04,09,10,01
2020100528,01,09,07,04,06
2020100529,07,06,11,01,02
2020100530,03,11,06,02,08
2020100531,09,10,06,05,08
2020100532,05,08,01,11,07
2020100533,08,04,09,11,01
2020100534,07,03,09,08,11
2020100535,02,10,09,01,08
2020100536,04,11,03,06,09
2020100537,08,04,01,05,03
2020100538,07,04,05,11,03
2020100539,01,08,02,06,10
2020100540,08,11,09,03,10
2020100541,08,09,02,10,01
2020100542,06,03,08,07,02
2020100543,09,03,11,05,10
2020100544,04,09,10,11,05
2020100545,04,03,06,01,08
2020100546,01,11,06,05,04
2020100547,01,02,11,04,05
2020100601,01,04,07,08,06
2020100602,09,11,07,08,06
2020100603,07,10,04,05,02
2020100604,08,07,02,11,04
2020100605,10,03,07,01,09
2020100606,11,08,02,09,04
2020100607,06,07,04,09,02
2020100608,08,06,02,11,03
2020100609,05,04,03,07,09
2020100610,04,02,05,03,07
2020100611,09,10,03,08,01
2020100612,05,02,11,06,07
2020100613,11,05,09,03,02
2020100614,06,03,10,07,08
2020100615,07,09,02,01,05
2020100616,03,08,05,06,09
2020100617,05,06,04,07,08
2020100618,05,07,03,09,01
2020100619,03,01,08,09,02
2020100620,08,01,09,10,07
2020100621,08,07,11,04,06
2020100622,03,09,02,10,04
2020100623,06,10,01,11,02
2020100624,08,10,01,11,04
2020100625,07,10,02,01,04
2020100626,06,05,02,10,03
2020100627,09,01,10,07,11
2020100628,05,07,08,11,02
2020100629,06,05,02,07,03
2020100630,04,10,05,09,03
2020100631,01,02,03,10,11
2020100632,04,05,06,08,10
2020100633,02,03,01,07,05
2020100634,02,11,01,08,06
2020100635,10,04,09,03,07
2020100636,08,06,01,10,05
2020100637,09,02,05,10,03
2020100638,06,02,08,10,05
2020100639,09,06,10,04,01
2020100640,04,05,10,06,11
2020100641,06,10,02,04,09
2020100642,04,08,11,07,05
2020100643,08,01,03,05,04
2020100644,08,03,02,01,09
2020100645,03,10,04,06,07
2020100646,09,04,05,07,10
2020100647,02,04,07,03,05
