2019081805,07,09,10,06,05
2019081806,02,08,09,01,04
2019081807,03,11,05,10,07
2019081808,10,05,11,08,07
2019081809,06,01,08,03,09
2019081810,03,05,02,08,10
2019081811,10,01,05,02,11
2019081812,09,04,03,02,06
2019081813,06,11,02,05,08
2019081814,01,07,10,08,05
2019081815,09,10,01,08,02
2019081816,01,11,10,07,02
2019081817,11,04,03,08,10
2019081818,05,09,01,06,11
2019081819,10,11,04,01,05
2019081820,09,06,08,07,04
2019081821,05,10,06,04,07
2019081822,06,05,09,02,11
2019081823,04,10,06,07,08
2019081824,02,10,03,08,06
2019081825,07,10,01,08,04
2019081826,05,09,07,03,08
2019081827,09,05,07,06,03
2019081828,05,11,04,06,09
2019081829,02,08,01,10,07
2019081830,07,09,04,05,01
2019081831,04,01,07,02,09
2019081832,02,07,11,01,10
2019081833,03,08,01,04,10
2019081834,04,05,01,03,09
2019081835,02,08,09,11,10
2019081836,03,08,01,02,09
2019081837,11,01,03,08,05
2019081838,02,10,11,07,04
2019081839,10,08,02,03,11
2019081840,11,07,04,06,02
2019081841,02,03,04,08,09
2019081842,09,02,05,07,11
2019081843,08,05,06,03,04
2019081844,08,09,03,04,10
2019081845,01,09,05,08,07
2019081846,10,05,07,01,08
2019081847,03,05,06,04,07
2019081901,11,01,08,03,10
2019081902,09,03,02,10,05
2019081903,09,06,10,05,02
2019081904,03,07,10,06,01
2019081905,05,06,02,10,07
2019081906,01,05,09,06,10
2019081907,03,09,05,01,02
2019081908,07,09,03,10,11
2019081909,02,07,09,03,05
2019081910,03,10,02,07,04
2019081911,08,09,07,06,02
2019081912,08,02,06,03,04
2019081913,06,11,05,10,09
2019081914,09,07,11,04,06
2019081915,04,01,09,11,07
2019081916,08,07,11,09,10
2019081917,01,10,07,03,02
2019081918,07,11,06,05,09
2019081919,11,02,07,04,05
2019081920,02,01,07,10,05
2019081921,10,02,07,09,01
2019081922,11,05,09,02,04
2019081923,10,01,05,08,04
2019081924,02,09,05,07,11
2019081925,07,02,09,03,10
2019081926,08,10,03,05,09
2019081927,02,04,09,10,03
2019081928,05,01,11,03,06
2019081929,05,06,01,07,10
2019081930,10,07,03,02,05
2019081931,07,05,04,06,02
2019081932,06,08,05,11,07
2019081933,06,05,09,07,03
2019081934,08,09,06,04,07
2019081935,06,11,03,04,10
2019081936,07,11,06,01,08
2019081937,01,04,05,07,02
2019081938,05,10,07,03,09
2019081939,08,05,06,03,07
2019081940,08,09,02,04,10
2019081941,09,04,05,03,06
2019081942,08,07,10,06,09
2019081943,07,06,05,09,02
2019081944,11,10,06,02,07
2019081945,11,08,01,06,10
2019081946,06,07,08,02,05
2019081947,06,10,09,04,01
2019082001,01,09,11,02,07
2019082002,02,08,11,10,05
2019082003,01,08,03,04,05
2019082004,02,08,04,01,05
2019082005,06,08,09,01,10
2019082006,08,01,02,07,03
2019082007,11,04,05,06,07
2019082008,03,05,10,09,02
2019082009,09,02,07,06,05
2019082010,07,06,08,10,09
2019082011,06,02,04,05,03
2019082012,08,02,03,07,11
2019082013,02,10,03,05,11
2019082014,05,07,06,09,08
2019082015,02,09,06,05,01
2019082016,03,09,01,04,07
2019082017,11,05,01,10,07
2019082018,07,10,02,04,03
2019082019,02,10,06,09,07
2019082020,09,04,01,03,05
2019082021,02,06,03,07,05
2019082022,07,09,11,06,05
2019082023,03,02,05,04,08
2019082024,05,02,04,07,01
2019082025,02,11,01,06,04
2019082026,07,01,11,03,05
2019082027,09,05,07,03,04
2019082028,02,10,03,05,09
2019082029,10,04,08,07,09
2019082030,10,11,01,07,04
2019082031,09,06,11,07,08
2019082032,11,02,03,05,04
2019082033,05,02,08,03,11
2019082034,05,01,03,09,06
2019082035,03,10,06,08,05
2019082036,06,02,05,10,11
2019082037,07,04,10,01,09
2019082038,06,01,10,08,02
2019082039,06,01,11,05,09
2019082040,06,04,08,05,01
2019082041,05,09,11,03,07
2019082042,01,07,06,03,04
2019082043,11,10,08,01,05
2019082044,02,01,07,03,05
2019082045,10,09,11,03,04
2019082046,10,01,09,02,07
2019082047,04,05,07,10,11
2019082101,05,04,08,07,02
2019082102,08,04,10,05,02
2019082103,09,02,10,08,05
2019082104,05,10,11,06,02
2019082105,11,08,09,10,03
2019082106,07,06,10,08,04
2019082107,08,04,11,01,06
2019082108,10,01,05,11,08
2019082109,11,03,08,10,07
2019082110,09,11,01,05,08
2019082111,11,03,08,05,10
2019082112,07,03,04,01,09
2019082113,03,07,09,11,02
2019082114,01,07,08,03,05
2019082115,05,10,07,09,03
2019082116,08,02,06,03,10
2019082117,06,11,10,05,08
2019082118,01,10,11,06,03
2019082119,06,05,09,11,10
2019082120,11,06,10,02,08
2019082121,11,06,09,04,07
2019082122,08,02,07,04,06
2019082123,02,05,09,11,04
2019082124,07,06,02,11,09
2019082125,06,07,10,05,03
2019082126,10,09,06,07,04
2019082127,03,07,06,05,09
2019082128,04,09,07,06,01
2019082129,04,07,08,02,10
2019082130,04,01,06,11,08
2019082131,06,10,03,05,08
2019082132,01,09,08,10,11
2019082133,07,05,11,08,04
2019082134,08,03,02,07,11
2019082135,06,09,10,04,02
2019082136,11,05,02,08,01
2019082137,05,01,11,04,03
2019082138,08,03,10,04,01
2019082139,11,01,04,07,05
2019082140,02,08,09,01,05
2019082141,10,01,08,04,05
2019082142,06,01,07,05,10
2019082143,10,04,06,11,05
2019082144,10,01,02,07,11
2019082145,05,06,04,03,01
2019082146,03,04,08,09,02
2019082147,09,05,03,07,04
2019082201,11,02,04,08,06
2019082202,05,09,11,10,06
2019082203,04,10,05,06,01
2019082204,03,02,08,05,10
2019082205,05,03,06,02,11
2019082206,06,10,01,05,08
2019082207,11,08,05,10,04
2019082208,06,04,09,08,05
2019082209,02,07,01,11,04
2019082210,10,08,03,11,06
2019082211,06,08,11,03,02
2019082212,04,03,05,07,06
2019082213,05,06,04,10,03
2019082214,02,04,06,10,09
2019082215,03,08,07,09,01
2019082216,05,04,01,10,06
2019082217,05,11,06,08,02
2019082218,11,09,04,06,01
2019082219,11,04,08,03,09
2019082220,06,03,04,07,05
2019082221,03,04,02,07,11
2019082222,04,07,05,11,10
2019082223,02,11,10,03,07
2019082224,07,11,03,09,05
2019082225,04,03,06,01,11
2019082226,04,02,03,06,01
2019082227,07,10,01,02,04
2019082228,03,06,07,08,11
2019082229,02,08,04,11,03
2019082230,07,09,01,03,04
2019082231,09,02,06,03,01
2019082232,02,08,06,05,04
2019082233,09,11,04,03,01
2019082234,07,01,04,08,06
2019082235,07,06,04,09,10
2019082236,10,11,02,06,07
2019082237,03,05,08,10,07
2019082238,03,10,09,08,01
2019082239,10,11,06,09,05
2019082240,03,09,10,06,01
2019082241,08,05,09,11,06
2019082242,11,05,08,09,02
2019082243,02,05,07,04,01
2019082244,09,11,02,03,04
2019082245,07,03,11,09,10
2019082246,01,05,02,10,04
2019082247,11,02,07,06,08
2019082301,10,03,08,07,05
2019082302,04,01,10,02,09
2019082303,07,10,03,08,11
2019082304,03,06,07,11,01
2019082305,09,06,08,01,11
2019082306,04,01,10,08,02
2019082307,06,09,08,03,07
2019082308,03,01,08,11,02
2019082309,04,02,05,10,08
2019082310,06,07,03,11,01
2019082311,09,06,03,02,07
2019082312,01,03,11,08,04
2019082313,02,03,01,07,11
2019082314,07,10,05,02,09
2019082315,01,07,08,09,10
2019082316,07,02,10,03,11
2019082317,11,04,01,08,05
2019082318,08,02,10,04,11
2019082319,03,05,08,01,04
2019082320,01,10,08,06,04
2019082321,01,11,09,08,02
2019082322,05,02,07,01,10
