2020090101,10,04,03,06,02
2020090102,08,06,04,11,01
2020090103,06,02,01,10,05
2020090104,08,06,02,09,01
2020090105,02,01,10,06,05
2020090106,10,07,04,03,01
2020090107,02,08,03,10,04
2020090108,06,08,01,07,11
2020090109,05,04,08,07,02
2020090110,03,11,06,10,04
2020090111,09,06,05,03,01
2020090112,01,05,10,04,03
2020090113,01,07,08,10,03
2020090114,05,04,07,10,01
2020090115,04,06,02,10,07
2020090116,01,08,04,06,07
2020090117,10,07,08,06,01
2020090118,07,04,06,02,01
2020090119,07,10,09,11,01
2020090120,08,03,10,07,05
2020090121,04,11,08,06,01
2020090122,04,05,08,07,02
2020090123,11,04,06,03,05
2020090124,06,05,03,01,07
2020090125,07,01,02,11,05
2020090126,04,10,08,11,07
2020090127,04,11,02,07,05
2020090128,07,11,10,09,08
2020090129,07,03,06,04,01
2020090130,08,03,05,02,09
2020090131,01,06,07,05,09
2020090132,08,01,02,11,06
2020090133,06,09,11,08,04
2020090134,01,09,08,05,10
2020090135,07,08,03,06,09
2020090136,07,04,08,05,10
2020090137,07,05,03,01,04
2020090138,04,06,01,02,11
2020090139,05,02,07,06,04
2020090140,05,10,01,11,08
2020090141,05,03,10,11,07
2020090142,04,03,11,10,06
2020090143,11,10,07,09,08
2020090144,11,08,07,10,01
2020090145,09,05,04,03,07
2020090146,04,09,11,10,02
