2020100501,02,07,04,06,05
2020100502,08,04,06,05,03
2020100503,08,10,07,03,01
2020100504,05,03,10,08,11
2020100505,09,07,08,05,02
2020100506,05,07,04,06,10
2020100507,10,04,03,01,09
2020100508,11,02,06,04,10
2020100509,07,03,09,08,11
2020100510,11,03,08,02,10
2020100511,04,02,09,06,10
2020100512,03,01,05,06,09
2020100513,09,10,11,06,04
2020100514,08,11,07,09,10
2020100515,09,11,05,08,06
2020100516,11,06,03,08,01
2020100517,09,04,01,10,03
2020100518,07,05,09,06,08
2020100519,05,10,07,01,09
2020100520,10,04,02,01,07
2020100521,01,11,06,05,07
2020100522,04,05,01,06,07
2020100523,01,06,05,07,11
2020100524,04,11,05,10,02
2020100525,08,11,06,04,07
2020100526,03,05,11,01,09
2020100527,02,04,07,05,03
2020100528,04,08,09,11,10
2020100529,06,08,05,09,04
2020100530,09,08,04,02,07
2020100531,03,11,02,06,01
2020100532,02,08,10,07,03
2020100533,01,09,03,05,02
2020100534,03,02,05,07,06
2020100535,11,09,04,10,05
2020100536,05,03,07,02,11
2020100537,11,01,04,09,07
2020100538,08,02,04,03,09
2020100539,07,10,04,11,06
2020100540,04,06,11,08,05
2020100541,11,02,09,05,08
2020100542,06,04,10,08,03
2020100543,02,01,04,03,05
2020100544,10,09,04,07,02
2020100545,08,04,05,02,03
