2019100801,11,03,04,09,07
2019100802,10,03,08,11,07
2019100803,05,03,09,01,04
2019100804,03,10,04,08,07
2019100805,11,10,01,03,08
2019100806,10,11,07,01,08
2019100807,03,05,09,04,02
2019100808,05,09,02,03,07
2019100809,11,07,02,03,09
2019100810,09,06,10,02,03
2019100811,10,11,02,04,01
2019100812,01,02,10,05,07
2019100813,01,03,04,09,11
2019100814,04,08,06,01,02
2019100815,01,11,10,08,05
2019100816,04,05,01,02,09
2019100817,10,08,04,01,03
2019100818,07,02,09,05,10
2019100819,09,01,02,11,08
2019100820,10,03,04,07,09
2019100821,08,01,10,07,05
2019100822,09,04,07,06,10
2019100823,09,07,11,03,01
2019100824,10,02,01,03,07
2019100825,11,02,06,01,03
2019100826,03,06,08,02,09
2019100827,08,10,11,05,01
2019100828,01,06,11,05,02
2019100829,06,01,11,08,07
2019100830,08,09,02,11,10
2019100831,06,05,02,04,03
2019100832,06,07,05,08,11
2019100833,10,09,02,03,05
2019100834,05,06,09,10,08
2019100835,08,09,07,04,05
