2020060101,10,09,08,11,06
2020060102,04,02,06,09,10
2020060103,11,02,05,03,04
2020060104,03,02,06,09,01
2020060105,05,02,10,11,08
2020060106,10,07,01,04,05
2020060107,08,09,07,05,02
2020060108,01,03,04,11,10
2020060109,05,04,08,01,07
2020060110,04,02,06,09,03
2020060111,06,07,10,03,05
2020060112,11,07,04,06,09
2020060113,03,10,09,01,06
2020060114,04,07,10,08,09
2020060115,09,06,02,11,01
2020060116,02,11,01,04,03
2020060117,03,05,08,01,07
2020060118,04,07,03,02,05
2020060119,09,03,07,02,11
2020060120,07,02,04,03,08
2020060121,04,06,03,01,05
2020060122,09,03,08,10,02
2020060123,10,03,09,04,11
2020060124,04,11,01,05,10
2020060125,04,10,03,09,08
2020060126,06,09,10,08,02
2020060127,03,10,04,02,11
2020060128,06,09,02,07,08
2020060129,08,11,02,09,03
2020060130,09,04,06,02,01
2020060131,10,02,11,06,05
2020060132,07,04,08,05,09
2020060133,02,03,09,10,01
2020060134,07,06,04,09,11
2020060135,01,05,06,04,02
2020060136,10,11,08,09,03
2020060137,01,09,07,06,04
2020060138,09,10,01,03,07
2020060139,04,11,09,05,07
2020060140,01,04,09,03,11
2020060141,06,07,05,09,10
2020060142,05,08,07,06,10
