2020070139,06,10,09,02,03
2020070140,10,09,06,03,02
2020070141,04,03,02,10,11
2020070142,11,03,10,06,01
2020070143,03,08,01,02,04
2020070144,05,04,08,03,07
2020070145,04,03,10,06,02
2020070201,04,03,05,10,08
2020070202,06,05,01,02,10
2020070203,08,10,07,01,04
2020070204,02,05,06,09,04
2020070205,08,03,10,01,11
2020070206,02,08,05,07,01
2020070207,08,04,01,05,09
2020070208,03,07,10,08,02
2020070209,05,01,06,07,11
2020070210,04,03,05,06,07
2020070211,11,06,05,03,10
2020070212,10,08,05,04,09
2020070213,05,09,10,07,06
2020070214,05,03,08,11,07
2020070215,01,06,07,08,04
2020070216,10,07,06,02,03
2020070217,11,08,04,06,01
2020070218,05,02,10,11,09
2020070219,04,08,05,01,11
2020070220,06,03,07,09,11
2020070221,02,01,08,10,07
2020070222,06,09,05,04,07
2020070223,06,05,11,02,09
2020070224,09,07,11,03,02
2020070225,10,01,04,11,08
2020070226,02,05,01,06,08
2020070227,04,11,03,06,02
2020070228,11,10,02,09,01
2020070229,01,11,02,05,08
2020070230,06,04,02,11,03
2020070231,08,04,06,09,03
2020070232,09,02,06,11,04
2020070233,11,03,06,05,02
2020070234,04,03,05,08,07
2020070235,07,01,02,11,06
2020070236,11,02,04,10,05
2020070237,08,09,03,10,11
2020070238,01,11,05,06,04
2020070239,11,02,07,05,01
2020070240,08,06,03,11,10
2020070241,10,06,01,08,05
2020070242,09,01,04,06,02
2020070243,09,07,02,10,03
