2019090101,02,10,11,07,09
2019090102,06,09,10,05,07
2019090103,10,03,05,04,01
2019090104,07,04,11,02,05
2019090105,01,07,11,03,09
2019090106,01,09,07,04,11
2019090107,07,09,05,04,06
2019090108,02,04,07,01,06
2019090109,02,07,06,05,08
2019090110,10,11,04,07,01
2019090111,06,08,11,01,09
2019090112,06,09,08,02,07
2019090113,05,09,08,06,10
2019090114,09,07,10,02,03
2019090115,02,03,07,08,05
2019090116,04,08,06,11,09
2019090117,11,02,09,03,06
2019090118,04,06,07,03,08
2019090119,03,11,04,09,06
2019090120,10,08,04,06,01
2019090121,05,11,04,07,02
2019090122,07,05,01,06,08
2019090123,04,01,05,06,02
2019090124,05,04,11,02,03
2019090125,07,06,02,08,10
2019090126,11,01,08,04,05
2019090127,11,02,01,03,05
2019090128,09,07,10,05,06
2019090129,10,07,01,09,08
2019090130,08,01,10,06,07
2019090131,10,06,11,02,01
2019090132,06,07,01,03,02
2019090133,05,03,09,11,10
2019090134,07,01,05,08,02
