2020040101,07,03,04,05,10
2020040102,04,07,03,05,06
2020040103,03,06,05,11,07
2020040104,09,08,02,05,07
2020040105,04,06,09,03,05
2020040106,01,10,09,07,02
2020040107,06,05,09,10,11
2020040108,07,06,05,03,10
2020040109,09,08,02,01,11
2020040110,09,08,03,04,02
2020040111,02,09,05,04,01
2020040112,04,07,05,03,08
2020040113,11,03,04,08,10
2020040114,04,10,11,09,02
2020040115,10,05,04,02,01
2020040116,11,03,01,07,02
2020040117,10,07,04,02,09
2020040118,06,03,11,10,07
2020040119,06,04,10,11,09
2020040120,04,03,06,10,11
2020040121,10,01,08,06,03
2020040122,07,06,11,05,08
2020040123,07,03,02,01,06
2020040124,06,02,04,09,03
2020040125,02,07,09,05,01
2020040126,06,01,07,02,10
2020040127,06,08,05,11,09
2020040128,02,04,10,03,01
2020040129,02,03,11,06,09
2020040130,05,11,04,07,08
2020040131,09,06,05,02,03
2020040132,02,10,04,07,06
2020040133,03,08,01,11,10
2020040134,10,02,08,01,04
2020040135,10,05,07,09,08
2020040136,04,11,02,01,06
2020040137,01,09,08,05,06
