2020060101,09,02,05,07,04
2020060102,03,04,05,06,09
2020060103,01,02,10,03,04
2020060104,07,06,09,11,03
2020060105,06,09,02,03,07
2020060106,05,02,08,07,11
2020060107,01,02,10,05,04
2020060108,07,03,11,04,10
2020060109,07,06,02,10,09
2020060110,10,06,05,04,11
2020060111,11,04,03,01,05
2020060112,09,10,06,02,01
2020060113,04,11,08,05,01
2020060114,04,03,09,10,05
2020060115,03,01,04,07,11
2020060116,02,01,09,08,06
2020060117,03,04,10,11,09
2020060118,10,09,08,02,05
2020060119,02,09,07,04,03
2020060120,09,02,11,08,06
2020060121,11,06,04,09,07
2020060122,06,10,11,07,03
2020060123,01,05,08,03,07
2020060124,08,01,04,11,10
2020060125,04,05,03,07,11
2020060126,11,09,06,07,02
2020060127,05,09,11,10,02
2020060128,07,05,06,09,01
2020060129,08,07,10,03,11
2020060130,07,02,06,10,09
2020060131,03,11,05,01,09
2020060132,09,08,04,11,02
2020060133,07,04,08,02,03
2020060134,07,04,08,02,06
2020060135,06,10,07,08,11
2020060136,06,03,07,02,09
2020060137,03,09,04,02,01
2020060138,10,07,05,04,08
2020060139,11,06,01,03,07
