2020090101,04,05,10,11,02
2020090102,07,05,03,06,09
2020090103,05,03,07,09,01
2020090104,08,03,09,11,04
2020090105,01,06,03,11,10
2020090106,05,02,11,07,09
2020090107,11,01,06,09,02
2020090108,04,02,03,07,05
2020090109,06,01,02,05,07
2020090110,02,01,05,07,03
2020090111,04,08,06,07,03
2020090112,05,10,06,04,02
2020090113,10,11,01,03,08
2020090114,09,07,04,01,02
2020090115,10,03,01,04,08
2020090116,11,10,07,09,05
2020090117,02,05,04,11,07
2020090118,03,06,02,04,10
2020090119,06,04,08,05,09
2020090120,09,10,02,01,06
2020090121,06,07,04,03,05
2020090122,10,01,04,09,11
2020090123,11,06,01,07,10
2020090124,05,07,06,11,04
2020090125,04,09,06,11,05
2020090126,08,02,01,03,10
2020090127,02,01,10,11,09
2020090128,10,02,07,01,08
2020090129,06,08,01,03,10
2020090130,09,06,01,11,04
2020090131,01,10,03,02,09
2020090132,09,01,10,05,07
2020090133,02,10,04,06,08
2020090134,03,06,01,09,02
2020090135,08,01,07,05,09
2020090136,10,03,01,11,09
2020090137,09,04,05,11,10
2020090138,06,02,04,03,09
2020090139,01,08,09,07,02
2020090140,01,09,02,07,10
2020090141,02,06,08,11,07
