2019110101,08,11,07,10,03
2019110102,02,10,09,07,03
2019110103,03,07,06,09,10
2019110104,02,11,05,09,04
2019110105,05,01,08,04,10
2019110106,08,02,09,01,05
2019110107,02,08,11,09,10
2019110108,05,03,08,01,09
2019110109,05,04,08,06,10
2019110110,07,04,09,08,10
2019110111,05,08,04,11,10
2019110112,01,06,07,05,08
2019110113,08,06,01,07,11
2019110114,08,11,01,05,03
2019110115,05,10,01,04,11
2019110116,02,06,05,03,09
2019110117,11,10,03,08,04
2019110118,02,10,11,06,05
2019110119,10,04,11,07,02
2019110120,11,10,06,08,04
2019110121,11,08,05,01,07
2019110122,01,10,08,09,04
2019110123,04,07,08,06,10
2019110124,10,03,04,08,01
2019110125,08,04,07,09,06
2019110126,11,10,07,08,04
2019110127,07,08,01,06,02
2019110128,01,03,04,10,08
2019110129,07,08,11,05,04
2019110130,11,02,09,03,05
2019110131,01,10,04,07,08
2019110132,05,02,03,06,10
2019110133,10,04,07,03,02
