2020100501,04,05,02,03,06
2020100502,02,06,08,11,03
2020100503,10,11,05,01,03
2020100504,05,08,04,02,03
2020100505,09,08,02,11,10
2020100506,07,02,08,06,10
2020100507,08,11,06,01,05
2020100508,05,10,04,02,07
2020100509,03,02,07,06,09
2020100510,10,09,08,05,11
2020100511,02,08,04,03,01
2020100512,10,01,04,06,07
2020100513,04,03,11,01,06
2020100514,10,04,07,02,03
2020100515,04,10,09,07,11
2020100516,06,07,02,04,01
2020100517,07,06,04,08,02
2020100518,03,08,11,05,02
2020100519,06,11,02,05,10
2020100520,06,05,04,11,09
2020100521,09,11,06,02,04
2020100522,07,08,02,04,05
2020100523,04,11,09,03,07
2020100524,07,02,10,08,06
2020100525,02,08,10,11,01
2020100526,09,11,05,02,01
2020100527,10,07,11,02,09
2020100528,06,08,09,04,10
2020100529,11,02,09,01,04
2020100530,09,03,04,02,01
2020100531,03,07,09,08,10
2020100532,06,11,01,02,08
2020100533,10,03,01,11,08
2020100534,07,05,08,10,09
2020100535,10,11,09,03,02
2020100536,10,07,08,05,01
2020100537,02,07,01,06,09
2020100538,10,01,11,04,08
2020100539,05,10,09,11,03
2020100540,06,05,07,04,11
2020100541,03,02,08,11,10
2020100542,08,02,09,01,03
