2020010101,02,01,03,06,05
2020010102,02,03,08,04,05
2020010103,01,02,10,06,03
2020010104,07,06,11,08,04
2020010105,01,03,08,10,06
2020010106,07,05,01,03,04
2020010107,06,10,02,04,01
2020010108,03,06,01,07,08
2020010109,03,11,10,07,06
2020010110,09,07,04,06,08
2020010111,10,11,05,07,06
2020010112,03,05,08,11,09
2020010113,10,04,02,09,03
2020010114,06,10,08,11,04
2020010115,11,07,05,06,04
2020010116,07,11,04,02,10
2020010117,03,01,07,08,09
2020010118,07,03,06,08,11
2020010119,04,06,08,10,09
2020010120,08,05,02,03,09
2020010121,07,08,09,01,11
2020010122,06,03,10,09,08
2020010123,10,07,02,04,06
2020010124,10,03,04,06,09
2020010125,04,06,03,01,07
2020010126,01,08,11,05,07
2020010127,02,03,06,04,07
2020010128,02,11,03,10,09
2020010129,11,02,05,08,06
2020010130,08,04,09,06,05
2020010131,10,03,05,01,06
2020010132,07,06,04,02,03
2020010133,06,10,02,08,01
2020010134,11,09,04,05,02
2020010135,03,08,05,04,01
2020010136,11,04,08,03,07
2020010137,05,03,10,09,01
2020010138,08,09,04,11,01
