2019081740,11,03,02,05,06
2019081741,03,02,07,05,06
2019081742,11,02,01,07,03
2019081801,06,08,11,09,03
2019081802,09,08,06,10,04
2019081803,02,08,05,04,09
2019081804,05,04,02,07,09
2019081805,06,05,10,04,08
2019081806,09,11,03,10,01
2019081807,06,08,10,02,04
2019081808,01,02,03,10,11
2019081809,08,07,06,03,11
2019081810,11,08,09,01,02
2019081811,10,11,04,05,09
2019081812,05,04,09,08,06
2019081813,07,01,10,08,02
2019081814,06,02,08,03,05
2019081815,04,06,09,02,07
2019081816,02,05,09,04,07
2019081817,11,04,10,01,03
2019081818,08,05,01,04,03
2019081819,03,02,08,10,01
2019081820,06,10,04,03,11
2019081821,08,04,11,02,06
2019081822,04,10,07,01,06
2019081823,06,05,07,02,09
2019081824,07,03,11,10,02
2019081825,02,05,06,09,07
2019081826,02,06,08,09,05
2019081827,11,01,10,08,04
2019081828,05,02,04,08,11
2019081829,08,03,01,04,09
2019081830,04,10,11,02,01
2019081831,02,03,01,04,07
2019081832,09,11,08,04,01
2019081833,05,03,10,02,01
2019081834,09,01,08,06,10
2019081835,11,05,10,01,02
2019081836,02,01,03,04,07
2019081837,08,06,11,07,04
2019081838,05,04,09,01,11
2019081839,10,01,11,07,06
2019081840,10,02,11,06,05
2019081841,03,02,05,11,10
2019081842,05,04,11,02,03
2019081901,05,11,08,10,02
2019081902,01,02,10,08,05
2019081903,10,01,02,07,09
2019081904,08,07,09,11,03
2019081905,03,11,07,06,04
2019081906,01,02,08,05,03
2019081907,10,09,07,06,03
2019081908,04,06,08,11,07
2019081909,02,06,03,07,05
2019081910,08,02,01,05,07
2019081911,02,11,03,07,10
2019081912,08,10,06,01,03
2019081913,10,07,08,04,01
2019081914,09,10,07,04,03
2019081915,11,09,02,07,05
2019081916,03,04,08,09,05
2019081917,01,05,11,04,08
2019081918,07,04,06,10,11
2019081919,03,07,04,05,02
2019081920,01,11,10,09,04
2019081921,01,11,04,09,06
2019081922,05,03,10,02,07
2019081923,08,01,03,11,02
2019081924,07,11,10,03,02
2019081925,01,11,08,05,07
2019081926,10,02,03,07,04
2019081927,02,06,05,04,11
2019081928,08,04,01,02,05
2019081929,03,11,09,02,08
2019081930,11,05,10,03,06
2019081931,11,01,07,10,06
2019081932,09,07,11,04,05
2019081933,09,02,03,10,04
2019081934,10,01,02,07,11
2019081935,06,11,10,02,05
2019081936,03,04,06,11,09
2019081937,03,09,04,08,10
2019081938,09,08,10,01,02
2019081939,10,11,07,05,03
2019081940,11,10,03,01,02
2019081941,04,11,06,05,01
2019081942,07,09,05,10,04
2019082001,04,03,01,08,06
2019082002,08,04,06,09,07
2019082003,02,01,05,06,07
2019082004,07,05,02,09,04
2019082005,04,05,06,02,07
2019082006,06,07,11,08,09
2019082007,06,02,11,03,09
2019082008,08,09,04,06,11
2019082009,04,08,07,10,03
2019082010,08,03,04,05,06
2019082011,03,05,07,06,04
2019082012,02,11,09,06,05
2019082013,03,07,10,08,01
2019082014,07,04,10,02,09
2019082015,08,03,02,09,07
2019082016,03,11,09,04,06
2019082017,02,10,01,09,04
2019082018,08,05,07,01,04
2019082019,07,11,01,10,03
2019082020,07,10,02,03,05
2019082021,06,07,05,01,08
2019082022,09,03,08,06,07
2019082023,04,10,03,11,07
2019082024,05,10,03,08,01
2019082025,08,10,06,07,05
2019082026,05,06,04,07,11
2019082027,10,06,01,03,04
2019082028,01,09,03,07,08
2019082029,06,01,10,04,02
2019082030,10,04,02,09,07
2019082031,09,01,08,04,03
2019082032,07,01,10,11,03
2019082033,07,09,01,02,06
2019082034,08,04,10,09,02
2019082035,06,05,11,09,03
2019082036,07,11,10,05,04
2019082037,06,10,09,11,04
2019082038,03,05,06,02,01
2019082039,04,05,07,11,01
2019082040,11,03,05,07,01
2019082041,03,02,05,01,04
2019082042,01,06,05,07,11
2019082101,09,01,05,07,02
2019082102,08,07,11,05,02
2019082103,10,06,01,03,02
2019082104,05,01,10,08,06
2019082105,01,11,09,06,07
2019082106,03,04,01,07,06
2019082107,09,11,05,07,02
2019082108,05,11,03,06,10
2019082109,06,02,07,08,11
2019082110,01,03,05,04,06
2019082111,11,06,04,05,01
2019082112,03,08,05,10,11
2019082113,07,03,09,04,01
2019082114,04,07,11,08,03
2019082115,10,02,11,06,01
2019082116,05,03,01,10,08
2019082117,11,07,02,05,06
2019082118,10,08,02,04,03
2019082119,07,09,05,08,06
2019082120,01,10,09,03,08
2019082121,11,07,08,06,04
2019082122,10,11,05,07,02
2019082123,09,06,05,08,01
2019082124,02,11,07,03,08
2019082125,02,01,08,06,07
2019082126,02,10,09,03,01
2019082127,03,11,06,10,05
2019082128,11,07,03,02,05
2019082129,02,07,04,03,06
2019082130,02,05,10,09,11
2019082131,11,03,07,04,08
2019082132,07,08,01,11,05
2019082133,02,08,11,06,10
2019082134,07,11,04,02,06
2019082135,05,07,01,11,03
2019082136,08,11,04,01,05
2019082137,05,09,01,08,11
2019082138,08,02,05,09,07
2019082139,01,03,08,09,11
2019082140,02,05,01,04,11
2019082141,05,04,11,01,08
2019082142,07,10,02,09,08
2019082201,10,07,01,05,04
2019082202,04,05,07,08,10
2019082203,03,06,10,04,07
2019082204,02,04,01,08,06
2019082205,01,10,03,09,08
2019082206,05,09,03,10,02
2019082207,09,07,03,06,08
2019082208,11,08,05,02,09
2019082209,05,10,01,08,09
2019082210,10,02,11,07,04
2019082211,06,01,10,07,05
2019082212,09,01,11,08,10
2019082213,07,08,06,09,05
2019082214,06,10,03,04,05
2019082215,03,11,01,04,05
2019082216,07,01,11,05,09
2019082217,09,08,02,04,07
2019082218,08,05,03,02,11
2019082219,11,05,08,02,07
2019082220,07,05,08,02,10
2019082221,05,09,07,06,03
2019082222,04,02,08,07,01
2019082223,08,03,10,04,01
2019082224,07,04,08,02,11
2019082225,11,02,03,01,07
2019082226,08,03,02,06,10
2019082227,08,02,03,09,11
2019082228,05,04,08,02,11
2019082229,09,02,04,07,06
2019082230,04,02,08,01,03
2019082231,08,02,07,01,05
2019082232,08,06,02,07,04
2019082233,03,02,05,09,01
2019082234,10,03,08,11,07
2019082235,09,06,10,07,11
2019082236,08,03,04,02,09
2019082237,08,05,07,04,11
2019082238,06,10,04,05,02
2019082239,09,07,05,01,03
2019082240,01,10,07,11,02
2019082241,07,02,04,08,05
2019082242,11,07,01,10,06
2019082301,11,01,05,07,10
2019082302,09,02,11,08,05
2019082303,04,08,02,05,03
2019082304,10,04,07,09,06
2019082305,02,07,11,03,01
2019082306,06,11,04,05,10
2019082307,05,06,07,01,10
2019082308,08,04,03,11,01
2019082309,04,10,11,06,05
2019082310,03,08,02,01,10
2019082311,08,04,07,05,01
2019082312,05,02,11,08,07
2019082313,08,10,09,03,01
2019082314,11,06,09,10,08
2019082315,03,10,11,09,01
2019082316,09,06,02,05,07
2019082317,10,07,03,06,08
2019082318,07,01,03,02,05
2019082319,10,06,04,11,08
2019082320,07,10,06,09,03
