2019090101,10,11,07,03,02
2019090102,01,11,10,02,06
2019090103,04,05,08,09,11
2019090104,11,10,01,04,09
2019090105,11,08,05,04,07
2019090106,08,11,10,04,06
2019090107,05,06,08,02,04
2019090108,11,04,03,06,07
2019090109,09,08,05,02,03
2019090110,04,11,08,07,06
2019090111,02,01,08,11,10
2019090112,06,08,03,07,09
2019090113,06,01,09,07,11
2019090114,01,04,09,05,02
2019090115,02,06,03,04,08
2019090116,04,08,02,11,10
2019090117,01,07,11,03,04
2019090118,07,03,09,02,10
2019090119,10,07,06,01,04
2019090120,03,02,08,11,09
2019090121,03,04,11,10,05
2019090122,02,10,11,09,06
2019090123,10,08,09,06,03
2019090124,04,06,10,01,11
2019090125,09,01,10,04,08
2019090126,02,10,05,03,07
2019090127,01,09,08,05,02
2019090128,01,07,10,08,04
2019090129,06,07,09,05,01
2019090130,10,06,02,04,08
2019090131,11,07,03,09,01
2019090132,10,09,05,03,11
2019090133,10,07,08,04,02
2019090134,06,02,11,10,05
2019090135,09,10,06,11,07
2019090136,08,02,01,11,07
2019090137,11,03,01,10,04
2019090138,09,08,06,05,10
2019090139,01,09,11,04,06
2019090140,05,02,09,07,11
2019090141,09,04,03,06,05
2019090142,06,09,03,08,10
2019090201,08,06,01,11,02
2019090202,09,02,07,11,10
2019090203,01,03,06,02,07
2019090204,02,06,10,05,09
2019090205,05,08,07,11,09
2019090206,10,09,03,01,06
2019090207,10,11,06,05,07
2019090208,07,05,10,06,09
2019090209,02,07,06,05,09
2019090210,05,07,04,06,08
2019090211,01,06,08,10,05
2019090212,03,08,11,06,05
2019090213,11,10,05,09,08
2019090214,02,05,11,10,06
2019090215,01,10,07,06,03
2019090216,08,02,09,06,07
2019090217,02,11,04,05,09
2019090218,04,02,08,11,09
2019090219,05,10,07,02,11
2019090220,09,05,11,03,10
2019090221,04,10,02,09,06
2019090222,06,05,09,01,08
2019090223,02,10,04,08,07
2019090224,06,02,11,09,03
2019090225,03,08,11,07,09
2019090226,04,01,09,07,03
2019090227,03,07,05,06,02
2019090228,05,08,02,11,07
2019090229,04,10,03,05,11
2019090230,10,04,08,03,05
2019090231,07,05,08,10,06
2019090232,01,06,11,07,04
2019090233,03,05,11,06,01
2019090234,02,11,04,09,07
2019090235,03,08,02,09,04
2019090236,05,08,02,07,01
2019090237,05,07,10,08,04
2019090238,02,07,05,09,03
2019090239,10,02,09,08,06
2019090240,08,02,06,10,03
2019090241,06,04,02,05,01
2019090242,10,08,11,04,09
2019090301,09,04,11,03,10
2019090302,05,06,09,07,03
2019090303,01,07,10,08,09
2019090304,03,10,05,04,09
2019090305,11,06,07,09,10
2019090306,07,04,10,01,09
2019090307,10,01,09,11,08
2019090308,03,10,01,09,02
2019090309,02,06,08,11,10
2019090310,01,02,06,03,09
2019090311,10,06,04,08,09
2019090312,02,08,04,05,03
2019090313,08,09,01,10,03
2019090314,04,07,05,03,02
2019090315,02,06,08,09,11
2019090316,10,06,11,03,07
2019090317,03,02,10,09,06
2019090318,06,03,11,08,10
2019090319,08,06,09,07,04
2019090320,11,01,02,05,10
2019090321,01,05,11,06,04
2019090322,09,08,04,02,03
2019090323,02,08,10,09,07
2019090324,06,05,04,02,08
2019090325,04,07,03,08,11
2019090326,01,10,02,04,07
2019090327,05,10,11,02,04
2019090328,05,07,10,11,03
2019090329,03,07,09,08,01
2019090330,09,02,03,04,01
2019090331,09,11,05,10,01
2019090332,08,04,09,02,01
2019090333,07,08,05,02,03
