2020040101,04,06,05,09,08
2020040102,08,06,01,09,11
2020040103,11,10,01,03,06
2020040104,11,01,05,09,06
2020040105,05,11,02,01,08
2020040106,02,01,07,05,08
2020040107,06,03,11,07,09
2020040108,06,05,04,11,07
2020040109,01,08,05,02,09
2020040110,06,08,01,02,09
2020040111,03,08,06,05,01
2020040112,02,10,04,03,05
2020040113,09,11,02,06,05
2020040114,03,10,07,06,08
2020040115,07,11,02,09,10
2020040116,03,01,06,09,10
2020040117,05,10,09,06,08
2020040118,02,10,07,06,11
2020040119,01,08,04,06,09
2020040120,08,05,07,01,04
2020040121,03,07,04,06,09
2020040122,09,07,11,03,10
2020040123,04,01,05,03,09
2020040124,11,01,05,07,04
2020040125,09,05,03,06,08
2020040126,05,02,07,11,09
2020040127,05,06,01,02,08
2020040128,07,10,02,04,05
2020040129,05,04,08,03,07
2020040130,09,07,11,08,03
2020040131,02,09,03,08,04
2020040132,11,05,04,03,07
2020040133,06,10,03,02,11
2020040134,04,07,01,09,06
2020040135,10,07,03,05,01
2020040136,08,06,03,05,01
2020040137,08,02,09,07,06
2020040138,09,11,08,01,03
2020040139,05,09,01,03,04
2020040140,09,02,06,10,11
