2019100801,02,06,09,07,08
2019100802,11,08,10,07,03
2019100803,01,02,09,05,04
2019100804,02,04,03,06,08
2019100805,02,06,07,11,03
2019100806,06,04,11,07,01
2019100807,08,01,11,09,04
2019100808,04,07,02,11,03
2019100809,06,04,07,05,11
2019100810,08,01,04,06,10
2019100811,07,04,10,09,08
2019100812,02,05,10,04,03
2019100813,08,10,09,01,02
2019100814,02,06,08,05,01
2019100815,01,10,08,11,03
2019100816,03,01,05,06,11
2019100817,07,04,05,08,03
2019100818,02,08,09,11,07
2019100819,05,04,11,03,07
2019100820,06,11,09,08,10
2019100821,08,05,07,01,09
2019100822,04,11,07,05,03
2019100823,04,03,01,08,05
2019100824,11,07,05,04,08
2019100825,04,05,09,10,02
2019100826,01,10,03,07,02
2019100827,09,07,06,01,02
2019100828,09,06,03,01,10
2019100829,11,03,09,10,07
2019100830,08,11,09,03,04
2019100831,11,06,09,05,08
2019100832,09,11,06,05,02
2019100833,03,02,07,11,10
2019100834,07,11,10,03,05
2019100835,06,05,08,03,09
2019100836,04,10,06,08,01
2019100837,04,07,02,10,05
2019100838,05,07,10,01,03
2019100839,05,08,10,07,02
2019100840,10,06,08,01,02
2019100841,07,08,01,06,04
2019100842,07,02,04,05,01
2019100901,08,04,06,07,05
2019100902,11,01,04,06,05
2019100903,08,04,02,09,10
2019100904,04,06,01,08,05
2019100905,05,09,07,04,03
2019100906,09,01,05,04,07
2019100907,04,10,02,11,03
2019100908,08,09,07,11,01
2019100909,03,02,08,07,05
2019100910,10,02,04,09,11
2019100911,05,10,07,11,09
2019100912,07,10,05,03,02
2019100913,03,11,07,05,08
2019100914,11,03,09,06,07
2019100915,09,06,07,02,04
2019100916,11,05,02,09,03
2019100917,04,09,10,02,03
2019100918,03,07,01,04,10
2019100919,06,09,04,10,07
2019100920,04,08,06,09,02
2019100921,02,09,11,05,03
2019100922,11,01,02,07,09
2019100923,05,09,03,10,04
2019100924,07,05,02,09,04
2019100925,03,05,02,09,04
2019100926,05,01,06,11,10
2019100927,09,07,06,03,11
2019100928,08,03,10,11,09
2019100929,11,09,10,02,04
2019100930,01,04,05,08,06
2019100931,09,10,11,01,04
2019100932,03,07,04,05,10
2019100933,08,05,11,09,01
2019100934,09,06,10,11,02
2019100935,09,04,10,03,01
