2020040101,08,04,10,11,09
2020040102,01,03,07,04,05
2020040103,02,07,05,04,11
2020040104,07,05,01,04,03
2020040105,11,02,10,05,04
2020040106,05,11,08,07,02
2020040107,04,11,07,10,02
2020040108,11,01,07,04,05
2020040109,06,08,02,10,04
2020040110,01,05,02,03,10
2020040111,11,06,03,10,07
2020040112,04,10,06,05,08
2020040113,02,10,06,09,08
2020040114,04,11,02,03,01
2020040115,04,02,05,03,07
2020040116,09,11,01,06,02
2020040117,10,06,09,08,03
2020040118,07,04,09,06,01
2020040119,04,11,01,05,06
2020040120,04,07,11,03,06
2020040121,04,08,05,02,07
2020040122,07,09,11,01,05
2020040123,09,08,04,10,01
2020040124,09,03,01,07,06
2020040125,10,01,09,02,05
2020040126,01,05,03,02,11
2020040127,03,08,11,02,05
2020040128,03,02,05,01,10
2020040129,03,02,01,10,09
2020040130,07,05,08,10,03
2020040131,03,10,02,06,04
2020040132,07,02,05,03,11
2020040133,01,05,08,09,10
2020040134,04,01,06,03,05
2020040135,02,10,04,07,01
2020040136,05,08,02,09,04
2020040137,02,08,09,11,03
2020040138,03,05,09,01,10
2020040139,01,11,05,03,02
2020040140,04,07,01,06,08
