2020060101,08,03,02,10,11
2020060102,01,06,03,07,04
2020060103,01,08,03,11,02
2020060104,04,02,01,05,10
2020060105,08,11,09,03,07
2020060106,05,04,11,06,09
2020060107,03,08,06,02,07
2020060108,03,01,10,07,05
2020060109,10,03,07,09,11
2020060110,05,03,02,01,09
2020060111,07,05,03,01,09
2020060112,07,10,04,03,09
2020060113,08,11,03,10,06
2020060114,11,10,08,06,05
2020060115,10,01,07,02,04
2020060116,08,10,06,05,07
2020060117,03,07,06,04,10
2020060118,05,11,10,08,09
2020060119,08,09,04,03,11
2020060120,05,01,04,02,11
2020060121,03,11,01,02,05
2020060122,01,08,02,06,03
2020060123,11,04,07,05,10
2020060124,06,10,01,04,08
2020060125,08,01,09,02,10
2020060126,11,02,03,09,04
2020060127,05,10,01,04,08
2020060128,04,09,06,08,07
2020060129,11,02,01,06,05
2020060130,04,08,06,05,10
2020060131,01,04,03,02,10
2020060132,04,01,10,07,02
2020060133,02,09,05,07,04
2020060134,04,09,10,06,01
2020060135,04,03,01,07,05
2020060136,10,07,11,06,03
2020060137,11,07,01,05,10
2020060138,06,08,07,04,01
2020060139,07,10,11,08,03
2020060140,07,11,03,09,08
2020060141,05,09,02,03,08
