2019081740,06,10,02,09,07
2019081741,05,08,10,11,03
2019081742,06,09,04,11,01
2019081801,08,10,06,07,01
2019081802,02,08,10,11,07
2019081803,11,10,04,08,01
2019081804,04,06,01,03,09
2019081805,04,05,09,08,01
2019081806,08,11,01,06,09
2019081807,07,11,08,10,04
2019081808,08,09,05,07,03
2019081809,01,10,04,07,02
2019081810,08,10,11,01,07
2019081811,11,05,01,08,02
2019081812,03,11,02,06,09
2019081813,06,11,08,02,04
2019081814,06,02,03,04,01
2019081815,01,02,03,04,10
2019081816,03,01,08,10,11
2019081817,02,07,01,09,06
2019081818,11,06,05,04,03
2019081819,09,11,08,07,01
2019081820,09,02,04,03,10
2019081821,06,07,01,03,11
2019081822,04,09,02,08,07
2019081823,02,10,08,09,07
2019081824,10,06,04,11,05
2019081825,05,08,06,01,02
2019081826,08,10,06,04,03
2019081827,06,01,02,08,07
2019081828,10,02,11,03,06
2019081829,03,05,10,11,06
2019081830,10,09,08,02,05
2019081831,01,05,06,07,03
2019081832,01,05,08,03,09
2019081833,07,10,06,09,05
2019081834,01,05,03,08,06
2019081835,07,04,09,06,03
2019081836,05,04,03,10,09
2019081837,01,07,10,03,05
2019081838,11,08,07,09,04
2019081839,11,02,08,01,05
2019081840,01,11,07,06,08
2019081841,04,11,06,09,01
2019081842,10,02,11,06,04
2019081901,11,01,06,10,07
2019081902,04,03,01,06,02
2019081903,10,09,11,04,08
2019081904,07,02,03,09,01
2019081905,10,06,02,03,04
2019081906,05,10,09,01,08
2019081907,07,06,08,04,02
2019081908,03,05,02,01,10
2019081909,07,03,04,11,01
2019081910,09,11,01,10,03
2019081911,04,09,11,07,03
2019081912,06,09,04,10,02
2019081913,01,08,07,06,11
2019081914,02,04,08,10,03
2019081915,05,04,08,09,01
2019081916,05,07,10,11,03
2019081917,11,02,09,07,03
2019081918,02,04,01,03,05
2019081919,05,09,07,03,02
2019081920,04,05,11,08,07
2019081921,06,10,03,07,09
2019081922,01,02,04,06,05
2019081923,04,05,11,02,06
2019081924,06,08,04,05,10
2019081925,11,01,02,03,06
2019081926,02,04,03,09,10
2019081927,08,01,06,07,11
2019081928,05,04,03,01,02
2019081929,08,10,03,04,05
2019081930,07,01,10,03,08
2019081931,08,05,01,07,10
2019081932,06,11,10,09,07
2019081933,04,05,11,02,07
2019081934,02,03,01,09,05
2019081935,04,09,11,02,03
2019081936,07,10,01,06,11
2019081937,11,06,04,03,09
2019081938,06,05,10,02,03
2019081939,05,10,01,04,08
2019081940,04,06,03,08,10
2019081941,09,01,07,11,05
2019081942,11,07,08,06,01
2019082001,06,01,07,08,04
2019082002,07,09,05,01,03
2019082003,02,11,03,07,05
2019082004,02,08,03,10,11
2019082005,04,07,09,01,06
2019082006,05,08,03,04,11
2019082007,10,05,06,03,11
2019082008,01,04,09,08,06
2019082009,01,06,11,09,07
2019082010,05,09,01,08,11
2019082011,08,09,01,10,03
2019082012,02,01,06,10,07
2019082013,10,03,04,02,07
2019082014,02,03,06,08,11
2019082015,03,10,09,06,08
2019082016,03,07,04,01,05
2019082017,10,02,01,11,09
2019082018,01,06,02,11,08
2019082019,10,01,07,05,06
2019082020,02,10,06,08,03
2019082021,11,03,01,07,09
2019082022,07,10,09,11,02
2019082023,05,01,10,09,11
2019082024,02,08,09,11,07
2019082025,07,03,10,05,04
2019082026,04,11,02,09,05
2019082027,08,11,05,01,10
2019082028,06,03,07,10,05
2019082029,09,11,03,08,06
2019082030,02,08,01,11,10
2019082031,09,02,03,06,05
2019082032,03,07,02,01,08
2019082033,04,01,06,08,09
2019082034,06,09,04,01,11
2019082035,11,10,06,01,05
2019082036,08,06,04,07,05
2019082037,03,09,01,07,08
2019082038,10,08,03,01,04
2019082039,02,04,03,10,05
2019082040,07,03,10,11,06
2019082041,05,02,04,10,11
2019082042,07,11,10,06,01
2019082101,11,07,04,02,01
2019082102,02,08,01,11,10
2019082103,02,07,09,11,06
2019082104,10,03,02,01,04
2019082105,03,04,08,05,11
2019082106,01,09,08,10,04
2019082107,03,08,04,07,09
2019082108,08,02,04,11,05
2019082109,03,05,06,11,09
2019082110,03,04,01,07,09
2019082111,11,10,04,08,06
2019082112,03,10,06,01,05
2019082113,05,09,10,01,02
2019082114,03,07,04,01,02
2019082115,10,08,05,07,01
2019082116,10,09,04,11,06
2019082117,07,01,09,03,10
2019082118,11,10,07,04,03
2019082119,10,01,06,07,05
2019082120,08,01,05,07,10
2019082121,04,09,01,05,06
2019082122,11,06,05,08,07
2019082123,10,04,06,03,01
2019082124,04,05,11,02,10
2019082125,09,02,11,06,03
2019082126,03,07,08,11,04
2019082127,04,11,02,03,08
2019082128,01,09,05,08,03
2019082129,10,02,03,06,09
2019082130,09,08,05,11,10
2019082131,10,02,07,11,06
2019082132,07,02,06,08,09
2019082133,08,11,01,04,09
2019082134,03,02,06,09,07
2019082135,10,06,11,05,04
2019082136,10,11,09,04,02
2019082137,06,11,03,05,02
2019082138,06,04,07,10,08
2019082139,05,02,03,06,01
2019082140,04,06,02,09,01
2019082141,10,09,06,03,08
2019082142,01,06,07,11,09
2019082201,07,11,08,03,05
2019082202,09,02,08,05,03
2019082203,03,08,10,09,11
2019082204,02,09,03,04,05
2019082205,08,05,04,06,10
2019082206,09,11,04,06,01
2019082207,04,01,07,09,10
2019082208,11,06,02,05,04
2019082209,04,08,03,02,10
2019082210,02,10,05,03,01
2019082211,07,05,03,11,08
2019082212,11,01,07,10,09
2019082213,06,02,05,08,03
2019082214,09,04,03,08,11
2019082215,06,08,07,04,05
2019082216,09,10,04,05,06
2019082217,01,07,02,10,11
2019082218,04,08,02,10,05
2019082219,11,01,09,04,05
2019082220,05,07,04,09,11
2019082221,10,06,02,07,03
2019082222,05,01,02,06,08
2019082223,09,11,07,10,08
2019082224,03,06,09,08,02
2019082225,02,03,10,06,01
2019082226,11,03,10,06,07
2019082227,06,01,04,07,11
2019082228,03,01,11,05,06
2019082229,02,04,08,09,06
2019082230,10,01,03,05,08
2019082231,02,10,01,11,04
2019082232,01,10,04,02,08
2019082233,06,07,01,04,08
2019082234,10,09,02,04,01
2019082235,07,11,01,04,05
2019082236,09,10,08,03,06
2019082237,09,08,03,05,02
2019082238,09,11,08,03,10
2019082239,05,08,01,10,11
2019082240,11,02,10,06,09
2019082241,11,07,02,06,10
2019082242,02,05,08,06,10
2019082301,10,01,02,08,05
2019082302,07,08,06,01,10
2019082303,03,07,11,08,02
2019082304,06,07,01,03,04
2019082305,10,01,06,02,08
2019082306,06,03,09,10,04
2019082307,09,11,01,02,06
2019082308,03,11,09,07,02
2019082309,02,04,03,05,11
2019082310,04,06,09,10,03
2019082311,04,08,05,03,11
2019082312,01,03,11,08,04
2019082313,06,05,07,04,02
2019082314,11,06,09,04,08
2019082315,08,02,06,07,03
