2020110101,07,09,08,04,01
2020110102,11,03,01,08,10
2020110103,11,03,01,04,02
2020110104,08,01,06,10,09
2020110105,09,11,08,10,06
2020110106,09,10,11,07,04
2020110107,07,02,11,01,08
2020110108,07,01,08,05,06
2020110109,09,06,08,10,11
2020110110,02,07,04,03,05
2020110111,02,08,01,04,05
2020110112,04,05,01,10,02
2020110113,09,01,05,10,08
2020110114,11,04,10,06,03
2020110115,10,09,01,05,02
2020110116,06,05,04,08,07
2020110117,04,03,11,10,07
2020110118,03,05,01,06,10
2020110119,02,05,03,01,11
2020110120,08,11,09,04,05
2020110121,05,01,07,10,06
2020110122,11,01,06,08,02
2020110123,03,07,09,04,10
2020110124,07,05,01,04,11
2020110125,01,09,08,03,07
2020110126,04,10,08,06,11
2020110127,05,09,08,02,10
2020110128,05,11,02,09,08
2020110129,11,05,04,10,03
2020110130,09,10,07,05,02
2020110131,06,09,01,05,07
2020110132,05,10,06,01,02
2020110133,02,04,05,01,06
2020110134,08,06,07,01,02
2020110135,01,05,02,04,06
2020110136,05,09,06,04,03
2020110137,07,10,08,06,11
2020110138,05,01,02,04,08
2020110139,07,08,11,03,02
2020110140,06,02,03,08,01
2020110141,07,11,05,01,09
2020110142,11,02,10,08,03
