2020090101,06,01,07,03,02
2020090102,06,01,11,05,04
2020090103,11,06,03,10,02
2020090104,02,05,09,06,07
2020090105,07,11,04,10,09
2020090106,04,03,06,05,01
2020090107,08,07,02,05,09
2020090108,07,08,01,03,06
2020090109,03,09,05,04,10
2020090110,08,07,03,05,02
2020090111,09,04,10,02,08
2020090112,02,05,01,11,08
2020090113,07,08,05,02,06
2020090114,07,01,06,11,08
2020090115,10,04,01,06,08
2020090116,03,08,04,01,02
2020090117,11,01,06,07,04
2020090118,05,01,09,03,02
2020090119,11,08,01,05,10
2020090120,09,05,03,08,07
2020090121,02,06,09,04,01
2020090122,08,06,03,04,02
2020090123,01,04,02,05,08
2020090124,06,10,09,05,11
2020090125,05,07,10,04,02
2020090126,03,02,09,08,06
2020090127,06,08,09,11,02
2020090128,05,02,07,09,06
2020090129,03,08,11,07,04
2020090130,10,02,05,06,04
2020090131,04,02,03,09,06
2020090132,03,11,09,01,10
2020090133,03,10,02,06,07
2020090134,06,04,11,10,03
2020090135,01,09,10,02,08
2020090136,06,11,04,03,10
2020090137,03,06,04,11,07
2020090138,02,05,07,11,06
2020090139,04,05,11,01,03
2020090140,06,01,03,02,11
2020090141,06,03,05,11,02
2020090142,09,11,06,04,03
2020090201,02,11,10,03,04
2020090202,09,05,08,02,10
2020090203,04,07,10,09,03
2020090204,10,11,01,04,02
2020090205,03,01,04,10,06
2020090206,03,04,10,08,02
2020090207,09,08,02,10,04
2020090208,03,08,11,05,04
2020090209,01,04,09,10,05
2020090210,08,01,10,09,03
2020090211,10,11,08,07,04
2020090212,11,01,08,10,02
2020090213,08,06,03,10,09
2020090214,03,05,01,02,09
2020090215,03,10,02,07,04
2020090216,07,02,10,09,05
2020090217,02,04,05,03,10
2020090218,09,03,05,06,10
2020090219,10,05,04,07,06
2020090220,03,07,04,06,10
2020090221,05,10,11,02,07
2020090222,04,03,06,08,09
2020090223,07,08,05,01,03
2020090224,10,11,01,02,04
2020090225,02,03,10,05,01
2020090226,08,06,10,04,03
2020090227,11,03,10,07,04
2020090228,01,05,06,07,03
2020090229,04,02,01,11,07
2020090230,05,03,08,11,06
2020090231,02,07,01,03,04
2020090232,10,03,08,01,11
2020090233,07,10,04,09,02
2020090234,09,05,06,10,07
2020090235,09,04,01,10,05
2020090236,08,04,07,05,02
2020090237,09,08,05,02,11
2020090238,06,09,11,08,07
2020090239,11,07,01,10,09
2020090240,01,04,07,03,02
2020090241,05,06,09,08,07
2020090242,11,09,10,03,08
2020090301,10,04,08,03,11
2020090302,10,01,04,05,11
2020090303,02,09,01,05,07
2020090304,11,09,02,05,08
2020090305,01,09,03,10,06
2020090306,10,11,08,09,02
2020090307,07,11,02,04,06
2020090308,02,04,01,05,06
2020090309,02,09,08,06,04
2020090310,03,04,09,10,05
2020090311,10,02,06,09,04
2020090312,02,06,05,04,01
2020090313,10,06,03,04,02
2020090314,05,07,10,09,08
2020090315,01,02,03,09,11
2020090316,04,07,02,05,03
2020090317,09,01,02,04,07
2020090318,02,10,05,11,08
2020090319,03,01,07,06,02
2020090320,05,11,10,08,09
2020090321,01,07,03,05,08
2020090322,05,01,08,04,02
2020090323,09,04,05,07,08
2020090324,02,03,07,05,11
2020090325,03,01,05,09,10
2020090326,04,08,05,07,10
2020090327,10,04,11,05,08
2020090328,08,03,11,04,10
2020090329,05,04,11,10,03
2020090330,09,10,07,03,02
2020090331,07,10,06,03,11
2020090332,08,10,02,07,11
2020090333,08,02,06,07,04
2020090334,10,05,03,09,11
2020090335,08,10,01,07,09
2020090336,05,07,03,06,01
2020090337,03,04,08,07,10
2020090338,06,03,11,09,05
2020090339,03,02,05,04,11
2020090340,08,05,06,10,01
2020090341,07,01,11,08,10
2020090342,09,06,02,03,04
2020090401,07,08,04,09,01
2020090402,02,03,01,05,06
2020090403,09,07,04,02,03
2020090404,04,01,07,11,08
2020090405,09,01,08,05,04
2020090406,06,09,10,01,05
2020090407,03,09,02,07,04
2020090408,07,02,01,04,05
2020090409,05,02,09,03,01
2020090410,08,02,10,06,04
2020090411,08,02,05,07,04
2020090412,05,08,07,04,10
2020090413,03,01,07,05,10
2020090414,06,02,03,07,04
2020090415,09,08,03,02,01
2020090416,02,11,07,01,04
2020090417,01,07,06,11,02
2020090418,03,05,08,06,04
2020090419,11,02,03,07,10
2020090420,05,09,04,07,03
2020090421,05,08,04,03,07
2020090422,09,08,11,10,03
2020090423,01,09,08,05,07
2020090424,10,04,11,09,08
2020090425,04,11,01,05,03
2020090426,10,09,04,07,06
2020090427,01,11,08,09,10
2020090428,06,02,05,01,04
2020090429,10,11,09,06,04
2020090430,09,03,07,05,02
2020090431,03,01,06,11,04
2020090432,06,02,05,01,07
2020090433,09,04,10,07,11
2020090434,02,09,10,07,06
2020090435,10,04,02,03,08
2020090436,02,10,08,11,09
2020090437,05,09,11,06,01
2020090438,09,01,03,04,11
2020090439,03,06,08,07,05
2020090440,03,01,09,04,02
2020090441,03,11,01,09,02
2020090442,05,11,01,03,08
2020090501,11,03,10,01,05
2020090502,04,09,03,11,08
2020090503,09,02,05,04,06
2020090504,02,04,09,03,08
2020090505,10,08,07,11,09
2020090506,08,06,05,09,10
2020090507,08,07,04,09,06
2020090508,03,06,02,01,08
2020090509,01,08,09,06,10
2020090510,10,11,03,08,05
2020090511,02,09,11,01,10
2020090512,07,08,05,01,10
2020090513,06,11,08,05,01
2020090514,11,02,04,10,09
2020090515,04,02,01,07,08
2020090516,07,08,11,06,09
2020090517,04,06,08,11,07
2020090518,07,05,10,06,08
2020090519,03,05,01,07,04
2020090520,05,06,02,09,07
2020090521,06,04,05,11,09
2020090522,09,03,05,02,06
2020090523,04,07,06,11,02
2020090524,02,10,08,03,01
2020090525,05,01,03,07,11
2020090526,11,08,07,02,06
2020090527,07,10,09,01,05
2020090528,01,06,02,10,09
2020090529,03,10,02,11,04
2020090530,04,09,10,08,07
2020090531,06,07,10,09,02
2020090532,08,03,10,01,11
2020090533,10,03,06,07,02
2020090534,11,03,01,05,04
2020090535,06,11,07,05,03
2020090536,02,06,01,11,07
2020090537,02,06,05,09,03
2020090538,06,09,10,07,02
2020090539,10,05,09,02,04
2020090540,03,10,06,01,09
2020090541,08,06,01,07,05
2020090542,10,05,08,02,03
2020090601,11,07,03,01,09
2020090602,10,06,08,09,11
2020090603,02,04,07,11,09
2020090604,11,09,05,08,03
2020090605,01,11,07,02,08
2020090606,11,06,04,08,10
2020090607,11,02,05,08,09
2020090608,02,08,04,09,03
2020090609,10,07,08,04,11
2020090610,03,05,06,04,08
2020090611,05,08,06,11,07
2020090612,10,01,09,08,02
2020090613,08,05,03,06,04
2020090614,04,01,05,08,10
2020090615,01,04,11,09,10
2020090616,03,09,08,07,11
2020090617,06,11,08,05,01
2020090618,04,01,03,08,10
2020090619,03,04,09,11,02
2020090620,04,02,07,01,08
2020090621,05,09,01,08,04
2020090622,03,02,08,11,09
2020090623,04,06,05,10,09
2020090624,07,11,10,08,09
2020090625,10,08,11,04,05
2020090626,08,01,03,10,06
2020090627,07,06,09,04,10
2020090628,01,09,10,08,04
2020090629,10,07,08,03,09
2020090630,05,02,01,08,10
2020090631,03,07,06,02,05
2020090632,04,10,06,08,02
2020090633,10,06,02,05,03
2020090634,05,03,02,08,06
2020090635,09,10,06,05,01
2020090636,04,08,09,03,06
2020090637,07,09,05,06,11
2020090638,02,08,09,05,11
2020090639,07,09,05,01,03
2020090640,06,03,01,07,02
2020090641,06,08,02,07,10
2020090642,04,02,03,05,11
2020090735,04,02,06,03,10
2020090736,03,06,10,07,02
2020090737,06,03,09,07,10
2020090738,06,08,03,02,11
2020090739,04,11,09,06,08
2020090740,05,02,06,08,04
2020090741,06,05,09,02,08
2020090742,01,06,10,08,07
2020090801,04,01,02,03,11
2020090802,09,08,03,01,11
2020090803,02,09,08,11,10
2020090804,05,10,03,09,02
2020090805,06,08,05,03,10
2020090806,09,05,08,04,06
2020090807,06,02,09,08,01
2020090808,06,10,09,11,07
2020090809,11,09,06,05,03
2020090810,09,04,03,08,05
2020090811,03,08,10,02,07
2020090812,02,08,11,04,07
2020090813,02,06,01,09,11
2020090814,05,09,08,10,01
2020090815,11,03,01,09,02
2020090816,11,10,08,05,04
2020090817,02,11,03,04,01
2020090818,05,07,01,11,04
2020090819,04,05,02,10,08
2020090820,09,03,01,04,06
2020090821,05,07,10,06,02
2020090822,03,10,02,07,11
2020090823,08,01,03,07,06
2020090824,04,02,07,05,11
2020090825,02,05,06,03,04
2020090826,02,03,10,11,09
2020090827,02,04,03,10,09
2020090828,10,05,04,01,06
2020090829,10,08,03,01,02
2020090830,07,10,02,06,01
2020090831,08,03,10,02,05
2020090832,08,02,11,09,03
2020090833,09,06,07,08,05
2020090834,10,06,07,09,08
2020090835,06,11,01,08,07
2020090836,11,07,01,10,05
2020090837,06,02,07,10,11
2020090838,08,01,11,04,06
2020090839,07,10,08,06,05
2020090840,04,05,09,06,08
2020090841,08,07,09,10,06
2020090842,07,06,08,05,04
2020090901,01,06,09,11,05
2020090902,06,07,02,04,10
2020090903,05,10,02,08,04
2020090904,03,05,10,01,07
2020090905,06,11,10,05,09
2020090906,04,11,09,08,05
2020090907,02,03,06,07,01
2020090908,03,10,04,01,07
2020090909,01,09,04,07,10
2020090910,07,09,05,11,10
2020090911,09,07,06,02,03
2020090912,04,05,09,06,02
2020090913,04,05,06,10,11
2020090914,02,10,08,11,03
2020090915,10,03,01,08,11
2020090916,11,10,09,01,08
2020090917,05,02,09,01,11
2020090918,04,03,11,01,06
2020090919,04,06,02,10,11
2020090920,08,03,02,07,09
2020090921,11,09,02,01,10
2020090922,06,08,02,10,07
2020090923,06,07,08,04,09
2020090924,03,06,01,11,10
2020090925,08,07,09,03,10
2020090926,07,04,01,08,11
2020090927,11,08,10,02,05
2020090928,05,11,07,08,03
2020090929,02,10,11,07,05
2020090930,04,05,11,09,08
2020090931,04,03,07,01,06
2020090932,07,03,02,04,01
2020090933,10,02,01,09,04
2020090934,01,11,06,05,03
2020090935,03,10,07,11,09
2020090936,01,02,07,11,09
2020090937,11,05,09,02,07
2020090938,02,11,03,10,04
2020090939,11,05,02,06,09
2020090940,03,08,04,10,02
2020090941,10,04,08,03,06
2020090942,01,03,10,06,07
2020091001,06,01,07,10,02
2020091002,06,10,09,05,02
2020091003,11,02,10,06,05
2020091004,08,11,06,02,01
2020091005,07,10,03,06,04
2020091006,04,08,02,07,05
2020091007,04,03,02,07,10
2020091008,02,06,04,03,11
2020091009,03,07,04,01,08
2020091010,06,08,10,04,01
2020091011,08,10,03,05,11
2020091012,05,08,04,01,06
2020091013,01,05,08,11,03
2020091014,10,07,03,05,01
2020091015,11,05,02,03,07
2020091016,06,09,07,01,08
2020091017,11,10,09,01,08
2020091018,04,10,07,11,01
2020091019,04,06,02,05,11
2020091020,01,11,07,06,08
2020091021,07,08,04,03,11
2020091022,02,06,08,04,05
2020091023,04,07,09,10,03
2020091024,07,10,06,05,02
2020091025,10,01,08,03,05
2020091026,02,07,10,05,09
2020091027,04,07,02,09,01
2020091028,04,07,01,10,02
2020091029,03,09,11,01,08
2020091030,03,04,10,08,01
2020091031,10,03,01,06,05
2020091032,10,09,05,07,02
2020091033,10,07,08,01,04
2020091034,10,05,04,02,08
2020091035,10,06,02,04,07
2020091036,11,10,03,04,06
2020091037,08,05,02,07,01
2020091038,05,10,07,03,06
2020091039,07,10,03,08,02
2020091040,07,03,06,01,08
2020091041,10,11,09,02,05
2020091042,07,02,05,10,03
2020091101,03,08,05,04,07
2020091102,05,01,03,04,08
2020091103,06,01,07,03,09
2020091104,07,06,04,03,11
2020091105,11,06,04,09,02
2020091106,11,05,06,01,10
2020091107,05,06,09,10,03
2020091108,11,03,09,05,04
2020091109,01,10,11,07,05
2020091110,04,03,05,10,09
2020091111,11,08,10,03,09
2020091112,06,10,09,01,03
2020091113,10,05,06,03,01
2020091114,01,08,02,04,05
2020091115,11,06,03,08,02
2020091116,03,08,05,07,04
2020091117,06,11,02,07,01
2020091118,10,04,05,11,06
2020091119,03,07,02,05,09
2020091120,03,06,04,10,01
2020091121,02,07,08,05,06
2020091122,01,02,04,09,06
2020091123,09,01,07,08,06
2020091124,03,04,08,02,09
2020091125,01,05,03,02,09
2020091126,03,04,11,10,09
2020091127,09,06,10,05,01
2020091128,11,03,07,06,09
2020091129,05,06,03,07,09
2020091130,11,01,07,10,09
2020091131,02,10,04,05,09
2020091132,03,11,01,10,04
2020091133,08,09,05,02,07
2020091134,09,04,06,08,01
2020091135,06,04,08,05,01
2020091136,11,05,01,03,04
2020091137,05,02,10,09,03
2020091138,06,05,11,02,09
2020091139,08,11,04,01,10
2020091140,07,10,04,01,11
2020091141,05,07,09,02,10
2020091142,01,11,10,02,05
2020091235,03,02,01,08,04
2020091236,11,02,10,06,03
2020091237,07,06,01,03,04
2020091238,08,02,01,11,07
2020091239,06,02,05,04,08
2020091240,01,10,08,04,05
2020091241,06,09,08,01,03
2020091242,02,09,10,03,01
2020091301,07,05,04,10,09
2020091302,03,08,02,05,09
2020091303,01,05,07,09,02
2020091304,11,04,03,05,02
2020091305,11,05,02,04,10
2020091306,02,08,06,05,07
2020091307,09,11,06,10,02
2020091308,04,08,03,10,05
2020091309,04,07,09,11,10
2020091310,01,09,10,08,05
2020091311,07,01,06,09,10
2020091312,05,02,03,10,09
2020091313,09,02,03,07,01
2020091314,02,11,07,05,04
2020091315,11,04,01,10,07
2020091316,10,01,03,06,05
2020091317,03,10,08,01,06
2020091318,05,04,10,03,11
2020091319,09,04,01,08,11
2020091320,01,02,04,07,05
2020091321,01,11,09,04,05
2020091322,10,11,05,01,09
2020091323,03,11,02,10,04
2020091324,04,03,01,02,07
2020091325,07,09,10,03,02
2020091326,03,04,11,02,01
2020091327,04,08,11,07,06
2020091328,10,04,06,03,07
2020091329,09,01,05,04,06
2020091330,05,01,07,03,04
2020091331,06,09,04,02,10
2020091332,01,02,08,05,11
2020091333,02,08,11,06,04
2020091334,10,01,07,02,11
2020091335,11,01,04,06,07
2020091336,01,04,02,10,07
2020091337,02,09,11,06,01
2020091338,07,11,01,08,03
2020091339,01,07,06,08,10
2020091340,08,04,06,11,03
2020091341,08,06,10,05,11
2020091342,11,05,08,02,07
2020091401,10,06,05,03,11
2020091402,05,03,08,09,10
2020091403,07,08,04,01,09
2020091404,02,11,01,05,10
2020091405,01,10,08,03,02
2020091406,07,06,02,04,05
2020091407,08,04,09,11,03
2020091408,10,08,01,02,07
2020091409,09,06,10,07,11
2020091410,09,03,01,05,02
2020091411,04,06,01,03,08
2020091412,11,04,10,03,08
2020091413,01,07,11,04,10
2020091414,01,02,10,05,04
2020091415,07,02,01,03,09
2020091416,10,02,05,04,01
2020091417,02,01,06,08,11
2020091418,03,06,01,09,04
2020091419,05,04,02,06,10
2020091420,03,04,08,11,01
2020091421,06,01,05,02,09
2020091422,03,02,04,09,01
2020091423,08,02,01,06,03
2020091424,08,11,06,09,10
2020091425,09,07,01,03,10
2020091426,04,01,06,09,03
2020091427,05,07,10,02,08
2020091428,08,11,06,10,07
2020091429,11,03,08,05,06
2020091430,06,04,02,05,03
2020091431,06,05,01,09,03
2020091432,11,03,05,07,08
2020091433,08,09,04,01,10
2020091434,06,01,04,03,07
2020091435,01,10,07,04,11
2020091436,10,09,03,07,02
2020091437,03,06,01,04,09
2020091438,09,02,11,07,05
2020091439,01,02,05,08,11
2020091440,04,11,01,07,02
2020091441,10,07,02,11,09
2020091442,07,02,08,09,10
2020091501,01,05,07,08,02
2020091502,04,10,09,06,08
2020091503,02,10,07,04,08
2020091504,08,02,01,07,05
2020091505,08,06,03,02,09
2020091506,07,11,08,05,06
2020091507,05,09,03,08,06
2020091508,05,04,01,07,10
2020091509,02,05,04,01,08
2020091510,03,07,04,11,06
2020091511,05,02,11,09,01
2020091512,07,02,06,08,05
2020091513,10,04,03,05,01
2020091514,07,02,03,05,04
2020091515,02,11,05,06,09
2020091516,01,07,03,10,09
2020091517,03,11,08,04,09
2020091518,03,08,01,02,05
2020091519,05,09,06,04,07
2020091520,01,11,06,08,10
2020091521,03,08,07,05,09
2020091522,02,06,11,08,05
2020091523,06,02,09,11,03
2020091524,05,11,10,07,06
2020091525,04,08,10,01,05
2020091526,11,10,08,05,01
2020091527,02,07,10,01,09
2020091528,09,05,06,07,08
2020091529,06,07,10,04,08
2020091530,01,03,02,05,09
2020091531,10,05,06,11,01
2020091532,07,03,10,02,08
2020091533,05,06,03,01,04
2020091534,08,03,06,01,07
2020091535,01,06,05,11,03
2020091536,04,11,03,01,02
2020091537,05,03,06,09,04
2020091538,10,08,01,02,04
2020091539,10,08,01,06,07
2020091540,09,02,10,08,04
2020091541,08,05,06,03,11
2020091542,05,02,03,07,08
2020091601,06,05,08,07,01
2020091602,11,06,03,05,01
2020091603,07,06,03,10,02
2020091604,05,02,01,03,06
2020091605,08,03,09,07,11
2020091606,01,03,10,08,11
2020091607,02,05,01,11,09
2020091608,11,04,03,01,07
2020091609,03,07,11,04,05
2020091610,08,06,09,07,01
2020091611,02,10,01,03,06
2020091612,03,02,08,05,04
2020091613,08,02,03,01,09
2020091614,04,09,02,11,07
2020091615,04,11,09,03,08
2020091616,01,03,02,05,10
2020091617,07,06,05,01,03
2020091618,01,11,03,10,09
2020091619,10,08,09,03,02
2020091620,10,09,01,06,07
2020091621,06,09,11,07,08
2020091622,11,02,06,04,07
2020091623,01,10,04,02,05
2020091624,10,01,05,06,11
2020091625,08,06,07,09,05
2020091626,10,07,09,05,04
2020091627,04,03,09,05,07
2020091628,10,05,09,04,07
2020091629,04,09,11,02,10
2020091630,01,05,03,07,02
2020091631,10,04,02,06,03
2020091632,02,01,07,05,08
2020091633,05,09,10,02,11
2020091634,10,07,05,03,04
2020091635,05,09,03,11,10
2020091636,10,02,08,09,04
2020091637,02,04,09,05,01
2020091638,03,04,07,02,11
2020091639,01,10,08,02,03
2020091640,01,06,02,07,03
2020091641,05,06,08,02,03
2020091642,06,02,07,05,01
2020091701,03,10,01,08,07
2020091702,02,06,07,09,11
2020091703,07,05,03,02,08
2020091704,09,06,04,01,08
2020091705,07,06,09,01,08
2020091706,10,06,02,09,03
2020091707,03,11,04,10,08
2020091708,04,07,03,11,06
2020091709,05,02,08,10,11
2020091710,03,10,04,02,08
2020091711,09,11,06,01,02
2020091712,10,09,04,02,01
2020091713,01,05,11,08,10
2020091714,11,09,10,06,07
2020091715,06,03,01,09,08
2020091716,01,10,04,07,06
2020091717,10,02,05,07,09
2020091718,02,01,09,04,07
2020091719,05,06,03,09,04
2020091720,09,01,06,03,10
2020091721,07,08,06,11,02
2020091722,01,07,06,08,03
2020091723,08,01,02,05,11
2020091724,08,11,02,04,09
2020091725,04,11,06,02,08
2020091726,06,10,09,04,02
2020091727,05,03,10,09,06
2020091728,10,03,11,09,06
2020091729,10,04,09,05,07
2020091730,03,11,06,08,02
2020091731,05,07,08,09,06
2020091732,03,11,08,10,05
2020091733,02,01,11,05,03
2020091734,08,01,07,06,10
2020091735,02,07,11,03,01
2020091736,04,02,08,01,05
2020091737,11,03,05,07,09
2020091738,06,10,01,11,07
2020091739,07,09,01,02,03
2020091740,02,06,03,08,07
2020091741,07,03,10,02,11
2020091742,07,03,05,10,09
2020091801,07,06,05,04,08
2020091802,03,02,08,10,09
2020091803,06,01,03,11,07
2020091804,02,05,09,10,11
2020091805,07,04,05,09,03
2020091806,05,01,03,09,06
2020091807,02,01,06,08,03
2020091808,06,08,09,04,03
2020091809,09,03,06,11,01
2020091810,05,06,02,04,08
2020091811,09,08,11,02,10
2020091812,07,08,05,04,09
2020091813,01,05,08,02,09
2020091814,02,09,11,08,04
2020091815,07,10,06,11,04
2020091816,03,09,01,07,10
2020091817,07,10,11,09,08
2020091818,09,03,11,06,01
2020091819,02,05,11,01,04
2020091820,09,04,05,06,07
2020091821,03,10,09,04,01
2020091822,01,06,05,10,07
2020091823,01,11,04,07,08
2020091824,03,05,02,11,01
2020091825,10,04,01,08,03
2020091826,01,08,05,03,04
2020091827,11,04,03,09,06
2020091828,01,08,09,11,10
2020091829,03,01,06,11,10
2020091830,08,07,09,02,11
2020091831,05,07,03,06,10
2020091832,10,01,03,08,11
2020091833,10,08,03,01,09
2020091834,04,08,05,09,01
2020091835,04,02,09,01,06
2020091836,11,07,06,10,09
2020091837,05,03,04,01,09
2020091838,05,02,10,08,11
2020091839,04,01,09,10,05
2020091840,03,04,01,06,05
2020091841,08,04,03,01,10
2020091842,03,02,11,07,08
2020091901,07,09,03,10,11
2020091902,07,06,05,09,03
2020091903,09,03,08,11,07
2020091904,02,07,06,05,04
2020091905,02,04,01,06,05
2020091906,06,09,03,08,10
2020091907,02,01,11,10,07
2020091908,07,01,03,05,04
2020091909,03,01,04,08,05
2020091910,10,09,02,08,04
2020091911,06,04,03,01,09
2020091912,07,04,10,02,06
2020091913,07,11,06,02,05
2020091914,09,05,11,06,02
2020091915,03,10,04,07,11
2020091916,10,05,06,08,04
2020091917,03,11,01,05,10
2020091918,08,05,01,04,09
2020091919,03,07,10,06,04
2020091920,11,01,07,08,02
2020091921,09,01,05,04,02
2020091922,06,11,01,04,09
2020091923,02,03,04,06,01
2020091924,10,11,05,04,08
2020091925,11,06,03,04,07
2020091926,05,06,01,02,04
2020091927,07,04,03,08,01
2020091928,07,08,01,03,05
2020091929,02,09,05,10,03
2020091930,07,04,09,03,06
2020091931,06,11,01,07,09
2020091932,07,08,03,10,05
2020091933,02,07,06,01,09
2020091934,06,05,04,07,08
2020091935,04,02,11,08,01
2020091936,08,09,04,07,02
2020091937,01,08,02,10,11
2020091938,11,09,03,07,02
2020091939,02,11,03,09,05
2020091940,02,11,07,03,08
2020091941,08,03,09,06,05
2020091942,06,04,11,08,03
2020092001,03,04,07,05,01
2020092002,07,03,02,05,11
2020092003,06,07,03,10,01
2020092004,10,01,08,05,02
2020092005,06,09,10,08,01
2020092006,10,09,07,03,01
2020092007,10,01,09,02,11
2020092008,11,02,05,09,07
2020092009,09,08,01,02,11
2020092010,01,10,06,11,05
2020092011,03,02,10,06,09
2020092012,11,02,09,01,07
2020092013,06,10,01,11,07
2020092014,06,05,01,09,02
2020092015,10,09,08,11,03
2020092016,09,07,02,08,06
2020092017,02,01,06,07,05
2020092018,05,06,02,08,10
2020092019,08,04,01,03,10
2020092020,08,11,02,01,05
2020092021,02,11,09,10,04
2020092022,06,04,09,07,05
2020092023,11,01,09,05,06
2020092024,02,08,01,10,06
2020092025,03,01,10,06,02
2020092026,03,09,07,05,06
2020092027,02,09,10,04,07
2020092028,10,01,06,03,07
2020092029,05,01,06,10,09
2020092030,01,06,10,11,02
2020092031,08,06,11,05,01
2020092032,02,04,09,10,01
2020092033,07,10,01,09,06
2020092034,06,04,11,02,08
2020092035,04,11,06,07,05
2020092036,04,09,11,06,02
2020092037,07,06,08,05,03
2020092038,10,07,03,11,08
2020092039,06,07,05,10,09
2020092040,04,01,06,09,08
2020092041,02,06,08,01,09
2020092042,08,02,01,06,10
2020092235,04,06,05,07,02
2020092236,01,03,06,02,08
2020092237,07,09,10,11,06
2020092238,05,04,06,10,09
2020092239,01,08,11,10,06
2020092240,09,03,07,04,05
2020092241,11,02,05,08,10
2020092242,11,01,09,02,10
2020092301,01,07,02,08,11
2020092302,11,03,09,06,05
2020092303,01,09,05,02,11
2020092304,02,03,11,01,05
2020092305,03,11,09,01,02
2020092306,08,05,09,02,10
2020092307,06,10,09,04,01
2020092308,01,05,08,11,02
2020092309,07,09,06,10,11
2020092310,02,09,05,04,11
2020092311,04,07,03,08,10
2020092312,03,08,02,05,01
2020092313,05,03,06,10,01
2020092314,07,09,06,02,08
2020092315,06,10,05,11,03
2020092316,08,11,09,07,06
2020092317,03,01,09,04,02
2020092318,08,10,04,02,03
2020092319,06,11,04,02,01
2020092320,03,09,05,02,06
2020092321,02,06,11,01,09
2020092322,10,02,04,08,01
2020092323,02,05,04,10,03
2020092324,11,10,05,09,06
2020092325,01,05,11,07,06
2020092326,11,03,07,04,01
2020092327,07,04,10,09,02
2020092328,04,01,08,03,07
2020092329,07,05,10,11,09
2020092330,08,03,04,07,11
2020092331,06,01,04,03,10
2020092332,08,02,09,11,05
2020092333,05,11,07,04,09
2020092334,01,11,10,05,02
2020092335,09,07,03,02,10
2020092336,10,05,08,07,03
2020092337,10,02,04,03,09
2020092338,04,01,03,08,06
2020092339,09,04,03,01,08
2020092340,03,09,01,07,10
2020092341,10,04,03,09,02
2020092342,08,11,10,07,04
2020092401,11,09,06,10,03
2020092402,02,01,06,10,05
2020092403,07,01,03,04,02
2020092404,04,09,08,06,05
2020092405,03,10,01,02,09
2020092406,04,07,03,02,01
2020092407,03,11,08,01,05
2020092408,03,07,02,08,06
2020092409,09,07,11,10,06
2020092410,03,04,07,09,02
2020092411,11,06,03,07,05
2020092412,02,07,10,11,04
2020092413,11,01,09,02,04
2020092414,11,10,01,02,05
2020092415,09,05,02,03,06
2020092416,05,06,07,11,03
2020092417,07,04,10,11,01
2020092418,10,01,08,04,09
2020092419,01,11,07,06,02
2020092420,11,09,04,03,07
2020092421,11,10,02,03,06
2020092422,02,06,10,07,03
2020092423,11,07,04,09,02
2020092424,10,01,05,06,04
2020092425,10,02,06,11,05
2020092426,06,01,09,04,02
2020092427,09,07,11,06,10
2020092428,06,02,07,01,10
2020092429,05,10,11,02,03
2020092430,08,06,03,10,05
2020092431,10,02,05,01,04
2020092432,09,05,04,03,02
2020092433,01,02,11,05,04
2020092434,06,11,08,02,01
2020092435,08,03,02,11,04
2020092436,05,10,11,09,01
2020092437,06,02,08,11,10
2020092438,11,04,06,10,02
2020092439,05,02,06,10,08
2020092440,05,11,09,03,02
2020092441,01,10,07,04,08
2020092442,10,03,08,11,02
2020092501,07,03,05,08,04
2020092502,09,04,06,08,10
2020092503,02,01,08,04,05
2020092504,10,04,07,03,09
2020092505,01,11,05,02,07
2020092506,07,03,04,06,02
2020092507,06,07,03,11,02
2020092508,04,11,01,10,05
2020092509,02,07,08,03,10
2020092510,07,05,03,01,02
2020092511,10,11,05,08,03
2020092512,10,05,08,02,03
2020092513,11,07,05,08,03
2020092514,05,11,02,07,03
2020092515,02,04,11,05,03
2020092516,08,02,07,05,10
2020092517,11,09,04,06,05
2020092518,04,01,11,09,07
2020092519,05,01,09,04,02
2020092520,09,04,07,01,05
2020092521,06,04,03,05,07
2020092522,11,01,04,06,07
2020092523,06,11,09,02,04
2020092524,03,01,05,07,09
2020092525,08,07,04,02,11
2020092526,02,07,04,09,03
2020092527,04,09,02,05,03
2020092528,08,03,04,06,07
2020092529,01,03,10,11,09
2020092530,06,01,05,04,09
2020092531,06,02,09,11,07
2020092532,02,11,04,06,09
2020092533,06,04,05,10,03
2020092534,05,10,08,09,11
2020092535,11,07,01,08,06
2020092536,02,07,11,10,08
2020092537,11,01,08,03,06
2020092538,03,01,10,04,05
2020092539,05,07,08,01,10
2020092540,11,02,05,07,10
2020092541,07,09,05,02,11
2020092542,10,03,05,11,02
2020092601,03,05,10,08,11
2020092602,02,09,11,01,06
2020092603,03,08,07,09,06
2020092604,10,01,11,05,07
2020092605,11,04,08,09,07
2020092606,06,03,02,04,09
2020092607,02,08,10,03,01
2020092608,08,04,10,09,11
2020092609,08,01,05,04,07
2020092610,08,09,10,01,03
2020092611,08,06,11,04,01
2020092612,02,05,10,08,03
2020092613,06,04,10,02,07
2020092614,02,10,01,06,07
2020092615,04,07,08,03,09
2020092616,03,09,02,07,10
2020092617,03,02,01,10,08
2020092618,04,01,06,08,09
2020092619,06,11,02,01,09
2020092620,05,03,04,09,01
2020092621,08,11,04,03,05
2020092622,02,09,08,11,04
2020092623,11,08,06,07,03
2020092624,07,10,01,09,05
2020092625,01,11,08,04,03
2020092626,10,07,06,09,01
2020092627,02,06,07,08,03
2020092628,01,11,09,04,03
2020092629,07,04,03,06,08
2020092630,03,06,08,01,04
2020092631,09,05,08,06,07
2020092632,10,01,06,05,08
2020092633,10,06,11,05,02
2020092634,03,11,02,05,10
2020092635,02,09,06,07,08
2020092636,08,01,07,06,10
2020092637,05,01,06,02,09
2020092638,03,11,10,07,04
2020092639,06,03,04,08,02
2020092640,05,02,07,11,03
2020092641,10,06,03,07,04
2020092642,11,09,02,08,07
2020092701,03,04,08,09,06
2020092702,06,02,09,04,05
2020092703,06,05,03,02,10
2020092704,11,03,09,02,06
2020092705,08,05,03,11,07
2020092706,10,11,07,03,02
2020092707,04,07,03,06,10
2020092708,06,05,02,07,04
2020092709,04,08,05,03,10
2020092710,05,01,08,06,04
2020092711,01,05,04,07,02
2020092712,05,07,11,04,03
2020092713,04,02,11,06,05
2020092714,09,02,08,03,06
2020092715,09,03,05,06,01
2020092716,05,08,10,09,07
2020092717,05,01,07,06,03
2020092718,10,08,07,06,01
2020092719,05,01,10,03,11
2020092720,08,07,04,02,10
2020092721,06,08,07,11,05
2020092722,01,11,10,04,08
2020092723,10,11,03,04,08
2020092724,01,04,08,11,06
2020092725,08,02,04,11,05
2020092726,05,01,09,04,10
2020092727,02,03,09,04,06
2020092728,02,03,06,11,04
2020092729,10,09,07,03,02
2020092730,05,11,02,03,10
2020092731,02,09,08,11,05
2020092732,02,04,11,05,01
2020092733,10,11,04,03,06
2020092734,06,10,05,08,04
2020092735,04,11,02,08,06
2020092736,10,07,03,06,04
2020092737,11,05,10,03,07
2020092738,11,10,03,06,05
2020092739,06,09,02,07,11
2020092740,06,05,09,07,02
2020092741,06,03,04,09,07
2020092742,08,03,02,06,01
