2020-06-29,01,80102901,永安期货,938,-406,10933,808
2020-06-29,02,80102903,鲁证期货,0,0,3792,-180
2020-06-29,03,80101065,国泰期货,2254,-1438,2718,-156
2020-06-29,04,80103797,银河期货,0,0,2535,224
2020-06-29,05,80080089,南华期货,936,569,2317,212
2020-06-29,06,80102904,一德期货,1718,-1958,2226,-98
2020-06-29,07,10000034,国投资本,6092,185,2108,351
2020-06-29,08,80373309,天风期货,0,0,1261,240
2020-06-29,09,80052362,广发期货,0,0,1250,-272
2020-06-29,10,80066675,首创期货,1933,-40,1061,97
2020-06-29,11,80055521,华泰期货,720,12,1004,-186
2020-06-29,12,80103391,迈科期货,0,0,977,30
2020-06-29,13,80098329,中粮期货,1769,146,972,2
2020-06-29,14,80069367,格林期货,0,0,815,53
2020-06-29,15,80050220,中信期货,4048,112,804,-93
2020-06-29,16,80103744,光大期货,2126,38,729,11
2020-06-29,17,80108051,徽商期货,0,0,708,-510
2020-06-29,18,80098340,中信建投期货,0,0,602,-12
2020-06-29,19,80101066,东吴期货,656,152,602,-77
2020-06-29,20,80108177,国富期货,0,0,567,222
2020-06-30,01,80102901,永安期货,1882,944,10776,-157
2020-06-30,02,80102903,鲁证期货,0,0,5001,1209
2020-06-30,03,80101065,国泰期货,1228,-1026,2698,-20
2020-06-30,04,80103797,银河期货,0,0,2532,-3
2020-06-30,05,80080089,南华期货,1036,100,2326,9
2020-06-30,06,10000034,国投资本,5757,-335,2230,122
2020-06-30,07,80102904,一德期货,831,-887,2217,-9
2020-06-30,08,80052362,广发期货,0,0,1245,-5
2020-06-30,09,80373309,天风期货,0,0,1211,-50
2020-06-30,10,80055521,华泰期货,0,0,1107,103
2020-06-30,11,80103391,迈科期货,0,0,1061,84
2020-06-30,12,80066675,首创期货,1788,-145,1045,-16
2020-06-30,13,80098329,中粮期货,1651,-118,870,-102
2020-06-30,14,80050220,中信期货,3980,-68,787,-17
2020-06-30,15,80069367,格林期货,0,0,771,-44
2020-06-30,16,80103744,光大期货,2103,-23,736,7
2020-06-30,17,80039956,金瑞期货,0,0,613,564
2020-06-30,18,80098340,中信建投期货,0,0,594,-8
2020-06-30,19,80103800,金元期货,0,0,552,345
2020-06-30,20,80101066,东吴期货,0,0,533,-69
