2020-11-02,01,80108177,国富期货,456,-165,2520,-211
2020-11-02,02,80058162,华安期货,0,0,1553,24
2020-11-02,03,80102904,一德期货,0,0,857,-780
2020-11-02,04,80055436,大有期货,0,0,587,-70
2020-11-02,05,80102901,永安期货,526,146,570,193
2020-11-02,06,80019274,美尔雅期货,0,0,319,103
2020-11-02,07,80061244,宏源期货,0,0,311,11
2020-11-02,08,80080089,南华期货,0,0,310,10
2020-11-02,09,80101066,东吴期货,387,-40,288,10
2020-11-02,10,80108224,东证期货,273,101,285,-10
2020-11-02,11,80108051,徽商期货,0,0,283,-63
2020-11-02,12,80052362,广发期货,0,0,275,17
2020-11-02,13,10000034,国投资本,572,-424,268,41
2020-11-02,14,80101060,新世纪期货,0,0,229,-8
2020-11-02,15,80102903,鲁证期货,267,4,223,-987
2020-11-02,16,80066668,方正中期期货,367,144,222,27
2020-11-02,17,80055521,华泰期货,339,-32,204,4
2020-11-02,18,80103804,瑞达期货,0,0,203,8
2020-11-02,19,80107735,大陆期货,0,0,194,-1
2020-11-02,20,80103644,中辉期货,0,0,193,7
2020-11-03,01,80108177,国富期货,465,9,2524,4
2020-11-03,02,80058162,华安期货,0,0,1560,7
2020-11-03,03,80102904,一德期货,0,0,857,0
2020-11-03,04,80108224,东证期货,285,12,682,397
2020-11-03,05,80102901,永安期货,590,64,650,80
2020-11-03,06,80055436,大有期货,0,0,431,-156
2020-11-03,07,80103748,渤海期货,0,0,425,315
2020-11-03,08,80019274,美尔雅期货,0,0,325,6
2020-11-03,09,80055516,五矿经易期货,0,0,320,261
2020-11-03,10,80080089,南华期货,0,0,315,5
2020-11-03,11,80061244,宏源期货,0,0,304,-7
2020-11-03,12,80101066,东吴期货,395,8,285,-3
2020-11-03,13,80052362,广发期货,0,0,283,8
2020-11-03,14,80108051,徽商期货,0,0,268,-15
2020-11-03,15,10000034,国投资本,514,-58,266,-2
2020-11-03,16,80101060,新世纪期货,0,0,227,-2
2020-11-03,17,80102903,鲁证期货,287,20,226,3
2020-11-03,18,80373309,天风期货,0,0,223,206
2020-11-03,19,80066668,方正中期期货,330,-37,213,-9
2020-11-03,20,80050220,中信期货,1060,-36,195,28
2020-11-04,01,80108177,国富期货,483,18,2557,33
2020-11-04,02,80058162,华安期货,0,0,1590,30
2020-11-04,03,80102904,一德期货,0,0,859,2
2020-11-04,04,80108224,东证期货,274,-11,694,12
2020-11-04,05,80102901,永安期货,628,38,650,0
2020-11-04,06,80103748,渤海期货,0,0,442,17
2020-11-04,07,80055516,五矿经易期货,0,0,381,61
2020-11-04,08,80055436,大有期货,382,183,358,-73
2020-11-04,09,80019274,美尔雅期货,0,0,331,6
2020-11-04,10,80080089,南华期货,0,0,318,3
2020-11-04,11,80061244,宏源期货,0,0,308,4
2020-11-04,12,10000034,国投资本,449,-65,301,35
2020-11-04,13,80052362,广发期货,0,0,299,16
2020-11-04,14,80108051,徽商期货,0,0,299,31
2020-11-04,15,80103797,银河期货,0,0,291,122
2020-11-04,16,80101066,东吴期货,397,2,285,0
2020-11-04,17,80373309,天风期货,0,0,242,19
2020-11-04,18,80066668,方正中期期货,0,0,239,26
2020-11-04,19,80102903,鲁证期货,287,0,227,1
2020-11-04,20,80101060,新世纪期货,0,0,227,0
2020-11-05,01,80108177,国富期货,472,-11,2245,-312
2020-11-05,02,80058162,华安期货,0,0,1627,37
2020-11-05,03,80108224,东证期货,357,83,1549,855
2020-11-05,04,80102904,一德期货,0,0,819,-40
2020-11-05,05,80102901,永安期货,935,307,789,139
2020-11-05,06,80069367,格林期货,0,0,665,625
2020-11-05,07,80103748,渤海期货,0,0,446,4
2020-11-05,08,80108051,徽商期货,0,0,408,109
2020-11-05,09,80055436,大有期货,0,0,341,-17
2020-11-05,10,80019274,美尔雅期货,0,0,336,5
2020-11-05,11,80080089,南华期货,0,0,332,14
2020-11-05,12,80055516,五矿经易期货,334,180,322,-59
2020-11-05,13,80101066,东吴期货,390,-7,314,29
2020-11-05,14,80052362,广发期货,0,0,306,7
2020-11-05,15,80061244,宏源期货,0,0,291,-17
2020-11-05,16,10000034,国投资本,740,291,283,-18
2020-11-05,17,80066668,方正中期期货,456,218,261,22
2020-11-05,18,80101065,国泰期货,342,35,251,52
2020-11-05,19,80098329,中粮期货,506,-4,234,76
2020-11-05,20,80102903,鲁证期货,293,6,232,5
2020-11-06,01,80058162,华安期货,319,136,1630,3
2020-11-06,02,80108224,东证期货,0,0,1371,-178
2020-11-06,03,80108177,国富期货,0,0,1337,-908
2020-11-06,04,80066675,首创期货,342,95,923,835
2020-11-06,05,80102901,永安期货,671,-264,781,-8
2020-11-06,06,80069367,格林期货,0,0,665,0
2020-11-06,07,80102904,一德期货,0,0,493,-326
2020-11-06,08,80055436,大有期货,0,0,339,-2
2020-11-06,09,80108051,徽商期货,0,0,336,-72
2020-11-06,10,80019274,美尔雅期货,0,0,332,-4
2020-11-06,11,80055516,五矿经易期货,338,4,328,6
2020-11-06,12,80080089,南华期货,0,0,324,-8
2020-11-06,13,80052362,广发期货,0,0,318,12
2020-11-06,14,80101066,东吴期货,389,-1,315,1
2020-11-06,15,80061244,宏源期货,0,0,298,7
2020-11-06,16,10000034,国投资本,633,-107,291,8
2020-11-06,17,80373309,天风期货,0,0,281,49
2020-11-06,18,80101065,国泰期货,341,-1,267,16
2020-11-06,19,80066668,方正中期期货,531,75,251,-10
2020-11-06,20,80102903,鲁证期货,291,-2,231,-1
2020-11-09,01,80108224,东证期货,0,0,1377,6
2020-11-09,02,80066675,首创期货,357,15,1306,383
2020-11-09,03,80044916,弘业期货,0,0,987,836
2020-11-09,04,80102901,永安期货,694,23,954,173
2020-11-09,05,80061244,宏源期货,261,56,552,254
2020-11-09,06,80102904,一德期货,0,0,493,0
2020-11-09,07,80373309,天风期货,0,0,412,131
2020-11-09,08,80055516,五矿经易期货,0,0,350,22
2020-11-09,09,80108051,徽商期货,0,0,343,7
2020-11-09,10,80080089,南华期货,0,0,340,16
2020-11-09,11,80055436,大有期货,0,0,340,1
2020-11-09,12,80019274,美尔雅期货,0,0,334,2
2020-11-09,13,80101066,东吴期货,390,1,312,-3
2020-11-09,14,80052362,广发期货,0,0,299,-19
2020-11-09,15,80098340,中信建投期货,365,-349,282,121
2020-11-09,16,80066668,方正中期期货,475,-56,266,15
2020-11-09,17,80111760,东方财富期货,0,0,238,39
2020-11-09,18,80102903,鲁证期货,287,-4,234,3
2020-11-09,19,80101065,国泰期货,315,-26,232,-35
2020-11-09,20,80050220,中信期货,1174,-98,232,16
2020-11-10,01,80044916,弘业期货,0,0,1449,462
2020-11-10,02,80108224,东证期货,0,0,1381,4
2020-11-10,03,80066675,首创期货,387,30,1271,-35
2020-11-10,04,80102901,永安期货,769,75,876,-78
2020-11-10,05,80061244,宏源期货,0,0,563,11
2020-11-10,06,80080089,南华期货,0,0,426,86
2020-11-10,07,80373309,天风期货,0,0,412,0
2020-11-10,08,80108051,徽商期货,0,0,407,64
2020-11-10,09,80107033,广金期货,0,0,406,374
2020-11-10,10,80019274,美尔雅期货,0,0,359,25
2020-11-10,11,80052362,广发期货,0,0,351,52
2020-11-10,12,80098340,中信建投期货,647,282,341,59
2020-11-10,13,80055436,大有期货,0,0,341,1
2020-11-10,14,80055521,华泰期货,460,130,337,138
2020-11-10,15,80102904,一德期货,341,124,336,-157
2020-11-10,16,80101066,东吴期货,387,-3,317,5
2020-11-10,17,80050220,中信期货,1282,108,310,78
2020-11-10,18,80103797,银河期货,0,0,300,100
2020-11-10,19,80066668,方正中期期货,530,55,276,10
2020-11-10,20,80101065,国泰期货,323,8,275,43
2020-11-11,01,80044916,弘业期货,0,0,1441,-8
2020-11-11,02,80108224,东证期货,0,0,1397,16
2020-11-11,03,80066675,首创期货,415,28,1294,23
2020-11-11,04,80102901,永安期货,802,33,891,15
2020-11-11,05,80052362,广发期货,0,0,554,203
2020-11-11,06,80061244,宏源期货,0,0,540,-23
2020-11-11,07,80108051,徽商期货,0,0,432,25
2020-11-11,08,80098340,中信建投期货,673,26,414,73
2020-11-11,09,80080089,南华期货,0,0,413,-13
2020-11-11,10,80373309,天风期货,0,0,412,0
2020-11-11,11,80055436,大有期货,0,0,362,21
2020-11-11,12,80050220,中信期货,1273,-9,361,51
2020-11-11,13,80019274,美尔雅期货,0,0,340,-19
2020-11-11,14,80055521,华泰期货,361,-99,336,-1
2020-11-11,15,80111760,东方财富期货,0,0,333,58
2020-11-11,16,80101065,国泰期货,341,18,330,55
2020-11-11,17,80101066,东吴期货,389,2,321,4
2020-11-11,18,80066668,方正中期期货,540,10,304,28
2020-11-11,19,80058162,华安期货,0,0,303,38
2020-11-11,20,80102904,一德期货,326,-15,287,-49
2020-11-12,01,80108224,东证期货,0,0,1477,80
2020-11-12,02,80044916,弘业期货,0,0,1468,27
2020-11-12,03,80066675,首创期货,0,0,1310,16
2020-11-12,04,80102901,永安期货,745,-57,960,69
2020-11-12,05,80108051,徽商期货,0,0,596,164
2020-11-12,06,80052362,广发期货,0,0,578,24
2020-11-12,07,80061244,宏源期货,0,0,560,20
2020-11-12,08,80111760,东方财富期货,0,0,473,140
2020-11-12,09,80098340,中信建投期货,740,67,454,40
2020-11-12,10,80080089,南华期货,0,0,415,2
2020-11-12,11,80373309,天风期货,0,0,413,1
2020-11-12,12,80101065,国泰期货,355,14,372,42
2020-11-12,13,80050220,中信期货,1270,-3,366,5
2020-11-12,14,80055521,华泰期货,417,56,349,13
2020-11-12,15,80058162,华安期货,0,0,345,42
2020-11-12,16,80055436,大有期货,0,0,343,-19
2020-11-12,17,80101066,东吴期货,385,-4,342,21
2020-11-12,18,80071840,海通期货,0,0,332,52
2020-11-12,19,80066668,方正中期期货,560,20,332,28
2020-11-12,20,80103797,银河期货,358,172,309,50
2020-11-13,01,80044916,弘业期货,0,0,1567,99
2020-11-13,02,80108224,东证期货,0,0,1489,12
2020-11-13,03,80066675,首创期货,0,0,1354,44
2020-11-13,04,80102901,永安期货,722,-23,934,-26
2020-11-13,05,80108051,徽商期货,372,61,612,16
2020-11-13,06,80052362,广发期货,0,0,595,17
2020-11-13,07,80055521,华泰期货,708,291,579,230
2020-11-13,08,80061244,宏源期货,0,0,572,12
2020-11-13,09,80058162,华安期货,0,0,517,172
2020-11-13,10,80098340,中信建投期货,738,-2,428,-26
2020-11-13,11,80373309,天风期货,0,0,414,1
2020-11-13,12,80080089,南华期货,0,0,405,-10
2020-11-13,13,80101065,国泰期货,351,-4,386,14
2020-11-13,14,80050220,中信期货,1255,-15,383,17
2020-11-13,15,80111760,东方财富期货,0,0,374,-99
2020-11-13,16,80071840,海通期货,0,0,370,38
2020-11-13,17,80101066,东吴期货,386,1,363,21
2020-11-13,18,80055436,大有期货,0,0,346,3
2020-11-13,19,80066668,方正中期期货,547,-13,337,5
2020-11-13,20,80096453,中国国际期货,0,0,337,45
2020-11-16,01,80044916,弘业期货,0,0,1559,-8
2020-11-16,02,80108224,东证期货,0,0,1500,11
2020-11-16,03,80066675,首创期货,0,0,1369,15
2020-11-16,04,80102901,永安期货,800,78,971,37
2020-11-16,05,80103744,光大期货,0,0,767,541
2020-11-16,06,80108051,徽商期货,0,0,683,71
2020-11-16,07,80055521,华泰期货,694,-14,634,55
2020-11-16,08,80061244,宏源期货,762,439,581,9
2020-11-16,09,80052362,广发期货,0,0,569,-26
2020-11-16,10,80058162,华安期货,383,98,567,50
2020-11-16,11,80373309,天风期货,0,0,485,71
2020-11-16,12,80101065,国泰期货,0,0,462,76
2020-11-16,13,80080089,南华期货,0,0,404,-1
2020-11-16,14,80098340,中信建投期货,528,-210,390,-38
2020-11-16,15,80108195,上海中期,0,0,387,321
2020-11-16,16,80050220,中信期货,1084,-171,384,1
2020-11-16,17,80111760,东方财富期货,0,0,381,7
2020-11-16,18,80103797,银河期货,0,0,378,64
2020-11-16,19,80071840,海通期货,0,0,376,6
2020-11-16,20,80101066,东吴期货,386,0,371,8
2020-11-17,01,80044916,弘业期货,0,0,1591,32
2020-11-17,02,80108224,东证期货,0,0,1568,68
2020-11-17,03,80066675,首创期货,0,0,1392,23
2020-11-17,04,80103744,光大期货,0,0,1095,328
2020-11-17,05,80055521,华泰期货,743,49,799,165
2020-11-17,06,80102901,永安期货,801,1,712,-259
2020-11-17,07,80061244,宏源期货,996,234,711,130
2020-11-17,08,80108051,徽商期货,388,11,695,12
2020-11-17,09,80058162,华安期货,411,28,643,76
2020-11-17,10,80052362,广发期货,0,0,577,8
2020-11-17,11,80108195,上海中期,0,0,489,102
2020-11-17,12,80103797,银河期货,0,0,483,105
2020-11-17,13,80071840,海通期货,0,0,464,88
2020-11-17,14,80101065,国泰期货,0,0,461,-1
2020-11-17,15,80373309,天风期货,0,0,446,-39
2020-11-17,16,80111760,东方财富期货,0,0,430,49
2020-11-17,17,80055436,大有期货,0,0,423,70
2020-11-17,18,80050220,中信期货,1006,-78,413,29
2020-11-17,19,80080089,南华期货,0,0,396,-8
2020-11-17,20,80098340,中信建投期货,490,-38,381,-9
2020-11-18,01,80055436,大有期货,0,0,1962,1539
2020-11-18,02,80044916,弘业期货,0,0,1594,3
2020-11-18,03,80066675,首创期货,0,0,1419,27
2020-11-18,04,80108224,东证期货,0,0,1383,-185
2020-11-18,05,80103744,光大期货,0,0,937,-158
2020-11-18,06,80061244,宏源期货,956,-40,875,164
2020-11-18,07,80055521,华泰期货,786,43,803,4
2020-11-18,08,80108051,徽商期货,0,0,729,34
2020-11-18,09,80102901,永安期货,950,149,711,-1
2020-11-18,10,80058162,华安期货,493,82,602,-41
2020-11-18,11,80052362,广发期货,0,0,578,1
2020-11-18,12,80103797,银河期货,447,98,491,8
2020-11-18,13,80101065,国泰期货,0,0,455,-6
2020-11-18,14,80373309,天风期货,0,0,445,-1
2020-11-18,15,80050220,中信期货,981,-25,419,6
2020-11-18,16,80107033,广金期货,0,0,416,117
2020-11-18,17,80101066,东吴期货,0,0,415,38
2020-11-18,18,80055516,五矿经易期货,0,0,414,246
2020-11-18,19,80080089,南华期货,0,0,394,-2
2020-11-18,20,80111760,东方财富期货,0,0,394,-36
2020-11-19,01,80055436,大有期货,0,0,2435,473
2020-11-19,02,80103744,光大期货,0,0,1760,823
2020-11-19,03,80044916,弘业期货,0,0,1616,22
2020-11-19,04,80066675,首创期货,0,0,1339,-80
2020-11-19,05,80108224,东证期货,0,0,1258,-125
2020-11-19,06,80061244,宏源期货,1051,95,1155,280
2020-11-19,07,80108051,徽商期货,430,16,923,194
2020-11-19,08,80055521,华泰期货,648,-138,865,62
2020-11-19,09,80102901,永安期货,1004,54,593,-118
2020-11-19,10,80058162,华安期货,420,-73,560,-42
2020-11-19,11,80055516,五矿经易期货,0,0,540,126
2020-11-19,12,80052362,广发期货,0,0,486,-92
2020-11-19,13,80101065,国泰期货,0,0,441,-14
2020-11-19,14,80101066,东吴期货,0,0,428,13
2020-11-19,15,80107033,广金期货,421,37,418,2
2020-11-19,16,80373309,天风期货,0,0,414,-31
2020-11-19,17,80055517,招商期货,0,0,400,115
2020-11-19,18,80066668,方正中期期货,581,-15,385,43
2020-11-19,19,80050220,中信期货,943,-38,383,-36
2020-11-19,20,80098340,中信建投期货,0,0,369,26
2020-11-20,01,80055436,大有期货,597,317,2357,-78
2020-11-20,02,80108224,东证期货,0,0,1671,413
2020-11-20,03,80044916,弘业期货,0,0,1532,-84
2020-11-20,04,80103744,光大期货,0,0,1417,-343
2020-11-20,05,80066675,首创期货,0,0,1335,-4
2020-11-20,06,80061244,宏源期货,1351,300,1231,76
2020-11-20,07,80055521,华泰期货,693,45,929,64
2020-11-20,08,80108051,徽商期货,0,0,673,-250
2020-11-20,09,80055516,五矿经易期货,0,0,608,68
2020-11-20,10,80102901,永安期货,994,-10,577,-16
2020-11-20,11,80098340,中信建投期货,0,0,535,166
2020-11-20,12,80055517,招商期货,0,0,505,105
2020-11-20,13,80050220,中信期货,928,-15,504,121
2020-11-20,14,80058162,华安期货,441,21,487,-73
2020-11-20,15,80052362,广发期货,0,0,485,-1
2020-11-20,16,80101065,国泰期货,0,0,441,0
2020-11-20,17,80373309,天风期货,0,0,418,4
2020-11-20,18,80107033,广金期货,443,22,401,-17
2020-11-20,19,80101066,东吴期货,0,0,363,-65
2020-11-20,20,80071840,海通期货,0,0,358,2
2020-11-23,01,80055436,大有期货,699,102,3500,1143
2020-11-23,02,80103744,光大期货,0,0,2069,652
2020-11-23,03,80066675,首创期货,0,0,1379,44
2020-11-23,04,80061244,宏源期货,1384,33,1378,147
2020-11-23,05,80108051,徽商期货,0,0,1017,344
2020-11-23,06,80055521,华泰期货,566,-127,812,-117
2020-11-23,07,80108224,东证期货,0,0,795,-876
2020-11-23,08,80102901,永安期货,877,-117,639,62
2020-11-23,09,80055516,五矿经易期货,0,0,608,0
2020-11-23,10,80058162,华安期货,0,0,536,49
2020-11-23,11,80052362,广发期货,0,0,506,21
2020-11-23,12,80108383,中州期货,0,0,474,151
2020-11-23,13,80098340,中信建投期货,0,0,472,-63
2020-11-23,14,80071840,海通期货,0,0,466,108
2020-11-23,15,80101065,国泰期货,0,0,458,17
2020-11-23,16,80050220,中信期货,912,-16,454,-50
2020-11-23,17,80044916,弘业期货,0,0,454,-1078
2020-11-23,18,80111760,东方财富期货,0,0,453,164
2020-11-23,19,80055517,招商期货,0,0,445,-60
2020-11-23,20,80373309,天风期货,0,0,416,-2
2020-11-24,01,80055436,大有期货,834,135,3475,-25
2020-11-24,02,80103744,光大期货,0,0,2067,-2
2020-11-24,03,80061244,宏源期货,1255,-129,1350,-28
2020-11-24,04,80103797,银河期货,0,0,1081,809
2020-11-24,05,80066675,首创期货,0,0,1040,-339
2020-11-24,06,80055521,华泰期货,643,77,914,102
2020-11-24,07,80108051,徽商期货,0,0,822,-195
2020-11-24,08,80108224,东证期货,0,0,808,13
2020-11-24,09,80102901,永安期货,829,-48,624,-15
2020-11-24,10,80098340,中信建投期货,0,0,589,117
2020-11-24,11,80058162,华安期货,0,0,574,38
2020-11-24,12,80055516,五矿经易期货,0,0,566,-42
2020-11-24,13,80050220,中信期货,923,11,511,57
2020-11-24,14,80111760,东方财富期货,0,0,495,42
2020-11-24,15,80052362,广发期货,0,0,494,-12
2020-11-24,16,80101065,国泰期货,0,0,493,35
2020-11-24,17,80071840,海通期货,0,0,492,26
2020-11-24,18,80044916,弘业期货,0,0,490,36
2020-11-24,19,80103644,中辉期货,0,0,474,71
2020-11-24,20,80108383,中州期货,0,0,467,-7
2020-11-25,01,80055436,大有期货,845,11,3472,-3
2020-11-25,02,80103744,光大期货,0,0,2510,443
2020-11-25,03,80061244,宏源期货,1148,-107,1461,111
2020-11-25,04,80103797,银河期货,0,0,1070,-11
2020-11-25,05,80066675,首创期货,0,0,1039,-1
2020-11-25,06,80055521,华泰期货,536,-107,912,-2
2020-11-25,07,80108224,东证期货,0,0,840,32
2020-11-25,08,80108051,徽商期货,0,0,822,0
2020-11-25,09,80058162,华安期货,0,0,642,68
2020-11-25,10,80098340,中信建投期货,531,132,615,26
2020-11-25,11,80101065,国泰期货,0,0,580,87
2020-11-25,12,80050220,中信期货,951,28,561,50
2020-11-25,13,80044916,弘业期货,0,0,551,61
2020-11-25,14,80102901,永安期货,819,-10,541,-83
2020-11-25,15,80103644,中辉期货,0,0,505,31
2020-11-25,16,80071840,海通期货,0,0,501,9
2020-11-25,17,80102904,一德期货,609,334,498,157
2020-11-25,18,80052362,广发期货,0,0,478,-16
2020-11-25,19,80101066,东吴期货,0,0,435,37
2020-11-25,20,80096453,中国国际期货,0,0,432,31
2020-11-26,01,80055436,大有期货,837,-8,3471,-1
2020-11-26,02,80103744,光大期货,0,0,2817,307
2020-11-26,03,80061244,宏源期货,1165,17,1586,125
2020-11-26,04,80103797,银河期货,0,0,1436,366
2020-11-26,05,80066675,首创期货,0,0,1077,38
2020-11-26,06,80055521,华泰期货,639,103,1063,151
2020-11-26,07,80108051,徽商期货,0,0,892,70
2020-11-26,08,80108224,东证期货,0,0,867,27
2020-11-26,09,80058162,华安期货,0,0,657,15
2020-11-26,10,80050220,中信期货,865,-86,604,43
2020-11-26,11,80101065,国泰期货,623,199,593,13
2020-11-26,12,80044916,弘业期货,0,0,570,19
2020-11-26,13,80098340,中信建投期货,480,-51,568,-47
2020-11-26,14,80071840,海通期货,0,0,542,41
2020-11-26,15,80103644,中辉期货,0,0,521,16
2020-11-26,16,80102904,一德期货,1041,432,520,22
2020-11-26,17,80102903,鲁证期货,0,0,479,52
2020-11-26,18,80096453,中国国际期货,0,0,468,36
2020-11-26,19,80108195,上海中期,0,0,467,72
2020-11-26,20,80102901,永安期货,670,-149,457,-84
2020-11-27,01,80103744,光大期货,0,0,3484,667
2020-11-27,02,80055436,大有期货,750,-87,3473,2
2020-11-27,03,80103797,银河期货,0,0,1536,100
2020-11-27,04,80061244,宏源期货,1252,87,1409,-177
2020-11-27,05,80108224,东证期货,0,0,1210,343
2020-11-27,06,80108051,徽商期货,0,0,1077,185
2020-11-27,07,80055521,华泰期货,625,-14,1036,-27
2020-11-27,08,80058162,华安期货,0,0,811,154
2020-11-27,09,80108195,上海中期,0,0,742,275
2020-11-27,10,80101065,国泰期货,0,0,683,90
2020-11-27,11,80102903,鲁证期货,0,0,637,158
2020-11-27,12,80098329,中粮期货,0,0,620,192
2020-11-27,13,80050220,中信期货,840,-25,616,12
2020-11-27,14,80103644,中辉期货,0,0,609,88
2020-11-27,15,80071840,海通期货,0,0,605,63
2020-11-27,16,80052362,广发期货,0,0,592,141
2020-11-27,17,80044916,弘业期货,0,0,555,-15
2020-11-27,18,80096453,中国国际期货,0,0,542,74
2020-11-27,19,80102901,永安期货,716,46,531,74
2020-11-27,20,80111760,东方财富期货,0,0,501,82
2020-11-30,01,80103744,光大期货,0,0,4604,1120
2020-11-30,02,80055436,大有期货,0,0,3470,-3
2020-11-30,03,80103797,银河期货,0,0,1593,57
2020-11-30,04,80108224,东证期货,0,0,1290,80
2020-11-30,05,80061244,宏源期货,1145,-107,1183,-226
2020-11-30,06,80108051,徽商期货,0,0,1182,105
2020-11-30,07,80066672,长江期货,513,18,980,592
2020-11-30,08,80055521,华泰期货,1063,438,949,-87
2020-11-30,09,80108195,上海中期,0,0,888,146
2020-11-30,10,80102903,鲁证期货,0,0,729,92
2020-11-30,11,80101065,国泰期货,494,47,720,37
2020-11-30,12,80050220,中信期货,555,-285,625,9
2020-11-30,13,80066675,首创期货,0,0,594,188
2020-11-30,14,80052362,广发期货,0,0,594,2
2020-11-30,15,80071840,海通期货,0,0,579,-26
2020-11-30,16,80103644,中辉期货,0,0,578,-31
2020-11-30,17,80111760,东方财富期货,0,0,558,57
2020-11-30,18,80058162,华安期货,0,0,543,-268
2020-11-30,19,80108373,民生期货,0,0,543,146
2020-11-30,20,80098329,中粮期货,0,0,534,-86
