2020-10-09,01,80102901,永安期货,12926,-1,4279,-312
2020-10-09,02,80050220,中信期货,9307,860,4584,-590
2020-10-09,03,80055516,五矿经易期货,5408,-59,0,0
2020-10-09,04,80107993,信达期货,5376,-108,0,0
2020-10-09,05,80055436,大有期货,5008,-48,0,0
2020-10-09,06,80098329,中粮期货,3332,46,0,0
2020-10-09,07,10000034,国投资本,3153,-683,6053,26
2020-10-09,08,80055521,华泰期货,2459,285,1554,-1120
2020-10-09,09,80101065,国泰期货,2351,-1013,2621,-493
2020-10-09,10,80102887,东海期货,2131,-56,0,0
2020-10-09,11,80004835,申银万国期货,2087,38,0,0
2020-10-09,12,80103802,兴证期货,1977,605,1990,-604
2020-10-09,13,80052272,金汇期货,1878,-2000,0,0
2020-10-09,14,80102903,鲁证期货,1725,-144,9488,838
2020-10-09,15,80061244,宏源期货,1643,-286,1933,184
2020-10-09,16,80108224,东证期货,1635,227,0,0
2020-10-09,17,80071840,海通期货,1633,-199,0,0
2020-10-09,18,80010572,平安期货,1632,26,0,0
2020-10-09,19,80103797,银河期货,1432,0,8788,181
2020-10-09,20,80098340,中信建投期货,1408,38,2116,-1490
2020-10-12,01,80102901,永安期货,12268,-658,4352,73
2020-10-12,02,80050220,中信期货,10076,769,3550,-1034
2020-10-12,03,80107993,信达期货,5357,-19,0,0
2020-10-12,04,80055516,五矿经易期货,5295,-113,0,0
2020-10-12,05,80055436,大有期货,5033,25,0,0
2020-10-12,06,80055521,华泰期货,3344,885,1892,338
2020-10-12,07,80098329,中粮期货,3077,-255,1148,120
2020-10-12,08,10000034,国投资本,2521,-632,6026,-27
2020-10-12,09,80101065,国泰期货,2487,136,2267,-354
2020-10-12,10,80102887,东海期货,2455,324,0,0
2020-10-12,11,80098340,中信建投期货,2123,715,0,0
2020-10-12,12,80066666,国元期货,2084,693,0,0
2020-10-12,13,80103802,兴证期货,2074,97,1885,-105
2020-10-12,14,80052272,金汇期货,1980,102,0,0
2020-10-12,15,80103797,银河期货,1884,452,8716,-72
2020-10-12,16,80061244,宏源期货,1880,237,1707,-226
2020-10-12,17,80108224,东证期货,1689,54,3761,2579
2020-10-12,18,80004835,申银万国期货,1667,-420,0,0
2020-10-12,19,80071840,海通期货,1578,-55,0,0
2020-10-12,20,80095998,国信期货,1537,220,0,0
2020-10-13,01,80050220,中信期货,10401,325,3465,-85
2020-10-13,02,80107993,信达期货,5449,92,0,0
2020-10-13,03,80102901,永安期货,5410,-6858,4078,-274
2020-10-13,04,80055516,五矿经易期货,5223,-72,0,0
2020-10-13,05,80055436,大有期货,5078,45,0,0
2020-10-13,06,80101065,国泰期货,3719,1232,1730,-537
2020-10-13,07,80055521,华泰期货,3488,144,1739,-153
2020-10-13,08,80098329,中粮期货,2888,-189,0,0
2020-10-13,09,10000034,国投资本,2701,180,6011,-15
2020-10-13,10,80103802,兴证期货,2665,591,1513,-372
2020-10-13,11,80066666,国元期货,2012,-72,0,0
2020-10-13,12,80052272,金汇期货,1985,5,0,0
2020-10-13,13,80061244,宏源期货,1922,42,1882,175
2020-10-13,14,80108224,东证期货,1786,97,3993,232
2020-10-13,15,80095998,国信期货,1755,218,0,0
2020-10-13,16,80004835,申银万国期货,1688,21,0,0
2020-10-13,17,80066668,方正中期期货,1618,493,0,0
2020-10-13,18,80058162,华安期货,1546,763,1218,318
2020-10-13,19,80102903,鲁证期货,1540,59,9787,91
2020-10-13,20,80103797,银河期货,1491,-393,8381,-335
2020-10-14,01,80050220,中信期货,10658,257,3615,150
2020-10-14,02,80107993,信达期货,5375,-74,0,0
2020-10-14,03,80102901,永安期货,5314,-96,4223,145
2020-10-14,04,80055516,五矿经易期货,5216,-7,1148,29
2020-10-14,05,80055436,大有期货,5083,5,0,0
2020-10-14,06,80055521,华泰期货,3249,-239,1507,-232
2020-10-14,07,80101065,国泰期货,3137,-582,1825,95
2020-10-14,08,80098329,中粮期货,2964,76,0,0
2020-10-14,09,80103802,兴证期货,2625,-40,0,0
2020-10-14,10,10000034,国投资本,2478,-223,6062,51
2020-10-14,11,80098340,中信建投期货,2307,858,0,0
2020-10-14,12,80052272,金汇期货,1983,-2,0,0
2020-10-14,13,80061244,宏源期货,1805,-117,1924,42
2020-10-14,14,80066666,国元期货,1784,-228,0,0
2020-10-14,15,80107731,华西期货,1607,438,0,0
2020-10-14,16,80102903,鲁证期货,1536,-4,9155,-632
2020-10-14,17,80103797,银河期货,1484,-7,8338,-43
2020-10-14,18,80071840,海通期货,1467,-23,0,0
2020-10-14,19,80066668,方正中期期货,1391,-227,1213,418
2020-10-14,20,80010572,平安期货,1375,101,0,0
2020-10-15,01,80050220,中信期货,10599,-59,3682,67
2020-10-15,02,80107993,信达期货,5277,-98,0,0
2020-10-15,03,80055516,五矿经易期货,5204,-12,0,0
2020-10-15,04,80055436,大有期货,5182,99,0,0
2020-10-15,05,80102901,永安期货,5181,-133,5089,866
2020-10-15,06,80055521,华泰期货,2998,-251,1557,50
2020-10-15,07,80098329,中粮期货,2931,-33,0,0
2020-10-15,08,10000034,国投资本,2751,273,5805,-257
2020-10-15,09,80101065,国泰期货,2597,-540,2154,329
2020-10-15,10,80103802,兴证期货,2528,-97,1376,317
2020-10-15,11,80098340,中信建投期货,2324,17,0,0
2020-10-15,12,80052272,金汇期货,1982,-1,0,0
2020-10-15,13,80108224,东证期货,1824,547,1332,-261
2020-10-15,14,80061244,宏源期货,1775,-30,2084,160
2020-10-15,15,80066666,国元期货,1751,-33,0,0
2020-10-15,16,80101066,东吴期货,1745,470,2628,643
2020-10-15,17,80107731,华西期货,1632,25,0,0
2020-10-15,18,80102903,鲁证期货,1566,30,9406,251
2020-10-15,19,80071840,海通期货,1484,17,0,0
2020-10-15,20,80103797,银河期货,1468,-16,8317,-21
2020-10-16,01,80050220,中信期货,14081,3482,4560,878
2020-10-16,02,80055436,大有期货,5517,335,0,0
2020-10-16,03,80055516,五矿经易期货,5457,253,0,0
2020-10-16,04,80107993,信达期货,5260,-17,0,0
2020-10-16,05,80098340,中信建投期货,5195,2871,0,0
2020-10-16,06,80102901,永安期货,4940,-241,9983,4894
2020-10-16,07,80055521,华泰期货,4542,1544,2171,614
2020-10-16,08,80103802,兴证期货,4507,1979,0,0
2020-10-16,09,80101065,国泰期货,3897,1300,2510,356
2020-10-16,10,80098329,中粮期货,3556,625,2439,1235
2020-10-16,11,80108224,东证期货,3546,1722,0,0
2020-10-16,12,80030099,新湖期货,3461,2832,0,0
2020-10-16,13,80101066,东吴期货,3034,1289,2510,-118
2020-10-16,14,80061244,宏源期货,3004,1229,2893,809
2020-10-16,15,80071840,海通期货,2932,1448,0,0
2020-10-16,16,10000034,国投资本,2838,87,7785,1980
2020-10-16,17,80095998,国信期货,2509,1183,0,0
2020-10-16,18,80058162,华安期货,2076,1205,3999,2107
2020-10-16,19,80107997,东航期货,1878,827,0,0
2020-10-16,20,80103644,中辉期货,1858,1118,0,0
2020-10-19,01,80050220,中信期货,7206,-6875,4265,-295
2020-10-19,02,80103802,兴证期货,4848,341,0,0
2020-10-19,03,80055521,华泰期货,4467,-75,2117,-54
2020-10-19,04,80055436,大有期货,3538,-1979,0,0
2020-10-19,05,80030099,新湖期货,3511,50,0,0
2020-10-19,06,80061244,宏源期货,3189,185,2098,-795
2020-10-19,07,80101065,国泰期货,3081,-816,2256,-254
2020-10-19,08,80098329,中粮期货,2927,-629,2052,-387
2020-10-19,09,80102901,永安期货,2916,-2024,9278,-705
2020-10-19,10,80055516,五矿经易期货,2817,-2640,0,0
2020-10-19,11,80098340,中信建投期货,2805,-2390,0,0
2020-10-19,12,10000034,国投资本,2784,-54,5004,-2781
2020-10-19,13,80066668,方正中期期货,2480,1143,0,0
2020-10-19,14,80080089,南华期货,2140,894,2771,-547
2020-10-19,15,80107997,东航期货,2024,146,0,0
2020-10-19,16,80071840,海通期货,1918,-1014,0,0
2020-10-19,17,80075388,中财期货,1882,484,0,0
2020-10-19,18,80108218,招金期货,1852,656,0,0
2020-10-19,19,80108224,东证期货,1733,-1813,1501,231
2020-10-19,20,80066666,国元期货,1619,-71,0,0
2020-10-20,01,80050220,中信期货,7912,706,4227,-38
2020-10-20,02,80103802,兴证期货,6279,1431,0,0
2020-10-20,03,10000034,国投资本,4439,1655,4742,-262
2020-10-20,04,80055521,华泰期货,4297,-170,2218,101
2020-10-20,05,80108224,东证期货,3811,2078,0,0
2020-10-20,06,80030099,新湖期货,3442,-69,0,0
2020-10-20,07,80101065,国泰期货,3332,251,2515,259
2020-10-20,08,80098340,中信建投期货,3276,471,0,0
2020-10-20,09,80066668,方正中期期货,3183,703,0,0
2020-10-20,10,80102901,永安期货,3136,220,9264,-14
2020-10-20,11,80061244,宏源期货,3104,-85,1910,-188
2020-10-20,12,80098329,中粮期货,2657,-270,2173,121
2020-10-20,13,80107997,东航期货,2594,570,0,0
2020-10-20,14,80071840,海通期货,2387,469,0,0
2020-10-20,15,80102904,一德期货,2248,775,4742,383
2020-10-20,16,80108051,徽商期货,2141,745,0,0
2020-10-20,17,80004835,申银万国期货,2099,613,0,0
2020-10-20,18,80080089,南华期货,2007,-133,2783,12
2020-10-20,19,80066666,国元期货,1989,370,0,0
2020-10-20,20,80128238,中银国际期货,1893,1213,0,0
2020-10-21,01,80050220,中信期货,10239,2327,3809,-418
2020-10-21,02,80103802,兴证期货,4934,-1345,0,0
2020-10-21,03,80101065,国泰期货,4632,1300,0,0
2020-10-21,04,10000034,国投资本,4394,-45,5311,569
2020-10-21,05,80055521,华泰期货,4263,-34,1661,-557
2020-10-21,06,80108224,东证期货,4113,302,2415,634
2020-10-21,07,80030099,新湖期货,3356,-86,0,0
2020-10-21,08,80102901,永安期货,3243,107,9554,290
2020-10-21,09,80066668,方正中期期货,3233,50,0,0
2020-10-21,10,80061244,宏源期货,2986,-118,1376,-534
2020-10-21,11,80098329,中粮期货,2832,175,1917,-256
2020-10-21,12,80098340,中信建投期货,2271,-1005,0,0
2020-10-21,13,80103797,银河期货,1813,79,5459,606
2020-10-21,14,80066666,国元期货,1786,-203,0,0
2020-10-21,15,80107997,东航期货,1780,-814,0,0
2020-10-21,16,80071840,海通期货,1778,-609,0,0
2020-10-21,17,80103644,中辉期货,1671,-196,0,0
2020-10-21,18,80095998,国信期货,1666,645,0,0
2020-10-21,19,80080089,南华期货,1661,-346,2546,-237
2020-10-21,20,80004615,国贸期货,1638,-62,0,0
2020-10-22,01,80050220,中信期货,8985,-1254,3595,-214
2020-10-22,02,80101065,国泰期货,5873,1241,0,0
2020-10-22,03,80103802,兴证期货,5694,760,0,0
2020-10-22,04,80055521,华泰期货,4769,506,1738,77
2020-10-22,05,10000034,国投资本,4109,-285,6273,962
2020-10-22,06,80108224,东证期货,3973,-140,1997,-418
2020-10-22,07,80098340,中信建投期货,3149,878,0,0
2020-10-22,08,80030099,新湖期货,3052,-304,0,0
2020-10-22,09,80102901,永安期货,2877,-366,9219,-335
2020-10-22,10,80061244,宏源期货,2829,-157,0,0
2020-10-22,11,80098329,中粮期货,2782,-50,1855,-62
2020-10-22,12,80103797,银河期货,2120,307,5521,62
2020-10-22,13,80066666,国元期货,1947,161,0,0
2020-10-22,14,80095998,国信期货,1905,239,0,0
2020-10-22,15,80058162,华安期货,1892,912,2199,-1247
2020-10-22,16,80107997,东航期货,1828,48,0,0
2020-10-22,17,80108051,徽商期货,1824,362,0,0
2020-10-22,18,80091157,浙商期货,1810,282,0,0
2020-10-22,19,80004615,国贸期货,1647,9,0,0
2020-10-22,20,80071840,海通期货,1630,-148,0,0
2020-10-23,01,80050220,中信期货,8972,-13,3968,373
2020-10-23,02,80103802,兴证期货,5629,-65,0,0
2020-10-23,03,80101065,国泰期货,5097,-776,1749,473
2020-10-23,04,10000034,国投资本,4622,513,3399,-2874
2020-10-23,05,80055521,华泰期货,4049,-720,1826,88
2020-10-23,06,80108224,东证期货,3961,-12,0,0
2020-10-23,07,80098340,中信建投期货,3631,482,0,0
2020-10-23,08,80030099,新湖期货,3080,28,0,0
2020-10-23,09,80102901,永安期货,2984,107,8970,-249
2020-10-23,10,80061244,宏源期货,2816,-13,0,0
2020-10-23,11,80098329,中粮期货,2497,-285,1811,-44
2020-10-23,12,80103797,银河期货,2080,-40,5080,-441
2020-10-23,13,80055436,大有期货,2050,1371,0,0
2020-10-23,14,80107997,东航期货,1844,16,0,0
2020-10-23,15,80058162,华安期货,1841,-51,2149,-50
2020-10-23,16,80095998,国信期货,1695,-210,0,0
2020-10-23,17,80066666,国元期货,1634,-313,0,0
2020-10-23,18,80004835,申银万国期货,1533,200,0,0
2020-10-23,19,80102904,一德期货,1494,159,6033,-348
2020-10-23,20,80103644,中辉期货,1479,-103,0,0
2020-10-26,01,80050220,中信期货,9239,267,4202,234
2020-10-26,02,80103802,兴证期货,5435,-194,0,0
2020-10-26,03,10000034,国投资本,4489,-133,3047,-352
2020-10-26,04,80098340,中信建投期货,4405,774,0,0
2020-10-26,05,80101065,国泰期货,4023,-1074,1610,-139
2020-10-26,06,80055521,华泰期货,3512,-537,0,0
2020-10-26,07,80030099,新湖期货,3310,230,0,0
2020-10-26,08,80102901,永安期货,2853,-131,8700,-270
2020-10-26,09,80061244,宏源期货,2746,-70,0,0
2020-10-26,10,80098329,中粮期货,2342,-155,1939,128
2020-10-26,11,80055515,海航期货,2211,2194,0,0
2020-10-26,12,80055436,大有期货,2033,-17,0,0
2020-10-26,13,80103644,中辉期货,1946,467,0,0
2020-10-26,14,80980919,先锋期货,1916,906,0,0
2020-10-26,15,80107997,东航期货,1837,-7,0,0
2020-10-26,16,80058162,华安期货,1691,-150,2378,229
2020-10-26,17,80108224,东证期货,1641,-2320,2558,1223
2020-10-26,18,80004835,申银万国期货,1614,81,0,0
2020-10-26,19,80071840,海通期货,1476,107,0,0
2020-10-26,20,80103797,银河期货,1436,-644,4255,-825
2020-10-27,01,80050220,中信期货,9319,80,3543,-659
2020-10-27,02,80103802,兴证期货,5350,-85,0,0
2020-10-27,03,10000034,国投资本,4429,-60,3239,192
2020-10-27,04,80101065,国泰期货,4019,-4,0,0
2020-10-27,05,80055521,华泰期货,3368,-144,1701,148
2020-10-27,06,80030099,新湖期货,3282,-28,0,0
2020-10-27,07,80098340,中信建投期货,3230,-1175,0,0
2020-10-27,08,80098329,中粮期货,2976,634,2114,175
2020-10-27,09,80108224,东证期货,2855,1214,2167,-391
2020-10-27,10,80061244,宏源期货,2829,83,1653,197
2020-10-27,11,80102901,永安期货,2743,-110,8762,62
2020-10-27,12,80055515,海航期货,2213,2,0,0
2020-10-27,13,80055436,大有期货,2018,-15,0,0
2020-10-27,14,80103644,中辉期货,1964,18,0,0
2020-10-27,15,80107997,东航期货,1895,58,0,0
2020-10-27,16,80004835,申银万国期货,1708,94,0,0
2020-10-27,17,80108218,招金期货,1705,374,0,0
2020-10-27,18,80095998,国信期货,1553,339,0,0
2020-10-27,19,80071840,海通期货,1542,66,0,0
2020-10-27,20,80058162,华安期货,1533,-158,2368,-10
2020-10-28,01,80050220,中信期货,11039,1720,4036,493
2020-10-28,02,80103802,兴证期货,6422,1072,0,0
2020-10-28,03,80055521,华泰期货,4804,1436,2137,436
2020-10-28,04,10000034,国投资本,4654,225,4250,1011
2020-10-28,05,80101065,国泰期货,4651,632,2427,816
2020-10-28,06,80098340,中信建投期货,4608,1378,0,0
2020-10-28,07,80030099,新湖期货,4301,1019,0,0
2020-10-28,08,80108224,东证期货,4275,1420,4151,1984
2020-10-28,09,80098329,中粮期货,3780,804,2523,409
2020-10-28,10,80061244,宏源期货,3428,599,0,0
2020-10-28,11,80102901,永安期货,2875,132,9875,1113
2020-10-28,12,80095998,国信期货,2737,1184,0,0
2020-10-28,13,80004835,申银万国期货,2603,895,0,0
2020-10-28,14,80066668,方正中期期货,2395,867,0,0
2020-10-28,15,80055515,海航期货,2248,35,0,0
2020-10-28,16,80107997,东航期货,2234,339,0,0
2020-10-28,17,80108218,招金期货,2157,452,0,0
2020-10-28,18,80103644,中辉期货,2131,167,0,0
2020-10-28,19,80108379,安粮期货,1898,1699,0,0
2020-10-28,20,80103797,银河期货,1798,394,4615,648
2020-10-29,01,80050220,中信期货,11165,126,3332,-704
2020-10-29,02,80103802,兴证期货,5936,-486,0,0
2020-10-29,03,80108224,东证期货,5791,1516,3642,-509
2020-10-29,04,80101065,国泰期货,4948,297,2336,-91
2020-10-29,05,80055521,华泰期货,4850,46,1909,-228
2020-10-29,06,80098340,中信建投期货,4631,23,0,0
2020-10-29,07,80030099,新湖期货,4264,-37,0,0
2020-10-29,08,10000034,国投资本,4062,-592,3652,-598
2020-10-29,09,80061244,宏源期货,3152,-276,0,0
2020-10-29,10,80102901,永安期货,2997,122,9469,-406
2020-10-29,11,80098329,中粮期货,2983,-797,2679,156
2020-10-29,12,80004835,申银万国期货,2903,300,0,0
2020-10-29,13,80080089,南华期货,2562,939,2690,-141
2020-10-29,14,80095998,国信期货,2402,-335,0,0
2020-10-29,15,80055515,海航期货,2262,14,0,0
2020-10-29,16,80103644,中辉期货,2225,94,0,0
2020-10-29,17,80108218,招金期货,2144,-13,0,0
2020-10-29,18,80107997,东航期货,2090,-144,0,0
2020-10-29,19,80108653,海证期货,1917,417,0,0
2020-10-29,20,80071840,海通期货,1847,118,0,0
2020-10-30,01,80050220,中信期货,9469,-1696,3595,263
2020-10-30,02,80101065,国泰期货,7198,2250,0,0
2020-10-30,03,80103802,兴证期货,7021,1085,0,0
2020-10-30,04,80055521,华泰期货,4554,-296,0,0
2020-10-30,05,10000034,国投资本,4298,236,3587,-65
2020-10-30,06,80108177,国富期货,4123,2593,0,0
2020-10-30,07,80102901,永安期货,4041,1044,8861,-608
2020-10-30,08,80108224,东证期货,4033,-1758,3762,120
2020-10-30,09,80098340,中信建投期货,3655,-976,0,0
2020-10-30,10,80004835,申银万国期货,3420,517,0,0
2020-10-30,11,80080089,南华期货,3139,577,2467,-223
2020-10-30,12,80061244,宏源期货,3127,-25,0,0
2020-10-30,13,80098329,中粮期货,2973,-10,2778,99
2020-10-30,14,80108218,招金期货,2944,800,0,0
2020-10-30,15,80030099,新湖期货,2939,-1325,0,0
2020-10-30,16,80107031,冠通期货,2373,2077,0,0
2020-10-30,17,80095998,国信期货,2260,-142,0,0
2020-10-30,18,80055515,海航期货,2217,-45,0,0
2020-10-30,19,80091157,浙商期货,2156,414,0,0
2020-10-30,20,80107997,东航期货,2109,19,0,0
