2020-11-02,01,80055516,五矿经易期货,0,0,10726,925
2020-11-02,02,80102901,永安期货,3873,-168,8434,-427
2020-11-02,03,80102904,一德期货,0,0,7529,-486
2020-11-02,04,80044916,弘业期货,0,0,7032,-433
2020-11-02,05,80103744,光大期货,0,0,4239,244
2020-11-02,06,80066675,首创期货,0,0,4161,-281
2020-11-02,07,80050220,中信期货,8085,-1384,3720,125
2020-11-02,08,80080089,南华期货,3131,-8,2959,492
2020-11-02,09,80069367,格林期货,0,0,2804,27
2020-11-02,10,80103797,银河期货,0,0,2792,-1569
2020-11-02,11,80111760,东方财富期货,0,0,2771,475
2020-11-02,12,80102887,东海期货,0,0,2645,60
2020-11-02,13,80098329,中粮期货,2384,-589,2461,-317
2020-11-02,14,10000034,国投资本,4161,-137,2392,-1195
2020-11-02,15,80019274,美尔雅期货,0,0,2160,670
2020-11-02,16,80102903,鲁证期货,0,0,2140,-3883
2020-11-02,17,80066668,方正中期期货,2271,338,2032,275
2020-11-02,18,80108224,东证期货,5579,1546,1976,-1786
2020-11-02,19,80108051,徽商期货,0,0,1976,120
2020-11-02,20,80101065,国泰期货,5777,-1421,1964,69
2020-11-03,01,80055516,五矿经易期货,0,0,10594,-132
2020-11-03,02,80102901,永安期货,3652,-221,8712,278
2020-11-03,03,80102904,一德期货,0,0,7217,-312
2020-11-03,04,80044916,弘业期货,0,0,7036,4
2020-11-03,05,80066675,首创期货,0,0,4338,177
2020-11-03,06,80103744,光大期货,0,0,3994,-245
2020-11-03,07,80050220,中信期货,7616,-469,3787,67
2020-11-03,08,80080089,南华期货,2774,-357,2877,-82
2020-11-03,09,80103797,银河期货,0,0,2823,31
2020-11-03,10,80098329,中粮期货,2644,260,2775,314
2020-11-03,11,80102887,东海期货,0,0,2644,-1
2020-11-03,12,80108224,东证期货,2979,-2600,2589,613
2020-11-03,13,10000034,国投资本,6093,1932,2565,173
2020-11-03,14,80069367,格林期货,0,0,2549,-255
2020-11-03,15,80111760,东方财富期货,0,0,2531,-240
2020-11-03,16,80108051,徽商期货,0,0,2469,493
2020-11-03,17,80102903,鲁证期货,0,0,2285,145
2020-11-03,18,80101065,国泰期货,5262,-515,2136,172
2020-11-03,19,80107846,国盛期货,0,0,1984,24
2020-11-03,20,80066668,方正中期期货,2002,-269,1947,-85
2020-11-04,01,80055516,五矿经易期货,0,0,10812,218
2020-11-04,02,80102901,永安期货,3809,157,8515,-197
2020-11-04,03,80102904,一德期货,0,0,7844,627
2020-11-04,04,80044916,弘业期货,0,0,7069,33
2020-11-04,05,80066675,首创期货,0,0,4341,3
2020-11-04,06,80103744,光大期货,0,0,3732,-262
2020-11-04,07,80050220,中信期货,8774,1158,3662,-125
2020-11-04,08,80108224,东证期货,3652,673,3052,463
2020-11-04,09,80103797,银河期货,2049,150,3020,197
2020-11-04,10,80098329,中粮期货,2581,-63,2890,115
2020-11-04,11,80080089,南华期货,2614,-160,2869,-8
2020-11-04,12,80108051,徽商期货,0,0,2634,165
2020-11-04,13,80111760,东方财富期货,0,0,2592,61
2020-11-04,14,80102887,东海期货,0,0,2538,-106
2020-11-04,15,10000034,国投资本,6217,124,2532,-33
2020-11-04,16,80069367,格林期货,0,0,2380,-169
2020-11-04,17,80061244,宏源期货,3251,148,2329,765
2020-11-04,18,80102903,鲁证期货,0,0,2301,16
2020-11-04,19,80101065,国泰期货,4909,-353,2230,94
2020-11-04,20,80107846,国盛期货,0,0,2002,18
2020-11-05,01,80055516,五矿经易期货,0,0,11978,1166
2020-11-05,02,80102904,一德期货,0,0,9047,1203
2020-11-05,03,80102901,永安期货,3935,126,8885,370
2020-11-05,04,80044916,弘业期货,0,0,6448,-621
2020-11-05,05,80050220,中信期货,10097,1323,4892,1230
2020-11-05,06,80066675,首创期货,0,0,4436,95
2020-11-05,07,80103744,光大期货,0,0,3909,177
2020-11-05,08,80080089,南华期货,2916,302,3549,680
2020-11-05,09,80111760,东方财富期货,0,0,3499,907
2020-11-05,10,80098329,中粮期货,2493,-88,3287,397
2020-11-05,11,80103797,银河期货,0,0,3196,176
2020-11-05,12,10000034,国投资本,5914,-303,3189,657
2020-11-05,13,80108051,徽商期货,0,0,2987,353
2020-11-05,14,80061244,宏源期货,3259,8,2807,478
2020-11-05,15,80101065,国泰期货,5609,700,2738,508
2020-11-05,16,80108224,东证期货,5405,1753,2501,-551
2020-11-05,17,80102887,东海期货,0,0,2442,-96
2020-11-05,18,80058162,华安期货,0,0,2258,487
2020-11-05,19,80102903,鲁证期货,0,0,2220,-81
2020-11-05,20,80066668,方正中期期货,0,0,2152,351
2020-11-06,01,80055516,五矿经易期货,0,0,12228,250
2020-11-06,02,80102904,一德期货,0,0,9699,652
2020-11-06,03,80102901,永安期货,3669,-266,8404,-481
2020-11-06,04,80044916,弘业期货,0,0,6234,-214
2020-11-06,05,10000034,国投资本,6973,1059,5231,2042
2020-11-06,06,80050220,中信期货,8931,-1166,4340,-552
2020-11-06,07,80103744,光大期货,0,0,3819,-90
2020-11-06,08,80066675,首创期货,0,0,3720,-716
2020-11-06,09,80080089,南华期货,2405,-511,3007,-542
2020-11-06,10,80103797,银河期货,0,0,2896,-300
2020-11-06,11,80098329,中粮期货,2473,-20,2730,-557
2020-11-06,12,80061244,宏源期货,2961,-298,2675,-132
2020-11-06,13,80111760,东方财富期货,0,0,2620,-879
2020-11-06,14,80066668,方正中期期货,0,0,2557,405
2020-11-06,15,80108224,东证期货,3617,-1788,2528,27
2020-11-06,16,80108051,徽商期货,0,0,2370,-617
2020-11-06,17,80101065,国泰期货,6570,961,2302,-436
2020-11-06,18,80004835,申银万国期货,3135,264,2193,176
2020-11-06,19,80102887,东海期货,0,0,2050,-392
2020-11-06,20,80052272,金汇期货,0,0,2014,0
2020-11-09,01,80102904,一德期货,2334,558,9213,-486
2020-11-09,02,80102901,永安期货,3619,-50,8173,-231
2020-11-09,03,10000034,国投资本,8117,1144,5749,518
2020-11-09,04,80055516,五矿经易期货,0,0,5461,-6767
2020-11-09,05,80044916,弘业期货,0,0,5133,-1101
2020-11-09,06,80050220,中信期货,8051,-880,4003,-337
2020-11-09,07,80103744,光大期货,0,0,3732,-87
2020-11-09,08,80066675,首创期货,0,0,3708,-12
2020-11-09,09,80071840,海通期货,0,0,3659,2571
2020-11-09,10,80111760,东方财富期货,0,0,3191,571
2020-11-09,11,80103797,银河期货,1809,158,2957,61
2020-11-09,12,80098329,中粮期货,3137,664,2567,-163
2020-11-09,13,80101065,国泰期货,7941,1371,2502,200
2020-11-09,14,80108051,徽商期货,0,0,2289,-81
2020-11-09,15,80061244,宏源期货,3016,55,2252,-423
2020-11-09,16,80102887,东海期货,0,0,2219,169
2020-11-09,17,80108224,东证期货,2853,-764,2142,-386
2020-11-09,18,80066668,方正中期期货,0,0,2061,-496
2020-11-09,19,80052272,金汇期货,0,0,2014,0
2020-11-09,20,80107846,国盛期货,0,0,1985,-5
2020-11-10,01,80102904,一德期货,0,0,8955,-258
2020-11-10,02,80102901,永安期货,3450,-169,8565,392
2020-11-10,03,10000034,国投资本,8455,338,6096,347
2020-11-10,04,80055516,五矿经易期货,0,0,5434,-27
2020-11-10,05,80050220,中信期货,9144,1093,4738,735
2020-11-10,06,80044916,弘业期货,0,0,4283,-850
2020-11-10,07,80103744,光大期货,0,0,4073,341
2020-11-10,08,80066675,首创期货,0,0,3915,207
2020-11-10,09,80103797,银河期货,1923,114,3316,359
2020-11-10,10,80111760,东方财富期货,0,0,3016,-175
2020-11-10,11,80108051,徽商期货,0,0,2893,604
2020-11-10,12,80108224,东证期货,5326,2473,2873,731
2020-11-10,13,80101065,国泰期货,6454,-1487,2780,278
2020-11-10,14,80098329,中粮期货,3231,94,2579,12
2020-11-10,15,80102887,东海期货,0,0,2372,153
2020-11-10,16,80061244,宏源期货,3027,11,2262,10
2020-11-10,17,80102927,国联期货,0,0,2235,1562
2020-11-10,18,80066668,方正中期期货,2107,1115,2196,135
2020-11-10,19,80058162,华安期货,0,0,2190,422
2020-11-10,20,80052272,金汇期货,0,0,2021,7
2020-11-11,01,80102904,一德期货,0,0,8935,-20
2020-11-11,02,80102901,永安期货,3694,244,8759,194
2020-11-11,03,10000034,国投资本,5836,-2619,6191,95
2020-11-11,04,80055516,五矿经易期货,0,0,5851,417
2020-11-11,05,80050220,中信期货,10111,967,5669,931
2020-11-11,06,80103744,光大期货,0,0,4968,895
2020-11-11,07,80044916,弘业期货,0,0,3927,-356
2020-11-11,08,80066675,首创期货,0,0,3757,-158
2020-11-11,09,80111760,东方财富期货,0,0,3697,681
2020-11-11,10,80098329,中粮期货,3150,-81,3348,769
2020-11-11,11,80101065,国泰期货,5840,-614,3257,477
2020-11-11,12,80103797,银河期货,2340,417,3243,-73
2020-11-11,13,80108224,东证期货,5685,359,3158,285
2020-11-11,14,80102927,国联期货,0,0,2884,649
2020-11-11,15,80108051,徽商期货,0,0,2700,-193
2020-11-11,16,80058162,华安期货,0,0,2528,338
2020-11-11,17,80066668,方正中期期货,2910,803,2424,228
2020-11-11,18,80061244,宏源期货,3360,333,2404,142
2020-11-11,19,80102887,东海期货,0,0,2379,7
2020-11-11,20,80080089,南华期货,2153,-124,2139,375
2020-11-12,01,80102904,一德期货,0,0,9070,135
2020-11-12,02,80102901,永安期货,3586,-108,8508,-251
2020-11-12,03,10000034,国投资本,5678,-158,6228,37
2020-11-12,04,80055516,五矿经易期货,0,0,5822,-29
2020-11-12,05,80050220,中信期货,10129,18,5600,-69
2020-11-12,06,80103744,光大期货,0,0,5139,171
2020-11-12,07,80044916,弘业期货,0,0,3791,-136
2020-11-12,08,80111760,东方财富期货,0,0,3736,39
2020-11-12,09,80103797,银河期货,2182,-158,3268,25
2020-11-12,10,80101065,国泰期货,5764,-76,3081,-176
2020-11-12,11,80108224,东证期货,6532,847,2924,-234
2020-11-12,12,80066675,首创期货,0,0,2805,-952
2020-11-12,13,80102927,国联期货,0,0,2794,-90
2020-11-12,14,80098329,中粮期货,2536,-614,2785,-563
2020-11-12,15,80108051,徽商期货,0,0,2737,37
2020-11-12,16,80102887,东海期货,0,0,2637,258
2020-11-12,17,80058162,华安期货,0,0,2474,-54
2020-11-12,18,80066668,方正中期期货,1996,-914,2381,-43
2020-11-12,19,80061244,宏源期货,3236,-124,2291,-113
2020-11-12,20,80098340,中信建投期货,4519,-210,2147,188
2020-11-13,01,80102904,一德期货,0,0,9140,70
2020-11-13,02,80102901,永安期货,3364,-222,8402,-106
2020-11-13,03,10000034,国投资本,7026,1348,5753,-475
2020-11-13,04,80050220,中信期货,9991,-138,4891,-709
2020-11-13,05,80103744,光大期货,0,0,4442,-697
2020-11-13,06,80111760,东方财富期货,0,0,3856,120
2020-11-13,07,80101065,国泰期货,6260,496,3215,134
2020-11-13,08,80044916,弘业期货,0,0,3209,-582
2020-11-13,09,80103797,银河期货,2081,-101,3145,-123
2020-11-13,10,80108224,东证期货,6724,192,2840,-84
2020-11-13,11,80108051,徽商期货,0,0,2759,22
2020-11-13,12,80055516,五矿经易期货,0,0,2740,-3082
2020-11-13,13,80102887,东海期货,0,0,2676,39
2020-11-13,14,80098329,中粮期货,2510,-26,2652,-133
2020-11-13,15,80066668,方正中期期货,0,0,2606,225
2020-11-13,16,80102927,国联期货,0,0,2569,-225
2020-11-13,17,80061244,宏源期货,3258,22,2497,206
2020-11-13,18,80066675,首创期货,0,0,2449,-356
2020-11-13,19,80058162,华安期货,0,0,2377,-97
2020-11-13,20,80080089,南华期货,3470,666,2095,79
2020-11-16,01,80102904,一德期货,0,0,9087,-53
2020-11-16,02,80102901,永安期货,3293,-71,7879,-523
2020-11-16,03,10000034,国投资本,8290,1264,5572,-181
2020-11-16,04,80050220,中信期货,7637,-2354,4680,-211
2020-11-16,05,80111760,东方财富期货,0,0,3536,-320
2020-11-16,06,80103744,光大期货,0,0,3315,-1127
2020-11-16,07,80101065,国泰期货,5143,-1117,3266,51
2020-11-16,08,80103797,银河期货,2051,-30,3000,-145
2020-11-16,09,80102887,东海期货,0,0,2713,37
2020-11-16,10,80098329,中粮期货,3241,731,2665,13
2020-11-16,11,80102927,国联期货,0,0,2552,-17
2020-11-16,12,80061244,宏源期货,2667,-591,2551,54
2020-11-16,13,80108224,东证期货,4852,-1872,2508,-332
2020-11-16,14,80108051,徽商期货,0,0,2446,-313
2020-11-16,15,80066675,首创期货,0,0,2349,-100
2020-11-16,16,80055516,五矿经易期货,0,0,2327,-413
2020-11-16,17,80066668,方正中期期货,1704,87,2305,-301
2020-11-16,18,80044916,弘业期货,0,0,2102,-1107
2020-11-16,19,80058162,华安期货,0,0,2029,-348
2020-11-16,20,80080089,南华期货,3088,-382,1957,-138
2020-11-17,01,80102904,一德期货,0,0,9197,110
2020-11-17,02,80102901,永安期货,2923,-370,7945,66
2020-11-17,03,80103744,光大期货,3902,2916,6657,3342
2020-11-17,04,10000034,国投资本,8096,-194,5880,308
2020-11-17,05,80050220,中信期货,9194,1557,4565,-115
2020-11-17,06,80111760,东方财富期货,0,0,4206,670
2020-11-17,07,80101065,国泰期货,5851,708,3198,-68
2020-11-17,08,80080089,南华期货,3366,278,3103,1146
2020-11-17,09,80103797,银河期货,2156,105,2922,-78
2020-11-17,10,80098329,中粮期货,3218,-23,2912,247
2020-11-17,11,80061244,宏源期货,2562,-105,2834,283
2020-11-17,12,80108224,东证期货,4845,-7,2640,132
2020-11-17,13,80108051,徽商期货,0,0,2564,118
2020-11-17,14,80102927,国联期货,0,0,2467,-85
2020-11-17,15,80055516,五矿经易期货,0,0,2416,89
2020-11-17,16,80066675,首创期货,0,0,2354,5
2020-11-17,17,80102887,东海期货,0,0,2334,-379
2020-11-17,18,80066668,方正中期期货,2606,902,2319,14
2020-11-17,19,80058162,华安期货,0,0,2287,258
2020-11-17,20,80044916,弘业期货,0,0,1999,-103
2020-11-18,01,80102904,一德期货,0,0,8938,-259
2020-11-18,02,80102901,永安期货,2855,-68,7712,-233
2020-11-18,03,10000034,国投资本,6697,-1399,5630,-250
2020-11-18,04,80050220,中信期货,7984,-1210,3886,-679
2020-11-18,05,80111760,东方财富期货,0,0,3533,-673
2020-11-18,06,80103744,光大期货,2224,-1678,3099,-3558
2020-11-18,07,80103797,银河期货,2256,100,3033,111
2020-11-18,08,80101065,国泰期货,4789,-1062,2984,-214
2020-11-18,09,80061244,宏源期货,2472,-90,2875,41
2020-11-18,10,80066668,方正中期期货,1766,-840,2781,462
2020-11-18,11,80080089,南华期货,2939,-427,2612,-491
2020-11-18,12,80102927,国联期货,0,0,2610,143
2020-11-18,13,80098329,中粮期货,3237,19,2393,-519
2020-11-18,14,80102887,东海期货,0,0,2356,22
2020-11-18,15,80108051,徽商期货,0,0,2309,-255
2020-11-18,16,80108224,东证期货,3123,-1722,2295,-345
2020-11-18,17,80066675,首创期货,0,0,2293,-61
2020-11-18,18,80004835,申银万国期货,2516,-1210,1976,400
2020-11-18,19,80107846,国盛期货,0,0,1884,-17
2020-11-18,20,80058162,华安期货,0,0,1880,-407
2020-11-19,01,80102904,一德期货,0,0,9433,495
2020-11-19,02,80102901,永安期货,2970,115,6947,-765
2020-11-19,03,10000034,国投资本,9354,2657,5792,162
2020-11-19,04,80103744,光大期货,3235,1011,4231,1132
2020-11-19,05,80108224,东证期货,2805,-318,4099,1804
2020-11-19,06,80050220,中信期货,8019,35,3393,-493
2020-11-19,07,80111760,东方财富期货,0,0,2585,-948
2020-11-19,08,80101065,国泰期货,4360,-429,2569,-415
2020-11-19,09,80066668,方正中期期货,1576,-190,2513,-268
2020-11-19,10,80080089,南华期货,2705,-234,2512,-100
2020-11-19,11,80055521,华泰期货,4377,-223,2507,684
2020-11-19,12,80103797,银河期货,2092,-164,2506,-527
2020-11-19,13,80061244,宏源期货,2616,144,2481,-394
2020-11-19,14,80102927,国联期货,0,0,2445,-165
2020-11-19,15,80102887,东海期货,0,0,2356,0
2020-11-19,16,80098329,中粮期货,3231,-6,2188,-205
2020-11-19,17,80108051,徽商期货,0,0,1932,-377
2020-11-19,18,80107846,国盛期货,0,0,1922,38
2020-11-19,19,80108093,华金期货,0,0,1917,49
2020-11-19,20,80066675,首创期货,0,0,1890,-403
2020-11-20,01,80102904,一德期货,1506,1122,8846,-587
2020-11-20,02,80102901,永安期货,2428,-542,6723,-224
2020-11-20,03,10000034,国投资本,9365,11,5683,-109
2020-11-20,04,80050220,中信期货,7810,-209,3482,89
2020-11-20,05,80098329,中粮期货,3173,-58,3142,954
2020-11-20,06,80061244,宏源期货,2257,-359,2643,162
2020-11-20,07,80080089,南华期货,1331,-1374,2635,123
2020-11-20,08,80101065,国泰期货,5125,765,2539,-30
2020-11-20,09,80108224,东证期货,3604,799,2397,-1702
2020-11-20,10,80103797,银河期货,1682,-410,2270,-236
2020-11-20,11,80098340,中信建投期货,0,0,2189,486
2020-11-20,12,80111760,东方财富期货,0,0,2145,-440
2020-11-20,13,80102887,东海期货,0,0,2086,-270
2020-11-20,14,80055521,华泰期货,4623,246,1962,-545
2020-11-20,15,80108093,华金期货,0,0,1946,29
2020-11-20,16,80108051,徽商期货,0,0,1911,-21
2020-11-20,17,80107846,国盛期货,0,0,1893,-29
2020-11-20,18,80066675,首创期货,0,0,1778,-112
2020-11-20,19,80058162,华安期货,0,0,1726,14
2020-11-20,20,80102927,国联期货,0,0,1676,-769
2020-11-23,01,80102904,一德期货,0,0,9115,269
2020-11-23,02,80102901,永安期货,2319,-109,7192,469
2020-11-23,03,10000034,国投资本,9243,-122,5660,-23
2020-11-23,04,80050220,中信期货,7040,-770,3527,45
2020-11-23,05,80098329,中粮期货,3168,-5,2851,-291
2020-11-23,06,80101065,国泰期货,5367,242,2811,272
2020-11-23,07,80080089,南华期货,2270,939,2796,161
2020-11-23,08,80061244,宏源期货,2600,343,2751,108
2020-11-23,09,80111760,东方财富期货,0,0,2747,602
2020-11-23,10,80102927,国联期货,0,0,2721,1045
2020-11-23,11,80058162,华安期货,0,0,2548,822
2020-11-23,12,80108051,徽商期货,0,0,2318,407
2020-11-23,13,80102887,东海期货,0,0,2316,230
2020-11-23,14,80103797,银河期货,1890,208,2257,-13
2020-11-23,15,80098340,中信建投期货,0,0,2074,-115
2020-11-23,16,80066668,方正中期期货,2406,560,2017,405
2020-11-23,17,80108093,华金期货,0,0,1996,50
2020-11-23,18,80066675,首创期货,0,0,1959,181
2020-11-23,19,80103744,光大期货,0,0,1901,237
2020-11-23,20,80107846,国盛期货,0,0,1870,-23
2020-11-24,01,80102904,一德期货,0,0,9058,-57
2020-11-24,02,80102901,永安期货,2391,72,7041,-151
2020-11-24,03,10000034,国投资本,8852,-391,5680,20
2020-11-24,04,80050220,中信期货,6846,-194,3954,427
2020-11-24,05,80111760,东方财富期货,0,0,3489,742
2020-11-24,06,80101065,国泰期货,5788,421,3278,467
2020-11-24,07,80061244,宏源期货,2512,-88,2772,21
2020-11-24,08,80102927,国联期货,0,0,2699,-22
2020-11-24,09,80080089,南华期货,2390,120,2573,-223
2020-11-24,10,80098340,中信建投期货,0,0,2513,439
2020-11-24,11,80102887,东海期货,0,0,2474,158
2020-11-24,12,80108051,徽商期货,0,0,2441,123
2020-11-24,13,80103797,银河期货,2458,568,2413,156
2020-11-24,14,80058162,华安期货,0,0,2390,-158
2020-11-24,15,80103744,光大期货,0,0,2366,465
2020-11-24,16,80098329,中粮期货,3162,-6,2182,-669
2020-11-24,17,80108224,东证期货,4413,-166,2065,249
2020-11-24,18,80066668,方正中期期货,2949,543,2030,13
2020-11-24,19,80108093,华金期货,0,0,2020,24
2020-11-24,20,80066675,首创期货,0,0,1955,-4
2020-11-25,01,80102904,一德期货,0,0,9151,93
2020-11-25,02,80102901,永安期货,2290,-101,6865,-176
2020-11-25,03,10000034,国投资本,8711,-141,5952,272
2020-11-25,04,80050220,中信期货,7647,801,3962,8
2020-11-25,05,80111760,东方财富期货,0,0,3679,190
2020-11-25,06,80101065,国泰期货,6236,448,3470,192
2020-11-25,07,80103744,光大期货,0,0,3434,1068
2020-11-25,08,80080089,南华期货,2555,165,2990,417
2020-11-25,09,80098340,中信建投期货,0,0,2833,320
2020-11-25,10,80102927,国联期货,0,0,2750,51
2020-11-25,11,80058162,华安期货,0,0,2734,344
2020-11-25,12,80108051,徽商期货,0,0,2733,292
2020-11-25,13,80061244,宏源期货,2803,291,2705,-67
2020-11-25,14,80102887,东海期货,0,0,2568,94
2020-11-25,15,80103797,银河期货,2619,161,2489,76
2020-11-25,16,80098329,中粮期货,3195,33,2316,134
2020-11-25,17,80108224,东证期货,4917,504,2267,202
2020-11-25,18,80108093,华金期货,0,0,2090,70
2020-11-25,19,80066668,方正中期期货,2622,-327,2025,-5
2020-11-25,20,80066675,首创期货,0,0,1988,33
2020-11-26,01,80102904,一德期货,0,0,8991,-160
2020-11-26,02,80102901,永安期货,2491,201,6795,-70
2020-11-26,03,10000034,国投资本,8335,-376,6083,131
2020-11-26,04,80103744,光大期货,0,0,5253,1819
2020-11-26,05,80111760,东方财富期货,0,0,4464,785
2020-11-26,06,80050220,中信期货,8411,764,4374,412
2020-11-26,07,80101065,国泰期货,6820,584,4001,531
2020-11-26,08,80080089,南华期货,2665,110,3248,258
2020-11-26,09,80058162,华安期货,0,0,3172,438
2020-11-26,10,80098340,中信建投期货,0,0,2978,145
2020-11-26,11,80108051,徽商期货,0,0,2969,236
2020-11-26,12,80061244,宏源期货,2883,80,2915,210
2020-11-26,13,80102927,国联期货,0,0,2871,121
2020-11-26,14,80102887,东海期货,0,0,2760,192
2020-11-26,15,80108224,东证期货,6836,1919,2625,358
2020-11-26,16,80098329,中粮期货,3184,-11,2572,256
2020-11-26,17,80103797,银河期货,2877,258,2518,29
2020-11-26,18,80066668,方正中期期货,2692,70,2258,233
2020-11-26,19,80066675,首创期货,1986,943,2061,73
2020-11-26,20,80039956,金瑞期货,0,0,1910,914
2020-11-27,01,80102904,一德期货,0,0,9045,54
2020-11-27,02,80102901,永安期货,2463,-28,7095,300
2020-11-27,03,80103744,光大期货,0,0,5937,684
2020-11-27,04,10000034,国投资本,9176,841,5826,-257
2020-11-27,05,80111760,东方财富期货,0,0,5084,620
2020-11-27,06,80101065,国泰期货,6715,-105,4403,402
2020-11-27,07,80050220,中信期货,8468,57,3705,-669
2020-11-27,08,80108051,徽商期货,0,0,3466,497
2020-11-27,09,80058162,华安期货,0,0,3373,201
2020-11-27,10,80080089,南华期货,3317,652,3346,98
2020-11-27,11,80102927,国联期货,0,0,3236,365
2020-11-27,12,80108224,东证期货,8695,1859,3133,508
2020-11-27,13,80098329,中粮期货,3240,56,2980,408
2020-11-27,14,80061244,宏源期货,2965,82,2957,42
2020-11-27,15,80075388,中财期货,0,0,2770,1247
2020-11-27,16,80103797,银河期货,2831,-46,2745,227
2020-11-27,17,80071840,海通期货,2860,293,2540,764
2020-11-27,18,80066668,方正中期期货,2619,-73,2473,215
2020-11-27,19,80098340,中信建投期货,0,0,2435,-543
2020-11-27,20,80102887,东海期货,0,0,2312,-448
2020-11-30,01,80102904,一德期货,0,0,9074,29
2020-11-30,02,80103744,光大期货,0,0,6424,487
2020-11-30,03,10000034,国投资本,7471,-1705,5409,-417
2020-11-30,04,80111760,东方财富期货,0,0,4820,-264
2020-11-30,05,80101065,国泰期货,6837,122,4140,-263
2020-11-30,06,80102927,国联期货,0,0,4094,858
2020-11-30,07,80108051,徽商期货,0,0,3795,329
2020-11-30,08,80102901,永安期货,2239,-224,3769,-3326
2020-11-30,09,80075388,中财期货,0,0,3671,901
2020-11-30,10,80108224,东证期货,7617,-1078,3247,114
2020-11-30,11,80058162,华安期货,0,0,3174,-199
2020-11-30,12,80050220,中信期货,8191,-277,2862,-843
2020-11-30,13,80080089,南华期货,3489,172,2816,-530
2020-11-30,14,80061244,宏源期货,3017,52,2785,-172
2020-11-30,15,80055521,华泰期货,5864,-124,2518,570
2020-11-30,16,80066668,方正中期期货,2439,-180,2446,-27
2020-11-30,17,80098329,中粮期货,3255,15,2338,-642
2020-11-30,18,80102887,东海期货,0,0,2317,5
2020-11-30,19,80103797,银河期货,2692,-139,2286,-459
2020-11-30,20,80098340,中信建投期货,0,0,2273,-162
