2020-09-11,01,80052272,金汇期货,3349,2331,0,0
2020-09-11,02,80108379,安粮期货,1074,161,0,0
2020-09-11,03,80055521,华泰期货,783,205,444,200
2020-09-11,04,80050220,中信期货,760,-29,101,3
2020-09-11,05,80101066,东吴期货,510,-100,624,77
2020-09-11,06,80039956,金瑞期货,423,83,0,0
2020-09-11,07,80102903,鲁证期货,233,33,1070,41
2020-09-11,08,80098329,中粮期货,220,0,0,0
2020-09-11,09,80095998,国信期货,212,43,0,0
2020-09-11,10,80103744,光大期货,184,3,0,0
2020-09-11,11,80102901,永安期货,180,-5,204,-32
2020-09-11,12,80066668,方正中期期货,136,2,0,0
2020-09-11,13,80061244,宏源期货,123,-23,1617,1140
2020-09-11,14,80108178,金鹏期货,103,0,0,0
2020-09-11,15,80045628,东华期货,100,0,0,0
2020-09-11,16,80108375,国海良时期货,100,0,0,0
2020-09-11,17,80058162,华安期货,96,18,349,300
2020-09-11,18,80091157,浙商期货,89,7,212,96
2020-09-11,19,80066675,首创期货,83,28,961,105
2020-09-11,20,80103804,瑞达期货,83,0,0,0
2020-09-14,01,80052272,金汇期货,3349,0,0,0
2020-09-14,02,80108379,安粮期货,1332,258,0,0
2020-09-14,03,80050220,中信期货,771,11,102,1
2020-09-14,04,80055521,华泰期货,753,-30,435,-9
2020-09-14,05,80101066,东吴期货,622,112,503,-121
2020-09-14,06,80102901,永安期货,267,87,160,-44
2020-09-14,07,80058162,华安期货,256,160,347,-2
2020-09-14,08,80095998,国信期货,230,18,0,0
2020-09-14,09,80098329,中粮期货,229,9,0,0
2020-09-14,10,80102903,鲁证期货,177,-56,1093,23
2020-09-14,11,80103744,光大期货,162,-22,0,0
2020-09-14,12,80039956,金瑞期货,150,-273,0,0
2020-09-14,13,80066668,方正中期期货,137,1,0,0
2020-09-14,14,80071840,海通期货,123,61,140,-7
2020-09-14,15,80061244,宏源期货,119,-4,1549,-68
2020-09-14,16,80101065,国泰期货,107,29,0,0
2020-09-14,17,80045628,东华期货,105,5,0,0
2020-09-14,18,80108178,金鹏期货,103,0,0,0
2020-09-14,19,80103797,银河期货,102,31,0,0
2020-09-14,20,80108195,上海中期,96,19,0,0
2020-09-15,01,80052272,金汇期货,3349,0,0,0
2020-09-15,02,80050220,中信期货,814,43,153,51
2020-09-15,03,80102901,永安期货,806,539,164,4
2020-09-15,04,80055521,华泰期货,619,-134,641,206
2020-09-15,05,80101066,东吴期货,614,-8,515,12
2020-09-15,06,80058162,华安期货,243,-13,202,-145
2020-09-15,07,80095998,国信期货,227,-3,0,0
2020-09-15,08,80108179,长安期货,222,208,0,0
2020-09-15,09,80098329,中粮期货,219,-10,0,0
2020-09-15,10,80108051,徽商期货,172,119,106,34
2020-09-15,11,80103744,光大期货,162,0,0,0
2020-09-15,12,80101065,国泰期货,142,35,0,0
2020-09-15,13,80066668,方正中期期货,133,-4,0,0
2020-09-15,14,80071840,海通期货,125,2,196,56
2020-09-15,15,80102946,国金期货,124,121,0,0
2020-09-15,16,80045628,东华期货,105,0,0,0
2020-09-15,17,80108195,上海中期,104,8,0,0
2020-09-15,18,80061244,宏源期货,101,-18,476,-1073
2020-09-15,19,80091157,浙商期货,98,8,0,0
2020-09-15,20,80104009,大越期货,96,89,0,0
2020-09-16,01,80052272,金汇期货,3349,0,0,0
2020-09-16,02,80050220,中信期货,846,32,144,-9
2020-09-16,03,80102901,永安期货,739,-67,164,0
2020-09-16,04,80055521,华泰期货,638,19,677,36
2020-09-16,05,80101066,东吴期货,610,-4,513,-2
2020-09-16,06,80098329,中粮期货,263,44,0,0
2020-09-16,07,80108179,长安期货,254,32,0,0
2020-09-16,08,80095998,国信期货,199,-28,0,0
2020-09-16,09,80108051,徽商期货,193,21,101,-5
2020-09-16,10,80058162,华安期货,173,-70,83,-119
2020-09-16,11,80103744,光大期货,160,-2,0,0
2020-09-16,12,80101065,国泰期货,157,15,0,0
2020-09-16,13,80103797,银河期货,142,46,0,0
2020-09-16,14,80066668,方正中期期货,136,3,0,0
2020-09-16,15,80104009,大越期货,111,15,0,0
2020-09-16,16,80045628,东华期货,105,0,0,0
2020-09-16,17,80108178,金鹏期货,103,40,0,0
2020-09-16,18,80108195,上海中期,98,-6,0,0
2020-09-16,19,80108379,安粮期货,97,20,0,0
2020-09-16,20,80052362,广发期货,94,9,126,-12
2020-09-18,01,80052272,金汇期货,1301,-469,0,0
2020-09-18,02,80050220,中信期货,865,36,121,-36
2020-09-18,03,80055521,华泰期货,825,193,448,-206
2020-09-18,04,80102901,永安期货,744,42,1087,356
2020-09-18,05,80101066,东吴期货,616,3,574,54
2020-09-18,06,80058162,华安期货,557,406,589,546
2020-09-18,07,80098329,中粮期货,323,10,0,0
2020-09-18,08,80039956,金瑞期货,296,290,0,0
2020-09-18,09,80055436,大有期货,245,230,1068,214
2020-09-18,10,80102903,鲁证期货,238,228,1103,-149
2020-09-18,11,80103797,银河期货,237,106,0,0
2020-09-18,12,80108179,长安期货,209,-10,0,0
2020-09-18,13,80091157,浙商期货,205,138,180,161
2020-09-18,14,80108177,国富期货,195,163,0,0
2020-09-18,15,80108051,徽商期货,189,-4,134,36
2020-09-18,16,80104005,华融融达期货,172,167,0,0
2020-09-18,17,80066668,方正中期期货,165,26,0,0
2020-09-18,18,80108390,京都期货,155,55,0,0
2020-09-18,19,80095998,国信期货,146,-57,0,0
2020-09-18,20,80098340,中信建投期货,142,-8,0,0
2020-09-21,01,80052272,金汇期货,3022,1721,0,0
2020-09-21,02,80055521,华泰期货,901,76,479,31
2020-09-21,03,80050220,中信期货,897,32,118,-3
2020-09-21,04,80102901,永安期货,730,-14,1085,-2
2020-09-21,05,80101066,东吴期货,616,0,565,-9
2020-09-21,06,80058162,华安期货,368,-189,1093,504
2020-09-21,07,80039956,金瑞期货,329,33,0,0
2020-09-21,08,80098329,中粮期货,304,-19,0,0
2020-09-21,09,80102903,鲁证期货,272,34,1011,-92
2020-09-21,10,80091157,浙商期货,239,34,358,178
2020-09-21,11,80095998,国信期货,194,48,0,0
2020-09-21,12,80108087,西南期货,189,49,0,0
2020-09-21,13,80108390,京都期货,160,5,0,0
2020-09-21,14,80101065,国泰期货,153,12,0,0
2020-09-21,15,80066668,方正中期期货,152,-13,0,0
2020-09-21,16,80107033,广金期货,151,151,0,0
2020-09-21,17,80103744,光大期货,143,1,0,0
2020-09-21,18,80108051,徽商期货,138,-51,135,1
2020-09-21,19,80074415,锦泰期货,135,23,0,0
2020-09-21,20,80098340,中信建投期货,132,-10,0,0
2020-09-22,01,80052272,金汇期货,3933,911,0,0
2020-09-22,02,80050220,中信期货,820,-77,157,39
2020-09-22,03,80102901,永安期货,649,-81,191,-894
2020-09-22,04,80055521,华泰期货,639,-262,661,182
2020-09-22,05,80101066,东吴期货,527,-89,554,-11
2020-09-22,06,80095998,国信期货,489,295,0,0
2020-09-22,07,80058162,华安期货,394,26,2248,1155
2020-09-22,08,80098329,中粮期货,333,29,0,0
2020-09-22,09,80102927,国联期货,316,212,0,0
2020-09-22,10,80108203,中原期货,290,290,340,0
2020-09-22,11,80108087,西南期货,258,69,0,0
2020-09-22,12,80091157,浙商期货,247,8,164,-194
2020-09-22,13,80107033,广金期货,201,50,0,0
2020-09-22,14,80101065,国泰期货,163,10,0,0
2020-09-22,15,80066668,方正中期期货,158,6,0,0
2020-09-22,16,80103744,光大期货,151,8,0,0
2020-09-22,17,10000034,国投资本,150,30,0,0
2020-09-22,18,80074415,锦泰期货,147,12,0,0
2020-09-22,19,80108178,金鹏期货,107,0,0,0
2020-09-22,20,80061244,宏源期货,105,1,638,-4
2020-09-23,01,80052272,金汇期货,3932,-1,0,0
2020-09-23,02,80050220,中信期货,851,31,141,-16
2020-09-23,03,80102901,永安期货,604,-45,190,-1
2020-09-23,04,80095998,国信期货,602,113,0,0
2020-09-23,05,80055521,华泰期货,534,-105,585,-76
2020-09-23,06,80101066,东吴期货,527,0,535,-19
2020-09-23,07,80098329,中粮期货,335,2,0,0
2020-09-23,08,80058162,华安期货,324,-70,2266,18
2020-09-23,09,80102927,国联期货,320,4,0,0
2020-09-23,10,80091157,浙商期货,275,28,180,16
2020-09-23,11,80108203,中原期货,270,-20,340,0
2020-09-23,12,80108087,西南期货,258,0,0,0
2020-09-23,13,80107033,广金期货,211,10,0,0
2020-09-23,14,80101065,国泰期货,175,12,0,0
2020-09-23,15,10000034,国投资本,174,24,0,0
2020-09-23,16,80108379,安粮期货,159,113,0,0
2020-09-23,17,80066668,方正中期期货,158,0,0,0
2020-09-23,18,80074415,锦泰期货,145,-2,0,0
2020-09-23,19,80108178,金鹏期货,107,0,0,0
2020-09-23,20,80061244,宏源期货,106,1,637,-1
2020-09-24,01,80052272,金汇期货,3927,-5,0,0
2020-09-24,02,80055521,华泰期货,928,394,373,-212
2020-09-24,03,80050220,中信期货,883,32,123,-18
2020-09-24,04,80102901,永安期货,609,5,532,342
2020-09-24,05,80095998,国信期货,580,-22,0,0
2020-09-24,06,80101066,东吴期货,532,5,574,39
2020-09-24,07,80039956,金瑞期货,353,331,0,0
2020-09-24,08,80058162,华安期货,323,-1,2785,519
2020-09-24,09,80102927,国联期货,317,-3,0,0
2020-09-24,10,80102903,鲁证期货,309,294,1010,-210
2020-09-24,11,80091157,浙商期货,270,-5,123,-57
2020-09-24,12,80108087,西南期货,270,12,0,0
2020-09-24,13,80098329,中粮期货,255,-80,306,303
2020-09-24,14,80107033,广金期货,201,-10,0,0
2020-09-24,15,10000034,国投资本,179,5,0,0
2020-09-24,16,80101065,国泰期货,170,-5,0,0
2020-09-24,17,80066668,方正中期期货,161,3,0,0
2020-09-24,18,80074415,锦泰期货,145,0,0,0
2020-09-24,19,80108379,安粮期货,137,-22,0,0
2020-09-24,20,80004835,申银万国期货,107,19,0,0
2020-09-25,01,80052272,金汇期货,3927,0,0,0
2020-09-25,02,80055521,华泰期货,919,-9,349,-24
2020-09-25,03,80050220,中信期货,830,-53,0,0
2020-09-25,04,80102901,永安期货,598,-11,381,-151
2020-09-25,05,80095998,国信期货,584,4,0,0
2020-09-25,06,80101066,东吴期货,532,0,556,-18
2020-09-25,07,80102927,国联期货,320,3,0,0
2020-09-25,08,80058162,华安期货,298,-25,2382,-403
2020-09-25,09,80039956,金瑞期货,278,-75,0,0
2020-09-25,10,80108087,西南期货,268,-2,0,0
2020-09-25,11,80091157,浙商期货,261,-9,137,14
2020-09-25,12,80098329,中粮期货,255,0,308,2
2020-09-25,13,80102903,鲁证期货,226,-83,1009,-1
2020-09-25,14,80107033,广金期货,201,0,0,0
2020-09-25,15,80108224,东证期货,186,94,0,0
2020-09-25,16,10000034,国投资本,181,2,0,0
2020-09-25,17,80066668,方正中期期货,165,4,0,0
2020-09-25,18,80101065,国泰期货,156,-14,0,0
2020-09-25,19,80074415,锦泰期货,145,0,0,0
2020-09-25,20,80108379,安粮期货,137,0,0,0
2020-09-28,01,80052272,金汇期货,3927,0,0,0
2020-09-28,02,80050220,中信期货,860,30,120,-1
2020-09-28,03,80055521,华泰期货,857,-62,345,-4
2020-09-28,04,80102901,永安期货,603,5,186,-195
2020-09-28,05,80095998,国信期货,580,-4,0,0
2020-09-28,06,80101066,东吴期货,533,1,524,-32
2020-09-28,07,80102927,国联期货,318,-2,0,0
2020-09-28,08,80091157,浙商期货,282,21,0,0
2020-09-28,09,80098329,中粮期货,281,26,305,-3
2020-09-28,10,80108087,西南期货,263,-5,0,0
2020-09-28,11,80101065,国泰期货,260,104,0,0
2020-09-28,12,80058162,华安期货,247,-51,2379,-3
2020-09-28,13,80039956,金瑞期货,239,-39,0,0
2020-09-28,14,80108379,安粮期货,220,83,0,0
2020-09-28,15,10000034,国投资本,217,36,0,0
2020-09-28,16,80107033,广金期货,201,0,0,0
2020-09-28,17,80102903,鲁证期货,200,-26,1004,-5
2020-09-28,18,80108224,东证期货,184,-2,0,0
2020-09-28,19,80066668,方正中期期货,162,-3,0,0
2020-09-28,20,80074415,锦泰期货,145,0,0,0
2020-09-29,01,80052272,金汇期货,3927,0,0,0
2020-09-29,02,80102901,永安期货,2029,1426,210,24
2020-09-29,03,80095998,国信期货,894,314,0,0
2020-09-29,04,80050220,中信期货,731,-129,0,0
2020-09-29,05,80101066,东吴期货,508,-25,652,128
2020-09-29,06,80101065,国泰期货,464,204,0,0
2020-09-29,07,80098329,中粮期货,383,102,303,-2
2020-09-29,08,80102904,一德期货,348,214,1346,214
2020-09-29,09,80055521,华泰期货,329,-528,0,0
2020-09-29,10,80108379,安粮期货,294,74,0,0
2020-09-29,11,80102927,国联期货,274,-44,0,0
2020-09-29,12,80080089,南华期货,267,239,212,3
2020-09-29,13,80108178,金鹏期货,253,146,0,0
2020-09-29,14,80061244,宏源期货,250,190,634,-17
2020-09-29,15,80108087,西南期货,248,-15,0,0
2020-09-29,16,80091157,浙商期货,239,-43,135,67
2020-09-29,17,10000034,国投资本,233,16,0,0
2020-09-29,18,80107033,广金期货,203,2,0,0
2020-09-29,19,80108192,华联期货,200,200,0,0
2020-09-29,20,80058162,华安期货,195,-52,2575,196
2020-09-30,01,80052272,金汇期货,3927,0,0,0
2020-09-30,02,80102901,永安期货,2277,248,208,-2
2020-09-30,03,80095998,国信期货,943,49,0,0
2020-09-30,04,80050220,中信期货,742,11,223,133
2020-09-30,05,80101066,东吴期货,510,2,642,-10
2020-09-30,06,80102904,一德期货,467,119,1356,10
2020-09-30,07,80101065,国泰期货,444,-20,0,0
2020-09-30,08,80098329,中粮期货,386,3,301,-2
2020-09-30,09,80108192,华联期货,300,100,0,0
2020-09-30,10,80091157,浙商期货,296,57,132,-3
2020-09-30,11,80055521,华泰期货,293,-36,0,0
2020-09-30,12,80108379,安粮期货,290,-4,0,0
2020-09-30,13,10000034,国投资本,287,54,0,0
2020-09-30,14,80080089,南华期货,257,-10,212,0
2020-09-30,15,80108178,金鹏期货,256,3,0,0
2020-09-30,16,80061244,宏源期货,253,3,550,-84
2020-09-30,17,80108087,西南期货,234,-14,0,0
2020-09-30,18,80107033,广金期货,202,-1,0,0
2020-09-30,19,80108224,东证期货,177,1,0,0
2020-09-30,20,80058162,华安期货,169,-26,1257,-1318
