2020-06-29,01,10000034,国投资本,6092,185,2108,351
2020-06-29,02,80107993,信达期货,5194,-4,0,0
2020-06-29,03,80050220,中信期货,4048,112,804,-93
2020-06-29,04,80108224,东证期货,2318,57,0,0
2020-06-29,05,80101065,国泰期货,2254,-1438,2718,-156
2020-06-29,06,80103744,光大期货,2126,38,729,11
2020-06-29,07,80066675,首创期货,1933,-40,1061,97
2020-06-29,08,80098329,中粮期货,1769,146,972,2
2020-06-29,09,80102904,一德期货,1718,-1958,2226,-98
2020-06-29,10,80075388,中财期货,1363,267,0,0
2020-06-29,11,80103802,兴证期货,1041,1,0,0
2020-06-29,12,80102901,永安期货,938,-406,10933,808
2020-06-29,13,80080089,南华期货,936,569,2317,212
2020-06-29,14,80103804,瑞达期货,936,492,0,0
2020-06-29,15,80055516,五矿经易期货,917,-55,0,0
2020-06-29,16,80096453,中国国际期货,878,5,0,0
2020-06-29,17,80030099,新湖期货,873,209,0,0
2020-06-29,18,80102927,国联期货,722,186,0,0
2020-06-29,19,80055521,华泰期货,720,12,1004,-186
2020-06-29,20,80101066,东吴期货,656,152,602,-77
2020-06-30,01,10000034,国投资本,5757,-335,2230,122
2020-06-30,02,80107993,信达期货,5215,21,0,0
2020-06-30,03,80050220,中信期货,3980,-68,787,-17
2020-06-30,04,80108224,东证期货,2295,-23,0,0
2020-06-30,05,80103744,光大期货,2103,-23,736,7
2020-06-30,06,80102901,永安期货,1882,944,10776,-157
2020-06-30,07,80066675,首创期货,1788,-145,1045,-16
2020-06-30,08,80098329,中粮期货,1651,-118,870,-102
2020-06-30,09,80103802,兴证期货,1631,590,0,0
2020-06-30,10,80075388,中财期货,1230,-133,0,0
2020-06-30,11,80101065,国泰期货,1228,-1026,2698,-20
2020-06-30,12,80055516,五矿经易期货,1049,132,0,0
2020-06-30,13,80080089,南华期货,1036,100,2326,9
2020-06-30,14,80103804,瑞达期货,927,-9,0,0
2020-06-30,15,80096453,中国国际期货,893,15,0,0
2020-06-30,16,80030099,新湖期货,853,-20,0,0
2020-06-30,17,80102904,一德期货,831,-887,2217,-9
2020-06-30,18,80019274,美尔雅期货,830,362,0,0
2020-06-30,19,80108379,安粮期货,828,221,0,0
2020-06-30,20,80107033,广金期货,807,332,0,0
