2020-06-29,01,80098329,中粮期货,3564,223,15386,1793
2020-06-29,02,80103802,兴证期货,0,0,6447,0
2020-06-29,03,80050220,中信期货,0,0,3895,-29
2020-06-29,04,80066674,摩根大通期货,800,0,2588,0
2020-06-29,05,80066669,国投安信期货,1703,915,2566,9
2020-06-29,06,80108379,安粮期货,0,0,2481,568
2020-06-29,07,80108375,国海良时期货,0,0,1371,-1
2020-06-29,08,80052362,广发期货,0,0,1354,10
2020-06-29,09,80102904,一德期货,3643,-186,1252,75
2020-06-29,10,80044916,弘业期货,0,0,822,88
2020-06-29,11,80107846,国盛期货,0,0,763,81
2020-06-29,12,80030099,新湖期货,0,0,533,-2
2020-06-29,13,80103804,瑞达期货,0,0,523,-12
2020-06-29,14,80103797,银河期货,3958,527,478,-1
2020-06-29,15,80102901,永安期货,3003,201,444,12
2020-06-29,16,80980919,先锋期货,0,0,377,-9
2020-06-29,17,80102927,国联期货,0,0,266,9
2020-06-29,18,80004835,申银万国期货,2713,-4,227,-2
2020-06-29,19,80098340,中信建投期货,0,0,202,-15
2020-06-29,20,80108203,中原期货,0,0,182,2
2020-06-30,01,80098329,中粮期货,3339,-225,15982,596
2020-06-30,02,80103802,兴证期货,0,0,6448,1
2020-06-30,03,80050220,中信期货,0,0,4036,141
2020-06-30,04,80066669,国投安信期货,1797,94,3328,762
2020-06-30,05,80108379,安粮期货,0,0,2595,114
2020-06-30,06,80066674,摩根大通期货,800,0,2588,0
2020-06-30,07,80108375,国海良时期货,0,0,1412,41
2020-06-30,08,80052362,广发期货,0,0,1338,-16
2020-06-30,09,80102904,一德期货,3857,214,1200,-52
2020-06-30,10,80107846,国盛期货,0,0,723,-40
2020-06-30,11,80980919,先锋期货,0,0,625,248
2020-06-30,12,80044916,弘业期货,0,0,614,-208
2020-06-30,13,80030099,新湖期货,0,0,534,1
2020-06-30,14,80103804,瑞达期货,0,0,520,-3
2020-06-30,15,80098340,中信建投期货,0,0,510,308
2020-06-30,16,80103797,银河期货,4000,42,459,-19
2020-06-30,17,80102901,永安期货,3131,128,448,4
2020-06-30,18,80108224,东证期货,0,0,288,197
2020-06-30,19,80004835,申银万国期货,2718,5,276,49
2020-06-30,20,80102927,国联期货,0,0,266,0
