2020-06-29,01,80103797,银河期货,3958,527,478,-1
2020-06-29,02,80102904,一德期货,3643,-186,1252,75
2020-06-29,03,80098329,中粮期货,3564,223,15386,1793
2020-06-29,04,80102901,永安期货,3003,201,444,12
2020-06-29,05,80004835,申银万国期货,2713,-4,227,-2
2020-06-29,06,80101049,建信期货,2397,-7,0,0
2020-06-29,07,80108177,国富期货,2147,69,0,0
2020-06-29,08,80108377,西部期货,1850,866,0,0
2020-06-29,09,80066669,国投安信期货,1703,915,2566,9
2020-06-29,10,80101065,国泰期货,1280,315,0,0
2020-06-29,11,80055516,五矿经易期货,1174,92,0,0
2020-06-29,12,80055521,华泰期货,994,95,0,0
2020-06-29,13,80103744,光大期货,945,-443,0,0
2020-06-29,14,80058162,华安期货,847,-203,0,0
2020-06-29,15,80066674,摩根大通期货,800,0,2588,0
2020-06-29,16,80103644,中辉期货,673,-8,0,0
2020-06-29,17,80107733,红塔期货,647,-107,0,0
2020-06-29,18,80061244,宏源期货,634,71,0,0
2020-06-29,19,80069367,格林期货,621,103,0,0
2020-06-29,20,80108179,长安期货,567,-49,0,0
2020-06-30,01,80103797,银河期货,4000,42,459,-19
2020-06-30,02,80102904,一德期货,3857,214,1200,-52
2020-06-30,03,80098329,中粮期货,3339,-225,15982,596
2020-06-30,04,80102901,永安期货,3131,128,448,4
2020-06-30,05,80108177,国富期货,2830,683,0,0
2020-06-30,06,80004835,申银万国期货,2718,5,276,49
2020-06-30,07,80101049,建信期货,2409,12,0,0
2020-06-30,08,80108377,西部期货,1859,9,0,0
2020-06-30,09,80066669,国投安信期货,1797,94,3328,762
2020-06-30,10,80101065,国泰期货,1574,294,0,0
2020-06-30,11,80055516,五矿经易期货,1101,-73,0,0
2020-06-30,12,80107733,红塔期货,1034,387,0,0
2020-06-30,13,80103744,光大期货,986,41,0,0
2020-06-30,14,80058162,华安期货,856,9,0,0
2020-06-30,15,80066674,摩根大通期货,800,0,2588,0
2020-06-30,16,80055521,华泰期货,780,-214,0,0
2020-06-30,17,80069367,格林期货,628,7,0,0
2020-06-30,18,80108179,长安期货,626,59,0,0
2020-06-30,19,80061244,宏源期货,618,-16,0,0
2020-06-30,20,80103644,中辉期货,570,-103,0,0
