2020-06-29,01,80098329,中粮期货,144,26,5301,538
2020-06-29,02,80052362,广发期货,0,0,2281,-1
2020-06-29,03,80050220,中信期货,0,0,2166,106
2020-06-29,04,80103802,兴证期货,1011,1004,1093,994
2020-06-29,05,80071840,海通期货,0,0,831,3
2020-06-29,06,80103797,银河期货,0,0,694,-11
2020-06-29,07,80010572,平安期货,0,0,494,-1
2020-06-29,08,10000034,国投资本,429,58,480,-13
2020-06-29,09,80108224,东证期货,1685,5,314,0
2020-06-29,10,80095998,国信期货,0,0,300,0
2020-06-29,11,80044916,弘业期货,0,0,102,0
2020-06-29,12,80108203,中原期货,0,0,50,0
2020-06-29,13,80108379,安粮期货,656,174,45,-16
2020-06-29,14,80108218,招金期货,0,0,38,37
2020-06-29,15,80080089,南华期货,0,0,33,0
2020-06-29,16,80108051,徽商期货,145,29,31,-17
2020-06-29,17,80075388,中财期货,3005,5,30,0
2020-06-29,18,80066674,摩根大通期货,0,0,30,0
2020-06-29,19,80102901,永安期货,358,19,29,5
2020-06-29,20,80058848,华闻期货,0,0,25,1
2020-06-30,01,80098329,中粮期货,144,0,5301,0
2020-06-30,02,80052362,广发期货,0,0,2281,0
2020-06-30,03,80050220,中信期货,0,0,2118,-48
2020-06-30,04,80010572,平安期货,0,0,1656,1162
2020-06-30,05,80103802,兴证期货,1518,507,1577,484
2020-06-30,06,80071840,海通期货,0,0,1034,203
2020-06-30,07,80103797,银河期货,119,36,685,-9
2020-06-30,08,80102901,永安期货,422,64,529,500
2020-06-30,09,10000034,国投资本,499,70,482,2
2020-06-30,10,80108224,东证期货,1189,-496,307,-7
2020-06-30,11,80095998,国信期货,0,0,300,0
2020-06-30,12,80044916,弘业期货,0,0,102,0
2020-06-30,13,80080089,南华期货,0,0,33,0
2020-06-30,14,80108051,徽商期货,157,12,31,0
2020-06-30,15,80066674,摩根大通期货,0,0,30,0
2020-06-30,16,80066668,方正中期期货,0,0,20,2
2020-06-30,17,80096453,中国国际期货,0,0,11,0
2020-06-30,18,80108379,安粮期货,731,75,11,-34
2020-06-30,19,80030099,新湖期货,0,0,10,-9
2020-06-30,20,80066667,良运期货,0,0,10,0
