2020-11-02,01,80102904,一德期货,38115,-4098,7831,-833
2020-11-02,02,80055516,五矿经易期货,37386,4852,4663,73
2020-11-02,03,80102901,永安期货,35868,-1404,15353,97
2020-11-02,04,80103797,银河期货,24015,779,18824,2241
2020-11-02,05,80091157,浙商期货,23534,273,4764,101
2020-11-02,06,80104009,大越期货,18142,1406,0,0
2020-11-02,07,80052362,广发期货,16930,254,26091,4625
2020-11-02,08,80101065,国泰期货,16236,612,36568,3351
2020-11-02,09,10000034,国投资本,14864,60,59599,-2997
2020-11-02,10,80104015,大地期货,14056,-37,0,0
2020-11-02,11,80373309,天风期货,13789,-85,0,0
2020-11-02,12,80055521,华泰期货,12332,-562,0,0
2020-11-02,13,80050220,中信期货,12103,-1925,27587,722
2020-11-02,14,80080089,南华期货,12088,-940,5946,183
2020-11-02,15,80108224,东证期货,11317,-3124,7288,-684
2020-11-02,16,80098329,中粮期货,10669,1294,111578,-4475
2020-11-02,17,80071840,海通期货,9122,1,12614,1942
2020-11-02,18,80108653,海证期货,9108,315,0,0
2020-11-02,19,80108177,国富期货,8160,23,0,0
2020-11-02,20,80108070,东兴期货,7941,9,0,0
2020-11-03,01,80102901,永安期货,45746,9878,15804,451
2020-11-03,02,80055516,五矿经易期货,32262,-5124,4986,323
2020-11-03,03,80102904,一德期货,27749,-10366,8787,956
2020-11-03,04,80101065,国泰期货,23887,7651,34094,-2474
2020-11-03,05,80091157,浙商期货,21925,-1609,5303,539
2020-11-03,06,80103797,银河期货,20278,-3737,19893,1069
2020-11-03,07,80052362,广发期货,17974,1044,27717,1626
2020-11-03,08,80104009,大越期货,16878,-1264,0,0
2020-11-03,09,80108224,东证期货,16715,5398,0,0
2020-11-03,10,80055521,华泰期货,16583,4251,0,0
2020-11-03,11,80071840,海通期货,16255,7133,11398,-1216
2020-11-03,12,80373309,天风期货,15181,1392,0,0
2020-11-03,13,10000034,国投资本,14286,-578,61898,2299
2020-11-03,14,80050220,中信期货,14278,2175,26195,-1392
2020-11-03,15,80104015,大地期货,14171,115,0,0
2020-11-03,16,80080089,南华期货,12702,614,5934,-12
2020-11-03,17,80108653,海证期货,9812,704,0,0
2020-11-03,18,80019274,美尔雅期货,9272,2691,0,0
2020-11-03,19,80108177,国富期货,8786,626,0,0
2020-11-03,20,80066675,首创期货,7947,1567,0,0
2020-11-04,01,80102901,永安期货,39862,-5884,15975,171
2020-11-04,02,80102904,一德期货,30836,3087,8696,-91
2020-11-04,03,80055516,五矿经易期货,28323,-3939,0,0
2020-11-04,04,80103797,银河期货,26100,5822,19976,83
2020-11-04,05,80101065,国泰期货,25655,1768,33977,-117
2020-11-04,06,80091157,浙商期货,21101,-824,5719,416
2020-11-04,07,80052362,广发期货,17926,-48,28513,796
2020-11-04,08,80055521,华泰期货,17193,610,0,0
2020-11-04,09,80104009,大越期货,17084,206,0,0
2020-11-04,10,80050220,中信期货,15830,1552,26118,-77
2020-11-04,11,80071840,海通期货,15805,-450,11843,445
2020-11-04,12,80108224,东证期货,15715,-1000,4991,15
2020-11-04,13,80373309,天风期货,15433,252,0,0
2020-11-04,14,80104015,大地期货,14486,315,0,0
2020-11-04,15,10000034,国投资本,13283,-1003,70720,8822
2020-11-04,16,80080089,南华期货,12830,128,5768,-166
2020-11-04,17,80019274,美尔雅期货,9982,710,4709,-30
2020-11-04,18,80108653,海证期货,9452,-360,0,0
2020-11-04,19,80108177,国富期货,8965,179,0,0
2020-11-04,20,80108070,东兴期货,8048,116,0,0
2020-11-05,01,80102901,永安期货,33879,-5983,14855,-1120
2020-11-05,02,80102904,一德期货,32198,1362,8067,-629
2020-11-05,03,80103797,银河期货,29004,2904,20604,628
2020-11-05,04,80055516,五矿经易期货,26952,-1371,0,0
2020-11-05,05,80101065,国泰期货,24074,-1581,32827,-1150
2020-11-05,06,80104009,大越期货,19868,2784,0,0
2020-11-05,07,80091157,浙商期货,17718,-3383,6085,366
2020-11-05,08,80052362,广发期货,17523,-403,28294,-219
2020-11-05,09,80055521,华泰期货,16961,-232,0,0
2020-11-05,10,80050220,中信期货,16425,595,27173,1055
2020-11-05,11,10000034,国投资本,15406,2123,70217,-503
2020-11-05,12,80373309,天风期货,15394,-39,0,0
2020-11-05,13,80104015,大地期货,14437,-49,0,0
2020-11-05,14,80108224,东证期货,12886,-2829,0,0
2020-11-05,15,80080089,南华期货,12738,-92,5558,-210
2020-11-05,16,80071840,海通期货,12670,-3135,12052,209
2020-11-05,17,80108177,国富期货,12081,3116,0,0
2020-11-05,18,80019274,美尔雅期货,9231,-751,4592,-117
2020-11-05,19,80108653,海证期货,8728,-724,0,0
2020-11-05,20,80102903,鲁证期货,8338,384,7786,-318
2020-11-06,01,80102904,一德期货,33862,1664,9822,1755
2020-11-06,02,80102901,永安期货,31039,-2840,16017,1162
2020-11-06,03,80103797,银河期货,30603,1599,22545,1941
2020-11-06,04,80101065,国泰期货,24762,688,32901,74
2020-11-06,05,80055516,五矿经易期货,23333,-3619,0,0
2020-11-06,06,80071840,海通期货,20283,7613,11124,-928
2020-11-06,07,80091157,浙商期货,18556,838,6805,720
2020-11-06,08,80055521,华泰期货,17088,127,0,0
2020-11-06,09,80050220,中信期货,16960,535,26663,-510
2020-11-06,10,80052362,广发期货,16874,-649,28381,87
2020-11-06,11,80373309,天风期货,15722,328,0,0
2020-11-06,12,80104009,大越期货,14873,-4995,0,0
2020-11-06,13,80104015,大地期货,13995,-442,0,0
2020-11-06,14,10000034,国投资本,13952,-1454,71348,1131
2020-11-06,15,80108224,东证期货,13287,401,0,0
2020-11-06,16,80080089,南华期货,12536,-202,5338,-220
2020-11-06,17,80108177,国富期货,12128,47,0,0
2020-11-06,18,80019274,美尔雅期货,11210,1979,0,0
2020-11-06,19,80108653,海证期货,8958,230,0,0
2020-11-06,20,80004835,申银万国期货,8838,1530,0,0
2020-11-09,01,80102904,一德期货,40936,7074,8058,-1764
2020-11-09,02,80103797,银河期货,29025,-1578,18969,-3576
2020-11-09,03,80102901,永安期货,26199,-4840,14573,-1444
2020-11-09,04,80101065,国泰期货,26157,1395,32096,-805
2020-11-09,05,80108177,国富期货,18951,6823,0,0
2020-11-09,06,80071840,海通期货,17739,-2544,12050,926
2020-11-09,07,80091157,浙商期货,16676,-1880,6837,32
2020-11-09,08,80052362,广发期货,16371,-503,28198,-183
2020-11-09,09,80104015,大地期货,13808,-187,0,0
2020-11-09,10,80373309,天风期货,13533,-2189,0,0
2020-11-09,11,80055521,华泰期货,13352,-3736,0,0
2020-11-09,12,80108224,东证期货,13259,-28,6289,1616
2020-11-09,13,80050220,中信期货,13030,-3930,25297,-1366
2020-11-09,14,10000034,国投资本,12487,-1465,66568,-4780
2020-11-09,15,80104009,大越期货,11949,-2924,0,0
2020-11-09,16,80080089,南华期货,11935,-601,5083,-255
2020-11-09,17,80055516,五矿经易期货,11008,-12325,0,0
2020-11-09,18,80019274,美尔雅期货,8990,-2220,0,0
2020-11-09,19,80108653,海证期货,8976,18,0,0
2020-11-09,20,80108070,东兴期货,8868,626,0,0
2020-11-10,01,80102904,一德期货,45667,4731,6903,-1155
2020-11-10,02,80103797,银河期货,27906,-1119,18264,-705
2020-11-10,03,80101065,国泰期货,25894,-263,30430,-1666
2020-11-10,04,80102901,永安期货,24406,-1793,13641,-932
2020-11-10,05,80108177,国富期货,20107,1156,0,0
2020-11-10,06,80071840,海通期货,16922,-817,11628,-422
2020-11-10,07,80052362,广发期货,16092,-279,29220,1022
2020-11-10,08,80091157,浙商期货,15933,-743,6762,-75
2020-11-10,09,80055521,华泰期货,14881,1529,0,0
2020-11-10,10,10000034,国投资本,14204,1717,65143,-1425
2020-11-10,11,80104015,大地期货,13574,-234,0,0
2020-11-10,12,80050220,中信期货,12933,-97,24438,-859
2020-11-10,13,80080089,南华期货,12711,776,5037,-46
2020-11-10,14,80104009,大越期货,11978,29,0,0
2020-11-10,15,80108224,东证期货,11849,-1410,4883,-1406
2020-11-10,16,80373309,天风期货,11786,-1747,0,0
2020-11-10,17,80058162,华安期货,9237,1739,0,0
2020-11-10,18,80055516,五矿经易期货,8955,-2053,0,0
2020-11-10,19,80108070,东兴期货,8853,-15,0,0
2020-11-10,20,80066675,首创期货,8698,2696,0,0
2020-11-11,01,80102904,一德期货,41185,-4482,6757,-146
2020-11-11,02,80103797,银河期货,28433,527,22871,4607
2020-11-11,03,80101065,国泰期货,25879,-15,30767,337
2020-11-11,04,80102901,永安期货,25144,738,13719,78
2020-11-11,05,80071840,海通期货,20297,3375,10762,-866
2020-11-11,06,80108177,国富期货,17295,-2812,0,0
2020-11-11,07,80052362,广发期货,16281,189,22184,-7036
2020-11-11,08,80108224,东证期货,16028,4179,0,0
2020-11-11,09,10000034,国投资本,15978,1774,64655,-488
2020-11-11,10,80091157,浙商期货,15454,-479,6918,156
2020-11-11,11,80055521,华泰期货,15361,480,0,0
2020-11-11,12,80050220,中信期货,13453,520,25731,1293
2020-11-11,13,80080089,南华期货,13209,498,5511,474
2020-11-11,14,80104009,大越期货,12136,158,0,0
2020-11-11,15,80373309,天风期货,11452,-334,0,0
2020-11-11,16,80019274,美尔雅期货,10575,2447,4690,261
2020-11-11,17,80104015,大地期货,9624,-3950,0,0
2020-11-11,18,80108070,东兴期货,8648,-205,0,0
2020-11-11,19,80055516,五矿经易期货,8577,-378,0,0
2020-11-11,20,80102903,鲁证期货,8321,433,7901,904
2020-11-12,01,80102904,一德期货,38681,-2504,6800,43
2020-11-12,02,80102901,永安期货,29606,4462,12391,-1328
2020-11-12,03,80103797,银河期货,28786,353,23438,567
2020-11-12,04,80101065,国泰期货,22778,-3101,30946,179
2020-11-12,05,80052362,广发期货,16210,-71,18324,-3860
2020-11-12,06,10000034,国投资本,15573,-405,63083,-1572
2020-11-12,07,80108177,国富期货,15491,-1804,0,0
2020-11-12,08,80071840,海通期货,15221,-5076,11286,524
2020-11-12,09,80091157,浙商期货,15149,-305,6582,-336
2020-11-12,10,80055521,华泰期货,14658,-703,0,0
2020-11-12,11,80108224,东证期货,14535,-1493,7222,3743
2020-11-12,12,80050220,中信期货,12736,-717,25065,-666
2020-11-12,13,80080089,南华期货,12256,-953,5259,-252
2020-11-12,14,80104009,大越期货,12052,-84,0,0
2020-11-12,15,80098329,中粮期货,11540,4115,111575,-2576
2020-11-12,16,80373309,天风期货,11472,20,0,0
2020-11-12,17,80108070,东兴期货,8825,177,0,0
2020-11-12,18,80108653,海证期货,8732,702,0,0
2020-11-12,19,80104015,大地期货,8639,-985,0,0
2020-11-12,20,80055516,五矿经易期货,8591,14,0,0
2020-11-16,01,80103797,银河期货,31474,1543,25944,338
2020-11-16,02,80102904,一德期货,30149,-2415,7736,438
2020-11-16,03,80102901,永安期货,26721,-2969,15636,936
2020-11-16,04,80071840,海通期货,24433,6108,12115,2577
2020-11-16,05,80101065,国泰期货,22459,-571,31647,111
2020-11-16,06,80108224,东证期货,18868,2325,8900,902
2020-11-16,07,80052362,广发期货,17366,605,18781,352
2020-11-16,08,80091157,浙商期货,16937,2716,8311,1333
2020-11-16,09,80055521,华泰期货,16670,1667,0,0
2020-11-16,10,80108177,国富期货,15827,-241,0,0
2020-11-16,11,80098329,中粮期货,15619,1940,112276,2178
2020-11-16,12,10000034,国投资本,14864,400,60559,-172
2020-11-16,13,80050220,中信期货,13636,758,27411,2757
2020-11-16,14,80080089,南华期货,12942,83,5544,252
2020-11-16,15,80104009,大越期货,12500,-1154,0,0
2020-11-16,16,80373309,天风期货,12036,309,0,0
2020-11-16,17,80102903,鲁证期货,10169,1202,7097,22
2020-11-16,18,80019274,美尔雅期货,10112,2033,0,0
2020-11-16,19,80108653,海证期货,9571,577,0,0
2020-11-16,20,80055516,五矿经易期货,9027,126,0,0
2020-11-17,01,80102904,一德期货,32974,2825,6915,-821
2020-11-17,02,80103797,银河期货,30594,-880,25423,-521
2020-11-17,03,80102901,永安期货,25980,-741,15273,-363
2020-11-17,04,80101065,国泰期货,20965,-1494,31853,206
2020-11-17,05,80071840,海通期货,20283,-4150,13118,1003
2020-11-17,06,80055521,华泰期货,18182,1512,0,0
2020-11-17,07,80108224,东证期货,17717,-1151,8273,-627
2020-11-17,08,80108177,国富期货,17681,1854,0,0
2020-11-17,09,80052362,广发期货,17316,-50,24185,5404
2020-11-17,10,80091157,浙商期货,16353,-584,8580,269
2020-11-17,11,80050220,中信期货,14713,1077,26126,-1285
2020-11-17,12,80098329,中粮期货,13939,-1680,111493,-783
2020-11-17,13,80080089,南华期货,13421,479,0,0
2020-11-17,14,10000034,国投资本,12940,-1924,59432,-1127
2020-11-17,15,80373309,天风期货,12466,430,0,0
2020-11-17,16,80104009,大越期货,12352,-148,0,0
2020-11-17,17,80102903,鲁证期货,10521,352,7048,-49
2020-11-17,18,80108653,海证期货,10365,794,0,0
2020-11-17,19,80019274,美尔雅期货,9980,-132,0,0
2020-11-17,20,80108070,东兴期货,8876,53,0,0
2020-11-18,01,80102904,一德期货,36314,3340,6070,-845
2020-11-18,02,80103797,银河期货,29128,-1466,19752,-5671
2020-11-18,03,80102901,永安期货,23419,-2561,14990,-283
2020-11-18,04,80101065,国泰期货,22112,1147,30808,-1045
2020-11-18,05,80108177,国富期货,18301,620,0,0
2020-11-18,06,80052362,广发期货,17164,-152,26047,1862
2020-11-18,07,80091157,浙商期货,16110,-243,8500,-80
2020-11-18,08,80071840,海通期货,16047,-4236,11936,-1182
2020-11-18,09,80098329,中粮期货,15562,1623,108225,-3268
2020-11-18,10,80055521,华泰期货,15276,-2906,0,0
2020-11-18,11,80050220,中信期货,14286,-427,25010,-1116
2020-11-18,12,10000034,国投资本,13571,631,56572,-2860
2020-11-18,13,80080089,南华期货,13072,-349,5129,-299
2020-11-18,14,80108224,东证期货,12853,-4864,8264,-9
2020-11-18,15,80104009,大越期货,12342,-10,0,0
2020-11-18,16,80102903,鲁证期货,12258,1737,7128,80
2020-11-18,17,80373309,天风期货,11893,-573,0,0
2020-11-18,18,80055516,五矿经易期货,9389,737,0,0
2020-11-18,19,80108070,东兴期货,9043,167,0,0
2020-11-18,20,80104015,大地期货,8566,-63,0,0
2020-11-19,01,80102904,一德期货,32060,-4254,5917,-153
2020-11-19,02,80103797,银河期货,28227,-901,18651,-1101
2020-11-19,03,80102901,永安期货,24293,874,13534,-1456
2020-11-19,04,80101065,国泰期货,23647,1535,28119,-2689
2020-11-19,05,80071840,海通期货,18707,2660,15430,3494
2020-11-19,06,80108177,国富期货,18352,51,0,0
2020-11-19,07,80052362,广发期货,17460,296,20589,-5458
2020-11-19,08,80055521,华泰期货,16357,1081,0,0
2020-11-19,09,80091157,浙商期货,15555,-555,8349,-151
2020-11-19,10,80108224,东证期货,14533,1680,0,0
2020-11-19,11,10000034,国投资本,14255,684,55594,-978
2020-11-19,12,80080089,南华期货,12399,-673,0,0
2020-11-19,13,80050220,中信期货,11812,-2474,26006,996
2020-11-19,14,80104009,大越期货,11682,-660,0,0
2020-11-19,15,80102903,鲁证期货,11499,-759,6999,-129
2020-11-19,16,80373309,天风期货,11236,-657,0,0
2020-11-19,17,80098329,中粮期货,9654,-5908,108217,-8
2020-11-19,18,80108070,东兴期货,8976,-67,0,0
2020-11-19,19,80055516,五矿经易期货,8510,-879,0,0
2020-11-19,20,80104015,大地期货,8437,-129,0,0
2020-11-20,01,80102904,一德期货,32425,365,6456,539
2020-11-20,02,80103797,银河期货,29133,906,16534,-2117
2020-11-20,03,80101065,国泰期货,27087,3440,26527,-1592
2020-11-20,04,80102901,永安期货,18357,-5936,15372,1838
2020-11-20,05,80108177,国富期货,18062,-290,0,0
2020-11-20,06,80052362,广发期货,15991,-1469,19078,-1511
2020-11-20,07,80091157,浙商期货,15806,251,9500,1151
2020-11-20,08,80108224,东证期货,15726,1193,0,0
2020-11-20,09,10000034,国投资本,14564,309,52048,-3546
2020-11-20,10,80055521,华泰期货,14291,-2066,0,0
2020-11-20,11,80071840,海通期货,14113,-4594,14803,-627
2020-11-20,12,80050220,中信期货,12244,432,23988,-2018
2020-11-20,13,80104009,大越期货,12137,455,0,0
2020-11-20,14,80080089,南华期货,11915,-484,0,0
2020-11-20,15,80102903,鲁证期货,11493,-6,5390,-1609
2020-11-20,16,80373309,天风期货,10873,-363,0,0
2020-11-20,17,80004835,申银万国期货,10723,4957,0,0
2020-11-20,18,80098329,中粮期货,10118,464,103607,-4610
2020-11-20,19,80108070,东兴期货,9541,565,0,0
2020-11-20,20,80055516,五矿经易期货,8782,272,0,0
2020-11-23,01,80102904,一德期货,32407,-18,6576,120
2020-11-23,02,80103797,银河期货,26788,-2345,14288,-2246
2020-11-23,03,80108177,国富期货,24652,6590,0,0
2020-11-23,04,80101065,国泰期货,18108,-8979,17891,-8636
2020-11-23,05,80052362,广发期货,16755,764,18383,-695
2020-11-23,06,80050220,中信期货,12775,531,14797,-9191
2020-11-23,07,80098329,中粮期货,12707,2589,100646,-2961
2020-11-23,08,80102901,永安期货,12068,-6289,14543,-829
2020-11-23,09,80108224,东证期货,11493,-4233,0,0
2020-11-23,10,10000034,国投资本,11328,-3236,47429,-4619
2020-11-23,11,80102903,鲁证期货,10612,-881,5086,-304
2020-11-23,12,80091157,浙商期货,9816,-5990,11203,1703
2020-11-23,13,80055521,华泰期货,9495,-4796,0,0
2020-11-23,14,80108070,东兴期货,8873,-668,0,0
2020-11-23,15,80080089,南华期货,8807,-3108,0,0
2020-11-23,16,80104015,大地期货,8504,208,0,0
2020-11-23,17,80128239,中融汇信,8041,2246,0,0
2020-11-23,18,80071840,海通期货,8000,-6113,12375,-2428
2020-11-23,19,80055516,五矿经易期货,7417,-1365,5047,412
2020-11-23,20,80030099,新湖期货,7300,3903,7294,-1179
2020-11-24,01,80103797,银河期货,24746,-2042,13162,-1126
2020-11-24,02,80102904,一德期货,22998,-9409,7240,664
2020-11-24,03,80108177,国富期货,22972,-1680,0,0
2020-11-24,04,80101065,国泰期货,16431,-1677,16267,-1624
2020-11-24,05,10000034,国投资本,15498,4170,44642,-2787
2020-11-24,06,80098329,中粮期货,11468,-1239,84150,-16496
2020-11-24,07,80050220,中信期货,11164,-1611,13028,-1769
2020-11-24,08,80102901,永安期货,11128,-940,11816,-2727
2020-11-24,09,80091157,浙商期货,10502,686,9767,-1436
2020-11-24,10,80102903,鲁证期货,10390,-222,5730,644
2020-11-24,11,80108224,东证期货,9245,-2248,0,0
2020-11-24,12,80128239,中融汇信,8750,709,0,0
2020-11-24,13,80052362,广发期货,8415,-8340,20997,2614
2020-11-24,14,80108653,海证期货,8414,1274,0,0
2020-11-24,15,80055521,华泰期货,7740,-1755,0,0
2020-11-24,16,80019274,美尔雅期货,7514,633,4217,-123
2020-11-24,17,80030099,新湖期货,7399,99,6380,-914
2020-11-24,18,80044916,弘业期货,6946,-150,0,0
2020-11-24,19,80071840,海通期货,6759,-1241,8106,-4269
2020-11-24,20,80055516,五矿经易期货,6579,-838,4796,-251
2020-11-25,01,80103797,银河期货,29486,4740,13824,662
2020-11-25,02,80102904,一德期货,26597,3599,7275,35
2020-11-25,03,80098329,中粮期货,19938,8470,79292,-4858
2020-11-25,04,80108177,国富期货,17168,-5804,0,0
2020-11-25,05,10000034,国投资本,16481,983,41991,-2651
2020-11-25,06,80101065,国泰期货,15807,-624,15710,-557
2020-11-25,07,80102901,永安期货,14810,3682,12102,286
2020-11-25,08,80102903,鲁证期货,11210,820,5523,-207
2020-11-25,09,80050220,中信期货,10890,-274,13570,542
2020-11-25,10,80108224,东证期货,10200,955,0,0
2020-11-25,11,80052362,广发期货,9755,1340,14945,-6052
2020-11-25,12,80091157,浙商期货,8901,-1601,10680,913
2020-11-25,13,80044916,弘业期货,8335,1389,0,0
2020-11-25,14,80071840,海通期货,8075,1316,8015,-91
2020-11-25,15,80373309,天风期货,7286,1751,0,0
2020-11-25,16,80108653,海证期货,7115,-1299,0,0
2020-11-25,17,80019274,美尔雅期货,7094,-420,0,0
2020-11-25,18,80128239,中融汇信,6946,-1804,0,0
2020-11-25,19,80055516,五矿经易期货,6933,354,4667,-129
2020-11-25,20,80030099,新湖期货,6615,-784,6129,-251
2020-11-26,01,80103797,银河期货,28254,-1232,12685,-1139
2020-11-26,02,80102904,一德期货,27824,1227,7384,109
2020-11-26,03,80108177,国富期货,18517,1349,0,0
2020-11-26,04,80098329,中粮期货,17722,-2216,78309,-983
2020-11-26,05,10000034,国投资本,16401,-80,40483,-1508
2020-11-26,06,80101065,国泰期货,16271,464,15410,-300
2020-11-26,07,80102901,永安期货,14796,-14,11840,-262
2020-11-26,08,80102903,鲁证期货,11286,76,5123,-400
2020-11-26,09,80050220,中信期货,11142,252,13127,-443
2020-11-26,10,80108224,东证期货,10492,292,0,0
2020-11-26,11,80052362,广发期货,10041,286,14618,-327
2020-11-26,12,80044916,弘业期货,7993,-342,0,0
2020-11-26,13,80373309,天风期货,7533,247,0,0
2020-11-26,14,80091157,浙商期货,7399,-1502,11128,448
2020-11-26,15,80055521,华泰期货,7316,1222,0,0
2020-11-26,16,80019274,美尔雅期货,7101,7,0,0
2020-11-26,17,80108653,海证期货,7079,-36,0,0
2020-11-26,18,80128239,中融汇信,6726,-220,0,0
2020-11-26,19,80055516,五矿经易期货,6698,-235,4938,271
2020-11-26,20,80030099,新湖期货,6680,65,5975,-154
2020-11-27,01,80103797,银河期货,23945,-4309,12424,-261
2020-11-27,02,80102904,一德期货,23880,-3944,6847,-537
2020-11-27,03,80108177,国富期货,21108,2591,0,0
2020-11-27,04,80098329,中粮期货,18816,1094,76558,-1751
2020-11-27,05,10000034,国投资本,16401,0,39881,-602
2020-11-27,06,80102901,永安期货,16238,1442,14039,2199
2020-11-27,07,80101065,国泰期货,15732,-539,13724,-1686
2020-11-27,08,80050220,中信期货,11537,395,11674,-1453
2020-11-27,09,80102903,鲁证期货,9736,-1550,5054,-69
2020-11-27,10,80055521,华泰期货,9046,1730,5322,3160
2020-11-27,11,80108224,东证期货,8761,-1731,0,0
2020-11-27,12,80044916,弘业期货,8543,550,0,0
2020-11-27,13,80052362,广发期货,8323,-1718,12854,-1764
2020-11-27,14,80128239,中融汇信,7359,633,0,0
2020-11-27,15,80019274,美尔雅期货,7267,166,0,0
2020-11-27,16,80030099,新湖期货,7063,383,5480,-495
2020-11-27,17,80091157,浙商期货,6922,-477,9446,-1682
2020-11-27,18,80108653,海证期货,6671,-408,0,0
2020-11-27,19,80004835,申银万国期货,6341,664,0,0
2020-11-27,20,80055516,五矿经易期货,6200,-498,4820,-118
2020-11-30,01,80108177,国富期货,24738,3630,0,0
2020-11-30,02,80102904,一德期货,23673,-207,6816,-31
2020-11-30,03,80103797,银河期货,21495,-2450,10182,-2242
2020-11-30,04,10000034,国投资本,19202,2801,38430,-1451
2020-11-30,05,80102901,永安期货,17025,787,12261,-1778
2020-11-30,06,80101065,国泰期货,16383,651,12547,-1177
2020-11-30,07,80098329,中粮期货,16345,-2471,71864,-4694
2020-11-30,08,80050220,中信期货,12458,921,9886,-1788
2020-11-30,09,80102903,鲁证期货,10020,284,5049,-5
2020-11-30,10,80052362,广发期货,8250,-73,10340,-2514
2020-11-30,11,80019274,美尔雅期货,7714,447,0,0
2020-11-30,12,80004835,申银万国期货,7379,1038,0,0
2020-11-30,13,80108653,海证期货,7232,561,0,0
2020-11-30,14,80010572,平安期货,6569,683,0,0
2020-11-30,15,80091157,浙商期货,6478,-444,10696,1250
2020-11-30,16,80055521,华泰期货,6377,-2669,0,0
2020-11-30,17,80055516,五矿经易期货,6239,39,5140,320
2020-11-30,18,80108224,东证期货,5738,-3023,7489,2837
2020-11-30,19,80128239,中融汇信,5376,-1983,0,0
2020-11-30,20,80104009,大越期货,5244,-70,0,0
