18100101,8,2,1,10,6
18100102,6,5,3,8,4
18100103,6,11,10,4,5
18100104,9,3,4,1,10
18100105,7,5,4,2,9
18100106,10,4,9,2,11
18100107,4,2,7,10,1
18100108,6,5,7,9,4
18100109,10,7,6,1,9
18100110,8,1,4,2,7
18100111,5,8,11,7,3
18100112,4,8,9,6,10
18100113,1,8,4,11,2
18100114,10,7,8,3,11
18100115,7,9,5,1,6
18100116,9,5,1,8,7
18100117,5,3,1,6,4
18100118,2,11,4,9,3
18100119,8,3,7,2,11
18100120,1,11,8,5,3
18100121,11,10,8,6,9
18100122,11,10,2,6,3
18100123,9,8,6,5,3
18100124,11,1,7,5,6
18100125,1,9,3,6,8
18100126,5,2,10,3,7
18100127,9,1,6,2,11
18100128,4,8,3,5,10
18100129,9,6,3,1,5
18100130,1,7,3,11,10
18100131,1,6,3,5,11
18100132,2,3,8,10,7
18100133,6,1,2,4,7
18100134,6,8,2,7,10
18100135,9,7,5,1,4
18100136,10,7,4,2,11
18100137,4,7,3,6,10
18100138,6,7,5,10,3
18100139,2,7,10,4,1
18100140,5,8,4,9,7
18100141,6,1,5,4,3
18100142,10,2,3,5,8
18100143,2,5,1,9,7
18100144,1,11,6,9,2
18100145,2,3,11,4,5
18100146,1,3,7,10,9
18100147,9,6,3,4,8
18100148,1,7,5,6,2
18100149,7,9,10,1,5
18100150,3,10,2,8,6
18100151,11,3,10,5,4
18100152,10,8,5,11,7
18100153,5,2,11,4,9
18100154,3,11,2,7,8
18100155,9,11,10,3,6
18100156,6,10,2,7,11
18100157,10,5,4,2,8
18100158,11,1,3,6,4
18100159,2,7,6,9,11
18100160,8,3,7,1,5
18100161,2,9,10,1,3
18100162,10,5,6,3,2
18100163,7,8,5,4,2
18100164,7,11,5,8,4
18100165,5,9,3,6,8
18100166,2,4,5,3,9
18100167,2,6,8,11,9
18100168,11,10,8,7,9
18100169,2,8,6,3,1
18100170,5,9,7,3,8
18100171,4,9,3,2,1
18100172,2,4,8,3,7
18100173,1,4,10,8,11
18100174,10,8,11,9,5
18100175,10,5,7,3,8
18100176,3,1,8,2,9
18100177,1,11,7,6,3
18100178,4,6,11,3,7
18100179,1,9,3,6,2
18100180,10,11,7,8,4
18100181,3,5,2,6,11
18100201,1,3,8,11,10
18100202,10,9,3,5,6
18100203,6,10,9,5,3
18100204,7,6,5,11,8
18100205,7,3,4,11,8
18100206,11,6,4,9,3
18100207,8,9,10,1,6
18100208,5,9,11,7,10
18100209,11,9,8,4,6
18100210,6,2,8,11,5
18100211,7,10,3,6,5
18100212,7,10,6,8,2
18100213,8,11,2,9,4
18100214,4,1,7,11,6
18100215,5,7,1,8,9
18100216,6,5,10,3,9
18100217,3,5,7,9,4
18100218,7,10,5,1,11
18100219,6,7,10,3,5
18100220,2,8,3,11,10
18100221,11,3,4,1,10
18100222,5,4,10,7,11
18100223,3,5,6,4,7
18100224,3,5,2,6,1
18100225,4,9,6,2,5
18100226,7,8,9,2,6
18100227,6,4,1,2,9
18100228,3,9,4,11,7
18100229,7,6,8,5,4
18100230,11,6,8,9,5
18100231,11,10,1,6,4
18100232,11,2,6,7,5
18100233,3,7,10,6,4
18100234,1,8,9,2,7
18100235,5,10,8,11,7
18100236,6,3,1,4,7
18100237,10,11,4,3,2
18100238,1,5,3,2,10
18100239,8,11,9,2,7
18100240,4,7,1,9,8
18100241,3,7,8,2,1
18100242,1,5,4,8,9
18100243,1,11,8,10,5
18100244,6,2,4,5,1
18100245,2,5,1,8,3
18100246,4,10,11,5,1
18100247,11,3,4,1,2
18100248,9,6,8,1,10
18100249,10,9,5,7,3
18100250,1,7,8,10,2
18100251,9,1,3,10,8
18100252,9,3,1,5,8
18100253,11,2,9,10,7
18100254,6,4,1,5,8
18100255,2,4,1,6,5
18100256,2,9,3,1,8
18100257,2,6,8,5,4
18100258,8,5,2,7,10
18100259,2,11,4,5,10
18100260,7,6,3,10,8
18100261,1,3,8,2,7
18100262,11,9,2,10,3
18100263,1,4,10,5,3
18100264,5,1,8,10,7
18100265,3,2,10,6,4
18100266,9,3,5,2,1
18100267,7,6,8,1,11
18100268,1,3,10,9,7
18100269,8,10,2,6,5
18100270,8,1,7,4,5
18100271,1,3,6,10,4
18100272,11,5,3,4,1
18100273,7,11,10,3,5
18100274,8,9,11,4,5
18100275,11,2,10,8,9
18100276,11,1,6,5,8
18100277,2,5,10,7,6
18100278,5,7,11,8,3
18100279,2,8,6,4,11
18100280,11,4,7,6,1
18100281,11,4,1,5,6
18100301,7,8,5,4,11
18100302,8,11,7,4,1
18100303,3,6,1,8,10
18100304,5,6,9,4,11
18100305,4,9,6,1,7
18100306,9,4,2,7,11
18100307,7,10,3,9,8
18100308,10,3,11,6,4
18100309,4,10,5,1,2
18100310,1,7,5,3,11
18100311,9,7,1,6,4
18100312,5,3,7,2,9
18100313,11,7,1,10,5
18100314,4,1,8,9,6
18100315,11,9,3,1,5
18100316,9,11,8,6,10
18100317,7,9,2,1,11
18100318,3,2,10,4,11
18100319,4,5,8,9,10
18100320,9,4,6,2,8
18100321,7,11,1,9,5
18100322,7,2,9,3,5
18100323,5,10,4,11,9
18100324,5,1,3,6,2
18100325,4,8,3,11,6
18100326,2,6,3,8,11
18100327,8,2,3,9,7
18100328,5,10,2,6,3
18100329,3,5,2,11,6
18100330,1,5,3,4,11
18100331,4,8,9,5,10
18100332,8,3,4,5,9
18100333,11,7,4,5,8
18100334,6,1,4,8,10
18100335,4,6,3,8,1
18100336,4,2,9,7,8
18100337,1,7,3,10,4
18100338,11,8,3,2,10
18100339,2,4,5,6,1
18100340,8,1,6,10,9
18100341,1,4,8,5,2
18100342,7,8,5,11,10
18100343,11,4,10,5,8
18100344,1,10,8,5,4
18100345,3,6,10,4,8
18100346,3,5,10,9,1
18100347,1,5,4,7,8
18100348,10,6,4,9,11
18100349,9,3,8,10,6
18100350,3,5,7,4,1
18100351,3,6,11,4,7
18100352,11,2,3,1,5
18100353,6,10,9,11,8
18100354,10,1,6,2,5
18100355,9,5,7,3,8
18100356,9,1,2,5,10
18100357,1,8,3,6,2
18100358,1,3,11,9,2
18100359,9,8,1,11,7
18100360,4,1,8,9,5
18100361,1,10,3,7,2
18100362,1,6,7,8,9
18100363,6,3,2,4,10
18100364,10,4,3,11,6
18100365,7,4,1,8,9
18100366,8,4,3,5,11
18100367,6,5,4,1,7
18100368,5,8,2,6,4
18100369,9,4,6,11,2
18100370,3,2,11,1,5
18100371,5,8,7,1,4
18100372,11,9,8,1,4
18100373,11,6,9,8,1
18100374,3,5,6,10,11
18100375,9,7,4,11,2
18100376,1,11,7,4,8
18100377,5,3,1,9,10
18100378,10,11,2,1,9
18100379,1,10,11,2,4
18100380,5,6,10,1,4
18100381,9,3,7,8,1
18100401,10,2,7,11,1
18100402,8,3,4,5,10
18100403,9,4,10,11,6
18100404,11,7,5,8,10
18100405,4,5,11,10,6
18100406,3,6,7,10,5
18100407,2,1,5,10,7
18100408,4,2,6,11,7
18100409,6,9,1,5,10
18100410,8,6,4,7,5
18100411,2,1,7,8,3
18100412,1,6,10,7,4
18100413,8,10,2,4,9
18100414,6,2,9,5,4
18100415,1,4,6,10,9
18100416,11,4,9,3,2
18100417,6,7,3,8,1
18100418,4,2,11,10,9
18100419,9,8,1,5,10
18100420,10,2,9,8,11
18100421,7,2,6,5,3
18100422,2,3,1,10,11
18100423,10,5,1,2,4
18100424,6,11,9,2,10
18100425,3,7,9,1,10
18100426,6,9,3,2,1
18100427,9,7,6,4,3
18100428,1,6,10,3,9
18100429,5,9,4,8,11
18100430,5,1,11,7,4
18100431,9,4,10,11,3
18100432,2,4,11,9,7
18100433,9,2,6,8,4
18100434,4,5,10,1,2
18100435,7,2,4,3,11
18100436,4,9,6,11,3
18100437,3,7,5,4,2
18100438,4,1,2,3,9
18100439,3,11,4,10,5
18100440,10,3,2,9,8
18100441,11,5,7,3,4
18100442,1,6,4,3,8
18100443,1,9,8,3,2
18100444,1,5,2,4,8
18100445,3,1,6,4,11
18100446,9,3,8,7,11
18100447,4,3,10,6,2
18100448,11,7,2,8,10
18100449,3,11,6,5,2
18100450,10,8,1,11,9
18100451,11,1,3,7,5
18100452,2,9,7,8,5
18100453,10,8,6,3,5
18100454,8,4,2,3,5
18100455,4,8,10,3,1
18100456,5,4,1,7,10
18100457,3,10,8,11,1
18100458,6,10,9,4,11
18100459,3,7,11,5,2
18100460,9,5,11,8,4
18100461,2,4,10,7,9
18100462,8,11,9,2,1
18100463,10,3,9,4,1
18100464,2,3,5,8,10
18100465,1,7,4,11,8
18100466,4,3,5,7,9
18100467,5,6,3,11,10
18100468,1,11,4,5,3
18100469,7,10,1,4,5
18100470,9,1,3,2,6
18100471,1,10,6,4,7
18100472,6,7,2,11,8
18100473,6,3,7,5,4
18100474,8,1,3,10,7
18100475,4,7,8,11,2
18100476,5,9,3,11,2
18100477,10,1,6,4,5
18100478,1,8,9,5,6
18100479,11,5,3,1,6
18100480,9,2,7,1,8
18100481,2,7,9,3,6
18100501,2,7,11,9,1
18100502,10,1,3,4,8
18100503,1,8,6,11,3
18100504,5,4,2,7,10
18100505,1,2,6,9,10
18100506,7,8,4,5,9
18100507,1,11,10,3,7
18100508,6,3,4,2,8
18100509,1,7,8,11,4
18100510,9,4,2,10,5
18100511,10,7,2,5,11
18100512,1,5,6,7,4
18100513,2,3,10,8,4
18100514,7,4,5,6,9
18100515,3,7,6,2,9
18100516,10,5,6,2,1
18100517,5,2,4,8,7
18100518,6,10,7,5,4
18100519,7,8,3,5,9
18100520,6,8,7,9,1
18100521,10,4,8,7,11
18100522,9,2,6,11,8
18100523,7,6,4,3,11
18100524,3,10,6,7,4
18100525,2,10,9,1,6
18100526,9,6,10,1,7
18100527,7,1,11,8,5
18100528,3,9,5,10,1
18100529,8,10,6,5,3
18100530,1,10,3,8,6
18100531,4,3,7,8,2
18100532,7,3,11,6,4
18100533,11,8,5,2,10
18100534,6,1,2,3,5
18100535,2,10,1,8,11
18100536,11,4,2,7,1
18100537,6,10,5,3,9
18100538,4,2,11,9,5
18100539,10,9,8,1,7
18100540,1,7,11,8,9
18100541,1,5,9,6,3
18100542,4,3,10,2,9
18100543,8,1,10,3,2
18100544,2,11,1,8,3
18100545,4,3,11,6,2
18100546,6,3,2,1,8
18100547,4,11,7,3,9
18100548,8,10,3,7,6
18100549,5,3,11,6,10
18100550,4,3,11,10,5
18100551,1,7,5,11,4
18100552,3,10,11,5,7
18100553,4,8,1,9,2
18100554,5,10,2,8,6
18100555,5,7,11,4,8
18100556,10,2,11,8,4
18100557,11,4,3,9,1
18100558,6,9,7,2,11
18100559,7,9,2,4,5
18100560,3,4,9,10,7
18100561,10,7,5,2,1
18100562,4,11,10,2,7
18100563,4,8,7,10,5
18100564,7,2,10,4,3
18100565,11,1,6,9,3
18100566,11,6,1,8,4
18100567,9,3,2,10,6
18100568,4,3,9,11,8
18100569,11,3,8,4,1
18100570,6,1,4,2,11
18100571,3,9,1,5,8
18100572,2,5,10,11,4
18100573,3,11,10,1,4
18100574,10,6,8,1,9
18100575,11,6,1,3,10
18100576,11,1,5,6,2
18100577,9,7,5,4,10
18100578,3,2,4,11,9
18100579,9,8,5,7,10
18100580,6,1,9,11,5
18100581,11,6,9,10,8
18100601,10,3,11,9,2
18100602,1,6,10,8,11
18100603,7,6,2,8,4
18100604,6,4,7,9,5
18100605,9,4,3,8,2
18100606,5,4,10,3,8
18100607,9,8,11,6,3
18100608,3,5,6,10,8
18100609,5,2,9,10,4
18100610,1,5,2,3,7
18100611,10,2,8,7,1
18100612,5,3,4,2,10
18100613,8,11,10,7,4
18100614,11,8,6,7,9
18100615,4,10,2,9,5
18100616,11,7,4,9,1
18100617,1,2,6,10,5
18100618,8,5,4,1,10
18100619,9,5,10,8,4
18100620,3,2,7,5,9
18100621,10,8,6,4,7
18100622,6,2,10,5,1
18100623,9,5,7,8,11
18100624,11,9,8,10,2
18100625,9,11,5,4,8
18100626,2,1,5,6,9
18100627,5,1,4,6,3
18100628,11,5,4,6,1
18100629,6,11,9,2,3
18100630,3,8,6,4,9
18100631,8,1,9,6,11
18100632,5,6,8,1,4
18100633,4,3,7,2,11
18100634,1,7,2,3,5
18100635,7,3,9,1,2
18100636,4,8,3,5,10
18100637,7,4,11,5,2
18100638,6,11,3,7,8
18100639,2,5,11,9,4
18100640,9,6,11,2,1
18100641,10,7,6,11,4
18100642,5,7,8,11,3
18100643,4,11,5,3,7
18100644,3,2,9,7,1
18100645,6,4,3,2,9
18100646,5,11,1,3,7
18100647,3,2,4,11,10
18100648,8,7,6,2,1
18100649,9,6,7,4,3
18100650,11,7,1,2,6
18100651,1,6,3,7,2
18100652,1,4,10,6,5
18100653,5,9,2,3,10
18100654,11,6,7,4,3
18100655,6,2,11,7,8
18100656,8,11,7,3,5
18100657,4,10,5,3,8
18100658,2,6,8,10,5
18100659,10,3,6,2,4
18100660,4,9,1,10,8
18100661,8,10,7,5,4
18100662,3,4,6,5,10
18100663,1,7,6,11,9
18100664,11,4,1,9,2
18100665,8,4,5,1,7
18100666,5,10,1,3,8
18100667,7,1,2,9,6
18100668,7,8,1,6,5
18100669,6,5,1,8,11
18100670,6,7,2,4,8
18100671,3,2,11,8,4
18100672,11,4,9,1,5
18100673,4,3,10,1,6
18100674,6,3,9,5,11
18100675,2,5,10,11,7
18100676,7,2,6,4,9
18100677,1,2,7,8,3
18100678,9,10,11,7,8
18100679,1,6,9,11,2
18100680,8,5,11,4,7
18100681,1,6,2,10,4
18100701,6,8,3,7,9
18100702,6,2,3,8,9
18100703,2,8,10,1,6
18100704,1,3,4,9,8
18100705,2,10,1,6,11
18100706,3,11,7,5,8
18100707,2,5,6,7,4
18100708,1,4,7,6,2
18100709,6,9,3,8,10
18100710,11,3,5,6,1
18100711,10,11,6,9,7
18100712,5,9,8,2,3
18100713,3,9,7,5,11
18100714,6,10,4,11,1
18100715,9,5,6,4,10
18100716,11,1,5,7,10
18100717,4,10,2,8,6
18100718,11,8,2,9,1
18100719,3,10,9,6,8
18100720,8,5,10,2,1
18100721,6,8,11,7,3
18100722,11,10,9,2,7
18100723,2,1,5,10,9
18100724,11,4,2,10,5
18100725,7,5,9,8,11
18100726,5,9,1,7,4
18100727,7,9,8,5,4
18100728,7,8,4,1,3
18100729,5,1,11,3,8
18100730,5,9,2,11,3
18100731,2,9,5,4,7
18100732,3,4,5,7,1
18100733,2,11,4,7,3
18100734,11,6,1,9,8
18100735,9,1,3,8,5
18100736,2,1,9,8,10
18100737,7,6,3,5,4
18100738,1,6,10,2,5
18100739,3,9,2,11,1
18100740,4,9,11,7,8
18100741,4,7,1,2,6
18100742,1,8,10,5,6
18100743,9,3,5,8,2
18100744,10,11,4,1,8
18100745,4,11,3,9,2
18100746,9,10,6,4,2
18100747,6,5,4,3,10
18100748,8,9,10,11,5
18100749,2,8,1,6,10
18100750,1,3,4,9,2
18100751,5,8,9,2,3
18100752,6,3,11,1,5
18100753,7,3,1,6,8
18100754,11,1,10,3,7
18100755,8,11,5,3,9
18100756,10,11,8,5,1
18100757,8,11,5,9,6
18100758,7,3,6,9,4
18100759,7,11,4,3,9
18100760,11,6,3,2,7
18100761,7,6,11,9,8
18100762,10,8,3,4,7
18100763,10,3,7,2,4
18100764,2,1,10,6,3
18100765,8,2,6,5,9
18100766,10,9,6,3,4
18100767,7,10,5,11,8
18100768,10,6,5,11,2
18100769,5,6,9,8,7
18100770,11,4,3,2,6
18100771,5,3,1,10,8
18100772,5,10,1,2,6
18100773,11,10,8,5,1
18100774,4,7,10,5,8
18100775,7,10,2,4,1
18100776,10,5,4,1,3
18100777,2,11,7,6,10
18100778,3,11,4,6,5
18100779,7,1,11,6,9
18100780,7,3,4,1,8
18100781,7,8,9,2,3
18100801,9,2,11,1,4
18100802,10,6,11,1,3
18100803,4,9,10,8,5
18100804,8,10,11,6,3
18100805,6,2,8,4,10
18100806,2,3,11,9,10
18100807,1,6,4,7,8
18100808,1,7,11,8,4
18100809,10,6,9,11,4
18100810,7,6,11,8,4
18100811,4,3,11,7,5
18100812,8,4,10,6,5
18100813,11,6,9,8,10
18100814,4,1,6,7,8
18100815,1,6,5,3,2
18100816,3,9,8,10,6
18100817,7,3,4,11,10
18100818,10,8,4,2,9
18100819,5,4,1,3,7
18100820,11,7,1,2,4
18100821,1,5,3,11,10
18100822,3,9,6,2,11
18100823,5,3,9,1,8
18100824,1,8,7,5,4
18100825,2,9,8,3,7
18100826,9,3,10,5,8
18100827,1,3,9,8,10
18100828,5,4,1,6,9
18100829,2,8,5,9,11
18100830,10,5,1,4,2
18100831,8,10,1,6,9
18100832,1,9,5,10,11
18100833,2,5,10,1,6
18100834,2,1,3,4,7
18100835,2,8,4,6,11
18100836,1,10,5,11,3
18100837,4,7,9,10,11
18100838,9,10,5,4,3
18100839,10,4,6,7,5
18100840,10,9,7,6,2
18100841,10,3,1,2,5
18100842,3,1,7,5,2
18100843,2,5,7,10,1
18100844,8,5,10,7,9
18100845,8,9,7,10,4
18100846,2,8,6,1,3
18100847,6,5,2,3,8
18100848,10,9,6,5,1
18100849,3,2,9,4,5
18100850,6,1,2,3,7
18100851,1,2,4,7,5
18100852,10,2,3,8,9
18100853,6,4,3,7,2
18100854,4,2,8,7,10
18100855,5,8,11,10,1
18100856,8,2,1,5,3
18100857,11,10,7,2,6
18100858,2,6,11,10,5
18100859,9,4,1,2,11
18100860,7,10,6,5,1
18100861,9,2,7,8,3
18100862,3,6,2,7,1
18100863,1,10,4,11,7
18100864,8,2,9,10,7
18100865,4,10,5,11,9
18100866,7,3,4,10,6
18100867,11,6,8,7,2
18100868,10,7,6,1,8
18100869,9,4,10,3,2
18100870,8,7,5,3,6
18100871,5,7,6,9,10
18100872,2,3,8,11,7
18100873,5,4,8,2,10
18100874,7,8,5,11,6
18100875,5,11,2,8,6
18100876,5,10,1,7,11
18100877,4,11,8,10,9
18100878,9,4,6,5,3
18100879,4,1,3,7,5
18100880,1,10,4,11,9
18100881,2,7,1,5,9
18100901,5,11,3,10,8
18100902,8,6,4,7,3
18100903,10,3,2,11,7
18100904,4,1,7,3,6
18100905,3,11,8,10,4
18100906,5,6,9,4,11
18100907,6,5,11,1,10
18100908,7,10,4,6,1
18100909,5,4,9,7,11
18100910,4,9,1,8,7
18100911,6,3,1,11,4
18100912,4,8,7,2,3
18100913,6,4,10,11,2
18100914,10,2,5,6,4
18100915,11,2,3,10,7
18100916,9,4,8,11,6
18100917,2,3,6,10,9
18100918,9,8,7,3,2
18100919,11,1,3,10,6
18100920,11,4,8,6,2
18100921,10,1,4,8,2
18100922,4,10,11,2,8
18100923,9,6,5,8,10
18100924,9,11,3,5,7
18100925,8,6,2,11,9
18100926,4,5,11,2,6
18100927,9,8,3,5,2
18100928,8,6,1,11,9
18100929,7,9,8,2,6
18100930,11,6,2,8,3
18100931,3,10,6,8,9
18100932,8,1,5,6,11
18100933,8,1,11,3,7
18100934,2,1,8,9,7
18100935,1,2,11,10,8
18100936,3,8,6,2,9
18100937,11,4,1,3,6
18100938,7,8,11,6,2
18100939,3,6,1,9,2
18100940,10,9,5,4,7
18100941,6,7,1,11,9
18100942,2,8,6,10,7
18100943,3,7,10,2,8
18100944,2,11,4,5,3
18100945,5,4,2,10,9
18100946,7,11,3,8,10
18100947,1,9,2,10,4
18100948,2,3,5,4,1
18100949,11,9,2,8,5
18100950,11,3,1,9,7
18100951,3,6,8,5,11
18100952,7,11,6,10,9
18100953,8,7,5,4,11
18100954,2,4,1,11,6
18100955,8,3,2,11,10
18100956,7,11,4,10,3
18100957,11,5,3,9,6
18100958,1,4,5,7,3
18100959,1,9,6,11,4
18100960,9,11,10,5,4
18100961,7,9,1,2,4
18100962,2,1,11,5,7
18100963,1,10,6,9,5
18100964,8,3,10,9,11
18100965,9,1,5,7,8
18100966,10,3,11,2,8
18100967,6,1,4,2,7
18100968,6,3,1,11,7
18100969,9,6,8,7,3
18100970,10,2,6,8,1
18100971,11,3,1,5,9
18100972,3,1,5,6,9
18100973,7,11,6,10,9
18100974,1,10,8,9,2
18100975,9,10,4,5,7
18100976,2,10,4,6,5
18100977,11,7,2,10,1
18100978,7,6,11,2,4
18100979,4,1,7,2,11
18100980,9,2,11,3,6
18100981,7,9,4,3,10
18101001,10,2,1,5,11
18101002,7,6,5,1,2
18101003,3,6,5,2,4
18101004,2,8,3,1,7
18101005,2,5,7,8,9
18101006,1,11,2,7,4
18101007,4,6,2,9,3
18101008,11,7,10,6,3
18101009,9,10,8,6,3
18101010,3,7,9,2,11
18101011,5,11,2,10,6
18101012,1,3,11,10,2
18101013,3,10,9,4,8
18101014,7,9,2,5,6
18101015,6,3,11,4,2
18101016,8,7,1,5,11
18101017,5,8,6,9,2
18101018,6,7,2,11,1
18101019,6,3,1,4,9
18101020,9,6,5,11,2
18101021,3,2,7,5,6
18101022,10,3,1,6,5
18101023,10,8,5,1,11
18101024,2,8,3,9,7
18101025,10,1,4,3,11
18101026,3,11,7,9,4
18101027,10,9,6,8,5
18101028,3,9,6,2,8
18101029,3,9,10,11,6
18101030,2,4,10,3,9
18101031,4,5,9,1,3
18101032,2,3,1,6,4
18101033,5,9,6,11,1
18101034,10,9,4,5,6
18101035,9,3,7,10,5
18101036,9,1,6,7,8
18101037,10,1,9,11,3
18101038,3,7,8,4,10
18101039,1,11,5,10,7
18101040,8,11,2,10,4
18101041,9,11,6,4,5
18101042,3,4,2,10,1
18101043,11,4,6,8,7
18101044,4,6,7,2,11
18101045,1,5,2,4,9
18101046,8,2,11,5,10
18101047,11,2,5,8,6
18101048,3,7,11,6,10
18101049,6,7,2,4,10
18101050,11,1,8,9,4
18101051,11,2,7,6,10
18101052,3,8,7,11,5
18101053,11,8,4,6,5
18101054,7,4,11,8,10
18101055,1,9,2,10,8
18101056,9,3,10,6,2
18101057,2,6,7,3,11
18101058,8,5,4,3,7
18101059,1,2,11,5,6
18101060,7,9,5,8,11
18101061,9,11,7,5,2
18101062,8,7,10,3,4
18101063,2,5,9,3,6
18101064,11,9,7,1,8
18101065,3,10,9,1,8
18101066,11,5,9,7,3
18101067,8,2,9,11,1
18101068,1,9,8,7,3
18101069,11,6,5,2,4
18101070,6,4,3,10,9
18101071,5,8,11,9,1
18101072,2,4,6,10,11
18101073,2,6,1,8,3
18101074,6,11,4,8,7
18101075,3,2,11,5,9
18101076,4,2,1,9,3
18101077,3,8,5,1,7
18101078,8,10,11,6,7
18101079,8,3,4,1,7
18101080,2,8,4,5,11
18101081,2,5,8,11,6
18101101,1,2,3,9,11
18101102,2,11,3,10,7
18101103,9,4,8,3,5
18101104,1,9,5,8,4
18101105,2,5,7,8,3
18101106,4,6,10,7,1
18101107,8,4,7,2,3
18101108,8,4,7,1,11
18101109,4,11,7,9,5
18101110,11,6,8,1,4
18101111,9,11,5,3,8
18101112,11,3,7,8,2
18101113,4,1,2,3,9
18101114,10,1,11,2,6
18101115,7,5,1,3,9
18101116,8,5,6,1,11
18101117,4,2,1,11,10
18101118,4,9,10,8,3
18101119,3,1,11,6,2
18101120,3,10,1,8,11
18101121,8,9,4,1,11
18101122,8,10,7,6,2
18101123,11,4,9,7,5
18101124,7,6,4,8,11
18101125,5,9,1,7,3
18101126,8,11,5,6,3
18101127,1,8,10,11,2
18101128,6,3,7,11,5
18101129,10,8,1,3,2
18101130,2,8,6,10,3
18101131,11,3,4,1,10
18101132,7,5,10,9,1
18101133,2,5,3,1,4
18101134,8,11,1,7,9
18101135,1,9,7,8,6
18101136,2,4,5,9,7
18101137,3,9,7,6,8
18101138,3,7,4,11,2
18101139,11,10,7,4,9
18101140,10,11,7,8,5
18101141,11,9,10,4,5
18101142,9,1,6,7,2
18101143,1,2,11,6,10
18101144,2,4,9,1,6
18101145,10,11,3,5,4
18101146,11,7,4,5,2
18101147,1,6,5,4,9
18101148,5,11,3,10,1
18101149,6,11,3,2,5
18101150,3,5,8,11,2
18101151,9,4,11,10,6
18101152,5,9,2,6,10
18101153,9,10,11,3,4
18101154,2,4,3,11,5
18101155,8,6,1,5,9
18101156,10,5,1,8,2
18101157,11,3,1,5,7
18101158,5,9,7,11,2
18101159,3,5,6,2,7
18101160,3,1,7,11,8
18101161,2,3,5,10,1
18101162,3,11,8,9,5
18101163,7,9,10,11,4
18101164,3,4,5,1,8
18101165,11,1,8,5,2
18101166,7,5,4,9,10
18101167,7,3,10,4,2
18101168,11,1,3,8,4
18101169,6,10,1,3,8
18101170,1,7,2,8,5
18101171,7,10,11,2,6
18101172,1,4,7,5,9
18101173,8,1,11,7,10
18101174,8,1,5,6,3
18101175,3,4,8,11,9
18101176,5,2,6,9,4
18101177,5,8,3,11,6
18101178,5,9,6,4,8
18101179,10,5,9,8,1
18101180,4,5,9,7,11
18101181,5,4,6,8,3
18101201,4,8,6,5,7
18101202,7,3,4,6,11
18101203,3,1,2,9,6
18101204,4,10,9,3,6
18101205,4,2,8,6,3
18101206,4,3,8,2,5
18101207,9,11,5,2,6
18101208,4,11,8,10,3
18101209,7,1,5,3,11
18101210,8,5,9,6,4
18101211,3,7,2,11,9
18101212,9,5,1,11,6
18101213,4,8,11,1,3
18101214,2,6,8,10,5
18101215,6,4,7,1,10
18101216,10,8,9,7,5
18101217,5,6,8,1,10
18101218,4,2,5,3,7
18101219,7,10,1,8,5
18101220,5,8,9,7,2
18101221,3,7,11,9,10
18101222,3,6,10,2,8
18101223,1,6,10,2,4
18101224,11,8,2,3,10
18101225,9,4,10,1,3
18101226,5,3,10,9,1
18101227,10,6,2,8,5
18101228,8,3,1,10,2
18101229,6,7,4,5,9
18101230,2,7,6,10,4
18101231,6,1,7,10,9
18101232,1,7,5,11,9
18101233,1,10,9,5,2
18101234,7,11,9,1,6
18101235,6,2,8,7,4
18101236,3,10,5,4,7
18101237,5,8,3,1,9
18101238,7,1,6,2,9
18101239,4,5,11,6,10
18101240,9,5,2,1,6
18101241,6,5,10,2,3
18101242,5,10,3,1,9
18101243,3,4,6,2,8
18101244,7,3,8,2,11
18101245,9,6,3,1,7
18101246,11,2,6,10,9
18101247,4,1,10,3,7
18101248,1,3,6,8,4
18101249,8,2,7,4,10
18101250,2,1,10,7,9
18101251,3,11,7,4,8
18101252,9,1,11,8,10
18101253,9,5,2,10,11
18101254,10,6,2,7,3
18101255,1,6,11,8,4
18101256,5,9,7,3,2
18101257,5,10,1,11,9
18101258,5,4,8,10,7
18101259,7,5,8,11,2
18101260,4,5,2,10,8
18101261,7,9,2,4,5
18101262,2,3,6,10,8
18101263,8,9,4,3,5
18101264,5,1,9,10,2
18101265,1,8,3,6,9
18101266,6,8,10,1,5
18101267,3,5,8,1,2
18101268,10,11,3,5,8
18101269,10,11,8,1,4
18101270,1,10,7,9,4
18101271,6,2,1,8,11
18101272,5,11,3,10,2
18101273,11,4,5,9,7
18101274,5,7,10,4,9
18101275,10,5,9,4,6
18101276,2,4,3,7,1
18101277,8,7,2,3,5
18101278,2,1,7,10,5
18101279,6,8,10,4,1
18101280,5,11,2,6,3
18101281,2,8,11,1,5
18101301,6,7,9,4,5
18101302,10,9,8,4,1
18101303,6,5,11,4,3
18101304,2,5,7,9,8
18101305,9,11,2,6,10
18101306,7,2,10,9,1
18101307,1,9,5,2,4
18101308,5,10,1,8,2
18101309,3,8,10,6,7
18101310,6,11,10,3,5
18101311,6,9,4,1,11
18101312,3,1,7,11,5
18101313,10,5,1,9,6
18101314,7,9,6,2,11
18101315,7,3,9,5,6
18101316,4,9,6,3,5
18101317,8,1,3,6,5
18101318,9,6,4,10,5
18101319,5,10,3,11,2
18101320,8,11,6,5,10
18101321,2,7,11,9,8
18101322,1,4,7,3,5
18101323,4,1,10,7,9
18101324,2,5,11,8,9
18101325,6,8,7,10,3
18101326,3,9,11,7,6
18101327,6,5,10,9,8
18101328,8,1,5,7,6
18101329,2,3,6,5,8
18101330,4,5,6,2,7
18101331,7,3,8,1,5
18101332,7,1,3,4,8
18101333,1,9,7,11,6
18101334,2,8,5,7,9
18101335,11,10,7,9,8
18101336,9,7,4,5,10
18101337,8,6,3,11,7
18101338,9,10,4,7,5
18101339,1,10,11,3,9
18101340,9,4,2,5,6
18101341,8,9,3,11,6
18101342,5,1,4,3,7
18101343,7,1,11,8,3
18101344,5,7,1,2,10
18101345,5,11,3,6,1
18101346,9,6,1,5,2
18101347,7,6,9,5,2
18101348,1,4,5,3,9
18101349,11,10,3,1,5
18101350,11,4,7,2,9
18101351,11,4,5,9,3
18101352,8,6,3,5,10
18101353,8,10,6,5,4
18101354,1,3,4,9,7
18101355,10,8,7,6,11
18101356,8,2,6,11,7
18101357,3,2,5,6,1
18101358,10,4,11,2,7
18101359,9,3,7,6,2
18101360,3,11,7,10,4
18101361,11,2,5,6,8
18101362,11,1,10,5,7
18101363,2,10,7,9,5
18101364,5,9,7,2,3
18101365,11,4,9,2,3
18101366,5,6,7,9,10
18101367,7,2,11,10,3
18101368,7,9,1,3,6
18101369,9,7,2,6,1
18101370,1,2,6,8,9
18101371,9,11,7,3,5
18101372,3,5,10,1,6
18101373,10,3,5,1,11
18101374,11,6,8,2,4
18101375,4,7,1,6,3
18101376,7,3,5,10,6
18101377,4,11,10,1,3
18101378,4,3,7,1,8
18101379,4,8,5,11,2
18101380,11,2,4,10,8
18101381,1,5,4,10,2
18101401,7,5,4,11,9
18101402,8,2,5,7,4
18101403,10,6,5,7,9
18101404,10,7,1,6,4
18101405,1,2,11,10,7
18101406,11,6,8,3,2
18101407,6,3,7,5,1
18101408,6,9,7,5,4
18101409,1,3,11,2,8
18101410,8,3,4,7,6
18101411,7,9,5,11,4
18101412,10,7,3,11,6
18101413,8,3,10,4,6
18101414,5,8,10,2,9
18101415,11,2,3,5,4
18101416,7,2,1,9,10
18101417,3,1,8,11,7
18101418,10,1,6,11,7
18101419,4,10,8,2,5
18101420,1,6,10,4,3
18101421,11,5,6,7,10
18101422,9,5,3,6,10
18101423,10,9,8,3,2
18101424,2,5,10,6,3
18101425,4,1,10,8,11
18101426,6,5,8,3,9
18101427,3,7,5,11,1
18101428,5,1,11,10,8
18101429,7,5,10,4,2
18101430,10,2,3,8,1
18101431,9,1,4,11,5
18101432,2,7,10,8,6
18101433,1,7,2,6,9
18101434,9,1,4,6,8
18101435,11,10,2,7,8
18101436,5,11,6,9,3
18101437,8,5,2,6,3
18101438,4,8,2,10,5
18101439,2,3,6,9,7
18101440,6,7,4,10,2
18101441,8,3,9,10,7
18101442,11,4,3,10,7
18101443,11,9,1,8,7
18101444,1,11,8,6,5
18101445,10,9,5,6,3
18101446,1,9,11,8,3
18101447,2,5,7,9,8
18101448,9,6,8,1,7
18101449,5,9,1,4,6
18101450,10,5,7,3,1
18101451,3,5,8,10,7
18101452,1,4,5,3,6
18101453,11,6,8,1,3
18101454,3,9,6,8,4
18101455,6,10,5,3,1
18101456,8,9,7,5,4
18101457,3,9,11,5,1
18101458,4,11,10,9,8
18101459,4,1,3,8,2
18101460,11,10,6,7,4
18101461,7,3,8,9,11
18101462,10,1,11,3,4
18101463,11,6,1,8,10
18101464,4,6,11,9,3
18101465,8,10,9,6,1
18101466,11,10,9,2,3
18101467,11,6,2,5,4
18101468,5,7,4,6,10
18101469,5,3,10,1,11
18101470,8,9,4,10,2
18101471,1,11,10,9,2
18101472,2,11,5,1,7
18101473,10,4,9,3,11
18101474,8,2,4,11,9
18101475,3,1,2,11,7
18101476,11,5,4,8,3
18101477,1,10,4,5,7
18101478,10,3,11,6,5
18101479,4,3,5,7,1
18101480,4,1,6,5,10
18101481,11,7,4,10,6
18101501,7,8,3,4,5
18101502,8,5,2,1,7
18101503,1,6,5,9,4
18101504,3,6,1,11,8
18101505,2,11,3,6,10
18101506,5,11,8,7,10
18101507,10,6,8,11,1
18101508,9,7,1,10,6
18101509,8,2,6,10,4
18101510,6,10,7,3,5
18101511,4,9,11,7,6
18101512,1,4,3,10,8
18101513,4,7,6,5,3
18101514,11,10,5,9,4
18101515,9,5,1,11,3
18101516,5,4,3,9,8
18101517,4,2,10,7,9
18101518,3,5,6,9,10
18101519,2,5,10,6,8
18101520,3,7,8,6,9
18101521,11,5,9,4,3
18101522,11,9,3,5,7
18101523,10,11,9,8,3
18101524,5,6,3,7,2
18101525,10,2,8,3,4
18101526,3,5,6,2,10
18101527,5,1,10,2,8
18101528,5,7,10,9,1
18101529,3,9,10,2,7
18101530,4,3,7,2,1
18101531,8,10,4,11,1
18101532,1,10,6,11,8
18101533,11,10,9,8,2
18101534,8,4,7,5,2
18101535,11,10,3,1,2
18101536,1,4,7,9,8
18101537,7,5,1,10,8
18101538,4,6,11,2,8
18101539,5,9,8,6,1
18101540,3,10,8,7,6
18101541,4,11,3,5,7
18101542,10,5,1,2,9
18101543,5,7,8,2,10
18101544,9,6,2,4,11
18101545,7,9,8,4,2
18101546,7,2,5,4,10
18101547,9,7,6,4,5
18101548,2,7,3,6,9
18101549,11,5,8,4,9
18101550,1,11,10,5,6
18101551,3,4,6,7,1
18101552,6,8,1,9,2
18101553,3,5,7,2,11
18101554,11,2,8,4,1
18101555,10,5,6,7,3
18101556,3,9,1,2,11
18101557,7,10,4,6,3
18101558,4,9,10,1,8
18101559,8,9,5,7,10
18101560,5,9,8,1,10
18101561,11,2,1,9,3
18101562,7,4,5,3,9
18101563,11,1,6,2,9
18101564,8,9,3,1,11
18101565,8,1,4,10,5
18101566,10,1,9,4,11
18101567,7,11,4,10,9
18101568,6,9,8,2,3
18101569,8,7,11,10,4
18101570,7,8,3,9,5
18101571,7,9,3,8,10
18101572,5,10,9,8,6
18101573,4,6,7,11,9
18101574,7,10,1,9,3
18101575,11,7,4,2,6
18101576,2,1,8,4,5
18101577,1,7,9,2,5
18101578,8,4,6,7,5
18101579,4,2,10,5,8
18101580,9,8,3,5,6
18101581,4,8,9,3,10
18101601,8,6,1,5,3
18101602,1,3,4,10,2
18101603,11,1,7,10,9
18101604,9,3,1,6,10
18101605,9,1,7,2,10
18101606,1,11,6,2,8
18101607,1,9,5,10,7
18101608,11,7,9,10,5
18101609,10,7,5,6,1
18101610,8,9,11,2,3
18101611,3,6,10,9,8
18101612,1,4,7,3,11
18101613,5,3,7,6,2
18101614,8,2,6,1,9
18101615,9,3,7,4,5
18101616,1,8,6,9,10
18101617,9,11,1,6,7
18101618,3,8,11,10,6
18101619,11,4,5,7,8
18101620,6,10,3,11,2
18101621,2,1,8,7,9
18101622,7,4,6,8,2
18101623,2,11,7,4,3
18101624,8,9,10,7,1
18101625,9,7,8,2,10
18101626,7,6,9,8,4
18101627,10,9,5,3,7
18101628,6,7,8,1,9
18101629,5,1,6,3,9
18101630,8,6,1,2,5
18101631,3,4,7,10,11
18101632,1,8,3,9,2
18101633,4,9,10,1,7
18101634,11,6,4,1,9
18101635,10,4,1,3,8
18101636,11,6,5,9,3
18101637,2,8,9,5,10
18101638,9,8,6,1,5
18101639,7,3,5,11,9
18101640,2,9,11,8,5
18101641,9,5,3,4,8
18101642,10,7,8,9,5
18101643,7,3,5,6,4
18101644,7,3,9,10,11
18101645,10,8,4,6,7
18101646,1,3,5,10,4
18101647,10,8,3,1,11
18101648,5,2,3,7,1
18101649,3,1,2,4,11
18101650,6,3,9,2,8
18101651,6,11,8,3,2
18101652,2,8,10,7,3
18101653,1,2,4,5,10
18101654,6,10,4,1,11
18101655,5,10,9,7,6
18101656,2,4,8,9,3
18101657,8,3,10,11,9
18101658,6,10,3,8,2
18101659,9,11,7,10,8
18101660,7,3,8,4,1
18101661,4,7,11,1,10
18101662,10,2,9,1,7
18101663,9,8,5,2,6
18101664,1,2,6,3,10
18101665,8,7,11,5,9
18101666,2,1,5,7,6
18101667,6,2,1,4,5
18101668,6,5,3,2,11
18101669,1,11,8,3,5
18101670,8,7,6,1,3
18101671,3,7,11,1,5
18101672,2,1,9,4,8
18101673,11,10,9,4,5
18101674,2,3,7,6,8
18101675,6,2,7,10,8
18101676,6,3,7,2,5
18101677,6,4,1,3,10
18101678,7,6,2,3,5
18101679,1,11,9,6,3
18101680,2,1,7,6,5
18101681,2,3,11,1,5
18101701,3,4,10,9,2
18101702,10,3,11,7,5
18101703,9,2,7,3,8
18101704,10,5,6,9,1
18101705,2,1,10,6,5
18101706,3,10,7,8,6
18101707,9,3,11,6,7
18101708,8,3,10,7,4
18101709,10,11,2,1,9
18101710,8,4,6,11,2
18101711,2,1,8,10,5
18101712,6,11,7,10,1
18101713,3,10,7,1,5
18101714,2,9,4,6,5
18101715,7,9,1,4,6
18101716,8,2,3,4,11
18101717,4,10,2,3,11
18101718,10,4,11,6,9
18101719,3,6,8,5,1
18101720,6,7,5,4,8
18101721,8,5,10,6,4
18101722,4,3,5,8,11
18101723,8,2,7,5,6
18101724,4,10,9,2,11
18101725,10,9,2,3,11
18101726,11,6,10,8,4
18101727,5,6,4,3,2
18101728,8,1,9,10,3
18101729,11,10,8,6,5
18101730,3,5,10,11,6
18101731,7,6,5,4,11
18101732,1,6,8,10,9
18101733,3,1,10,4,9
18101734,3,6,1,5,7
18101735,8,5,7,9,3
18101736,10,4,1,2,8
18101737,6,7,9,2,10
18101738,10,4,6,11,3
18101739,7,1,2,6,4
18101740,8,9,5,7,4
18101741,3,4,9,7,6
18101742,1,2,5,3,8
18101743,7,5,6,9,11
18101744,4,10,5,7,6
18101745,5,10,11,1,2
18101746,8,2,6,4,1
18101747,7,3,2,9,5
18101748,9,11,7,2,4
18101749,10,3,8,5,2
18101750,1,9,3,11,5
18101751,9,5,4,7,1
18101752,9,4,11,8,5
18101753,5,6,2,10,3
18101754,3,9,7,4,11
18101755,11,3,6,7,10
18101756,9,1,10,11,8
18101757,1,3,2,7,9
18101758,10,8,2,11,9
18101759,10,9,5,2,6
18101760,2,4,10,9,3
18101761,11,4,9,8,7
18101762,7,3,2,11,8
18101763,9,1,6,10,11
18101764,3,11,10,2,4
18101765,2,11,4,3,5
18101766,3,7,1,10,5
18101767,10,6,9,1,4
18101768,9,11,7,1,5
18101769,9,3,10,11,6
18101770,3,5,7,11,9
18101771,1,9,8,6,3
18101772,2,9,10,11,6
18101773,9,5,3,11,8
18101774,1,8,4,10,3
18101775,11,8,6,2,5
18101776,9,2,6,7,8
18101777,10,5,11,2,4
18101778,1,9,5,6,4
18101779,3,5,6,9,2
18101780,4,11,10,5,7
18101781,4,10,7,3,11
18101801,7,5,6,9,1
18101802,1,9,8,3,10
18101803,9,6,10,1,3
18101804,2,10,11,3,5
18101805,2,1,8,11,7
18101806,4,5,9,10,8
18101808,8,2,9,1,3
18101807,2,9,7,5,8
18101809,8,9,4,10,5
18101810,7,1,8,2,3
18101811,6,4,11,2,7
18101815,9,2,1,8,6
18101812,10,8,9,7,3
18101814,1,7,3,8,6
18101813,9,2,5,7,3
18101816,5,2,3,1,4
18101817,6,5,7,11,2
18101818,4,8,11,9,1
18101819,2,5,3,6,4
18101820,1,7,6,4,2
18101821,10,11,5,7,9
18101822,2,5,10,4,11
18101823,2,11,1,8,4
18101824,3,7,2,10,9
18101825,8,5,9,10,3
18101826,11,4,7,9,5
18101827,8,9,1,11,5
18101828,1,9,6,8,11
18101829,1,6,7,5,2
18101830,6,3,5,7,9
18101831,2,1,5,4,8
18101832,11,3,5,7,1
18101833,9,10,7,11,2
18101834,9,11,6,8,2
18101835,9,11,4,3,10
18101836,5,11,3,10,6
18101837,6,11,10,7,5
18101838,5,2,11,4,7
18101839,9,7,5,11,8
18101840,5,3,11,2,10
18101841,7,8,5,3,4
18101842,5,10,7,6,1
18101843,2,11,4,7,3
18101844,8,11,7,1,4
18101845,4,5,9,6,10
18101846,10,1,7,2,9
18101847,11,8,4,6,3
18101848,6,11,8,3,1
18101849,9,7,3,8,10
18101850,2,9,11,3,6
18101851,1,4,2,9,3
18101852,7,4,2,10,3
18101853,2,1,11,5,3
18101854,2,3,1,9,7
18101855,8,4,2,11,6
18101856,10,9,3,8,7
18101857,8,5,2,7,3
18101858,7,3,6,2,8
18101859,10,4,6,3,9
18101860,9,10,7,5,11
18101861,4,6,9,2,8
18101862,6,7,9,8,11
18101863,5,9,1,4,10
18101864,9,3,7,1,8
18101865,2,10,9,7,3
18101866,11,2,8,9,10
18101867,4,3,2,11,8
18101868,4,5,8,11,2
18101869,8,7,1,10,9
18101870,3,10,1,5,11
18101871,10,7,11,1,8
18101872,4,8,7,2,10
18101873,1,11,3,2,8
18101874,2,9,3,4,7
18101875,11,8,3,9,5
18101876,2,9,11,7,4
18101877,3,8,10,2,9
18101878,7,5,6,2,3
18101879,11,9,7,2,4
18101880,3,5,6,11,2
18101881,6,2,5,9,4
18101901,5,3,9,7,8
18101902,1,6,9,2,10
18101903,8,11,7,5,9
18101904,8,10,3,11,2
18101905,2,5,1,11,8
18101906,2,9,6,4,5
18101907,9,7,2,1,8
18101908,7,4,5,6,11
18101909,2,7,1,3,9
18101910,11,3,2,7,5
18101911,10,6,11,5,4
18101912,4,3,1,9,11
18101913,11,1,10,3,8
18101914,6,10,1,11,3
18101915,2,10,3,1,5
18101916,11,5,4,7,3
18101917,9,6,1,8,10
18101918,5,10,1,2,6
18101919,6,1,11,8,3
18101920,10,4,8,9,11
18101921,8,9,2,3,10
18101922,10,3,7,9,1
18101923,8,6,3,2,5
18101924,1,9,7,2,6
18101925,5,6,11,1,8
18101926,4,2,5,8,9
18101927,10,8,4,5,6
18101928,9,6,2,4,3
18101929,3,8,5,10,1
18101930,5,8,10,7,11
18101931,6,3,1,2,7
18101932,3,7,8,9,10
18101933,7,4,6,2,9
18101934,8,7,5,9,2
18101935,2,1,6,10,4
18101936,5,2,7,10,3
18101937,1,10,5,8,7
18101938,10,6,11,4,9
18101939,7,9,5,4,11
18101940,4,1,10,3,9
18101941,6,2,8,9,1
18101942,8,1,3,5,9
18101943,10,3,1,11,4
18101944,4,2,3,5,11
18101945,5,1,10,9,3
18101946,6,9,10,11,3
18101947,1,9,6,3,4
18101948,4,7,1,2,5
18101949,11,8,5,10,4
18101950,7,9,1,8,6
18101951,8,9,4,2,6
18101952,8,9,11,1,10
18101953,7,9,6,3,10
18101954,1,9,7,4,11
18101955,7,9,11,3,4
18101956,3,7,4,8,10
18101957,4,7,6,9,1
18101958,6,11,7,1,10
18101959,6,7,5,11,9
18101960,1,3,8,6,10
18101961,10,8,1,11,4
18101962,5,7,4,11,3
18101963,9,5,1,2,10
18101964,9,11,3,1,8
18101965,6,4,2,1,9
18101966,6,9,1,10,8
18101967,4,5,7,10,11
18101968,10,2,11,7,4
18101969,6,5,4,10,8
18101970,1,9,7,11,5
18101971,2,10,6,11,8
18101972,4,3,11,5,8
18101973,1,9,3,11,4
18101974,8,11,9,3,10
18101975,4,7,6,2,1
18101976,2,4,8,11,10
18101977,5,1,3,6,8
18101978,6,9,4,3,10
18101979,3,11,8,9,7
18101980,2,4,1,5,8
18101981,11,6,9,4,5
18102001,10,9,6,7,5
18102002,8,9,10,6,11
18102003,3,10,11,6,8
18102004,4,7,11,9,8
18102005,9,6,11,1,7
18102006,8,1,3,9,4
18102007,5,7,1,3,4
18102008,6,11,5,8,1
18102009,9,1,4,5,11
18102010,9,7,10,6,8
18102011,10,1,11,3,9
18102012,6,10,9,2,5
18102013,7,2,3,9,1
18102014,3,9,8,1,5
18102015,3,10,1,7,11
18102016,11,9,2,10,8
18102017,4,9,1,8,6
18102018,5,10,6,11,1
18102019,5,9,1,8,11
18102020,5,7,9,8,3
18102021,6,9,7,8,3
18102022,3,7,9,1,10
18102023,5,3,8,6,4
18102024,8,9,5,10,11
18102025,5,1,3,9,8
18102026,2,3,9,1,8
18102027,9,8,10,6,1
18102028,10,3,2,4,9
18102029,2,11,5,4,8
18102030,4,11,3,1,6
18102031,1,8,4,9,6
18102032,8,4,9,5,7
18102033,11,7,9,5,8
18102034,6,9,11,4,1
18102035,8,3,10,1,9
18102036,4,10,9,8,3
18102037,8,11,5,10,7
18102038,9,2,5,4,6
18102039,5,6,11,9,3
18102040,7,8,6,10,9
18102041,11,7,1,3,9
18102042,5,10,1,11,2
18102043,1,5,6,2,10
18102044,10,6,9,7,4
18102045,1,4,5,11,7
18102046,7,5,9,6,10
18102047,8,11,2,1,4
18102048,8,7,11,3,5
18102049,5,11,8,1,2
18102050,10,3,7,1,8
18102051,7,10,11,6,2
18102052,9,1,8,6,2
18102053,8,9,7,5,10
18102054,7,9,8,11,6
18102055,4,9,7,8,5
18102056,9,8,6,11,1
18102057,10,5,3,6,11
18102058,4,11,2,5,9
18102059,7,6,8,3,1
18102060,1,7,2,5,9
18102061,2,3,7,8,5
18102062,6,9,5,7,1
18102063,3,8,11,4,7
18102064,5,9,11,3,10
18102065,3,9,10,6,5
18102066,5,10,4,3,6
18102067,6,3,5,10,11
18102068,10,11,4,7,3
18102069,10,1,9,3,5
18102070,1,4,9,11,8
18102071,4,9,1,8,5
18102072,4,7,3,2,11
18102073,1,6,8,4,7
18102074,5,1,4,11,7
18102075,1,6,11,5,3
18102076,8,3,2,4,5
18102077,10,7,1,9,3
18102078,2,3,7,11,9
18102079,1,2,10,11,3
18102080,6,10,1,8,2
18102081,8,9,2,4,11
18102101,7,3,11,4,8
18102102,7,2,1,5,11
18102103,8,6,7,11,2
18102104,1,10,11,2,5
18102105,10,4,8,1,7
18102106,9,6,5,11,10
18102107,10,7,6,1,4
18102108,11,6,9,2,3
18102109,2,10,9,4,1
18102110,6,9,4,5,7
18102111,5,2,9,6,7
18102112,9,1,5,6,2
18102113,11,2,7,3,9
18102114,10,7,3,8,6
18102115,1,6,11,5,4
18102116,4,8,5,7,9
18102117,3,4,2,8,10
18102118,4,6,11,8,1
18102119,7,6,4,10,1
18102120,5,1,2,7,8
18102121,9,4,11,2,10
18102122,4,2,8,11,9
18102123,3,7,8,2,10
18102124,5,8,3,4,10
18102125,7,5,3,9,6
18102126,10,9,7,5,4
18102127,10,7,8,9,11
18102128,8,10,1,9,7
18102129,1,10,7,8,2
18102130,6,1,5,8,11
18102131,7,11,6,2,10
18102132,9,2,8,7,1
18102133,5,6,11,8,4
18102134,1,5,2,11,8
18102135,11,3,9,1,10
18102136,3,4,6,10,2
18102137,10,4,8,3,11
18102138,6,3,1,2,9
18102139,9,5,6,7,10
18102140,5,4,7,2,1
18102141,2,10,8,3,7
18102142,11,1,2,3,4
18102143,4,2,10,3,11
18102144,5,11,2,7,10
18102145,7,10,3,5,11
18102146,7,4,3,2,11
18102147,11,2,4,10,3
18102148,3,9,4,5,7
18102149,3,1,4,6,11
18102150,5,3,9,10,11
18102151,3,5,7,9,4
18102152,9,5,8,1,4
18102153,9,11,1,10,7
18102154,4,9,6,2,3
18102155,7,2,9,10,6
18102156,1,10,8,2,5
18102157,1,8,3,7,4
18102158,10,2,9,4,1
18102159,7,11,1,2,9
18102160,11,10,3,7,2
18102161,7,1,11,3,4
18102162,6,3,1,11,10
18102163,1,8,9,10,7
18102164,8,4,3,2,10
18102165,7,2,4,6,5
18102166,11,1,8,6,9
18102167,11,5,3,9,2
18102168,7,1,6,10,5
18102169,10,5,6,3,7
18102170,7,4,2,3,1
18102171,5,10,3,9,11
18102172,1,2,9,5,3
18102173,7,9,3,4,5
18102174,10,11,6,7,4
18102175,9,6,8,4,3
18102176,9,11,7,1,8
18102177,10,2,8,9,11
18102178,2,10,1,4,6
18102179,6,10,4,9,1
18102180,9,4,8,1,10
18102181,11,2,1,9,4
18102201,7,8,1,2,9
18102202,10,11,1,4,2
18102203,10,9,4,2,11
18102204,4,9,10,8,3
18102205,9,8,2,11,10
18102206,1,5,6,7,3
18102207,4,1,11,2,7
18102208,3,6,5,11,10
18102209,7,10,11,5,2
18102210,8,10,11,1,7
18102211,5,3,11,2,6
18102212,7,5,4,9,3
18102213,6,7,8,11,5
18102214,7,11,1,5,6
18102215,3,6,9,11,1
18102216,8,2,10,6,7
18102217,5,3,11,6,8
18102218,8,6,4,11,1
18102219,11,8,1,10,9
18102220,1,11,3,4,2
18102221,4,3,11,10,6
18102222,3,1,11,5,4
18102223,6,2,4,1,8
18102224,11,3,8,2,7
18102225,11,4,9,6,1
18102226,6,2,11,9,10
18102227,6,3,8,10,9
18102228,4,7,5,2,1
18102229,3,9,10,1,8
18102230,2,7,3,4,5
18102231,9,5,6,11,7
18102232,8,2,6,1,4
18102233,10,2,3,11,9
18102234,2,10,5,4,1
18102235,7,8,6,9,3
18102236,8,11,9,7,10
18102237,2,4,10,8,3
18102238,3,1,4,6,2
18102239,5,9,7,6,8
18102240,1,10,7,3,8
18102241,4,10,3,9,8
18102242,9,2,3,4,6
18102243,5,1,4,8,9
18102244,8,1,10,6,7
18102245,8,7,5,1,3
18102246,3,4,9,6,2
18102247,10,6,2,8,5
18102248,11,8,1,5,3
18102249,10,4,11,1,9
18102250,4,10,3,1,2
18102251,3,8,5,7,11
18102252,10,9,6,4,3
18102253,11,4,2,10,7
18102254,1,11,7,4,3
18102255,11,9,4,6,8
18102256,2,7,3,10,6
18102257,8,11,9,5,4
18102258,2,9,1,3,10
18102259,10,2,9,1,5
18102260,1,9,5,3,10
18102261,9,6,2,1,7
18102262,5,9,8,11,10
18102263,1,6,11,5,10
18102264,1,5,11,10,8
18102265,8,9,11,3,7
18102266,1,2,7,6,3
18102267,8,9,2,3,1
18102268,8,7,10,11,6
18102269,2,1,11,10,9
18102270,7,4,10,3,8
18102271,11,3,7,1,4
18102272,4,2,5,10,3
18102273,2,4,3,8,7
18102274,5,9,6,11,3
18102275,10,4,1,8,5
18102276,6,10,7,9,3
18102277,10,9,7,2,11
18102278,3,4,8,2,7
18102279,5,6,10,2,3
18102280,11,5,7,9,4
18102281,10,4,5,9,2
18102301,3,6,1,7,10
18102302,2,1,10,7,3
18102303,1,11,4,5,7
18102304,11,1,4,10,3
18102305,5,7,10,1,2
18102306,10,2,6,9,5
18102307,5,10,2,8,11
18102308,9,5,2,10,7
18102309,11,1,5,9,7
18102310,7,1,4,9,5
18102311,1,10,8,11,3
18102312,10,2,5,1,3
18102313,5,9,2,7,10
18102314,8,3,7,5,1
18102315,10,2,1,3,8
18102316,2,11,1,8,3
18102317,1,5,9,3,11
18102318,2,7,1,11,9
18102319,1,9,8,6,5
18102320,10,9,3,2,8
18102321,2,8,7,4,11
18102322,10,1,6,9,11
18102323,3,1,6,7,5
18102324,8,2,6,1,4
18102325,2,9,4,3,6
18102326,11,6,3,8,4
18102327,10,9,11,4,6
18102328,9,3,2,10,1
18102329,11,6,4,7,1
18102330,2,6,7,1,3
18102331,2,10,4,6,5
18102332,6,1,11,4,9
18102333,1,2,4,8,9
18102334,4,1,11,10,9
18102335,3,8,10,6,7
18102336,8,9,5,1,6
18102337,5,10,9,7,6
18102338,4,3,11,7,9
18102339,1,11,10,4,8
18102340,10,8,3,4,7
18102341,2,7,6,3,10
18102342,11,2,8,6,7
18102343,8,2,3,7,4
18102344,1,3,11,9,6
18102345,8,11,4,2,7
18102346,7,4,9,5,10
18102347,2,3,9,1,8
18102348,7,2,8,6,3
18102349,11,2,6,1,4
18102350,10,11,5,2,8
18102351,6,3,5,2,4
18102352,7,1,6,4,10
18102353,3,9,11,8,5
18102354,4,9,1,8,2
18102355,11,4,7,6,2
18102356,11,10,5,1,2
18102357,4,3,7,2,1
18102358,11,10,1,8,6
18102359,10,4,2,9,5
18102360,4,5,2,10,9
18102361,5,7,6,10,11
18102362,11,6,5,1,2
18102363,7,4,3,11,9
18102364,7,1,11,6,4
18102365,5,9,1,7,6
18102366,3,8,9,5,11
18102367,7,9,11,5,2
18102368,6,2,11,3,4
18102369,3,6,5,7,10
18102370,2,6,3,11,7
18102371,9,1,5,7,3
18102372,9,6,5,1,7
18102373,5,4,10,8,7
18102374,2,9,10,11,8
18102375,4,7,9,10,1
18102376,8,5,6,1,7
18102377,4,10,1,6,11
18102378,3,11,7,8,1
18102379,4,7,6,5,8
18102380,2,9,10,5,1
18102381,11,4,9,5,7
18102401,2,10,4,5,3
18102402,2,3,7,11,9
18102403,7,3,11,5,6
18102404,4,7,10,11,2
18102405,5,1,3,10,11
18102406,9,2,4,10,8
18102407,9,8,1,6,11
18102408,3,10,4,8,11
18102409,1,10,2,9,11
18102410,8,11,3,9,1
18102411,2,6,9,7,11
18102412,5,3,9,8,7
18102413,6,9,8,5,3
18102414,7,10,2,9,11
18102415,6,3,5,11,10
18102416,9,8,2,1,11
18102417,6,2,10,11,7
18102418,10,3,11,7,8
18102419,5,4,7,2,10
18102420,2,8,6,1,7
18102421,1,4,7,9,6
18102422,2,4,1,11,6
18102423,3,11,1,8,7
18102424,8,7,3,10,9
18102425,6,2,4,7,1
18102426,7,11,8,3,10
18102427,11,10,7,6,1
18102428,1,10,3,5,2
18102429,7,2,10,8,5
18102430,3,1,10,8,11
18102431,7,11,2,9,6
18102432,9,11,8,10,7
18102433,7,6,3,9,5
18102434,3,4,8,1,6
18102435,10,9,1,11,3
18102436,1,10,2,11,7
18102437,4,8,7,6,2
18102438,11,4,9,8,3
18102439,2,1,10,4,9
18102440,10,8,7,6,2
18102441,6,3,2,4,10
18102442,4,10,1,8,7
18102443,4,8,11,1,6
18102444,3,9,5,1,4
18102445,10,6,3,5,7
18102446,4,8,2,11,9
18102447,3,7,11,1,9
18102448,9,6,10,7,5
18102449,1,5,10,3,4
18102450,11,7,2,6,9
18102451,3,6,11,4,8
18102452,1,4,7,10,2
18102453,10,9,1,6,5
18102454,1,3,5,10,11
18102455,11,6,10,9,1
18102456,2,8,10,1,9
18102457,5,9,3,7,4
18102458,6,11,7,8,2
18102459,2,3,5,6,8
18102460,4,3,10,1,7
18102461,7,6,10,8,4
18102462,2,9,11,3,10
18102463,5,6,9,8,11
18102464,4,11,8,7,1
18102465,5,10,11,7,8
18102466,4,7,9,8,11
18102467,2,3,5,9,8
18102468,4,11,8,3,9
18102469,7,10,2,1,5
18102470,3,6,5,1,11
18102471,3,8,6,7,2
18102472,2,10,5,3,8
18102473,1,4,5,9,10
18102474,1,4,2,6,3
18102475,1,8,5,4,6
18102476,5,1,3,11,4
18102477,3,5,6,4,9
18102478,8,1,6,10,2
18102479,5,3,9,10,2
18102480,11,10,4,5,1
18102481,11,3,1,9,2
18102501,6,1,2,9,8
18102502,2,9,4,8,3
18102503,9,5,7,11,4
18102504,6,2,11,4,10
18102505,1,8,7,10,11
18102506,2,6,7,10,4
18102507,5,6,1,2,11
18102508,4,7,3,8,5
18102509,1,7,9,10,6
18102510,1,7,10,8,4
18102511,3,8,9,11,1
18102512,3,4,8,6,10
18102513,1,2,7,9,5
18102514,9,10,5,3,2
18102515,1,11,9,8,6
18102516,7,9,10,5,6
18102517,4,3,7,6,8
18102518,7,11,5,6,10
18102519,3,10,1,6,5
18102520,1,4,9,3,6
18102521,5,9,6,3,10
18102522,6,3,7,4,1
18102523,8,10,3,11,7
18102524,10,7,8,9,3
18102525,10,8,11,6,1
18102526,3,2,5,7,6
18102527,10,3,2,8,1
18102528,4,3,11,2,6
18102529,1,8,9,11,7
18102530,8,7,3,11,4
18102531,6,4,8,3,11
18102532,8,10,4,5,6
18102533,7,11,6,3,2
18102534,7,2,8,11,6
18102535,7,6,5,8,1
18102536,6,8,11,10,7
18102537,10,9,6,7,1
18102538,11,10,1,9,2
18102539,7,8,2,4,9
18102540,3,10,1,8,5
18102541,4,5,10,8,11
18102542,1,3,5,10,11
18102543,4,6,10,1,11
18102544,9,8,6,5,4
18102545,2,7,5,10,1
18102546,4,11,9,10,1
18102547,4,6,5,10,2
18102548,11,4,5,3,2
18102549,10,5,4,1,9
18102550,7,6,4,8,5
18102551,2,5,3,11,6
18102552,5,4,6,8,11
18102553,11,3,5,9,8
18102554,8,4,10,3,2
18102555,3,4,8,9,1
18102556,5,10,7,2,11
18102557,6,2,1,8,4
18102558,5,9,7,2,11
18102559,3,1,4,10,8
18102560,2,6,1,4,7
18102561,11,6,4,3,10
18102562,3,6,10,9,4
18102563,7,11,5,4,10
18102564,5,7,10,9,4
18102565,1,11,6,2,5
18102566,7,5,9,2,4
18102567,4,6,8,2,7
18102568,2,4,5,8,1
18102569,4,5,11,6,3
18102570,4,3,11,5,6
18102571,2,9,3,11,4
18102572,11,3,1,5,7
18102573,11,7,6,4,1
18102574,11,9,5,4,1
18102575,5,1,8,7,6
18102576,8,7,11,10,2
18102577,1,4,6,10,3
18102578,1,11,4,10,7
18102579,8,11,2,6,3
18102580,8,3,4,2,7
18102581,2,10,4,3,7
18102601,4,1,8,7,6
18102602,2,1,5,3,8
18102603,7,11,9,2,6
18102604,9,2,11,1,6
18102605,8,9,3,7,4
18102606,8,2,9,10,4
18102607,2,1,6,10,7
18102608,5,10,4,6,7
18102609,11,4,5,9,10
18102610,9,11,2,1,5
18102611,3,5,10,4,7
18102612,9,7,3,11,1
18102613,2,5,8,10,4
18102614,8,9,2,10,4
18102615,9,8,6,5,4
18102616,7,3,1,10,5
18102617,3,5,8,11,4
18102618,4,6,2,1,7
18102619,4,11,6,2,9
18102620,4,5,10,2,8
18102621,1,10,8,4,2
18102622,10,2,11,7,4
18102623,5,10,6,9,4
18102624,3,7,8,5,4
18102625,10,5,9,11,7
18102626,11,9,5,2,7
18102627,11,6,8,4,5
18102628,4,10,6,1,11
18102629,9,7,6,1,5
18102630,1,6,11,4,8
18102631,6,9,2,10,4
18102632,10,4,2,7,8
18102633,7,5,6,9,3
18102634,5,9,7,6,1
18102635,1,2,5,9,3
18102636,9,6,8,1,7
18102637,3,1,6,11,4
18102638,4,8,2,11,10
18102639,5,6,8,4,3
18102640,6,9,4,10,2
18102641,10,4,1,7,5
18102642,4,6,5,8,1
18102643,9,5,3,11,8
18102644,10,7,1,6,4
18102645,9,7,5,3,11
18102646,11,8,9,6,7
18102647,6,10,9,8,11
18102648,9,8,2,10,1
18102649,11,6,2,8,1
18102650,6,5,10,2,3
18102651,5,6,10,1,7
18102652,6,3,7,2,10
18102653,10,11,3,4,2
18102654,8,2,11,9,6
18102655,5,10,6,1,4
18102656,4,11,5,9,6
18102657,10,11,4,8,9
18102658,9,2,1,10,11
18102659,5,6,3,7,8
18102660,7,5,9,11,6
18102661,10,1,5,7,11
18102662,4,6,1,3,5
18102663,3,2,5,11,1
18102664,10,4,3,2,6
18102665,7,8,9,6,3
18102666,4,11,9,5,2
18102667,7,3,9,1,10
18102668,4,6,10,8,1
18102669,5,7,9,8,10
18102670,7,4,10,6,1
18102671,11,7,2,9,3
18102672,5,4,11,7,2
18102673,2,10,8,6,11
18102674,6,10,1,5,7
18102675,6,1,5,7,8
18102676,1,8,7,2,6
18102677,8,6,9,11,3
18102678,7,3,11,9,5
18102679,3,4,7,2,9
18102680,5,3,2,1,4
18102681,5,4,1,10,3
18102701,11,3,4,10,1
18102702,1,4,5,2,10
18102703,1,4,6,7,10
18102704,11,2,6,9,7
18102705,6,7,5,10,11
18102706,6,2,7,10,4
18102707,7,1,10,4,5
18102708,6,8,9,1,3
18102709,3,1,10,6,2
18102710,8,7,2,4,11
18102711,1,10,9,11,7
18102712,6,1,5,10,2
18102713,1,3,6,5,10
18102714,1,6,2,11,9
18102715,8,9,2,1,3
18102716,3,11,2,9,1
18102717,9,7,3,4,5
18102718,3,7,8,10,11
18102719,11,8,4,9,10
18102720,10,2,7,6,8
18102721,9,5,11,7,6
18102722,10,5,3,6,7
18102723,8,4,5,1,7
18102724,8,6,11,9,1
18102725,4,7,3,5,9
18102726,10,3,5,9,11
18102727,8,3,1,4,6
18102728,11,10,4,5,8
18102729,9,5,11,8,4
18102730,2,9,5,4,10
18102731,1,5,3,7,8
18102732,8,5,11,10,2
18102733,7,3,1,5,9
18102734,4,9,2,3,11
18102735,7,4,2,1,11
18102736,7,6,3,5,10
18102737,11,4,7,8,2
18102738,3,4,6,7,5
18102739,7,4,5,8,11
18102740,7,4,10,11,6
18102741,6,11,9,4,10
18102742,8,7,4,3,6
18102743,4,1,8,6,3
18102744,3,8,1,11,5
18102745,10,9,4,11,1
18102746,2,6,5,1,10
18102747,10,3,1,5,8
18102748,3,6,11,10,5
18102749,5,1,3,10,11
18102750,6,8,10,1,9
18102751,3,10,5,9,8
18102752,8,2,4,11,3
18102753,4,8,3,9,11
18102754,9,8,10,4,3
18102755,8,2,9,5,4
18102756,7,5,6,2,1
18102757,7,10,3,6,4
18102758,7,5,4,11,10
18102759,10,8,2,5,7
18102760,4,5,8,11,7
18102761,2,3,5,8,7
18102762,7,6,5,9,2
18102763,2,8,7,10,1
18102764,8,1,6,2,4
18102765,3,7,1,8,10
18102766,5,7,11,10,3
18102767,3,1,6,4,7
18102768,4,5,6,11,3
18102769,1,10,11,2,5
18102770,5,1,9,4,3
18102771,6,11,8,1,4
18102772,3,8,6,4,1
18102773,9,5,8,11,6
18102774,1,7,10,5,8
18102775,11,9,7,1,6
18102776,8,7,4,2,1
18102777,7,6,1,9,2
18102778,8,9,6,7,10
18102779,1,5,11,4,2
18102780,7,3,6,8,5
18102781,6,5,8,3,11
18102801,4,2,7,3,10
18102802,7,10,6,5,3
18102803,2,10,9,6,7
18102804,8,4,10,9,5
18102805,4,6,2,7,5
18102806,5,1,11,6,7
18102807,3,9,7,1,2
18102808,2,5,1,11,3
18102809,5,3,7,9,2
18102810,2,3,11,4,9
18102811,7,1,9,11,3
18102812,1,5,4,9,3
18102813,7,10,5,11,8
18102814,7,1,4,2,5
18102815,5,2,9,1,6
18102816,7,9,2,6,3
18102817,11,3,8,1,2
18102818,6,5,7,2,11
18102819,4,6,1,11,9
18102820,5,6,4,7,3
18102821,11,2,3,9,6
18102822,2,6,11,1,4
18102823,2,1,8,9,6
18102824,7,1,5,6,8
18102825,11,6,7,10,2
18102826,1,2,9,7,10
18102827,8,3,9,4,11
18102828,10,7,6,11,2
18102829,5,7,8,3,4
18102830,6,3,11,7,1
18102831,6,4,8,5,2
18102832,8,4,3,5,6
18102833,9,4,11,7,6
18102834,11,8,1,3,10
18102835,2,4,10,7,5
18102836,4,3,11,10,5
18102837,2,8,10,6,9
18102838,5,8,11,4,1
18102839,5,9,11,6,8
18102840,2,5,9,8,4
18102841,6,2,7,5,4
18102842,8,11,9,3,2
18102843,5,10,4,11,2
18102844,8,10,7,9,4
18102845,3,8,10,6,9
18102846,11,10,1,9,2
18102847,2,10,1,8,5
18102848,6,11,3,8,4
18102849,9,8,3,6,5
18102850,4,1,6,10,8
18102851,2,5,8,3,9
18102852,10,5,9,1,2
18102853,3,8,6,11,4
18102854,11,3,4,1,6
18102855,11,2,8,4,1
18102856,9,4,3,7,11
18102857,1,11,2,10,4
18102858,1,10,11,2,7
18102859,7,10,8,3,1
18102860,11,7,8,3,4
18102861,5,2,8,4,9
18102862,3,1,2,5,11
18102863,2,8,5,3,9
18102864,6,5,10,11,8
18102865,5,4,9,11,1
18102866,9,4,3,8,1
18102867,11,7,3,1,9
18102868,5,8,2,3,9
18102869,4,9,7,10,8
18102870,8,10,2,3,7
18102871,6,5,3,8,7
18102872,9,8,7,3,2
18102873,1,4,10,7,5
18102874,3,1,5,7,8
18102875,3,1,9,4,6
18102876,7,2,8,4,10
18102877,3,7,2,8,9
18102878,5,7,3,11,2
18102879,11,9,8,2,10
18102880,5,8,9,2,6
18102881,8,11,7,4,6
18102901,4,10,9,5,6
18102902,11,6,4,8,10
18102903,2,3,7,10,5
18102904,6,8,11,3,10
18102905,8,5,2,11,9
18102906,3,4,1,8,5
18102907,7,4,3,10,9
18102908,11,7,3,5,1
18102909,4,1,7,8,11
18102910,11,9,8,7,1
18102911,4,8,3,11,1
18102912,11,1,8,2,3
18102913,5,7,10,6,9
18102914,4,9,10,6,11
18102915,11,5,7,6,8
18102916,11,5,1,4,6
18102917,2,10,9,1,8
18102918,6,3,10,4,5
18102919,9,7,11,8,10
18102920,5,9,6,2,10
18102921,1,2,9,7,3
18102922,3,2,10,4,9
18102923,9,3,4,2,7
18102924,10,4,2,1,3
18102925,8,3,4,1,9
18102926,2,9,11,1,8
18102927,7,9,8,2,10
18102928,8,4,3,9,2
18102929,11,10,6,3,2
18102930,3,2,11,10,6
18102931,2,8,10,5,1
18102932,9,6,5,4,8
18102933,10,6,8,4,7
18102934,11,10,3,1,7
18102935,10,4,3,9,5
18102936,9,10,8,3,6
18102937,11,9,7,3,4
18102938,11,2,5,1,4
18102939,7,9,5,8,1
18102940,2,8,5,6,10
18102941,4,10,3,9,2
18102942,10,6,8,9,7
18102943,11,2,7,4,6
18102944,10,7,4,2,5
18102945,8,7,11,5,6
18102946,9,7,11,8,10
18102947,7,3,5,10,2
18102948,8,2,9,6,3
18102949,8,1,5,10,9
18102950,2,5,11,7,3
18102951,5,9,3,4,7
18102952,8,9,4,2,10
18102953,9,11,3,7,1
18102954,9,5,4,7,2
18102955,10,7,3,4,5
18102956,7,5,6,3,8
18102957,2,10,8,4,6
18102958,8,9,3,5,4
18102959,3,11,7,1,4
18102960,4,5,7,2,3
18102961,6,3,1,5,2
18102962,10,3,11,5,6
18102963,4,2,9,3,6
18102964,11,2,8,5,10
18102965,7,8,5,2,6
18102966,4,5,7,11,3
18102967,2,5,8,10,9
18102968,5,6,9,7,11
18102969,10,1,5,11,9
18102970,5,8,11,6,10
18102971,4,8,10,6,7
18102972,4,7,6,11,1
18102973,9,11,6,1,2
18102974,3,5,7,11,9
18102975,5,6,7,3,8
18102976,4,6,11,7,5
18102977,3,8,9,7,2
18102978,8,6,7,9,5
18102979,10,3,11,5,2
18102980,3,8,2,5,10
18102981,7,3,4,2,8
18103001,4,9,11,5,3
18103002,3,1,6,5,7
18103003,8,4,9,3,7
18103004,6,2,4,11,10
18103005,1,4,3,10,7
18103006,10,1,3,6,2
18103007,5,3,1,6,4
18103008,1,2,11,9,7
18103009,1,9,4,11,6
18103010,6,2,5,4,7
18103011,4,6,10,11,8
18103012,6,1,3,10,4
18103013,11,5,9,7,4
18103014,9,4,10,3,11
18103015,4,2,8,1,7
18103016,11,6,4,7,8
18103017,10,4,7,9,6
18103018,11,10,2,5,1
18103019,7,11,1,5,9
18103020,10,7,4,3,2
18103021,7,9,1,4,3
18103022,3,2,8,1,11
18103023,4,10,11,9,5
18103024,9,8,6,7,5
18103025,9,10,3,1,2
18103026,11,9,8,10,1
18103027,1,8,10,6,5
18103028,3,4,1,6,10
18103029,7,11,8,4,10
18103030,10,11,5,4,3
18103031,8,11,3,7,6
18103032,3,9,1,10,5
18103033,8,6,9,11,1
18103034,10,9,3,5,7
18103035,11,3,8,2,7
18103036,7,8,2,3,9
18103037,7,2,1,8,4
18103038,1,11,4,8,10
18103039,9,10,1,6,7
18103040,11,4,9,2,3
18103041,1,5,9,7,3
18103042,5,8,7,1,9
18103043,10,4,1,9,8
18103044,9,4,3,10,6
18103045,2,1,6,4,11
18103046,1,5,7,3,8
18103047,3,8,5,6,11
18103048,9,7,8,6,1
18103049,9,8,1,4,7
18103050,10,8,2,3,4
18103051,8,9,7,2,4
18103052,1,7,5,2,10
18103053,7,11,2,1,5
18103054,11,4,6,5,3
18103055,6,3,4,9,11
18103056,4,1,9,7,3
18103057,10,6,5,2,4
18103058,11,8,1,6,7
18103059,2,1,3,7,4
18103060,2,6,9,7,4
18103061,7,11,6,5,8
18103062,3,2,1,6,7
18103063,7,2,4,5,8
18103064,5,9,10,11,2
18103065,7,11,6,5,2
18103066,3,10,7,2,1
18103067,9,2,3,8,10
18103068,3,5,6,8,2
18103069,8,11,7,5,6
18103070,3,11,7,9,2
18103071,8,6,5,4,7
18103072,10,11,3,1,9
18103073,3,6,9,10,8
18103074,7,1,3,4,8
18103075,7,2,8,10,3
18103076,9,4,11,10,7
18103077,8,6,9,2,11
18103078,8,5,6,9,4
18103079,4,3,6,1,8
18103080,7,5,8,6,4
18103081,6,10,2,5,4
18103101,6,5,3,2,11
18103102,11,1,4,7,9
18103103,11,6,7,5,4
18103104,8,9,3,10,11
18103105,10,11,9,5,6
18103106,8,3,5,1,9
18103107,2,4,6,9,3
18103108,9,6,3,4,1
18103109,10,1,9,2,3
18103110,10,9,6,3,11
18103111,5,11,9,1,4
18103112,1,7,6,10,8
18103113,8,4,6,5,7
18103114,6,9,10,2,7
18103115,9,2,3,5,1
18103116,5,6,10,9,11
18103117,11,10,2,9,8
18103118,2,3,10,8,5
18103119,11,10,3,9,2
18103120,7,5,6,1,2
18103121,3,7,6,8,5
18103122,6,10,1,4,7
18103123,2,9,3,6,8
18103124,2,4,3,5,6
18103125,7,10,3,6,9
18103126,9,7,3,5,11
18103127,3,8,5,11,2
18103128,10,5,8,6,2
18103129,1,5,8,7,2
18103130,1,2,11,5,4
18103131,11,2,10,9,5
18103132,7,3,9,5,10
18103133,1,6,3,4,8
18103134,2,3,7,5,10
18103135,9,7,3,2,6
18103136,1,10,7,3,8
18103137,9,4,3,1,11
18103138,7,1,3,4,2
18103139,1,2,8,5,11
18103140,9,1,10,5,3
18103141,5,8,7,3,6
18103142,5,7,10,11,3
18103143,7,11,3,9,8
18103144,9,10,11,1,2
18103145,2,4,10,1,7
18103146,6,4,9,1,8
18103147,8,3,11,1,5
18103148,1,5,11,7,4
18103149,10,1,7,5,9
18103150,6,8,11,10,4
18103151,1,2,6,4,10
18103152,7,4,9,6,5
18103153,1,8,5,2,3
18103154,6,9,3,1,8
18103155,9,7,5,11,10
18103156,7,5,2,6,1
18103157,7,1,8,11,10
18103158,6,3,1,9,7
18103159,8,10,2,4,6
18103160,3,5,1,4,6
18103161,10,11,8,2,4
18103162,6,10,4,7,5
18103163,6,5,3,10,11
18103164,3,8,5,9,1
18103165,5,6,7,3,4
18103166,10,2,9,4,8
18103167,2,6,11,5,4
18103168,5,3,2,7,4
18103169,10,9,1,11,2
18103170,4,8,2,3,1
18103171,10,2,11,3,6
18103172,8,7,3,5,6
18103173,11,4,3,2,6
18103174,9,6,3,1,4
18103175,8,6,7,9,2
18103176,11,1,7,8,3
18103177,8,11,5,9,1
18103178,11,6,4,1,8
18103179,4,9,10,2,11
18103180,11,7,6,8,4
18103181,11,8,6,5,1
