19010101,3,11,5,1,10
19010102,4,9,7,3,6
19010103,2,8,7,9,1
19010104,8,11,1,10,5
19010105,6,7,8,2,9
19010106,9,3,7,10,8
19010107,9,4,3,2,5
19010108,5,1,8,4,2
19010109,10,9,3,2,6
19010110,4,10,2,5,11
19010111,2,6,11,10,3
19010112,8,3,7,5,6
19010113,10,9,11,5,3
19010114,2,4,8,7,6
19010115,4,8,1,6,11
19010116,10,2,3,11,9
19010117,9,10,8,1,7
19010118,11,2,9,6,1
19010119,3,11,2,5,8
19010120,4,9,11,1,6
19010121,3,4,9,5,10
19010122,5,1,4,11,3
19010123,10,4,3,8,2
19010124,7,6,1,11,5
19010125,6,8,3,11,7
19010126,9,2,6,4,1
19010127,9,11,1,6,10
19010128,5,2,9,7,4
19010129,4,1,8,10,2
19010130,9,1,11,7,4
19010131,10,7,9,11,2
19010132,4,3,9,11,2
19010133,4,1,9,5,6
19010134,10,11,1,4,2
19010135,11,6,3,1,10
19010136,11,3,5,6,9
19010137,4,8,5,1,9
19010138,3,2,11,4,5
19010139,1,8,6,9,11
19010140,6,1,7,3,2
19010141,3,8,11,5,1
19010142,4,5,9,8,11
19010143,2,7,5,6,8
19010144,11,3,10,2,6
19010145,9,1,2,3,11
19010146,9,10,8,2,4
19010147,9,6,3,5,7
19010148,6,5,1,4,8
19010149,1,5,6,11,2
19010150,11,1,10,7,3
19010151,3,5,9,1,7
19010152,9,5,4,6,8
19010153,8,10,9,4,5
19010154,11,10,4,9,5
19010155,2,11,5,10,4
19010156,10,9,11,1,3
19010157,8,2,6,9,7
19010158,2,4,9,7,3
19010159,9,11,7,1,8
19010160,8,9,6,5,7
19010161,6,2,5,11,1
19010162,7,11,9,5,6
19010163,3,5,10,8,2
19010164,2,11,8,1,3
19010165,5,1,7,9,11
19010166,4,6,9,8,2
19010167,1,11,4,3,10
19010168,9,8,10,3,7
19010169,9,7,10,5,8
19010170,1,7,9,6,3
19010171,2,5,9,1,10
19010172,7,10,9,2,11
19010173,4,5,7,11,8
19010174,7,3,11,10,5
19010175,8,3,2,5,11
19010176,5,2,8,6,9
19010177,4,8,10,6,11
19010178,2,11,9,8,4
19010179,1,5,7,3,11
19010180,5,9,8,2,6
19010181,6,10,11,3,7
19010201,10,5,9,7,11
19010202,9,4,7,1,11
19010203,4,8,7,3,9
19010204,4,9,7,2,10
19010205,3,7,9,6,4
19010206,2,3,10,4,1
19010207,9,6,8,2,5
19010208,7,11,8,10,9
19010209,4,7,6,5,2
19010210,7,3,8,11,2
19010211,10,7,3,2,8
19010212,5,6,10,11,9
19010213,8,10,9,2,7
19010214,3,11,2,4,10
19010215,3,2,4,9,10
19010216,11,8,3,9,10
19010217,1,11,2,3,5
19010218,4,7,5,6,2
19010219,10,7,8,1,4
19010220,10,4,9,1,8
19010221,10,9,7,1,11
19010222,7,8,2,3,5
19010223,11,1,2,4,10
19010224,9,1,7,10,8
19010225,11,6,1,4,9
19010226,9,4,8,10,6
19010227,4,3,8,10,5
19010228,7,5,8,3,6
19010229,10,9,2,6,3
19010230,5,11,3,8,9
19010231,4,11,8,10,7
19010232,2,8,4,5,3
19010233,11,4,6,9,8
19010234,11,10,5,8,2
19010235,8,4,10,5,2
19010236,8,11,10,5,7
19010237,9,3,6,5,2
19010238,9,4,2,11,5
19010239,1,2,9,10,6
19010240,11,4,3,10,8
19010241,7,4,8,9,2
19010242,4,7,8,5,3
19010243,10,4,5,8,3
19010244,6,1,4,8,3
19010245,5,8,2,4,7
19010246,8,5,3,11,6
19010247,11,10,5,6,3
19010248,1,6,11,8,9
19010249,6,3,2,1,10
19010250,6,3,11,5,7
19010251,5,10,2,1,4
19010252,4,3,8,2,5
19010253,1,4,5,10,9
19010254,3,2,11,4,5
19010255,6,10,2,7,11
19010256,10,3,9,4,1
19010257,1,7,10,3,8
19010258,11,3,1,4,7
19010259,4,2,8,9,1
19010260,8,5,3,10,11
19010261,3,10,6,1,8
19010262,8,10,7,6,3
19010263,11,9,5,3,4
19010264,6,11,4,8,9
19010265,5,11,1,2,4
19010266,4,3,6,1,11
19010267,5,2,11,10,8
19010268,11,5,4,6,2
19010269,10,2,1,5,9
19010270,5,6,9,4,11
19010271,7,1,11,4,3
19010272,3,7,8,10,4
19010273,5,3,10,1,9
19010274,7,11,8,2,5
19010275,9,8,1,4,11
19010276,4,11,2,9,5
19010277,11,7,5,6,8
19010278,4,6,8,10,5
19010279,8,6,9,2,5
19010280,9,4,6,1,11
19010281,11,10,7,1,4
19010301,11,9,5,1,6
19010302,7,11,4,8,5
19010303,9,10,5,7,2
19010304,6,1,8,3,9
19010305,10,5,9,7,3
19010306,5,11,4,1,10
19010307,6,9,11,3,2
19010308,2,7,10,1,3
19010309,1,8,3,6,4
19010310,6,10,5,9,1
19010311,9,6,11,1,2
19010312,8,9,6,3,10
19010313,9,3,2,11,1
19010314,9,6,10,2,1
19010315,7,9,11,1,8
19010316,9,4,2,5,10
19010317,3,5,1,8,6
19010318,7,4,6,8,9
19010319,6,10,1,9,11
19010320,4,6,1,3,11
19010321,2,7,6,8,11
19010322,9,1,8,6,5
19010323,6,2,7,5,10
19010324,10,7,8,5,4
19010325,11,4,8,2,6
19010326,7,8,11,5,4
19010327,5,4,11,6,8
19010328,11,2,8,5,3
19010329,9,1,5,7,10
19010330,7,1,8,2,5
19010331,2,7,11,5,1
19010332,3,9,5,10,6
19010333,9,1,5,3,8
19010334,9,8,5,2,10
19010335,10,5,8,1,4
19010336,11,1,3,9,8
19010337,9,1,8,10,7
19010338,7,5,8,6,2
19010339,11,1,9,7,2
19010340,1,4,5,11,10
19010341,5,4,9,7,2
19010342,11,6,4,5,9
19010343,6,1,7,8,10
19010344,2,10,11,7,5
19010345,10,4,2,8,5
19010346,8,4,1,10,5
19010347,5,4,2,1,8
19010348,3,5,11,9,10
19010349,5,3,11,10,1
19010350,7,5,8,4,3
19010351,11,10,5,3,6
19010352,2,8,3,5,9
19010353,11,2,4,1,6
19010354,7,9,3,6,11
19010355,4,11,8,5,1
19010356,2,11,10,3,5
19010357,9,10,1,3,6
19010358,2,1,8,10,9
19010359,4,7,3,11,10
19010360,11,8,6,7,5
19010361,6,11,10,3,5
19010362,5,1,2,11,4
19010363,8,6,1,5,10
19010364,5,1,7,3,6
19010365,5,1,9,11,7
19010366,1,2,3,4,10
19010367,9,2,11,3,1
19010368,9,6,8,10,11
19010369,4,3,8,9,5
19010370,2,9,7,8,11
19010371,7,9,11,8,5
19010372,10,1,7,3,5
19010373,8,6,10,5,9
19010374,5,1,7,9,11
19010375,7,3,8,9,6
19010376,5,3,9,7,2
19010377,5,11,8,6,1
19010378,1,4,6,5,11
19010379,9,11,4,6,1
19010380,3,5,6,10,11
19010381,9,8,1,6,2
19010401,10,6,9,3,4
19010402,10,8,7,2,6
19010403,4,2,1,10,3
19010404,5,9,7,8,10
19010405,3,6,9,1,4
19010406,7,4,11,5,1
19010407,1,4,5,11,2
19010408,7,2,9,6,11
19010409,6,9,5,4,2
19010410,3,6,1,10,7
19010411,5,7,4,11,9
19010412,11,4,8,6,10
19010413,3,9,4,2,8
19010414,5,11,7,8,6
19010415,10,1,5,9,11
19010416,10,11,1,4,5
19010417,2,5,8,4,3
19010418,1,2,10,11,5
19010419,6,1,5,9,7
19010420,5,7,4,9,6
19010421,7,8,4,10,6
19010422,4,8,9,11,2
19010423,9,10,1,4,8
19010424,11,10,3,1,7
19010425,8,5,7,1,6
19010426,11,4,6,8,3
19010427,4,8,3,6,2
19010428,1,11,8,7,9
19010429,1,10,11,6,3
19010430,4,1,9,5,10
19010431,2,11,4,5,6
19010432,5,4,9,8,7
19010433,7,9,4,5,1
19010434,8,9,1,7,6
19010435,4,3,7,1,10
19010436,6,1,4,8,2
19010437,8,4,9,10,7
19010438,8,9,10,6,5
19010439,5,1,3,9,2
19010440,7,8,9,6,2
19010441,1,11,8,5,3
19010442,5,4,9,6,8
19010443,6,1,4,3,11
19010444,8,3,1,5,6
19010445,7,4,6,10,11
19010446,7,2,3,4,5
19010447,11,9,2,5,3
19010448,2,6,7,5,10
19010449,8,5,1,4,2
19010450,1,8,9,11,4
19010451,6,3,5,7,4
19010452,7,2,3,8,6
19010453,9,10,4,7,1
19010454,4,8,5,9,7
19010455,8,7,4,10,9
19010456,9,1,6,7,8
19010457,1,3,5,10,2
19010458,6,5,11,10,9
19010459,11,3,6,5,4
19010460,6,4,8,7,5
19010461,2,9,6,8,4
19010462,2,6,11,7,9
19010463,6,9,5,10,8
19010464,5,7,8,10,3
19010465,11,9,10,4,5
19010466,9,4,7,1,11
19010467,7,3,11,10,2
19010468,1,4,7,5,10
19010469,10,3,5,7,6
19010470,4,5,10,7,1
19010471,3,4,6,2,9
19010472,8,7,10,3,6
19010473,10,1,11,5,2
19010474,7,1,4,11,8
19010475,6,4,11,7,8
19010476,2,9,4,8,7
19010477,1,2,5,11,6
19010478,1,5,4,2,10
19010479,4,11,3,8,1
19010480,10,1,6,5,9
19010481,7,1,4,9,3
19010501,2,9,11,1,4
19010502,11,6,1,9,3
19010503,5,2,3,8,4
19010504,11,2,5,3,8
19010505,9,6,7,1,8
19010506,5,8,3,4,10
19010507,2,5,3,7,1
19010508,5,6,7,3,11
19010509,11,5,3,2,6
19010510,1,7,11,6,3
19010511,5,3,9,8,2
19010512,5,11,9,2,6
19010513,4,8,11,3,9
19010514,8,10,1,5,7
19010515,1,5,8,2,7
19010516,8,11,6,9,3
19010517,6,4,7,10,9
19010518,7,10,6,4,8
19010519,7,4,2,5,10
19010520,10,7,9,8,1
19010521,11,5,4,3,1
19010522,3,2,5,11,7
19010523,11,1,3,7,6
19010524,10,2,5,8,6
19010525,11,4,2,7,1
19010526,7,6,10,3,4
19010527,10,7,8,9,3
19010528,8,9,11,1,3
19010529,1,9,8,6,7
19010530,11,5,6,9,7
19010531,8,3,1,2,7
19010532,5,7,11,4,6
19010533,2,5,11,4,8
19010534,2,1,7,4,8
19010535,7,5,11,10,6
19010536,2,9,1,5,8
19010537,11,5,1,2,3
19010538,6,11,10,3,7
19010539,4,10,6,1,9
19010540,2,3,5,11,1
19010541,6,8,5,11,1
19010542,1,10,7,9,5
19010543,5,8,10,11,9
19010544,6,1,4,9,10
19010545,1,4,2,5,9
19010546,6,1,5,11,4
19010547,10,11,6,5,8
19010548,2,8,7,5,6
19010549,1,10,5,6,11
19010550,5,6,3,4,9
19010551,4,9,5,1,11
19010552,7,2,11,4,5
19010553,9,2,7,1,5
19010554,3,5,2,8,11
19010555,8,2,11,9,7
19010556,11,9,2,7,5
19010557,9,11,4,5,6
19010558,7,6,5,1,3
19010559,7,5,10,1,2
19010560,11,2,8,10,6
19010561,2,9,8,7,4
19010562,9,4,6,2,3
19010563,4,6,5,3,1
19010564,8,6,5,4,9
19010565,3,2,9,11,5
19010566,11,7,9,4,10
19010567,9,6,7,1,10
19010568,6,11,5,3,4
19010569,4,5,9,7,6
19010570,8,6,1,10,4
19010571,5,6,11,8,9
19010572,10,7,4,8,2
19010573,5,7,1,10,3
19010574,4,7,3,9,6
19010575,10,9,4,1,11
19010576,11,1,7,4,5
19010577,5,9,10,8,2
19010578,2,8,5,9,10
19010579,5,9,1,11,6
19010580,3,10,2,9,6
19010581,11,10,1,5,8
19010601,2,11,6,7,5
19010602,7,6,11,5,1
19010603,10,11,8,6,1
19010604,4,2,8,1,7
19010605,5,8,9,11,10
19010606,2,5,4,11,3
19010607,7,5,2,6,9
19010608,11,1,4,6,9
19010609,6,3,8,4,10
19010610,1,11,10,9,8
19010611,8,11,4,2,10
19010612,3,5,9,4,11
19010613,1,10,2,4,9
19010614,4,8,3,5,10
19010615,9,4,7,5,10
19010616,6,9,5,2,7
19010617,3,5,7,9,8
19010618,5,2,10,6,8
19010619,3,7,6,2,11
19010620,3,4,6,1,5
19010621,9,1,5,11,7
19010622,1,6,2,9,10
19010623,5,6,8,3,11
19010624,10,7,8,1,2
19010625,4,10,8,6,7
19010626,11,1,8,4,5
19010627,3,7,1,8,4
19010628,5,2,1,3,4
19010629,9,10,8,3,1
19010630,11,2,6,3,1
19010631,7,11,8,6,1
19010632,6,10,8,11,7
19010633,7,11,4,1,2
19010634,9,5,10,11,4
19010635,9,3,8,2,5
19010636,6,3,11,10,8
19010637,10,7,8,3,9
19010638,1,8,7,11,4
19010639,6,4,3,9,1
19010640,3,6,10,2,7
19010641,4,9,1,8,11
19010642,2,3,4,1,7
19010643,1,7,10,11,8
19010644,2,11,4,10,1
19010645,11,4,6,9,8
19010646,7,2,9,6,3
19010647,4,7,9,10,1
19010648,8,7,5,10,1
19010649,2,7,9,5,6
19010650,9,10,8,7,2
19010651,10,3,6,4,11
19010652,1,5,11,6,4
19010653,2,10,8,1,11
19010654,5,1,4,10,6
19010655,1,8,2,10,5
19010656,3,5,4,10,6
19010657,3,11,9,1,10
19010658,8,1,10,4,9
19010659,8,7,9,10,6
19010660,1,9,11,8,5
19010661,1,9,11,8,7
19010662,9,6,11,3,10
19010663,9,3,5,6,10
19010664,9,7,4,1,2
19010665,11,1,7,9,8
19010666,11,6,2,9,8
19010667,4,1,10,11,3
19010668,6,7,8,1,11
19010669,7,1,3,11,10
19010670,6,11,9,1,5
19010671,3,10,1,11,8
19010672,11,6,3,1,10
19010673,2,10,4,3,11
19010674,5,2,8,9,3
19010675,3,10,4,7,6
19010676,2,5,8,7,4
19010677,4,3,10,11,8
19010678,8,4,1,5,9
19010679,10,6,3,2,9
19010680,1,11,8,5,7
19010681,2,4,7,8,3
19010701,1,3,11,10,7
19010702,2,11,10,5,4
19010703,1,10,11,4,7
19010704,10,3,5,11,4
19010705,9,2,11,7,10
19010706,6,7,11,4,2
19010707,5,1,9,8,6
19010708,9,4,8,10,1
19010709,1,6,4,3,8
19010710,5,7,2,9,6
19010711,10,1,3,5,11
19010712,5,4,7,11,9
19010713,11,3,4,8,2
19010714,8,1,6,11,5
19010715,4,6,9,7,2
19010716,3,5,9,1,11
19010717,6,10,7,4,3
19010718,8,1,7,9,3
19010719,4,10,11,2,7
19010720,1,10,9,4,3
19010721,11,6,4,9,3
19010722,4,11,9,3,5
19010723,11,2,6,1,3
19010724,2,1,4,7,11
19010725,1,7,11,5,2
19010726,10,7,6,4,11
19010727,6,3,8,7,4
19010728,9,10,4,11,7
19010729,5,7,8,2,11
19010730,7,5,2,9,11
19010731,7,6,8,1,2
19010732,5,3,9,10,1
19010733,2,11,6,1,3
19010734,6,11,7,1,4
19010735,3,4,8,10,7
19010736,1,2,7,5,9
19010737,9,11,1,2,6
19010738,8,11,5,3,6
19010739,2,5,4,6,8
19010740,1,6,7,4,5
19010741,8,10,7,3,6
19010742,11,1,6,4,2
19010743,7,6,1,5,2
19010744,8,4,10,9,2
19010745,3,1,8,10,7
19010746,7,4,6,11,5
19010747,3,1,10,8,4
19010748,8,5,6,1,9
19010749,6,3,8,1,11
19010750,1,7,10,6,9
19010751,5,1,9,2,11
19010752,9,2,8,7,1
19010753,6,8,7,10,11
19010754,2,6,4,3,9
19010755,11,6,2,3,5
19010756,5,7,10,1,3
19010757,11,8,7,4,9
19010758,2,3,9,5,6
19010759,7,10,9,1,3
19010760,8,5,7,11,9
19010761,4,5,7,9,3
19010762,11,5,3,1,6
19010763,2,3,7,1,6
19010764,6,3,5,7,10
19010765,6,10,4,11,7
19010766,1,5,8,11,9
19010767,10,3,4,11,2
19010768,2,6,11,3,9
19010769,7,8,3,9,2
19010770,8,1,2,6,11
19010771,10,7,2,6,3
19010772,10,9,7,11,5
19010773,9,3,10,1,4
19010774,6,7,9,8,3
19010775,8,5,3,11,7
19010776,5,1,4,8,2
19010777,9,2,8,5,7
19010778,1,9,11,6,7
19010779,4,11,1,3,6
19010780,9,7,2,4,5
19010781,10,3,7,8,6
19010801,4,3,5,11,2
19010802,8,10,4,6,3
19010803,3,6,2,11,7
19010804,4,1,7,2,5
19010805,9,2,6,4,5
19010806,2,11,9,3,6
19010807,8,2,11,4,7
19010808,3,6,1,2,4
19010809,4,1,2,9,5
19010810,5,2,10,8,11
19010811,6,8,9,7,2
19010812,1,7,10,5,2
19010813,6,1,5,2,4
19010814,9,10,2,5,6
19010815,3,8,4,2,10
19010816,6,11,2,1,5
19010817,8,2,7,3,11
19010818,8,3,6,9,1
19010819,5,4,2,9,8
19010820,7,10,1,4,11
19010821,5,6,10,9,3
19010822,11,7,8,3,2
19010823,10,6,5,2,7
19010824,1,7,2,6,3
19010825,7,5,10,8,9
19010826,1,9,6,2,10
19010827,3,7,11,10,6
19010828,10,7,4,1,11
19010829,11,8,3,6,4
19010830,9,2,1,4,11
19010831,7,11,1,5,3
19010832,9,11,10,7,5
19010833,10,9,5,6,3
19010834,8,11,1,7,5
19010835,8,9,4,6,5
19010836,5,6,3,7,1
19010837,7,11,3,10,8
19010838,11,2,8,6,7
19010839,4,9,2,7,3
19010840,9,11,8,10,5
19010841,11,9,7,1,6
19010842,3,1,6,2,9
19010843,10,8,1,7,3
19010844,4,10,2,6,1
19010845,9,4,8,10,7
19010846,3,1,5,9,7
19010847,4,10,2,8,6
19010848,8,10,9,7,11
19010849,2,9,3,1,11
19010850,2,6,9,4,1
19010851,7,6,2,9,11
19010852,6,1,5,10,4
19010853,3,2,7,6,9
19010854,9,6,4,10,11
19010855,4,5,9,6,11
19010856,7,11,6,9,8
19010857,9,8,10,4,3
19010858,5,8,7,9,2
19010859,10,9,11,6,2
19010860,6,9,11,4,2
19010861,9,1,2,3,8
19010862,7,5,3,9,2
19010863,7,8,9,2,3
19010864,9,7,6,5,4
19010865,3,11,2,7,10
19010866,1,5,10,3,8
19010867,3,4,9,7,11
19010868,2,8,1,6,10
19010869,7,6,5,4,9
19010870,1,4,9,6,10
19010871,3,8,7,9,10
19010872,10,7,11,2,5
19010873,10,7,2,3,6
19010874,8,3,5,7,11
19010875,11,6,1,4,9
19010876,10,3,2,6,8
19010877,1,7,4,9,3
19010878,8,9,7,2,1
19010879,11,4,2,3,1
19010880,8,4,9,6,1
19010881,7,5,4,10,2
19010901,1,2,9,4,3
19010902,8,6,1,11,3
19010903,2,8,1,3,7
19010904,3,10,1,5,4
19010905,5,1,7,3,6
19010906,6,1,11,2,9
19010907,10,9,7,1,2
19010908,9,8,3,6,7
19010909,8,10,9,11,4
19010910,11,2,1,5,3
19010911,4,5,1,3,10
19010912,3,10,5,9,2
19010913,8,2,9,5,7
19010914,9,2,10,8,1
19010915,11,6,8,10,3
19010916,2,11,4,8,6
19010917,8,6,3,9,11
19010918,7,9,11,5,4
19010919,5,1,9,4,8
19010920,8,11,4,6,3
19010921,3,8,2,10,5
19010922,3,10,2,4,6
19010923,8,10,6,2,11
19010924,2,11,6,10,8
19010925,6,5,11,2,7
19010926,10,4,1,2,6
19010927,10,2,8,7,11
19010928,4,9,3,11,6
19010929,11,9,7,10,1
19010930,10,8,7,4,1
19010931,10,9,5,6,1
19010932,9,8,3,2,11
19010933,2,6,8,3,10
19010934,9,3,1,4,5
19010935,10,7,5,9,11
19010936,8,7,3,2,11
19010937,8,6,4,2,1
19010938,1,8,5,11,3
19010939,6,7,9,2,3
19010940,1,8,11,9,5
19010941,10,11,9,8,3
19010942,1,7,11,5,2
19010943,4,10,8,2,9
19010944,10,4,3,2,11
19010945,4,11,2,10,1
19010946,8,10,4,11,5
19010947,9,5,6,7,10
19010948,9,2,11,4,10
19010949,7,4,5,8,9
19010950,9,11,3,5,7
19010951,11,3,6,10,5
19010952,8,9,1,3,6
19010953,8,9,11,4,5
19010954,9,4,11,1,6
19010955,10,1,3,11,8
19010956,6,1,4,5,8
19010957,3,5,8,10,9
19010958,5,1,6,10,4
19010959,2,3,6,10,9
19010960,6,4,2,10,9
19010961,8,3,5,9,10
19010962,4,8,2,10,9
19010963,7,8,10,4,5
19010964,6,10,4,9,1
19010965,11,9,4,1,8
19010966,1,10,7,11,2
19010967,7,10,5,9,4
19010968,6,3,7,10,4
19010969,11,1,9,3,4
19010970,11,9,8,10,2
19010971,1,7,4,10,8
19010972,11,4,5,2,8
19010973,4,1,10,8,3
19010974,3,10,9,8,11
19010975,9,4,2,5,11
19010976,10,7,4,11,8
19010977,2,4,3,11,10
19010978,4,9,6,1,3
19010979,1,8,4,2,9
19010980,4,5,8,10,1
19010981,8,1,3,7,4
19011001,3,4,6,5,9
19011002,1,7,2,5,9
19011003,2,5,4,9,11
19011004,8,3,11,4,1
19011005,11,9,6,2,4
19011006,9,11,1,7,2
19011007,4,6,9,5,10
19011008,4,2,11,5,7
19011009,11,4,7,1,9
19011010,1,9,5,7,8
19011011,4,1,9,6,7
19011012,2,3,11,6,7
19011013,1,8,2,9,6
19011014,4,3,1,7,6
19011015,5,8,2,1,3
19011016,4,2,8,3,6
19011017,4,5,8,11,3
19011018,2,9,1,7,6
19011019,11,7,5,2,6
19011020,10,5,9,8,1
19011021,1,8,11,9,7
19011022,3,4,11,6,2
19011023,10,5,4,2,11
19011024,6,9,3,11,4
19011025,11,8,7,9,10
19011026,4,3,5,1,9
19011027,9,5,7,2,3
19011028,11,7,8,5,9
19011029,8,11,1,6,2
19011030,7,4,8,1,2
19011031,5,9,3,10,2
19011032,7,3,10,9,11
19011033,2,3,1,5,8
19011034,2,6,5,7,3
19011035,8,11,3,9,1
19011036,8,11,10,7,6
19011037,5,6,4,7,8
19011038,6,7,1,5,10
19011039,3,1,8,5,6
19011040,1,4,10,11,9
19011041,9,2,3,11,7
19011042,8,4,5,6,3
19011043,4,9,7,6,1
19011044,11,8,7,2,5
19011045,8,3,4,1,6
19011046,3,4,8,9,2
19011047,7,11,3,2,5
19011048,4,5,8,11,3
19011049,4,2,9,11,6
19011050,3,8,6,7,2
19011051,4,1,11,9,6
19011052,2,6,7,11,10
19011053,10,1,8,7,11
19011054,5,8,11,3,9
19011055,9,10,11,4,6
19011056,7,1,8,9,10
19011057,6,7,9,3,5
19011058,6,5,7,2,3
19011059,8,9,6,11,7
19011060,3,8,4,10,7
19011061,2,5,4,11,1
19011062,9,8,6,1,3
19011063,3,6,10,8,2
19011064,2,3,4,11,9
19011065,4,3,2,11,7
19011066,7,11,3,1,6
19011067,4,7,8,9,11
19011068,6,5,7,11,3
19011069,9,11,5,3,6
19011070,10,7,8,3,1
19011071,6,5,4,8,7
19011072,9,4,7,8,1
19011073,1,2,6,8,4
19011074,11,3,10,9,2
19011075,4,6,5,9,10
19011076,9,5,3,11,2
19011077,6,11,2,7,1
19011078,11,10,8,7,4
19011079,6,5,8,2,10
19011080,1,8,4,9,5
19011081,10,2,11,8,3
19011101,7,8,6,3,2
19011102,8,1,2,4,9
19011103,10,7,2,6,5
19011104,8,10,2,1,3
19011105,10,8,11,2,4
19011106,1,9,5,4,6
19011107,3,4,11,10,6
19011108,1,8,3,2,10
19011109,6,4,9,3,7
19011110,9,2,6,8,5
19011111,9,5,7,2,11
19011112,3,6,4,10,5
19011113,9,5,4,8,3
19011114,9,4,3,7,8
19011115,7,9,3,6,1
19011116,4,9,1,10,3
19011117,4,2,6,8,9
19011118,10,1,2,11,4
19011119,3,9,8,2,7
19011120,5,7,3,4,10
19011121,11,6,3,1,9
19011201,5,1,8,10,11
19011202,7,4,9,11,10
19011203,4,3,9,5,8
19011204,3,1,6,4,11
19011205,10,8,9,2,3
19011206,5,7,1,4,3
19011207,4,11,9,8,7
19011208,2,1,10,4,5
19011209,6,7,5,2,10
19011210,11,2,10,7,4
19011211,6,11,7,4,5
19011212,9,6,8,10,11
19011213,3,5,7,1,10
19011214,10,7,5,1,6
19011215,11,6,8,10,1
19011216,9,1,11,3,5
19011217,5,7,6,4,2
19011218,1,7,8,5,6
19011219,3,8,2,5,4
19011220,4,5,6,2,10
19011221,6,1,8,5,9
19011222,7,10,6,11,5
19011223,5,8,4,9,6
19011224,5,9,1,4,11
19011225,1,11,5,3,4
19011226,9,3,5,7,6
19011227,8,3,5,2,6
19011228,2,6,4,9,5
19011229,10,5,3,8,11
19011230,2,10,9,5,4
19011231,5,7,10,2,1
19011232,1,7,3,2,10
19011233,8,5,2,7,1
19011234,5,2,4,3,11
19011235,9,3,7,4,5
19011236,5,1,4,8,9
19011237,5,8,11,7,9
19011238,9,1,3,10,5
19011239,7,10,9,1,4
19011240,1,6,10,11,2
19011241,10,3,7,4,1
19011242,11,7,10,4,3
19011243,7,3,1,10,4
19011244,3,6,7,4,1
19011245,5,1,10,3,2
19011246,11,6,4,3,2
19011247,8,7,5,2,10
19011248,5,10,6,9,11
19011249,11,8,6,10,1
19011250,9,4,7,11,8
19011251,7,4,3,1,11
19011252,6,4,5,3,2
19011253,5,3,8,10,11
19011254,1,4,8,3,9
19011255,1,11,8,4,7
19011256,4,6,8,5,3
19011257,10,2,7,11,5
19011258,8,9,1,2,6
19011259,4,9,10,11,2
19011260,4,3,5,8,2
19011261,1,7,5,9,3
19011262,2,1,8,7,6
19011263,8,6,3,11,10
19011264,9,4,5,3,11
19011265,2,3,9,10,6
19011266,6,3,1,11,8
19011267,7,11,5,3,4
19011268,3,8,11,10,1
19011269,1,11,2,6,9
19011270,3,6,2,4,9
19011271,3,7,1,8,5
19011272,4,3,1,5,6
19011273,5,9,10,2,8
19011274,2,6,11,10,7
19011275,2,10,1,8,3
19011276,5,9,3,6,2
19011277,5,1,6,8,7
19011278,8,5,1,2,7
19011279,6,5,2,11,9
19011280,2,10,6,4,11
19011281,7,2,5,3,6
19011301,2,8,11,10,3
19011302,7,3,1,8,10
19011303,4,2,8,1,11
19011304,3,5,9,1,8
19011305,2,3,5,1,6
19011306,8,4,3,5,1
19011307,7,10,8,5,3
19011308,10,9,4,1,3
19011309,8,7,6,4,5
19011310,7,5,8,4,10
19011311,2,8,6,5,3
19011312,6,7,3,5,8
19011313,11,10,5,3,4
19011314,6,10,9,1,11
19011315,8,5,2,9,11
19011316,2,10,1,3,6
19011317,10,2,8,11,1
19011318,4,8,6,9,2
19011319,5,11,4,7,2
19011320,7,11,8,10,4
19011321,3,8,2,10,4
19011322,7,11,6,8,1
19011323,2,10,6,5,1
19011324,7,8,5,9,2
19011325,1,9,3,6,4
19011326,11,4,3,7,6
19011327,2,11,6,8,10
19011328,6,8,9,4,3
19011329,2,8,5,7,3
19011330,4,1,11,7,5
19011331,8,1,9,5,6
19011332,10,2,1,11,4
19011333,1,8,3,10,4
19011334,1,5,9,8,4
19011335,10,6,4,8,5
19011336,3,6,8,5,10
19011337,6,3,11,7,5
19011338,3,4,2,11,7
19011339,10,8,11,1,7
19011340,10,8,5,9,2
19011341,11,9,7,6,4
19011342,2,7,6,8,10
19011343,3,5,4,1,9
19011344,5,10,9,3,1
19011345,5,10,1,11,2
19011346,7,1,8,10,9
19011347,1,6,5,2,9
19011348,2,5,8,4,10
19011349,1,5,3,6,4
19011350,7,5,4,6,2
19011351,2,3,8,11,4
19011352,10,3,9,11,8
19011353,8,6,10,1,7
19011354,1,5,11,3,9
19011355,1,4,6,10,9
19011356,6,7,1,4,10
19011357,9,10,7,1,2
19011358,11,10,6,1,2
19011359,10,2,7,3,8
19011360,4,11,5,8,9
19011361,4,5,10,6,2
19011362,10,6,5,9,11
19011363,5,9,1,10,11
19011364,5,2,3,7,9
19011365,3,8,6,10,9
19011366,7,11,8,5,6
19011367,10,3,7,2,9
19011368,11,7,9,6,4
19011369,2,10,6,3,8
19011370,6,5,9,8,7
19011371,2,1,8,11,9
19011372,4,2,7,3,5
19011373,2,3,7,1,4
19011374,9,4,2,3,8
19011375,3,2,4,5,7
19011376,7,3,8,6,2
19011377,10,8,3,9,5
19011378,8,11,4,10,2
19011379,4,1,8,10,7
19011380,5,2,4,10,1
19011381,6,10,1,2,5
19011401,6,7,5,8,9
19011402,9,2,10,1,6
19011403,4,9,7,11,5
19011404,9,7,6,4,5
19011405,10,11,2,9,3
19011406,8,5,9,10,4
19011407,7,8,5,4,3
19011408,3,8,4,2,7
19011409,6,10,4,2,8
19011410,4,6,7,3,10
19011411,4,8,7,11,5
19011412,4,11,6,5,9
19011413,5,10,6,9,8
19011414,4,1,2,5,10
19011415,6,3,7,5,1
19011416,9,6,1,5,10
19011417,2,6,4,10,9
19011418,4,3,6,5,2
19011419,6,5,1,3,10
19011420,1,7,5,9,11
19011421,11,10,3,9,6
19011422,10,9,5,2,6
19011423,11,8,5,4,7
19011424,7,3,11,6,2
19011425,9,6,4,5,8
19011426,6,4,10,3,11
19011427,11,1,4,8,9
19011428,5,2,8,11,1
19011429,3,4,10,11,7
19011430,8,2,10,7,11
19011431,5,2,1,8,4
19011432,9,11,10,6,2
19011433,1,10,4,11,2
19011434,6,9,4,11,3
19011435,9,8,4,7,10
19011436,8,7,4,11,10
19011437,5,4,11,8,3
19011438,10,8,1,11,5
19011439,4,7,1,3,5
19011440,6,10,4,2,8
19011441,4,10,6,8,11
19011442,8,5,2,4,6
19011443,3,8,5,9,11
19011444,2,10,4,1,6
19011445,10,4,1,11,6
19011446,3,9,4,5,2
19011447,8,5,4,1,10
19011448,2,3,11,4,7
19011449,2,4,6,1,3
19011450,9,8,11,7,4
19011451,11,2,5,10,8
19011452,7,1,4,9,5
19011453,8,7,9,11,10
19011454,2,9,4,5,11
19011455,6,3,10,11,2
19011456,4,3,5,1,2
19011457,1,4,9,2,3
19011458,2,1,6,10,9
19011459,2,10,3,7,11
19011460,8,3,9,10,6
19011461,2,3,6,9,5
19011462,8,3,11,10,4
19011463,4,1,5,3,2
19011464,6,7,5,8,9
19011465,3,4,1,10,9
19011466,7,2,8,9,1
19011467,7,8,6,4,3
19011468,6,3,8,10,5
19011469,11,7,5,1,8
19011470,11,4,5,2,7
19011471,10,1,6,9,11
19011472,7,2,9,11,3
19011473,10,1,4,3,7
19011474,1,5,3,11,8
19011475,4,11,8,9,7
19011476,10,2,8,4,9
19011477,11,7,2,5,9
19011478,6,11,2,4,10
19011479,11,2,10,7,9
19011480,4,1,10,11,3
19011481,5,7,10,11,1
19011501,2,8,7,10,3
19011502,6,11,5,9,8
19011503,6,5,4,11,9
19011504,9,4,8,1,10
19011505,6,7,2,8,3
19011506,11,6,9,1,7
19011507,1,11,7,4,9
19011508,4,7,6,2,11
19011509,11,8,9,6,4
19011510,1,10,6,8,5
19011511,10,9,7,8,4
19011512,8,6,1,10,2
19011513,9,1,6,10,11
19011514,7,5,10,9,1
19011515,4,1,5,6,7
19011516,4,10,6,8,9
19011517,9,3,11,5,7
19011518,1,8,5,2,10
19011519,7,5,1,4,10
19011520,7,9,8,3,5
19011521,7,3,1,10,2
19011522,4,7,3,5,6
19011523,8,6,5,9,3
19011524,10,5,2,3,1
19011525,4,7,5,11,9
19011526,10,7,4,3,6
19011527,11,10,3,4,7
19011528,5,10,8,3,2
19011529,7,3,2,8,6
19011530,3,8,9,5,2
19011531,6,4,10,3,2
19011532,11,8,9,5,10
19011533,7,2,5,11,6
19011534,2,4,9,11,6
19011535,7,8,10,1,4
19011536,5,6,10,9,8
19011537,3,10,5,6,2
19011538,7,8,2,3,5
19011539,7,5,3,10,9
19011540,8,2,7,3,10
19011541,5,9,3,4,6
19011542,11,3,4,2,8
19011543,9,1,4,8,3
19011544,3,4,10,7,5
19011545,8,5,11,6,10
19011546,5,7,4,2,11
19011547,11,2,7,3,8
19011548,10,2,9,4,6
19011549,7,5,8,3,6
19011550,7,8,2,10,4
19011551,3,9,7,11,4
19011552,9,3,6,2,5
19011553,11,9,3,6,4
19011554,2,7,9,10,3
19011555,10,6,7,11,3
19011556,4,9,11,5,1
19011557,11,4,3,9,7
19011558,5,6,7,1,4
19011559,5,6,4,3,7
19011560,9,4,11,10,1
19011561,7,2,4,8,9
19011562,10,1,7,11,4
19011563,2,6,5,8,11
19011564,3,4,9,2,11
19011565,10,2,8,1,4
19011566,1,10,6,3,4
19011567,3,10,7,6,2
19011568,5,7,11,1,2
19011569,5,6,7,11,4
19011570,8,4,3,2,10
19011571,5,4,2,8,10
19011572,9,4,11,5,2
19011573,3,11,5,2,7
19011574,5,7,11,9,3
19011575,9,4,6,5,2
19011576,11,5,9,8,2
19011577,5,2,3,8,6
19011578,7,10,8,3,11
19011579,2,1,5,8,9
19011580,1,2,5,3,7
19011581,5,2,1,8,9
19011601,2,4,9,5,1
19011602,1,4,10,6,5
19011603,10,5,3,7,11
19011604,4,5,10,9,7
19011605,7,9,1,8,4
19011606,2,10,1,5,11
19011607,11,2,5,9,3
19011608,8,7,9,3,6
19011609,11,9,5,1,3
19011610,7,3,2,9,5
19011611,10,4,8,6,5
19011612,7,6,11,2,4
19011613,2,4,10,3,7
19011614,7,10,1,2,6
19011615,1,7,10,4,8
19011616,6,5,4,8,1
19011617,5,3,11,8,7
19011618,7,1,10,4,5
19011619,6,4,7,3,8
19011620,6,1,9,10,3
19011621,10,5,8,9,1
19011622,1,5,6,11,8
19011623,2,8,3,6,4
19011624,11,3,1,8,6
19011625,3,6,11,2,1
19011626,9,8,2,11,3
19011627,2,5,1,9,7
19011628,9,2,11,1,6
19011629,10,2,11,8,4
19011630,9,7,5,10,6
19011631,10,6,8,1,2
19011632,6,11,2,3,7
19011633,2,4,10,7,11
19011634,6,10,2,8,11
19011635,9,1,3,7,11
19011636,6,10,5,9,7
19011637,9,5,10,6,1
19011638,5,3,7,6,1
19011639,9,6,1,4,2
19011640,5,4,10,11,9
19011641,3,5,8,1,10
19011642,6,10,5,1,8
19011643,1,4,8,11,3
19011644,3,11,9,5,6
19011645,9,6,8,11,7
19011646,5,4,2,7,6
19011647,4,8,10,3,6
19011648,7,8,5,1,3
19011649,6,2,3,4,5
19011650,4,11,9,1,3
19011651,7,11,10,3,6
19011652,10,5,2,7,6
19011653,2,5,8,6,10
19011654,9,1,5,4,6
19011655,5,4,10,3,2
19011656,1,3,2,9,5
19011657,6,1,10,3,5
19011658,4,7,5,6,2
19011659,9,1,5,8,10
19011660,7,9,6,10,4
19011661,2,5,9,4,3
19011662,6,1,9,11,8
19011663,2,9,10,1,11
19011664,2,4,9,5,3
19011665,4,5,10,9,3
19011666,7,2,8,5,3
19011667,7,6,8,9,1
19011668,3,9,2,5,6
19011669,4,10,7,5,6
19011670,6,4,1,3,7
19011671,10,8,3,11,5
19011672,6,5,10,1,8
19011673,7,3,4,1,5
19011674,8,9,7,5,6
19011675,10,11,7,4,2
19011676,7,9,4,2,1
19011677,5,3,10,6,2
19011678,2,10,7,8,5
19011679,1,6,8,5,10
19011680,7,9,10,11,8
19011681,10,11,1,4,7
19011701,11,9,5,8,1
19011702,1,2,3,11,6
19011703,8,4,9,7,1
19011704,8,2,6,1,4
19011705,11,10,5,9,8
19011706,7,4,1,8,10
19011707,9,8,3,7,11
19011708,3,8,6,5,7
19011709,5,9,11,2,1
19011710,1,2,11,5,3
19011711,10,11,6,4,9
19011712,6,9,11,2,7
19011713,6,4,7,8,1
19011714,11,10,2,1,3
19011715,3,10,6,7,9
19011716,10,4,8,2,9
19011717,3,10,7,8,1
19011718,5,11,8,10,3
19011719,8,9,7,4,1
19011720,6,8,2,11,3
19011721,8,11,2,3,6
19011722,1,10,3,9,6
19011723,8,2,10,3,9
19011724,6,9,11,2,1
19011725,11,4,5,10,9
19011726,10,4,5,11,9
19011727,8,10,5,2,6
19011728,3,1,9,11,8
19011729,1,8,11,10,5
19011730,2,11,10,3,9
19011731,9,8,3,2,7
19011732,6,7,8,3,5
19011733,7,9,8,11,5
19011734,6,4,1,9,7
19011735,5,1,4,11,3
19011736,3,2,4,11,10
19011737,4,2,8,11,6
19011738,7,10,4,6,1
19011739,6,11,7,5,8
19011740,1,6,7,8,9
19011741,10,1,2,8,7
19011742,9,2,1,8,7
19011743,3,4,10,11,8
19011744,6,1,2,11,4
19011745,6,2,3,9,10
19011746,2,6,9,11,4
19011747,1,8,10,4,5
19011748,9,5,8,7,2
19011749,6,11,2,8,1
19011750,7,10,11,5,9
19011751,4,7,5,11,8
19011752,4,2,5,1,8
19011753,11,5,7,9,2
19011754,7,3,8,10,6
19011755,5,1,7,9,3
19011756,6,5,7,4,8
19011757,6,2,7,4,5
19011758,5,8,6,2,10
19011759,2,4,5,8,11
19011760,10,8,9,6,11
19011761,10,6,1,2,9
19011762,5,11,4,10,1
19011763,7,3,5,4,8
19011764,1,11,5,7,9
19011765,1,5,11,2,8
19011766,11,8,2,1,4
19011767,10,3,1,7,8
19011768,1,5,4,9,10
19011769,6,7,8,10,5
19011770,3,11,6,1,7
19011771,11,2,4,1,8
19011772,7,3,11,5,4
19011773,8,2,4,9,3
19011774,7,9,11,1,8
19011775,1,2,11,6,5
19011776,6,11,10,8,5
19011777,2,4,1,5,8
19011778,11,2,4,5,6
19011779,2,10,9,1,7
19011780,1,3,7,5,4
19011781,9,5,7,11,4
19011801,8,11,6,9,10
19011802,10,2,6,8,4
19011803,9,11,2,3,4
19011804,1,6,11,7,5
19011805,4,5,8,9,11
19011806,6,8,7,3,9
19011807,9,5,8,3,1
19011808,2,7,6,11,10
19011809,11,8,9,2,10
19011810,2,4,6,3,9
19011811,10,5,3,6,7
19011812,2,6,5,11,10
19011813,1,7,9,3,2
19011814,1,7,9,5,11
19011815,6,11,5,1,7
19011816,4,9,1,2,8
19011817,10,9,5,7,8
19011818,1,4,10,6,8
19011819,10,7,3,1,2
19011820,4,11,5,3,9
19011821,10,6,7,2,3
19011822,1,10,3,7,6
19011823,9,1,7,11,6
19011824,3,11,9,6,2
19011825,2,11,5,9,1
19011826,9,11,4,7,2
19011827,3,8,7,6,10
19011828,11,6,1,7,9
19011829,5,10,9,1,8
19011830,3,4,5,10,9
19011831,3,6,4,10,11
19011832,3,11,2,5,9
19011833,10,1,4,5,8
19011834,2,6,9,5,10
19011835,10,2,9,1,8
19011836,6,7,9,10,5
19011837,11,5,7,3,1
19011838,7,11,5,2,6
19011839,8,4,5,11,2
19011840,3,4,7,1,10
19011841,8,9,2,1,7
19011842,2,5,7,9,11
19011843,3,8,6,7,11
19011844,9,2,11,5,6
19011845,11,2,1,5,6
19011846,9,2,5,7,11
19011847,1,10,8,7,2
19011848,3,11,1,7,4
19011849,10,8,11,3,5
19011850,11,2,7,4,9
19011851,10,3,1,6,4
19011852,11,8,7,6,4
19011853,7,1,4,9,3
19011854,8,2,10,4,6
19011855,11,10,4,6,3
19011856,6,4,5,2,1
19011857,11,5,9,8,2
19011858,7,2,1,4,3
19011859,9,8,6,3,2
19011860,3,9,5,8,4
19011861,2,10,9,6,8
19011862,3,10,5,2,4
19011863,9,6,1,4,11
19011864,4,11,7,5,3
19011865,11,6,10,7,8
19011866,8,11,4,10,7
19011867,8,9,11,10,4
19011868,10,6,8,1,5
19011869,4,6,2,5,11
19011870,9,5,2,4,8
19011871,1,5,11,8,3
19011872,10,5,8,2,11
19011873,10,4,6,9,8
19011874,6,7,8,11,3
19011875,5,11,7,10,4
19011876,2,4,9,7,5
19011877,10,7,2,11,9
19011878,4,6,8,3,10
19011879,9,8,1,7,3
19011880,5,8,4,3,1
19011881,6,1,10,2,5
19011901,7,11,8,1,4
19011902,7,8,6,1,4
19011903,5,11,6,9,2
19011904,4,5,1,8,3
19011905,4,6,9,3,11
19011906,5,1,10,6,4
19011907,10,3,11,7,8
19011908,10,1,7,11,3
19011909,2,5,10,3,6
19011910,6,8,4,2,10
19011911,8,1,5,7,9
19011912,5,9,3,10,8
19011913,11,1,6,2,9
19011914,2,5,9,8,6
19011915,8,5,9,7,4
19011916,1,4,2,9,7
19011917,4,5,7,10,6
19011918,4,3,5,1,7
19011919,5,2,7,10,8
19011920,6,7,5,8,4
19011921,2,9,11,10,8
19011922,3,4,5,1,10
19011923,10,5,9,2,4
19011924,7,10,6,2,9
19011925,4,8,3,2,1
19011926,7,6,8,4,11
19011927,4,9,5,8,6
19011928,5,10,11,9,6
19011929,4,3,11,6,7
19011930,8,7,9,10,5
19011931,4,5,10,2,8
19011932,3,2,11,4,1
19011933,9,5,2,3,11
19011934,6,7,10,11,8
19011935,10,9,6,7,5
19011936,3,6,10,1,9
19011937,2,9,6,1,11
19011938,3,10,7,2,4
19011939,4,3,7,5,9
19011940,2,1,6,7,5
19011941,2,8,4,10,11
19011942,9,5,2,6,11
19011943,5,4,3,9,6
19011944,7,10,11,1,2
19011945,8,6,2,1,10
19011946,2,9,3,5,11
19011947,3,6,11,2,7
19011948,4,8,7,2,6
19011949,11,5,3,7,1
19011950,1,4,11,7,9
19011951,7,10,8,3,9
19011952,7,11,9,5,1
19011953,4,10,7,6,9
19011954,8,9,2,3,6
19011955,4,11,10,1,2
19011956,2,6,9,3,8
19011957,9,5,2,7,3
19011958,6,8,4,10,11
19011959,7,5,1,9,3
19011960,10,5,4,6,11
19011961,11,1,8,3,9
19011962,9,7,3,4,11
19011963,10,7,9,8,3
19011964,1,3,11,8,4
19011965,6,9,3,10,7
19011966,10,11,6,8,2
19011967,11,4,10,6,7
19011968,6,4,3,1,10
19011969,5,11,4,1,6
19011970,6,9,1,8,10
19011971,8,5,9,2,3
19011972,1,4,6,8,3
19011973,1,3,8,2,4
19011974,3,4,6,9,1
19011975,9,6,1,2,11
19011976,2,3,11,10,1
19011977,1,7,11,10,9
19011978,11,4,2,5,7
19011979,10,4,3,2,8
19011980,4,5,11,1,3
19011981,11,2,1,10,9
19012001,1,2,5,10,6
19012002,7,11,10,8,9
19012003,2,6,7,8,11
19012004,7,3,4,9,6
19012005,2,4,10,7,11
19012006,9,7,8,4,6
19012007,10,1,9,11,8
19012008,5,9,3,10,7
19012009,11,8,1,3,5
19012010,9,6,1,11,8
19012011,7,6,11,5,3
19012012,1,4,11,2,5
19012013,2,11,3,1,5
19012014,4,11,3,6,9
19012015,7,5,9,6,11
19012016,11,5,1,2,7
19012017,4,5,11,8,9
19012018,7,9,6,4,10
19012019,11,1,3,2,8
19012020,3,7,4,10,2
19012021,10,7,9,1,2
19012022,6,10,1,4,9
19012023,6,4,3,8,10
19012024,2,5,6,9,7
19012025,8,4,6,9,10
19012026,9,11,2,6,3
19012027,4,6,5,3,7
19012028,8,4,7,1,3
19012029,11,4,2,8,6
19012030,10,5,7,3,9
19012031,8,7,3,6,2
19012032,1,3,4,11,2
19012033,10,2,1,5,11
19012034,2,1,7,8,5
19012035,2,7,4,3,6
19012036,5,4,3,6,8
19012037,1,11,2,4,5
19012038,11,3,7,9,5
19012039,6,4,5,7,11
19012040,9,8,6,2,11
19012041,10,9,4,8,3
19012042,2,7,1,11,5
19012043,10,5,9,8,1
19012044,4,10,11,5,9
19012045,6,7,9,5,11
19012046,5,7,2,9,1
19012047,5,1,9,4,10
19012048,9,3,5,2,1
19012049,3,2,6,7,5
19012050,2,3,8,11,4
19012051,10,4,5,6,7
19012052,4,10,8,1,3
19012053,9,2,3,4,7
19012054,1,5,2,4,7
19012055,1,11,9,4,5
19012056,10,8,3,2,1
19012057,8,11,3,4,1
19012058,5,9,8,2,7
19012059,11,7,9,5,4
19012060,9,11,3,10,1
19012061,8,10,7,3,9
19012062,5,10,8,3,11
19012063,3,4,9,10,6
19012064,6,11,10,2,4
19012065,5,4,6,3,8
19012066,1,8,3,9,11
19012067,9,2,6,1,3
19012068,11,7,3,10,5
19012069,4,11,10,5,6
19012070,4,5,10,11,3
19012071,1,5,7,8,3
19012072,1,3,8,10,11
19012073,10,3,4,8,7
19012074,9,2,4,1,7
19012075,5,6,1,8,4
19012076,8,1,9,2,4
19012077,8,1,5,3,10
19012078,4,3,2,5,1
19012079,5,9,2,3,7
19012080,10,4,11,8,6
19012081,5,1,10,11,4
19012101,2,9,10,4,6
19012102,11,4,9,6,2
19012103,7,3,9,1,5
19012104,5,3,1,6,9
19012105,9,2,8,3,7
19012106,4,3,11,6,1
19012107,3,7,9,2,8
19012108,10,3,4,1,6
19012109,2,1,10,8,6
19012110,4,8,10,3,2
19012111,8,9,6,10,3
19012112,1,7,2,4,5
19012113,5,6,11,1,4
19012114,11,3,2,7,4
19012115,11,2,8,3,10
19012116,4,1,5,10,7
19012117,4,3,11,2,1
19012118,6,2,10,9,3
19012119,6,9,3,2,10
19012120,7,6,9,1,11
19012121,6,3,11,7,10
19012122,7,6,5,4,11
19012123,8,7,10,3,11
19012124,2,6,1,4,5
19012125,8,3,6,2,9
19012126,1,6,3,5,7
19012127,5,3,4,11,6
19012128,11,10,2,1,7
19012129,10,6,4,7,3
19012130,3,7,9,8,11
19012131,7,5,2,11,4
19012132,6,2,11,7,4
19012133,1,6,5,10,11
19012134,5,7,1,9,8
19012135,6,10,11,3,1
19012136,11,3,9,10,8
19012137,11,2,5,4,8
19012138,8,7,11,2,1
19012139,5,2,7,1,10
19012140,1,6,9,7,10
19012141,10,9,11,6,4
19012142,2,5,9,10,1
19012143,1,2,7,11,4
19012144,4,10,7,6,8
19012145,3,11,10,5,4
19012146,6,3,4,5,10
19012147,10,1,8,11,4
19012148,3,1,8,4,11
19012149,10,1,4,5,6
19012150,1,8,6,3,5
19012151,6,7,5,10,3
19012152,6,1,9,5,2
19012153,6,2,4,11,3
19012154,11,3,5,7,10
19012155,6,3,10,5,1
19012156,4,8,7,1,9
19012157,2,6,7,1,11
19012158,1,8,5,11,9
19012159,1,7,2,11,9
19012160,8,4,5,7,1
19012161,11,1,3,7,8
19012162,9,1,6,4,3
19012163,8,5,6,9,7
19012164,7,11,1,10,6
19012165,7,9,1,3,10
19012166,9,11,4,2,3
19012167,7,4,1,11,8
19012168,1,3,2,10,4
19012169,5,3,7,9,6
19012170,7,4,9,8,11
19012171,3,10,5,1,9
19012172,9,3,2,6,7
19012173,3,7,2,6,1
19012174,7,11,2,10,8
19012175,10,5,7,11,8
19012176,2,11,10,6,9
19012177,2,4,8,5,1
19012178,6,8,11,2,1
19012179,3,2,4,11,8
19012180,7,1,8,10,6
19012181,1,11,7,6,9
19012201,2,6,10,5,9
19012202,11,7,6,1,9
19012203,10,2,11,3,8
19012204,3,1,11,10,8
19012205,8,7,11,3,5
19012206,4,11,7,10,9
19012207,5,8,4,2,6
19012208,5,9,7,6,2
19012209,8,10,2,6,1
19012210,5,8,1,9,4
19012211,9,3,4,1,10
19012212,8,9,2,10,6
19012213,6,11,10,7,5
19012214,4,6,7,11,5
19012215,5,1,8,3,2
19012216,1,2,10,7,5
19012217,5,10,7,11,3
19012218,4,3,11,1,10
19012219,1,10,3,7,4
19012220,10,1,6,7,4
19012221,11,4,8,7,9
19012222,5,10,8,2,11
19012223,2,1,4,9,3
19012224,2,6,8,3,9
19012225,7,4,5,9,3
19012226,11,1,8,9,4
19012227,5,3,10,1,11
19012228,11,4,3,8,6
19012229,2,10,9,8,11
19012230,5,6,8,10,11
19012231,4,9,7,3,2
19012232,8,9,11,1,2
19012233,3,5,8,6,4
19012234,8,3,7,9,11
19012235,11,3,8,1,2
19012236,2,8,5,9,10
19012237,8,5,6,4,2
19012238,2,1,5,11,6
19012239,10,3,8,11,9
19012240,6,1,10,7,8
19012241,9,10,7,8,3
19012242,6,4,10,9,5
19012301,2,4,7,9,11
19012302,3,8,1,5,6
19012303,7,10,2,11,1
19012304,11,2,7,10,6
19012305,7,10,3,2,8
19012306,7,5,1,3,10
19012307,8,4,11,7,6
19012308,2,1,5,7,10
19012309,7,4,9,3,2
19012310,8,10,11,5,9
19012311,11,4,8,6,10
19012312,1,2,5,4,11
19012313,3,1,5,7,10
19012314,3,10,8,7,2
19012315,9,7,1,5,8
19012316,9,6,8,7,11
19012317,1,9,6,7,3
19012318,1,11,9,2,7
19012319,7,1,11,9,8
19012320,5,9,7,3,11
19012321,5,11,1,6,8
19012322,11,4,3,10,6
19012323,10,6,11,8,5
19012324,1,9,11,5,8
19012325,8,6,5,2,10
19012326,3,6,11,5,4
19012327,9,6,10,7,5
19012328,2,9,6,1,4
19012329,6,2,3,11,1
19012330,6,1,10,11,8
19012331,6,8,1,7,3
19012332,3,5,4,6,8
19012333,4,3,8,1,2
19012334,8,6,4,11,9
19012335,3,11,4,1,10
19012336,4,3,1,8,9
19012337,3,9,2,8,6
19012338,6,11,8,10,2
19012339,3,7,9,1,10
19012340,9,4,6,2,3
19012341,3,2,10,11,4
19012342,11,8,3,10,2
19012343,8,5,1,7,2
19012344,3,1,7,5,6
19012345,8,6,9,3,5
19012346,5,4,2,10,3
19012347,2,10,3,7,11
19012348,6,11,8,1,4
19012349,10,2,6,1,8
19012350,1,7,3,5,10
19012351,6,4,11,10,3
19012352,9,10,2,7,6
19012353,2,8,11,9,6
19012354,8,2,4,9,6
19012355,1,3,10,11,2
19012356,1,9,7,6,2
19012357,1,7,4,10,3
19012358,5,8,3,11,9
19012359,4,10,9,7,11
19012360,2,7,11,8,4
19012361,8,2,11,9,5
19012362,8,7,1,9,2
19012363,4,10,6,2,8
19012364,5,2,1,3,7
19012365,7,9,11,10,8
19012366,6,8,1,11,3
19012367,3,4,2,7,5
19012368,2,4,11,10,8
19012369,7,4,6,5,8
19012370,1,3,6,10,8
19012371,9,3,2,10,11
19012372,9,5,11,10,1
19012373,8,5,9,6,3
19012374,8,4,11,10,9
19012375,7,9,8,4,5
19012376,2,11,7,5,10
19012377,11,7,5,10,8
19012378,10,7,8,9,11
19012379,7,1,10,3,6
19012380,3,8,9,1,4
19012381,7,11,2,1,4
19012401,4,5,3,11,8
19012402,10,3,7,1,6
19012403,11,3,9,1,6
19012404,10,5,1,2,11
19012405,2,8,3,7,6
19012406,5,7,9,1,6
19012407,6,1,3,9,4
19012408,9,6,1,3,7
19012409,8,5,1,4,7
19012410,2,10,6,7,3
19012411,11,4,7,10,6
19012412,7,11,1,5,10
19012413,4,7,10,1,8
19012414,8,4,1,7,9
19012415,2,10,6,1,4
19012416,4,1,9,7,6
19012417,6,3,1,10,9
19012418,6,9,8,4,7
19012419,1,2,5,6,11
19012420,8,4,11,3,6
19012421,1,2,4,6,7
19012422,5,11,1,7,3
19012423,7,1,11,8,3
19012424,6,4,3,1,5
19012425,9,7,11,8,5
19012426,9,10,5,1,4
19012427,8,11,6,1,3
19012428,1,11,10,6,8
19012429,2,3,5,8,9
19012430,7,5,2,3,9
19012431,11,9,1,10,4
19012432,10,9,2,8,7
19012433,10,5,7,9,3
19012434,5,3,6,1,10
19012435,3,9,4,5,11
19012436,10,8,5,7,4
19012437,8,2,4,5,10
19012438,7,1,4,9,10
19012439,1,6,8,5,11
19012440,10,1,11,9,8
19012441,9,10,4,3,2
19012442,3,11,5,2,1
19012443,4,7,1,3,6
19012444,2,4,8,11,6
19012445,8,3,7,1,9
19012446,1,11,6,9,8
19012447,2,10,8,9,1
19012448,5,3,10,1,2
19012449,11,4,6,3,1
19012450,2,11,6,10,7
19012451,7,6,9,1,3
19012452,9,1,3,8,10
19012453,9,10,1,2,11
19012454,9,2,7,3,4
19012455,11,5,3,4,10
19012456,5,3,1,4,10
19012457,5,8,1,7,3
19012458,4,9,8,1,10
19012459,4,3,9,1,7
19012460,11,3,7,8,1
19012461,5,2,11,1,9
19012462,10,5,9,4,1
19012463,2,5,11,1,10
19012464,9,8,3,1,11
19012465,8,4,7,1,6
19012466,3,7,5,1,2
19012467,2,7,9,3,11
19012468,5,3,2,8,9
19012469,5,8,9,2,6
19012470,11,7,2,5,9
19012471,8,5,11,4,10
19012472,11,9,2,3,6
19012473,9,2,11,5,3
19012474,10,6,11,9,7
19012475,8,3,7,6,4
19012476,4,6,1,8,5
19012477,6,1,9,10,2
19012478,2,4,3,9,8
19012479,5,3,4,7,1
19012480,9,4,6,8,10
19012481,2,7,5,11,4
19012501,5,8,1,11,7
19012502,9,2,7,8,3
19012503,6,2,10,8,3
19012504,7,4,11,9,8
19012505,2,10,7,8,4
19012506,9,1,4,3,6
19012507,11,9,10,5,1
19012508,9,11,8,10,2
19012509,3,8,5,7,10
19012510,6,8,10,7,5
19012511,7,4,1,9,10
19012512,6,4,5,1,11
19012513,1,11,10,3,9
19012514,8,3,7,2,4
19012515,8,4,10,11,5
19012516,6,4,3,10,1
19012517,4,6,3,2,8
19012518,6,5,9,11,3
19012519,5,3,9,7,6
19012520,11,1,6,9,4
19012521,8,2,1,9,10
19012522,4,6,7,5,2
19012523,6,4,5,3,9
19012524,3,2,7,6,10
19012525,7,10,3,11,9
19012526,6,9,11,2,3
19012527,7,6,2,3,8
19012528,10,6,4,2,1
19012529,6,8,9,5,3
19012530,7,3,2,8,11
19012531,10,7,9,6,4
19012532,11,10,7,2,3
19012533,1,9,8,2,7
19012534,9,6,3,7,1
19012535,6,8,5,10,11
19012536,8,5,7,1,3
19012537,3,4,9,10,6
19012538,5,3,1,6,4
19012539,11,9,5,10,1
19012540,2,5,10,8,4
19012541,5,11,2,10,1
19012542,9,11,10,6,5
19012543,1,2,4,3,5
19012544,10,11,8,4,3
19012545,11,7,8,2,3
19012546,4,11,9,1,5
19012547,11,6,5,10,4
19012548,1,3,6,7,8
19012549,5,6,7,11,1
19012550,11,1,8,4,6
19012551,4,10,3,5,6
19012552,6,5,2,10,4
19012553,11,4,3,1,10
19012554,1,6,11,8,3
19012555,10,4,8,6,7
19012556,5,3,9,6,11
19012557,2,5,1,9,4
19012558,4,5,2,11,1
19012559,3,7,9,10,6
19012560,6,7,2,11,10
19012561,6,3,5,4,7
19012562,1,3,7,2,5
19012563,11,10,9,4,1
19012564,6,10,1,3,11
19012565,6,10,7,3,8
19012566,1,5,4,2,11
19012567,1,3,8,5,9
19012568,5,1,11,10,7
19012569,9,10,3,7,5
19012570,4,5,9,1,2
19012571,5,6,9,10,4
19012572,8,4,5,2,6
19012573,1,3,2,4,6
19012574,2,7,3,10,5
19012575,8,1,9,7,5
19012576,11,4,1,9,6
19012577,5,8,9,2,1
19012578,6,5,7,8,4
19012579,1,2,7,4,9
19012580,6,1,3,11,8
19012581,5,4,2,10,1
19012601,9,5,11,2,7
19012602,6,3,2,11,8
19012603,3,5,1,9,8
19012604,2,5,6,1,4
19012605,7,2,9,3,4
19012606,6,3,5,10,8
19012607,11,3,5,4,2
19012608,4,3,5,2,1
19012609,1,7,8,9,2
19012610,6,2,3,10,8
19012611,6,11,10,7,4
19012612,7,8,4,9,6
19012613,3,1,2,8,11
19012614,4,7,3,2,10
19012615,10,8,4,5,7
19012616,11,8,1,3,10
19012617,9,3,7,11,4
19012618,9,6,10,1,3
19012619,6,4,2,10,8
19012620,3,1,4,7,5
19012621,1,8,9,5,4
19012622,1,10,2,11,4
19012623,7,2,4,10,1
19012624,8,7,4,11,2
19012625,1,4,11,6,8
19012626,4,7,3,10,5
19012627,6,7,11,10,1
19012628,3,6,5,2,8
19012629,6,10,2,11,5
19012630,9,11,1,3,5
19012631,2,6,8,7,5
19012632,9,7,1,8,4
19012633,10,2,1,4,7
19012634,7,10,6,3,5
19012635,7,4,8,9,11
19012636,3,5,8,6,10
19012637,8,7,9,6,10
19012638,6,4,3,8,11
19012639,3,5,1,2,9
19012640,1,3,8,10,5
19012641,3,11,10,9,7
19012642,8,10,6,1,4
19012643,9,6,4,3,11
19012644,6,9,10,7,8
19012645,8,1,2,5,11
19012646,11,4,10,8,9
19012647,10,5,7,3,6
19012648,10,7,6,8,2
19012649,2,1,10,11,4
19012650,8,11,2,3,4
19012651,10,2,7,6,5
19012652,9,4,2,8,10
19012653,3,7,11,10,6
19012654,5,3,9,6,11
19012655,2,10,1,5,4
19012656,2,3,6,10,1
19012657,10,8,4,9,5
19012658,9,2,10,11,4
19012659,2,4,7,10,5
19012660,9,2,10,8,7
19012661,1,4,5,3,11
19012662,6,11,9,10,2
19012663,10,2,11,1,8
19012664,6,4,7,8,2
19012665,3,4,7,11,8
19012666,11,3,9,6,7
19012667,11,6,4,9,10
19012668,3,5,10,7,1
19012669,11,6,10,3,1
19012670,10,2,7,11,4
19012671,3,5,11,10,6
19012672,7,11,8,2,3
19012673,10,7,2,1,6
19012674,6,2,1,7,8
19012675,9,10,11,7,4
19012676,8,10,5,1,7
19012677,7,8,4,10,5
19012678,8,11,4,6,1
19012679,10,9,6,1,11
19012680,10,2,6,4,11
19012681,2,3,6,7,5
19012701,9,11,1,7,6
19012702,5,2,3,11,8
19012703,6,4,3,7,8
19012704,4,9,5,10,11
19012705,11,8,10,6,7
19012706,7,2,4,9,11
19012707,8,5,2,3,4
19012708,1,2,8,5,10
19012709,1,2,9,8,6
19012710,5,7,6,10,9
19012711,8,2,4,6,5
19012712,9,10,3,6,5
19012713,10,11,9,5,2
19012714,2,8,4,1,6
19012715,9,2,1,10,4
19012716,4,10,7,3,9
19012717,4,1,3,7,8
19012718,4,10,5,1,7
19012719,11,10,5,6,7
19012720,1,7,11,6,10
19012721,7,2,1,4,5
19012722,8,2,3,11,4
19012723,10,11,1,5,4
19012724,1,4,3,9,8
19012725,10,5,7,6,3
19012726,9,1,8,5,2
19012727,9,6,4,5,3
19012728,7,6,5,9,10
19012729,6,5,8,3,11
19012730,1,3,11,4,2
19012731,11,2,7,9,3
19012732,7,1,5,8,4
19012733,4,10,6,2,1
19012734,3,7,5,6,9
19012735,6,9,4,3,1
19012736,9,1,7,4,6
19012737,5,11,8,6,4
19012738,8,11,3,5,9
19012739,10,1,7,4,9
19012740,1,5,8,4,6
19012741,4,3,8,6,11
19012742,7,9,8,3,6
19012743,6,9,4,11,3
19012744,10,5,7,6,9
19012745,6,11,4,10,1
19012746,7,1,9,3,2
19012747,10,5,6,3,11
19012748,8,3,7,6,1
19012749,6,3,1,7,4
19012750,11,10,2,8,5
19012751,5,10,4,2,8
19012752,5,6,1,3,9
19012753,1,8,3,10,2
19012754,1,2,4,8,3
19012755,7,1,2,11,10
19012756,8,4,7,3,6
19012757,1,10,11,2,7
19012758,9,1,2,3,11
19012759,9,10,4,7,1
19012760,3,1,11,8,6
19012761,11,2,8,9,6
19012762,10,2,8,7,11
19012763,6,7,1,5,3
19012764,4,6,11,2,10
19012765,2,8,10,11,9
19012766,4,6,5,11,10
19012767,6,5,10,2,1
19012768,9,3,5,4,11
19012769,6,2,4,3,5
19012770,5,11,2,3,10
19012771,8,11,10,9,5
19012772,5,2,3,7,11
19012773,10,6,11,5,3
19012774,8,1,6,4,7
19012775,6,2,8,7,4
19012776,11,3,10,2,7
19012777,7,11,6,10,4
19012778,6,4,3,8,9
19012779,3,5,11,4,1
19012780,6,9,11,2,1
19012781,3,2,6,8,5
19012801,11,2,5,1,10
19012802,8,6,11,7,3
19012803,2,3,4,5,7
19012804,1,6,2,11,9
19012805,9,10,1,3,4
19012806,3,6,4,11,5
19012807,6,2,1,5,3
19012808,9,10,6,11,2
19012809,1,2,8,9,6
19012810,11,7,2,3,10
19012811,5,4,2,10,3
19012812,8,3,10,2,5
19012813,9,8,1,2,7
19012814,2,6,4,8,1
19012815,1,11,7,2,5
19012816,11,2,4,10,9
19012817,4,5,8,2,6
19012818,3,6,11,10,4
19012819,11,7,3,1,2
19012820,4,8,6,10,5
19012821,11,9,10,7,3
19012822,5,10,11,7,9
19012823,9,10,4,3,11
19012824,5,6,10,4,7
19012825,1,9,7,2,6
19012826,11,10,6,3,9
19012827,1,5,3,11,7
19012828,1,5,11,8,9
19012829,2,9,1,3,4
19012830,7,11,8,1,6
19012831,6,3,8,7,1
19012832,5,11,9,6,3
19012833,3,6,10,1,5
19012834,10,4,2,1,8
19012835,9,7,6,10,11
19012836,7,2,3,10,9
19012837,5,8,4,10,11
19012838,4,6,5,2,11
19012839,2,3,5,10,11
19012840,5,9,1,10,11
19012841,4,8,3,9,2
19012842,1,10,5,3,4
19012843,8,3,6,4,7
19012844,5,6,2,1,7
19012845,1,5,11,10,6
19012846,2,4,9,5,7
19012847,4,8,7,2,10
19012848,5,11,1,6,2
19012849,9,1,8,4,2
19012850,11,5,8,6,3
19012851,9,1,2,7,6
19012852,4,6,11,10,9
19012853,11,4,9,2,6
19012854,6,7,2,11,5
19012855,1,9,11,7,5
19012856,7,6,11,4,10
19012857,11,2,5,6,8
19012858,11,7,8,10,5
19012859,9,1,3,10,11
19012860,1,2,9,3,10
19012861,11,6,9,1,8
19012862,8,1,7,4,11
19012863,11,7,8,3,6
19012864,11,7,3,10,2
19012865,1,9,3,7,8
19012866,6,9,5,11,1
19012867,1,11,8,3,10
19012868,5,1,11,9,7
19012869,10,11,6,9,8
19012870,8,2,7,5,10
19012871,6,10,1,4,11
19012872,9,8,6,2,4
19012873,11,7,4,1,2
19012874,11,5,7,6,3
19012875,4,5,3,11,7
19012876,1,2,9,11,4
19012877,6,7,5,3,11
19012878,4,7,5,9,11
19012879,3,6,5,9,8
19012880,7,2,5,6,8
19012881,8,3,5,7,1
19012901,9,10,7,2,6
19012902,4,9,8,6,7
19012903,2,11,4,5,8
19012904,7,11,10,5,9
19012905,3,2,1,8,4
19012906,1,11,6,5,9
19012907,11,8,6,3,5
19012908,1,10,5,7,4
19012909,7,9,10,6,5
19012910,6,11,7,9,10
19012911,7,4,8,9,11
19012912,2,8,3,9,7
19012913,4,2,1,11,3
19012914,2,7,9,1,10
19012915,9,3,6,8,2
19012916,1,4,9,11,8
19012917,8,9,7,3,5
19012918,6,10,5,9,8
19012919,9,10,5,1,7
19012920,5,4,7,1,11
19012921,5,11,4,9,8
19012922,10,2,5,8,1
19012923,5,7,10,1,6
19012924,4,11,1,9,5
19012925,4,11,5,6,8
19012926,8,5,1,9,7
19012927,11,4,5,8,10
19012928,9,5,3,4,8
19012929,5,4,2,7,8
19012930,6,1,2,4,9
19012931,7,11,5,3,6
19012932,6,3,9,10,8
19012933,7,11,8,9,6
19012934,3,8,9,11,5
19012935,3,6,5,2,1
19012936,1,10,8,6,9
19012937,2,8,5,1,4
19012938,8,10,4,7,9
19012939,4,3,5,11,6
19012940,11,1,3,5,9
19012941,1,10,4,6,7
19012942,4,1,5,6,7
19012943,3,11,2,10,7
19012944,4,2,5,11,7
19012945,4,8,10,1,7
19012946,10,6,9,11,5
19012947,9,7,6,4,10
19012948,3,10,1,2,11
19012949,10,6,8,4,1
19012950,2,4,1,3,6
19012951,4,2,5,1,10
19012952,2,10,4,3,8
19012953,4,6,11,8,2
19012954,10,9,7,8,11
19012955,6,4,9,11,7
19012956,2,7,11,9,6
19012957,6,9,4,5,3
19012958,5,1,6,9,4
19012959,5,10,2,1,6
19012960,6,8,7,2,3
19012961,10,2,7,8,11
19012962,9,8,2,1,10
19012963,11,6,7,1,8
19012964,9,5,1,6,11
19012965,9,1,5,8,6
19012966,11,3,2,8,1
19012967,8,6,9,11,7
19012968,7,8,2,3,4
19012969,10,8,11,3,7
19012970,1,11,9,2,8
19012971,8,10,3,11,9
19012972,6,7,8,9,1
19012973,11,6,3,4,10
19012974,5,4,10,7,2
19012975,10,7,4,3,6
19012976,10,11,7,6,1
19012977,9,10,2,1,8
19012978,3,4,2,5,7
19012979,3,5,4,2,9
19012980,7,9,8,3,2
19012981,8,9,11,6,1
19013001,3,5,2,4,6
19013002,5,11,1,7,6
19013003,9,3,10,8,7
19013004,8,7,1,3,4
19013005,7,3,8,11,5
19013006,10,11,1,3,5
19013007,4,6,8,7,10
19013008,8,4,6,5,10
19013009,6,2,9,3,5
19013010,4,6,10,5,8
19013011,7,3,11,10,2
19013012,7,10,4,2,3
19013013,8,11,9,4,2
19013014,2,6,8,10,4
19013015,7,3,4,6,8
19013016,2,4,10,6,8
19013017,6,7,11,9,2
19013018,3,4,7,8,5
19013019,2,11,1,5,9
19013020,2,9,7,3,11
19013021,2,11,5,3,9
19013022,2,1,5,4,9
19013023,10,1,11,5,9
19013024,8,4,5,11,2
19013025,9,10,8,1,6
19013026,8,9,2,10,3
19013027,10,2,4,7,5
19013028,1,10,11,2,3
19013029,6,9,4,5,1
19013030,11,1,5,2,8
19013031,6,9,11,4,1
19013032,3,6,10,4,11
19013033,10,3,7,11,8
19013034,2,7,4,11,9
19013035,1,2,10,3,5
19013036,8,6,2,9,10
19013037,5,8,1,4,6
19013038,9,5,7,11,1
19013039,8,6,4,7,9
19013040,6,8,11,9,5
19013041,7,3,5,6,4
19013042,4,6,1,10,5
19013043,8,11,6,9,7
19013044,8,10,1,3,6
19013045,8,6,2,9,11
19013046,11,2,4,6,1
19013047,8,2,3,5,6
19013048,6,8,9,1,5
19013049,4,9,10,2,7
19013050,9,8,3,4,11
19013051,5,2,7,6,10
19013052,6,4,11,1,10
19013053,8,2,4,9,3
19013054,10,8,4,5,6
19013055,9,1,3,8,6
19013056,8,5,4,10,9
19013057,10,4,3,7,6
19013058,11,5,4,1,6
19013059,5,7,3,4,8
19013060,4,1,5,2,6
19013061,9,8,5,11,3
19013062,10,8,3,9,1
19013063,10,3,11,6,7
19013064,4,9,7,1,3
19013065,7,6,5,8,11
19013066,9,4,10,2,6
19013067,4,6,1,5,10
19013068,3,5,11,7,9
19013069,4,6,2,7,8
19013070,5,7,6,10,11
19013071,8,6,7,11,1
19013072,5,11,9,10,1
19013073,2,4,8,7,1
19013074,8,9,10,4,5
19013075,4,7,9,5,6
19013076,4,11,7,6,9
19013077,6,11,3,1,8
19013078,8,10,9,11,5
19013079,6,2,1,9,11
19013080,9,4,8,7,1
19013081,3,5,11,8,2
19013101,11,5,10,1,2
19013102,9,10,1,7,3
19013103,11,6,9,8,5
19013104,6,1,7,5,9
19013105,6,9,4,2,8
19013106,2,6,10,11,8
19013107,3,4,11,6,2
19013108,7,3,11,5,8
19013109,9,7,4,10,11
19013110,9,6,4,1,3
19013111,5,2,7,6,8
19013112,9,2,6,7,3
19013113,11,5,7,8,10
19013114,3,9,7,4,11
19013115,10,1,7,5,4
19013116,1,7,11,3,9
19013117,7,9,1,2,3
19013118,3,6,2,5,1
19013119,2,6,9,5,8
19013120,5,1,2,7,3
19013121,3,8,10,1,11
19013122,2,3,11,6,8
19013123,11,3,8,5,2
19013124,9,11,8,3,5
19013125,5,11,9,3,7
19013126,7,10,9,2,3
19013127,7,2,1,6,4
19013128,7,6,9,8,11
19013129,9,5,6,11,2
19013130,6,2,3,9,10
19013131,11,3,1,9,7
19013132,4,10,9,2,6
19013133,10,11,6,5,2
19013134,2,10,6,3,11
19013135,7,1,11,8,5
19013136,9,7,8,10,11
19013137,11,7,8,3,2
19013138,6,2,1,8,11
19013139,8,1,7,6,11
19013140,5,1,3,9,6
19013141,5,10,6,1,2
19013142,8,10,3,5,6
19013143,9,10,1,5,8
19013144,11,8,10,6,5
19013145,4,9,10,5,1
19013146,6,4,5,1,10
19013147,5,8,10,6,1
19013148,2,1,4,5,11
19013149,9,11,10,3,1
19013150,6,9,2,4,8
19013151,6,4,2,8,7
19013152,3,11,4,9,1
19013153,11,8,3,4,1
19013154,2,9,10,8,3
19013155,3,11,4,2,6
19013156,7,11,1,9,8
19013157,7,2,10,3,1
19013158,10,4,6,9,3
19013159,2,10,3,9,1
19013160,9,5,6,2,3
19013161,10,7,3,9,5
19013162,2,10,3,5,4
19013163,9,3,4,7,1
19013164,7,8,1,11,3
19013165,11,8,2,6,5
19013166,10,9,5,4,11
19013167,3,5,7,11,6
19013168,1,3,11,5,4
19013169,4,10,5,9,11
19013170,9,8,5,3,1
19013171,9,10,11,3,8
19013172,7,9,4,2,8
19013173,4,2,5,11,3
19013174,3,11,4,9,7
19013175,7,11,8,1,3
19013176,11,6,5,3,1
19013177,1,6,4,3,9
19013178,5,4,2,8,9
19013179,3,4,8,2,5
19013180,11,2,8,5,3
19013181,8,6,11,10,4
