20010101,6,5,8,11,4
20010102,8,7,11,2,4
20010103,8,5,11,9,4
20010104,5,10,6,2,9
20010105,5,9,2,11,4
20010106,9,11,10,2,5
20010107,6,7,5,2,9
20010108,11,6,10,1,8
20010109,10,11,7,5,3
20010110,11,10,7,8,1
20010111,4,11,1,9,5
20010112,1,8,7,2,11
20010113,3,2,6,7,4
20010114,1,9,5,11,3
20010115,4,7,6,9,1
20010116,1,3,6,4,10
20010117,10,7,5,4,2
20010118,7,3,1,11,10
20010119,7,3,8,5,1
20010120,2,1,4,6,10
20010121,7,6,11,4,2
20010122,9,5,6,3,2
20010123,10,8,6,5,4
20010124,6,1,7,9,10
20010125,8,9,4,1,3
20010126,1,10,3,5,9
20010127,5,3,2,9,1
20010128,2,1,4,7,10
20010129,7,3,1,5,2
20010130,3,2,8,4,5
20010131,6,10,2,4,8
20010132,10,1,3,5,8
20010133,8,10,7,4,1
20010134,9,3,11,5,2
20010135,5,2,9,10,1
20010136,9,11,6,2,8
20010137,5,11,6,9,3
20010138,4,9,5,6,8
20010139,7,6,9,4,5
20010140,6,10,4,8,7
20010201,11,8,10,3,2
20010202,5,7,4,11,1
20010203,7,8,11,4,10
20010204,11,9,1,4,10
20010205,10,7,5,1,3
20010206,8,6,2,10,5
20010207,9,2,3,6,10
20010208,9,7,1,5,2
20010209,5,8,7,2,4
20010210,3,9,6,4,7
20010211,3,6,9,5,7
20010212,11,1,8,10,9
20010213,11,2,3,5,1
20010214,3,1,6,5,10
20010215,4,8,5,10,6
20010216,10,7,5,4,9
20010217,11,3,4,1,2
20010218,8,1,7,6,3
20010219,7,3,11,4,8
20010220,2,10,3,6,1
20010221,1,11,9,5,10
20010222,1,10,4,8,11
20010223,2,5,9,8,4
20010224,4,7,8,6,10
20010225,4,3,8,6,9
20010226,7,10,4,11,2
20010227,2,8,10,11,3
20010228,2,5,9,1,11
20010229,8,9,5,4,10
20010230,2,1,3,8,10
20010231,7,11,10,5,3
20010232,10,5,8,2,1
20010233,6,9,3,4,11
20010234,8,4,2,9,5
20010235,8,2,11,7,1
20010236,4,10,11,6,7
20010237,9,1,2,11,8
20010238,9,11,4,1,7
20010239,9,2,4,1,11
