20040101,5,8,1,2,11
20040102,10,8,11,7,3
20040103,7,8,2,6,1
20040104,7,2,3,10,5
20040105,3,7,8,11,4
20040106,2,5,1,4,8
20040107,10,3,7,6,5
20040108,8,4,7,5,9
20040109,6,9,8,1,7
20040110,1,7,8,4,10
20040111,2,7,1,10,3
20040112,5,6,8,7,4
20040113,8,1,3,2,7
20040114,1,7,3,11,6
20040115,3,7,4,1,9
20040116,6,8,10,7,9
20040117,2,3,11,4,10
20040118,9,11,3,5,4
20040119,2,7,6,1,8
20040120,9,11,2,3,4
20040121,9,4,11,6,2
20040122,8,2,7,6,3
20040123,6,9,4,8,1
20040124,5,9,4,8,3
20040125,8,6,9,1,3
20040126,1,10,8,2,4
20040127,2,10,7,3,1
20040128,10,8,4,2,9
20040129,7,5,10,6,4
20040130,8,6,3,4,11
20040131,6,9,2,3,11
20040132,1,7,3,2,9
20040133,8,1,2,6,3
20040134,10,9,4,6,1
20040135,10,8,5,6,1
20040136,5,4,8,7,1
20040137,3,2,10,11,6
20040138,4,5,11,2,6
20040139,6,11,5,2,10
20040140,10,9,1,6,4
