20070101,3,4,11,9,5
20070102,9,7,11,2,4
20070103,9,1,2,3,7
20070104,8,3,9,10,4
20070105,7,10,9,1,3
20070106,9,8,4,10,11
20070107,10,8,5,2,11
20070108,10,9,7,11,4
20070109,10,5,6,11,8
20070110,11,3,1,8,2
20070111,5,1,8,3,9
20070112,8,10,6,11,2
20070113,10,1,5,11,6
20070114,10,3,1,7,4
20070115,1,2,9,10,3
20070116,11,3,6,4,2
20070117,10,1,3,4,5
20070118,7,2,11,1,9
20070119,9,2,6,1,11
20070120,3,1,10,2,8
20070121,5,9,8,4,1
20070122,2,6,9,10,3
20070123,5,6,9,8,11
20070124,2,11,5,4,10
20070125,9,5,4,1,3
20070126,11,6,9,1,10
20070127,7,8,6,2,5
20070128,5,9,10,2,8
20070129,10,9,7,2,1
20070130,8,1,3,9,4
20070131,10,7,1,5,3
20070132,5,7,2,8,4
20070133,7,2,1,6,5
20070134,1,11,6,9,7
20070135,11,4,2,5,1
20070136,5,4,3,9,11
20070137,3,2,5,6,9
20070138,10,4,6,5,9
20070139,4,3,8,1,6
20070140,4,3,7,9,11
20070201,5,1,11,6,2
20070202,1,10,6,2,7
20070203,6,4,8,11,9
20070204,5,7,9,1,4
20070205,10,7,11,5,3
20070206,5,6,10,8,2
20070207,8,3,4,2,6
20070208,5,7,1,6,3
20070209,10,4,11,9,5
20070210,9,4,10,5,8
20070211,6,10,1,2,5
20070212,5,1,10,3,4
20070213,8,11,9,7,1
20070214,8,7,10,1,11
20070215,9,7,3,4,5
20070216,4,11,10,6,1
20070217,5,7,2,4,9
20070218,3,8,2,4,11
20070219,11,5,9,3,6
20070220,9,1,4,5,6
20070221,7,5,6,11,10
20070222,5,10,8,2,11
20070223,3,11,10,2,9
20070224,5,11,1,4,8
20070225,11,4,6,1,9
20070226,5,3,6,9,2
20070227,5,9,1,7,4
20070228,6,5,7,4,11
20070229,3,1,2,7,11
20070230,5,9,1,7,6
20070231,8,6,7,2,4
20070232,1,3,4,9,5
20070233,8,1,10,3,11
20070234,8,2,10,11,4
20070235,10,2,5,9,11
20070236,2,9,1,7,11
20070237,8,6,11,5,1
20070238,4,3,8,7,11
20070239,6,1,9,8,10
20070240,4,7,9,11,2
