20050101,7,5,10,9,2
20050102,9,2,4,7,5
20050103,11,8,4,2,5
20050104,2,4,9,3,7
20050105,10,1,6,5,7
20050106,5,2,7,9,4
20050107,3,1,7,6,8
20050108,7,2,11,10,3
20050109,2,8,11,3,4
20050110,7,4,11,8,2
20050111,6,4,7,10,3
20050112,3,6,5,10,4
20050113,10,11,6,2,1
20050114,10,6,5,9,2
20050115,10,8,6,1,4
20050116,6,9,10,3,5
20050117,10,8,6,2,7
20050118,10,3,11,6,2
20050119,10,3,4,11,5
20050120,5,4,6,1,11
20050121,4,1,5,6,11
20050122,10,7,1,8,5
20050123,2,3,7,1,10
20050124,8,7,5,4,3
20050125,7,6,5,2,9
20050126,9,7,2,11,8
20050127,2,9,4,5,8
20050128,6,7,3,2,10
20050129,7,5,6,11,1
20050130,7,3,1,9,5
20050131,7,11,5,1,6
20050132,5,7,6,9,3
20050133,1,5,10,3,4
20050134,7,10,11,8,4
20050135,3,2,8,5,7
20050136,11,2,1,3,8
20050137,6,3,7,11,10
20050138,2,6,8,3,9
20050139,2,9,3,7,1
20050140,9,1,6,10,4
