18060101,2,1,5,11,10
18060102,7,8,10,3,1
18060103,7,3,5,8,11
18060104,2,6,5,9,7
18060105,8,11,1,4,9
18060106,11,7,4,1,5
18060107,8,3,6,9,10
18060108,9,1,10,5,6
18060109,6,7,5,4,2
18060110,6,7,10,4,5
18060111,7,5,1,6,4
18060112,9,3,10,11,7
18060113,1,8,4,5,10
18060114,3,4,1,8,9
18060115,4,1,3,5,7
18060116,5,11,3,9,8
18060117,11,10,2,1,4
18060118,3,7,4,2,11
18060119,9,1,2,4,5
18060120,10,7,4,8,11
18060121,5,11,8,2,4
18060122,8,7,3,1,9
18060123,3,2,9,11,1
18060124,9,8,7,3,4
18060125,7,6,2,5,3
18060126,5,10,9,2,6
18060127,2,5,3,4,11
18060128,3,5,10,1,4
18060129,8,3,6,10,4
18060130,1,3,11,5,8
18060131,11,10,5,7,1
18060132,4,7,10,2,11
18060133,11,7,5,6,8
18060134,1,3,7,10,8
18060135,6,8,1,7,11
18060136,11,2,10,6,1
18060137,6,4,5,8,9
18060138,2,4,9,5,7
18060139,3,1,9,2,4
18060140,11,10,2,3,7
18060141,4,1,9,5,6
18060142,5,6,8,3,11
18060143,6,4,7,9,3
18060144,9,10,2,5,4
18060145,11,9,8,7,6
18060146,10,4,11,9,3
18060147,2,1,8,6,9
18060148,7,3,6,10,8
18060149,2,5,9,11,6
18060150,4,3,10,9,5
18060151,4,9,11,10,2
18060152,8,10,3,5,9
18060153,3,9,7,10,2
18060154,3,7,4,1,5
18060155,1,3,11,6,5
18060156,2,11,7,1,9
18060157,9,1,10,3,7
18060158,1,4,9,2,6
18060159,7,10,11,8,4
18060160,4,9,1,8,6
18060161,11,9,2,5,1
18060162,7,2,6,1,8
18060163,3,8,9,6,1
18060164,1,4,6,11,5
18060165,3,8,5,11,1
18060166,8,7,1,6,4
18060167,2,9,6,5,11
18060168,7,10,8,4,6
18060169,7,3,5,1,11
18060170,6,4,10,11,2
18060171,1,4,11,6,7
18060172,2,10,7,5,3
18060173,1,4,6,3,8
18060174,4,8,9,3,10
18060175,7,11,9,8,6
18060176,5,1,7,8,4
18060177,9,5,10,3,11
18060178,3,1,10,6,2
18060179,9,3,8,4,2
18060180,10,3,1,2,6
18060181,5,11,10,4,7
18060201,8,10,11,2,7
18060202,3,8,11,9,4
18060203,5,4,2,3,6
18060204,6,8,2,11,9
18060205,6,1,7,3,9
18060206,10,5,6,8,4
18060207,5,3,2,7,8
18060208,11,7,3,4,1
18060209,9,6,1,3,10
18060210,2,6,9,10,1
18060211,9,2,8,3,11
18060212,1,4,9,7,2
18060213,8,10,1,9,11
18060214,6,2,11,8,5
18060215,9,10,2,1,4
18060216,2,11,1,10,9
18060217,8,1,6,7,10
18060218,10,6,11,2,1
18060219,6,2,8,9,11
18060220,8,3,2,1,9
18060221,3,6,9,8,2
18060222,9,2,7,6,8
18060223,10,6,8,1,7
18060224,1,4,7,3,11
18060225,3,1,10,2,5
18060226,9,6,10,3,11
18060227,9,5,3,4,7
18060228,10,9,7,8,1
18060229,1,6,2,8,10
18060230,5,3,10,11,7
18060231,8,11,2,4,3
18060232,2,7,4,11,6
18060233,7,11,3,1,4
18060234,10,9,2,5,4
18060235,2,4,5,3,1
18060236,6,3,9,11,8
18060237,7,5,2,9,10
18060238,8,1,3,7,4
18060239,10,4,8,7,9
18060240,7,4,6,1,3
18060241,5,8,2,11,6
18060242,5,8,7,9,3
18060243,9,7,11,3,4
18060244,8,11,6,4,1
18060245,1,2,10,9,4
18060246,6,8,1,2,5
18060247,6,3,5,10,11
18060248,8,3,4,2,6
18060249,5,6,4,2,9
18060250,8,3,11,6,7
18060251,9,6,1,8,4
18060252,1,3,8,2,7
18060253,6,10,8,9,11
18060254,3,8,7,10,1
18060255,2,9,1,3,10
18060256,2,8,10,1,11
18060257,2,3,8,10,9
18060258,5,3,7,1,2
18060259,5,7,9,11,10
18060260,5,11,6,4,7
18060261,6,8,5,10,11
18060262,9,7,4,5,2
18060263,4,8,6,11,2
18060264,4,7,9,11,3
18060265,9,2,6,8,3
18060266,7,10,5,11,4
18060267,5,2,9,7,8
18060268,8,5,4,10,3
18060269,4,7,5,3,8
18060270,8,2,7,9,5
18060271,5,8,11,1,4
18060272,9,1,10,7,11
18060273,1,3,11,2,8
18060274,11,2,4,5,9
18060275,11,7,6,3,4
18060276,6,2,10,9,5
18060277,3,7,6,10,1
18060278,8,6,10,9,7
18060279,5,2,3,6,4
18060280,10,2,3,9,8
18060281,8,2,10,9,7
18060301,11,3,1,10,2
18060302,7,9,4,8,11
18060303,9,3,2,7,5
18060304,10,1,6,5,9
18060305,8,2,10,1,3
18060306,3,11,1,2,8
18060307,8,6,5,2,7
18060308,8,1,5,9,6
18060309,7,9,11,5,3
18060310,10,7,2,11,8
18060311,1,11,9,5,6
18060312,6,7,1,11,2
18060313,9,2,10,4,7
18060314,6,11,3,2,7
18060315,3,7,8,9,1
18060316,7,10,3,1,2
18060317,8,7,5,10,3
18060318,6,1,7,3,10
18060319,11,1,6,4,3
18060320,5,2,3,7,6
18060321,1,2,11,5,8
18060322,6,5,7,11,4
18060323,1,2,5,8,4
18060324,9,2,6,7,5
18060325,6,3,11,7,9
18060326,7,8,2,4,3
18060327,7,3,9,11,8
18060328,7,2,4,5,11
18060329,5,10,1,4,8
18060330,7,3,11,2,6
18060331,5,9,11,7,10
18060332,7,9,5,6,1
18060333,2,4,7,3,11
18060334,4,7,3,10,6
18060335,5,9,8,10,6
18060336,11,10,9,8,1
18060337,9,11,3,10,7
18060338,3,1,11,2,7
18060339,6,2,11,1,3
18060340,8,1,9,2,5
18060341,6,2,5,9,8
18060342,1,4,7,10,2
18060343,7,4,5,2,3
18060344,4,10,7,3,6
18060345,3,2,6,11,1
18060346,11,4,10,3,5
18060347,6,5,2,11,4
18060348,8,4,1,7,10
18060349,2,5,1,6,7
18060350,11,7,4,9,10
18060351,1,8,11,9,6
18060352,3,7,6,8,1
18060353,6,10,2,9,4
18060354,8,4,6,5,7
18060355,10,4,7,1,5
18060356,2,1,5,10,8
18060357,8,9,7,1,5
18060358,5,6,9,11,1
18060359,9,6,11,4,1
18060360,1,6,7,5,2
18060361,2,1,8,10,4
18060362,11,7,10,8,4
18060363,6,8,11,9,5
18060364,10,5,3,2,4
18060365,3,1,4,7,6
18060366,5,8,1,4,6
18060367,8,11,4,6,10
18060368,10,6,9,4,11
18060369,11,8,5,2,7
18060370,11,9,2,4,6
18060371,9,7,1,2,3
18060372,10,3,5,9,6
18060373,9,2,11,7,10
18060374,4,3,7,9,8
18060375,2,7,1,11,6
18060376,4,9,7,2,1
18060377,5,1,8,3,7
18060378,8,7,6,5,1
18060379,1,4,9,8,10
18060380,9,11,4,2,3
18060381,11,7,8,2,10
18060401,10,7,4,11,9
18060402,11,6,9,1,2
18060403,8,4,10,9,11
18060404,4,1,10,8,3
18060405,3,5,4,7,1
18060406,4,10,3,7,8
18060407,3,2,6,5,7
18060408,9,3,2,4,10
18060409,7,8,9,10,1
18060410,5,2,3,10,4
18060411,5,9,1,3,4
18060412,1,11,10,3,8
18060413,5,8,7,6,10
18060414,5,3,9,10,6
18060415,7,9,11,6,3
18060416,9,10,6,3,4
18060417,8,1,6,4,2
18060418,5,11,9,8,6
18060419,10,6,4,3,7
18060420,6,2,9,4,7
18060421,1,9,4,2,7
18060422,3,10,2,5,8
18060423,3,10,5,11,7
18060424,11,1,10,8,7
18060425,11,1,3,6,10
18060426,6,5,11,2,10
18060427,9,11,6,8,7
18060428,2,3,6,1,5
18060429,2,4,11,10,3
18060430,11,7,5,8,2
18060431,7,9,8,11,6
18060432,4,2,6,1,7
18060433,11,6,8,4,2
18060434,11,6,9,5,7
18060435,11,2,1,7,6
18060436,9,1,8,11,5
18060437,5,11,10,7,8
18060438,3,10,6,7,8
18060439,3,1,4,10,5
18060440,11,1,9,2,4
18060441,7,10,11,1,8
18060442,8,1,10,11,5
18060443,6,7,8,9,11
18060444,5,8,6,7,10
18060445,4,6,11,7,5
18060446,6,4,1,10,7
18060447,10,7,6,8,11
18060448,5,4,10,6,8
18060449,9,10,11,8,3
18060450,1,8,3,4,6
18060451,2,6,7,5,3
18060452,7,1,4,11,9
18060453,6,10,5,2,3
18060454,3,4,5,2,9
18060455,9,11,6,10,4
18060456,4,5,9,8,2
18060457,11,3,7,8,10
18060458,10,5,3,2,1
18060459,2,3,6,8,4
18060460,10,4,9,6,2
18060461,9,4,3,8,11
18060462,11,1,5,8,6
18060463,1,6,10,11,8
18060464,5,10,9,2,8
18060465,1,6,7,3,2
18060466,11,4,6,8,1
18060467,6,5,2,4,11
18060468,4,11,6,2,7
18060469,6,4,1,5,8
18060470,7,3,1,2,6
18060471,2,11,4,8,3
18060472,5,8,2,6,1
18060473,6,2,10,7,1
18060474,3,2,8,6,7
18060475,6,5,3,2,10
18060476,1,6,10,8,11
18060477,4,1,5,3,6
18060478,7,3,10,8,5
18060479,11,3,1,2,10
18060480,8,1,7,4,6
18060481,11,3,2,5,10
18060501,6,11,3,9,7
18060502,1,3,9,11,6
18060503,3,1,4,9,7
18060504,9,5,8,10,1
18060505,3,5,1,8,10
18060506,8,7,2,3,5
18060507,2,11,8,3,1
18060508,2,10,4,1,9
18060509,6,8,3,5,1
18060510,7,2,6,5,10
18060511,3,2,11,7,10
18060512,5,1,3,8,4
18060513,1,5,3,9,6
18060514,6,4,10,3,7
18060515,5,1,7,11,2
18060516,6,1,9,3,7
18060517,7,1,4,5,10
18060518,3,5,9,2,10
18060519,11,2,6,5,10
18060520,4,5,3,8,10
18060521,9,8,10,4,1
18060522,5,10,2,6,9
18060523,2,8,5,3,4
18060524,4,3,1,9,2
18060525,9,2,8,5,3
18060526,1,11,6,5,8
18060527,4,2,3,6,9
18060528,4,5,7,11,2
18060529,7,3,6,11,9
18060530,7,5,3,1,6
18060531,4,11,10,7,9
18060532,10,8,5,6,1
18060533,2,10,6,1,3
18060534,9,6,1,10,11
18060535,6,11,9,7,2
18060536,8,6,2,4,1
18060537,4,1,8,11,9
18060538,8,1,6,11,4
18060539,1,2,11,9,8
18060540,1,2,11,10,4
18060541,7,11,6,4,3
18060542,5,1,7,3,2
18060543,7,8,3,2,9
18060544,1,3,9,11,2
18060545,7,8,1,9,11
18060546,8,6,3,9,1
18060547,10,4,8,7,3
18060548,10,11,8,1,6
18060549,1,7,4,2,5
18060550,3,4,7,8,9
18060551,3,10,5,8,11
18060552,8,4,2,6,10
18060553,10,1,6,4,5
18060554,7,8,5,2,3
18060555,2,10,1,11,3
18060556,2,7,11,5,10
18060557,2,9,7,6,5
18060558,11,5,10,6,8
18060559,1,6,9,5,7
18060560,6,10,3,2,4
18060561,10,3,7,6,4
18060562,1,5,7,9,10
18060563,3,1,7,2,11
18060564,3,11,10,7,9
18060565,6,9,2,5,3
18060566,7,5,11,3,6
18060567,3,4,1,10,5
18060568,5,10,9,2,11
18060569,4,10,11,3,9
18060570,1,9,5,8,11
18060571,6,1,9,11,3
18060572,7,5,3,1,2
18060573,10,1,2,6,3
18060574,4,6,9,11,10
18060575,1,3,11,8,9
18060576,8,4,1,2,9
18060577,7,8,1,3,11
18060578,11,9,1,3,7
18060579,2,4,11,10,5
18060580,3,1,6,9,8
18060581,11,4,8,5,9
18060601,8,1,7,6,2
18060602,10,2,4,5,8
18060603,4,3,9,10,1
18060604,7,9,5,3,10
18060605,4,1,10,3,8
18060606,1,4,7,2,10
18060607,6,11,7,10,3
18060608,3,9,10,11,4
18060609,7,3,9,4,6
18060610,5,9,11,6,4
18060611,11,1,6,4,8
18060612,3,4,1,6,8
18060613,1,8,5,6,3
18060614,3,11,1,10,4
18060615,3,7,10,11,9
18060616,11,1,4,8,2
18060617,10,7,5,2,9
18060618,4,5,2,8,1
18060619,11,6,10,5,8
18060620,7,6,1,10,4
18060621,10,8,7,3,2
18060622,3,9,6,11,7
18060623,3,2,11,9,5
18060624,5,9,1,2,7
18060625,1,8,10,6,5
18060626,1,2,9,11,8
18060627,4,9,5,10,8
18060628,11,5,6,7,4
18060629,5,4,11,8,1
18060630,2,7,8,11,6
18060631,8,1,3,9,5
18060632,5,1,7,4,3
18060633,2,1,8,5,6
18060634,4,8,10,3,9
18060635,6,10,4,1,7
18060636,3,2,1,10,4
18060637,10,8,9,2,6
18060638,9,1,5,7,2
18060639,8,2,6,5,1
18060640,8,2,11,7,4
18060641,2,9,8,1,11
18060642,11,7,2,3,1
18060643,5,11,3,7,6
18060644,6,8,1,3,7
18060645,5,3,9,10,1
18060646,3,9,1,5,8
18060647,10,6,2,5,9
18060648,9,5,4,1,6
18060649,8,9,11,7,2
18060650,8,1,5,10,11
18060651,5,10,4,6,11
18060652,8,4,3,5,6
18060653,9,8,3,4,1
18060654,5,3,4,1,8
18060655,9,2,8,6,7
18060656,11,1,7,8,10
18060657,8,6,1,9,3
18060658,10,8,11,5,9
18060659,11,9,2,10,1
18060660,11,4,5,1,8
18060661,11,1,4,8,7
18060662,7,11,9,4,3
18060663,7,5,11,3,2
18060664,1,11,6,10,2
18060665,8,11,4,9,2
18060666,9,8,3,1,7
18060667,5,1,4,2,7
18060668,9,5,3,10,11
18060669,3,9,1,6,2
18060670,7,3,8,10,5
18060671,10,1,8,11,3
18060672,4,2,7,6,11
18060673,3,10,1,2,9
18060674,11,3,9,10,6
18060675,11,7,4,8,1
18060676,4,7,10,6,5
18060677,3,6,2,11,8
18060678,7,5,4,9,3
18060679,4,5,3,7,2
18060680,9,1,4,2,6
18060681,10,2,1,7,6
18060701,9,8,7,3,11
18060702,1,3,9,11,5
18060703,10,2,3,1,7
18060704,6,11,8,5,2
18060705,8,1,10,9,4
18060706,4,7,6,3,9
18060707,2,5,8,10,9
18060708,11,4,6,10,7
18060709,10,3,5,6,11
18060710,2,1,5,9,4
18060711,8,3,9,6,1
18060712,10,3,8,1,7
18060713,2,1,4,10,11
18060714,6,2,9,5,4
18060715,11,1,9,2,10
18060716,6,5,4,9,11
18060717,9,10,3,11,4
18060718,10,1,8,7,3
18060719,9,8,7,1,4
18060720,5,6,10,1,4
18060721,10,9,8,11,2
18060722,3,4,5,10,7
18060723,5,10,4,11,8
18060724,1,6,4,8,11
18060725,4,7,5,11,8
18060726,7,8,5,6,2
18060727,11,3,8,9,7
18060728,9,5,4,6,7
18060729,7,10,2,11,4
18060730,11,5,3,4,9
18060731,4,11,2,7,10
18060732,9,7,6,10,2
18060733,5,6,8,7,3
18060734,3,2,4,6,8
18060735,9,5,6,11,2
18060736,1,2,8,4,3
18060737,4,6,11,5,2
18060738,3,5,9,7,10
18060739,6,4,9,10,8
18060740,11,7,3,5,8
18060741,11,7,3,5,8
18060742,1,7,8,11,4
18060743,7,8,2,3,6
18060744,7,2,5,8,1
18060745,5,11,8,3,1
18060746,7,9,3,4,2
18060747,4,5,10,3,1
18060748,1,2,5,8,4
18060749,1,6,10,2,8
18060750,6,4,2,8,7
18060751,6,2,3,4,11
18060752,1,6,10,4,11
18060753,2,6,11,9,1
18060754,2,5,4,10,6
18060755,11,7,3,1,10
18060756,7,5,9,2,8
18060757,3,2,10,8,5
18060758,2,3,4,6,5
18060759,7,3,2,10,4
18060760,8,9,3,10,7
18060761,3,7,11,9,6
18060762,2,8,10,7,3
18060763,6,8,2,9,10
18060764,2,10,11,1,4
18060765,9,7,5,1,3
18060766,4,6,11,1,9
18060767,7,11,5,1,8
18060768,11,5,4,7,1
18060769,5,8,4,2,10
18060770,10,3,4,1,11
18060771,4,9,5,6,10
18060772,2,7,1,3,6
18060773,2,11,8,7,10
18060774,5,7,4,6,11
18060775,3,9,7,5,1
18060776,7,3,10,6,4
18060777,10,4,1,9,7
18060778,8,1,6,9,2
18060779,11,5,10,7,3
18060780,10,8,7,5,2
18060781,9,10,6,7,1
18060801,9,3,1,2,7
18060802,6,1,8,9,2
18060803,7,5,11,9,10
18060804,4,5,2,11,6
18060805,9,6,7,10,8
18060806,8,11,1,2,9
18060807,10,1,3,6,4
18060808,8,7,11,4,5
18060809,1,3,9,6,10
18060810,8,2,9,5,1
18060811,3,1,6,8,2
18060812,1,7,6,8,3
18060813,7,1,4,10,5
18060814,8,4,9,6,7
18060815,3,6,9,10,1
18060816,8,4,2,6,10
18060817,4,11,5,3,9
18060818,3,4,9,7,8
18060819,3,8,4,7,10
18060820,3,11,10,6,2
18060821,11,5,2,7,4
18060822,9,8,3,4,2
18060823,7,2,4,6,10
18060824,1,4,8,9,2
18060825,5,7,8,2,6
18060826,7,8,1,9,5
18060827,11,10,7,5,4
18060828,7,11,4,10,3
18060829,6,8,1,10,9
18060830,4,9,11,1,7
18060831,5,8,7,11,2
18060832,5,8,6,1,10
18060833,6,5,10,1,3
18060834,9,5,2,4,10
18060835,10,8,9,6,1
18060836,8,11,4,6,5
18060837,9,3,6,5,7
18060838,5,1,7,3,9
18060839,6,3,4,10,9
18060840,4,1,8,11,2
18060841,3,2,11,9,10
18060842,2,8,7,11,4
18060843,9,1,10,4,5
18060844,9,3,8,10,2
18060845,1,7,9,5,2
18060846,10,5,7,4,1
18060847,6,7,2,11,10
18060848,6,11,9,10,3
18060849,2,6,4,9,7
18060850,6,2,10,7,5
18060851,7,9,10,5,6
18060852,5,4,7,1,11
18060853,5,11,3,10,7
18060854,8,6,7,10,1
18060855,6,1,9,7,3
18060856,6,8,10,2,4
18060857,10,4,6,8,9
18060858,10,9,2,6,11
18060859,11,5,10,3,9
18060860,8,10,6,3,1
18060861,3,10,7,6,5
18060862,9,1,7,3,5
18060863,6,5,3,9,11
18060864,6,7,3,4,1
18060865,6,3,10,8,11
18060866,3,9,8,1,10
18060867,2,8,5,3,9
18060868,10,6,11,2,8
18060869,1,5,7,2,11
18060870,11,5,2,7,10
18060871,8,6,3,9,7
18060872,10,11,4,2,9
18060873,1,6,2,4,8
18060874,10,5,11,4,8
18060875,5,4,7,8,1
18060876,11,4,2,3,9
18060877,1,4,3,11,8
18060878,1,7,4,2,9
18060879,4,9,11,6,2
18060880,7,11,1,8,9
18060881,10,4,5,8,3
18060901,9,1,8,10,7
18060902,5,7,6,3,8
18060903,5,4,8,6,10
18060904,8,1,6,3,4
18060905,1,7,2,11,10
18060906,5,3,2,4,6
18060907,4,7,5,8,1
18060908,1,5,7,10,11
18060909,4,6,11,8,3
18060910,6,3,2,4,9
18060911,7,4,10,9,6
18060912,6,5,2,1,3
18060913,8,3,7,9,4
18060914,8,5,2,3,1
18060915,2,6,11,7,5
18060916,9,7,6,4,3
18060917,1,6,5,4,9
18060918,3,11,10,9,1
18060919,7,4,9,6,10
18060920,2,4,5,7,10
18060921,3,5,7,8,4
18060922,2,7,5,4,1
18060923,10,6,7,8,3
18060924,2,9,6,10,8
18060925,10,5,2,1,6
18060926,3,8,7,10,9
18060927,11,9,7,6,1
18060928,2,5,11,6,3
18060929,1,5,7,11,4
18060930,11,3,5,10,6
18060931,9,5,11,3,6
18060932,9,5,3,10,11
18060933,11,8,10,9,5
18060934,7,1,10,9,6
18060935,11,8,6,10,4
18060936,5,3,7,2,4
18060937,4,3,8,6,11
18060938,4,3,9,7,8
18060939,4,3,8,9,10
18060940,11,9,10,4,7
18060941,11,7,3,6,4
18060942,4,8,11,1,9
18060943,2,3,5,7,8
18060944,9,10,2,1,7
18060945,1,7,4,5,6
18060946,3,10,8,2,1
18060947,9,11,8,3,1
18060948,10,8,5,11,1
18060949,8,1,10,2,3
18060950,10,4,2,1,9
18060951,7,4,10,2,1
18060952,2,3,11,4,7
18060953,10,8,6,9,4
18060954,6,9,1,10,11
18060955,9,7,11,10,6
18060956,5,7,10,2,4
18060957,6,5,10,7,11
18060958,6,4,2,10,3
18060959,9,8,1,5,4
18060960,7,10,3,6,9
18060961,11,4,5,8,2
18060962,1,11,2,10,5
18060963,11,7,10,8,3
18060964,7,10,3,5,9
18060965,1,10,11,7,5
18060966,8,6,4,10,7
18060967,11,5,8,2,3
18060968,10,4,7,2,3
18060969,9,6,10,3,4
18060970,9,7,3,6,10
18060971,2,4,7,9,1
18060972,5,11,8,3,4
18060973,7,3,9,6,8
18060974,6,11,4,8,10
18060975,1,4,5,2,8
18060976,7,9,8,6,2
18060977,6,10,4,1,9
18060978,3,4,7,6,8
18060979,2,1,4,10,5
18060980,6,4,5,10,2
18060981,9,6,2,11,5
18061001,3,8,5,4,6
18061002,6,9,3,2,1
18061003,5,7,4,2,3
18061004,2,4,10,7,5
18061005,10,1,4,2,5
18061006,6,8,7,4,5
18061007,10,11,7,5,4
18061008,3,9,6,5,2
18061009,3,10,7,5,2
18061010,7,8,3,6,2
18061011,7,1,10,11,6
18061012,4,7,5,11,1
18061013,5,7,11,6,1
18061014,2,4,9,10,7
18061015,3,4,9,11,8
18061016,7,2,8,10,9
18061017,8,10,1,11,7
18061018,6,4,11,5,8
18061019,11,3,2,7,1
18061020,10,5,9,7,2
18061021,11,10,4,3,1
18061022,4,11,5,7,9
18061023,7,1,3,10,8
18061024,4,5,8,11,10
18061025,3,8,11,9,2
18061026,3,7,11,5,8
18061027,5,11,7,1,3
18061028,10,8,6,2,3
18061029,8,9,11,10,1
18061030,9,11,5,2,1
18061031,1,5,4,6,10
18061032,7,5,9,4,2
18061033,6,1,9,10,2
18061034,9,2,6,4,5
18061035,11,8,10,7,4
18061036,10,11,2,5,7
18061037,11,10,8,3,4
18061038,3,2,4,10,5
18061039,11,5,7,6,10
18061040,11,10,8,2,5
18061041,1,8,11,5,6
18061042,3,7,10,8,5
18061043,3,2,1,9,4
18061044,4,5,10,6,1
18061045,2,6,4,11,7
18061046,11,8,2,7,3
18061047,6,1,11,9,4
18061048,4,2,1,3,11
18061049,3,8,6,9,4
18061050,2,1,6,8,5
18061051,10,11,9,5,2
18061052,3,2,7,4,5
18061053,9,8,10,7,2
18061054,8,11,3,2,1
18061055,6,4,9,7,1
18061056,7,4,5,8,3
18061057,8,7,4,11,1
18061058,10,2,3,6,7
18061059,8,9,5,3,7
18061060,11,2,10,9,7
18061061,9,2,6,4,5
18061062,2,4,3,6,9
18061063,7,9,4,10,3
18061064,4,8,6,7,1
18061065,7,2,10,3,9
18061066,8,3,5,9,4
18061067,9,4,1,7,2
18061068,4,3,11,5,8
18061069,8,1,2,10,4
18061070,7,4,9,10,6
18061071,6,9,2,4,10
18061072,11,2,5,1,7
18061073,3,8,10,2,6
18061074,10,5,1,8,4
18061075,7,4,10,8,11
18061076,4,7,8,3,2
18061077,4,10,9,5,8
18061078,3,4,8,7,2
18061079,1,5,10,6,11
18061080,7,10,4,3,11
18061081,1,10,4,11,2
18061101,7,10,3,4,5
18061102,1,10,2,5,3
18061103,9,6,7,5,11
18061104,6,5,8,2,9
18061105,9,10,8,6,3
18061106,1,10,4,2,7
18061107,2,9,5,4,10
18061108,3,2,7,9,10
18061109,7,3,6,10,11
18061110,5,1,8,4,11
18061111,1,4,2,8,7
18061112,10,6,2,4,9
18061113,10,5,2,11,7
18061114,2,11,7,10,1
18061115,6,11,3,4,9
18061116,2,11,3,9,1
18061117,8,9,3,1,7
18061118,8,1,11,3,6
18061119,3,2,7,11,1
18061120,4,3,5,8,7
18061121,7,6,9,2,8
18061122,10,11,4,6,5
18061123,9,11,10,7,4
18061124,1,10,4,7,5
18061125,5,11,6,10,1
18061126,4,6,11,2,3
18061127,2,9,8,4,5
18061128,7,4,6,10,1
18061129,6,3,5,9,11
18061130,4,6,8,7,5
18061131,8,9,7,5,2
18061132,1,11,7,3,4
18061133,11,3,1,6,7
18061134,2,7,4,11,10
18061135,7,3,5,6,1
18061136,2,1,5,6,7
18061137,2,5,11,6,1
18061138,3,11,8,6,7
18061139,4,10,1,7,8
18061140,9,3,1,6,5
18061141,11,7,9,8,3
18061142,3,6,1,11,5
18061143,7,1,11,2,9
18061144,8,3,10,6,7
18061145,8,10,1,11,9
18061146,2,10,4,3,5
18061147,6,8,1,9,7
18061148,5,11,9,2,10
18061149,9,10,8,5,7
18061150,1,7,11,8,2
18061151,11,1,4,10,8
18061152,11,4,6,3,2
18061153,11,1,4,10,6
18061154,9,7,2,4,5
18061155,6,1,10,9,11
18061156,7,10,8,5,1
18061157,10,5,1,11,6
18061158,5,10,11,2,6
18061159,3,4,6,7,1
18061160,11,10,2,9,1
18061161,7,8,2,6,1
18061162,11,4,8,9,6
18061163,10,1,3,2,4
18061164,1,9,4,7,11
18061165,3,8,6,5,1
18061166,7,2,3,1,5
18061167,6,9,2,1,10
18061168,7,3,6,5,9
18061169,10,1,8,5,4
18061170,5,1,6,8,9
18061171,9,5,6,3,7
18061172,7,4,10,5,3
18061173,11,4,3,9,7
18061174,1,11,9,3,7
18061175,6,3,8,7,1
18061176,5,3,1,7,10
18061177,4,3,9,5,11
18061178,5,2,11,4,10
18061179,11,3,5,8,2
18061180,9,5,6,7,2
18061181,1,9,4,2,8
18061201,7,6,2,8,9
18061202,3,5,2,9,10
18061203,8,9,4,7,10
18061204,11,10,3,4,2
18061205,9,7,4,1,10
18061206,7,1,6,9,5
18061207,1,6,4,10,3
18061208,1,6,5,3,2
18061209,5,9,2,3,10
18061210,10,2,7,5,9
18061211,6,9,2,10,11
18061212,6,5,11,9,7
18061213,4,10,9,3,2
18061214,7,9,4,5,11
18061215,5,3,6,10,2
18061216,4,8,11,5,2
18061217,11,2,5,1,4
18061218,8,1,2,3,5
18061219,6,7,5,8,3
18061220,7,11,9,1,8
18061221,1,4,11,8,7
18061222,1,10,11,7,8
18061223,6,1,11,2,5
18061224,10,4,7,9,6
18061225,11,5,6,4,2
18061226,3,8,6,11,5
18061227,5,2,3,11,1
18061228,8,3,6,1,9
18061229,1,4,10,3,11
18061230,3,9,5,4,1
18061231,9,11,6,1,4
18061232,10,9,2,1,11
18061233,6,1,10,7,4
18061234,6,8,11,7,4
18061235,9,6,11,8,10
18061236,6,7,4,2,3
18061237,9,5,6,7,4
18061238,4,6,3,8,7
18061239,4,8,3,6,7
18061240,5,3,4,11,6
18061241,3,5,8,2,11
18061242,4,5,6,3,2
18061243,9,8,3,10,4
18061244,9,1,3,7,2
18061245,6,3,4,1,7
18061246,5,10,2,7,1
18061247,9,11,5,2,7
18061248,8,3,7,2,4
18061249,3,4,10,7,11
18061250,2,4,8,5,1
18061251,9,11,8,3,10
18061252,7,10,9,6,2
18061253,11,8,3,7,4
18061254,10,6,7,5,4
18061255,10,11,7,8,6
18061256,5,2,9,8,1
18061257,10,3,7,6,9
18061258,11,1,9,4,6
18061259,7,3,4,10,5
18061260,1,3,6,10,9
18061261,6,8,5,1,9
18061262,8,7,1,5,4
18061263,2,7,9,8,4
18061264,10,5,9,6,11
18061265,3,5,2,1,8
18061266,4,11,5,3,1
18061267,5,4,7,8,1
18061268,2,7,3,11,4
18061269,4,8,6,3,7
18061270,5,10,7,9,1
18061271,5,6,10,4,3
18061272,7,3,11,6,5
18061273,9,2,4,1,6
18061274,11,9,4,3,2
18061275,7,1,4,11,2
18061276,1,4,11,8,6
18061277,4,10,2,3,9
18061278,3,2,8,6,11
18061279,10,3,6,5,7
18061280,8,4,6,3,11
18061281,3,4,11,5,10
18061301,2,9,8,10,7
18061302,1,7,10,3,11
18061303,11,5,3,7,4
18061304,1,6,10,8,2
18061305,6,8,5,9,11
18061306,2,9,4,11,3
18061307,7,9,8,1,3
18061308,9,3,2,10,1
18061309,1,5,4,7,6
18061310,2,11,8,6,1
18061311,1,7,3,8,2
18061312,11,3,9,7,10
18061313,6,7,2,8,5
18061314,8,1,6,5,7
18061315,10,4,1,6,9
18061316,11,2,3,5,8
18061317,11,1,5,6,8
18061318,1,4,6,2,5
18061319,11,9,10,5,6
18061320,8,3,10,1,2
18061321,4,10,7,2,1
18061322,10,11,7,6,4
18061323,9,7,5,1,6
18061324,5,2,1,8,11
18061325,8,5,10,9,2
18061326,8,9,5,4,3
18061327,7,3,5,6,4
18061328,10,5,1,4,9
18061329,10,4,1,6,5
18061330,10,9,4,11,2
18061331,5,2,8,3,1
18061332,1,7,3,4,9
18061333,5,4,1,9,2
18061334,6,5,9,11,1
18061335,3,11,2,10,4
18061336,9,4,3,8,2
18061337,10,2,8,6,5
18061338,2,9,8,7,3
18061339,7,4,2,1,5
18061340,5,1,2,6,10
18061341,9,5,8,4,3
18061342,4,10,8,3,5
18061343,3,6,7,5,10
18061344,10,5,3,8,7
18061345,9,11,6,4,2
18061346,2,4,11,5,9
18061347,8,4,7,1,11
18061348,4,6,9,2,7
18061349,7,10,2,6,8
18061350,8,5,11,7,9
18061351,8,2,10,6,3
18061352,3,6,4,9,1
18061353,10,7,5,4,3
18061354,4,8,7,2,3
18061355,8,5,6,4,2
18061356,3,1,2,11,10
18061357,4,8,11,2,7
18061358,8,9,4,2,1
18061359,10,9,2,5,11
18061360,9,2,1,4,11
18061361,1,3,2,4,5
18061362,4,3,1,10,9
18061363,6,4,10,7,9
18061364,11,6,9,7,2
18061365,1,8,7,5,9
18061366,2,9,3,10,4
18061367,7,1,9,6,2
18061368,2,11,4,3,7
18061369,3,10,9,2,7
18061370,6,9,10,5,1
18061371,1,11,10,9,5
18061372,9,2,7,5,1
18061373,5,9,4,3,2
18061374,7,9,11,5,1
18061375,1,4,8,11,7
18061376,1,4,7,2,3
18061377,11,3,2,6,1
18061378,8,3,10,4,11
18061379,1,10,8,3,2
18061380,6,10,2,8,3
18061381,4,6,7,5,8
18061401,11,2,6,10,1
18061402,9,1,6,3,2
18061403,1,5,8,11,10
18061404,7,10,3,9,1
18061405,10,7,9,4,3
18061406,1,8,10,5,3
18061407,7,8,10,2,6
18061408,4,7,10,2,9
18061409,4,11,9,6,7
18061410,8,5,7,1,2
18061411,10,5,9,2,8
18061412,3,11,10,7,4
18061413,7,5,1,9,2
18061414,8,10,9,6,3
18061415,8,2,3,1,7
18061416,1,7,6,2,4
18061417,6,10,5,4,9
18061418,9,5,1,10,7
18061419,4,7,5,10,9
18061420,1,10,6,8,3
18061421,11,6,1,2,10
18061422,4,6,2,3,10
18061423,5,10,2,1,4
18061424,10,8,5,9,2
18061425,11,9,1,8,2
18061426,3,1,11,5,7
18061427,10,11,9,6,4
18061428,4,8,9,11,10
18061429,4,3,11,10,7
18061430,7,10,8,4,9
18061431,8,5,4,1,9
18061432,3,7,1,2,6
18061433,2,7,10,3,4
18061434,3,8,7,1,2
18061435,9,2,10,6,5
18061436,6,9,8,4,1
18061437,1,3,11,10,2
18061438,6,3,1,7,9
18061439,2,8,6,5,10
18061440,11,3,4,10,6
18061441,4,2,7,3,1
18061442,7,9,6,8,11
18061443,11,8,4,9,7
18061444,6,8,9,2,4
18061445,5,9,10,2,11
18061446,3,4,11,6,10
18061447,9,8,5,2,10
18061448,9,2,11,6,7
18061449,4,2,1,10,5
18061450,7,10,4,3,6
18061451,4,5,11,10,7
18061452,8,4,6,9,3
18061453,6,3,4,10,2
18061454,4,7,8,2,1
18061455,9,3,1,10,8
18061456,2,1,8,7,9
18061457,8,9,2,6,4
18061458,4,8,9,10,5
18061459,9,8,3,11,7
18061460,6,9,3,11,2
18061461,10,1,5,3,11
18061462,2,6,8,4,11
18061463,9,10,4,5,3
18061464,2,5,3,11,9
18061465,3,9,11,4,1
18061466,9,11,2,6,8
18061467,5,8,9,7,1
18061468,8,4,6,11,10
18061469,4,9,8,3,2
18061470,5,8,3,1,7
18061471,9,10,1,7,11
18061472,2,5,3,7,9
18061473,7,3,10,5,9
18061474,5,7,2,3,1
18061475,9,4,3,8,2
18061476,4,9,6,10,3
18061477,4,2,7,9,10
18061478,11,6,3,5,8
18061479,2,4,3,10,6
18061480,7,6,3,11,10
18061481,9,2,3,11,10
18061501,7,1,4,11,2
18061502,9,6,5,11,2
18061503,11,6,1,2,3
18061504,6,4,7,5,1
18061505,2,1,9,5,6
18061506,3,7,6,4,1
18061507,8,4,5,2,10
18061508,5,4,7,1,8
18061509,2,7,10,4,11
18061510,4,5,10,1,2
18061511,2,7,4,10,1
18061512,2,4,6,7,11
18061513,8,2,6,4,5
18061514,7,5,10,8,1
18061515,4,5,6,10,8
18061516,2,6,9,1,8
18061517,9,3,10,6,2
18061518,5,1,2,11,3
18061519,2,11,8,1,6
18061520,7,11,10,5,9
18061521,5,1,7,10,9
18061522,6,1,8,5,9
18061523,8,10,6,3,9
18061524,8,7,9,3,4
18061525,10,6,8,1,7
18061526,1,4,6,11,5
18061527,10,8,3,7,2
18061528,10,2,9,5,1
18061529,10,8,11,4,6
18061530,6,9,4,2,7
18061531,3,2,7,4,11
18061532,7,3,10,11,1
18061533,9,4,6,1,3
18061534,1,4,5,7,6
18061535,5,9,2,1,10
18061536,11,6,10,9,3
18061537,1,8,3,4,2
18061538,1,3,5,8,2
18061539,1,7,2,6,11
18061540,2,3,5,11,7
18061541,11,8,1,2,3
18061542,2,3,11,6,7
18061543,11,7,4,3,8
18061544,8,11,6,5,4
18061545,10,11,7,4,9
18061546,11,8,1,3,6
18061547,5,10,3,4,1
18061548,1,3,9,5,11
18061549,7,11,4,8,3
18061550,7,10,9,4,8
18061551,11,2,8,3,6
18061552,5,10,6,9,2
18061553,5,8,2,11,6
18061554,8,10,7,1,6
18061555,6,11,5,8,1
18061556,11,5,2,3,8
18061557,6,10,3,1,9
18061558,9,4,8,2,1
18061559,10,7,5,1,8
18061560,5,6,10,11,9
18061561,3,10,11,6,7
18061562,11,2,7,9,6
18061563,7,1,3,10,11
18061564,8,1,6,4,5
18061565,1,4,6,7,3
18061566,3,10,1,11,6
18061567,8,3,1,9,7
18061568,4,11,2,10,9
18061569,6,7,9,5,8
18061570,1,7,5,4,9
18061571,11,1,8,5,6
18061572,11,4,8,6,2
18061573,1,11,5,8,7
18061574,7,9,4,8,1
18061575,8,6,1,7,4
18061576,8,10,2,4,3
18061577,6,3,7,10,8
18061578,4,6,7,2,5
18061579,11,2,4,7,8
18061580,2,5,10,4,8
18061581,5,6,7,4,10
18061601,10,4,2,6,8
18061602,9,10,2,4,11
18061603,7,5,3,4,6
18061604,10,4,3,11,7
18061605,1,5,8,7,3
18061606,5,8,10,9,3
18061607,6,11,3,1,10
18061608,11,1,8,9,5
18061609,2,4,3,9,10
18061610,1,3,4,8,9
18061611,3,6,5,4,7
18061612,5,10,9,6,3
18061613,5,3,2,10,9
18061614,11,3,4,9,10
18061615,11,8,7,4,10
18061616,10,5,1,2,9
18061617,2,8,6,10,5
18061618,3,6,1,11,5
18061619,6,3,7,4,1
18061620,6,7,4,10,8
18061621,9,7,1,10,11
18061622,10,1,4,3,8
18061623,6,11,2,8,5
18061624,7,6,4,11,9
18061625,10,7,6,9,2
18061626,4,8,2,7,10
18061627,4,10,2,9,5
18061628,11,8,10,2,9
18061629,7,4,8,10,11
18061630,10,9,2,7,3
18061631,4,11,3,1,5
18061632,1,9,10,3,2
18061633,11,1,7,8,10
18061634,6,5,3,1,9
18061635,10,8,2,9,3
18061636,9,8,7,3,10
18061637,6,8,1,3,7
18061638,3,10,2,5,11
18061639,5,8,1,2,4
18061640,2,7,6,4,3
18061641,4,1,9,2,7
18061642,11,8,10,9,2
18061643,3,9,7,2,5
18061644,4,7,10,5,6
18061645,9,2,10,6,11
18061646,4,7,6,10,8
18061647,10,3,6,11,1
18061648,2,7,8,11,5
18061649,1,4,5,11,8
18061650,10,8,11,2,4
18061651,2,3,5,4,7
18061652,2,4,6,7,1
18061653,7,4,3,11,9
18061654,6,9,3,7,2
18061655,4,7,5,2,9
18061656,4,6,3,5,1
18061657,1,8,7,6,11
18061658,10,2,7,3,9
18061659,4,1,10,11,7
18061660,10,1,8,2,9
18061661,5,4,2,7,8
18061662,2,5,1,9,6
18061663,7,2,4,1,6
18061664,9,4,7,10,3
18061665,5,8,7,4,11
18061666,11,10,7,9,5
18061667,3,5,11,2,7
18061668,10,3,9,2,11
18061669,3,4,6,10,1
18061670,4,10,11,1,9
18061671,10,9,3,7,5
18061672,5,10,1,6,8
18061673,2,6,5,11,4
18061674,8,9,1,10,2
18061675,3,11,4,7,6
18061676,7,3,9,5,10
18061677,2,6,5,8,7
18061678,3,1,5,7,6
18061679,9,11,10,1,4
18061680,6,9,7,10,4
18061681,4,2,6,1,7
18061701,11,3,6,5,8
18061702,6,10,7,11,4
18061703,1,10,4,5,6
18061704,7,8,4,5,6
18061705,8,1,2,3,9
18061706,1,10,8,7,5
18061707,3,9,8,5,6
18061708,11,8,7,6,9
18061709,3,6,1,8,2
18061710,5,3,6,8,4
18061711,2,10,7,11,5
18061712,1,11,10,3,5
18061713,9,7,6,11,3
18061714,11,5,8,7,4
18061715,8,6,4,2,11
18061716,1,2,9,7,6
18061717,7,6,11,3,2
18061718,7,11,6,3,1
18061719,10,6,1,8,11
18061720,2,5,1,10,11
18061721,9,10,8,3,5
18061722,11,1,5,2,9
18061723,6,8,1,4,7
18061724,6,11,2,5,3
18061725,5,10,2,6,11
18061726,6,1,7,2,3
18061727,2,8,6,1,10
18061728,1,11,4,10,3
18061729,1,2,11,7,8
18061730,6,1,8,4,5
18061731,9,11,2,7,4
18061732,2,9,11,3,4
18061733,7,2,10,5,3
18061734,7,4,5,10,6
18061735,10,7,11,5,8
18061736,2,10,3,8,6
18061737,3,7,4,11,2
18061738,10,1,2,9,11
18061739,11,7,5,1,3
18061740,2,10,3,6,5
18061741,2,8,11,1,10
18061742,5,11,6,7,2
18061743,3,10,11,5,7
18061744,7,8,11,9,2
18061745,11,6,10,4,1
18061746,5,10,11,2,7
18061747,2,11,5,7,10
18061748,8,3,5,6,2
18061749,5,3,7,4,8
18061750,8,1,10,9,11
18061751,9,11,3,8,7
18061752,11,5,1,9,2
18061753,7,5,3,4,6
18061754,5,6,9,10,1
18061755,6,8,2,10,7
18061756,6,2,9,8,11
18061757,4,8,9,11,2
18061758,8,2,9,11,7
18061759,11,2,8,5,10
18061760,8,6,4,2,3
18061761,6,5,10,11,2
18061762,5,4,9,2,6
18061763,9,8,4,7,1
18061764,2,4,7,3,6
18061765,8,3,10,7,11
18061766,11,10,3,1,5
18061767,2,8,7,3,11
18061768,3,8,9,2,11
18061769,8,5,7,4,2
18061770,5,9,10,8,6
18061771,1,5,3,10,8
18061772,9,3,11,5,4
18061773,7,1,11,10,8
18061774,1,11,7,8,2
18061775,3,5,6,1,11
18061776,4,2,3,5,11
18061777,9,1,11,2,4
18061778,5,7,8,6,10
18061779,4,8,6,7,3
18061780,11,4,3,6,5
18061781,10,9,4,8,3
18061801,11,7,4,8,5
18061802,2,8,7,5,9
18061803,9,5,7,6,4
18061804,1,3,6,7,4
18061805,1,9,2,5,4
18061806,8,6,3,2,5
18061807,11,6,4,10,8
18061808,2,8,9,6,4
18061809,2,11,8,6,10
18061810,6,1,5,7,8
18061811,5,6,7,3,2
18061812,7,1,10,5,9
18061813,8,3,10,6,9
18061814,1,9,3,7,5
18061815,8,1,11,2,7
18061816,1,5,3,11,10
18061817,8,3,7,6,1
18061818,5,4,6,10,1
18061819,11,4,5,1,6
18061820,6,5,9,7,1
18061821,5,6,7,8,11
18061822,4,11,3,1,8
18061823,3,9,10,11,4
18061824,9,8,10,5,2
18061825,11,6,7,9,1
18061826,3,9,8,6,2
18061827,5,10,7,3,4
18061828,7,6,1,2,11
18061829,2,10,6,1,5
18061830,3,5,10,1,7
18061831,4,11,2,5,10
18061832,3,8,4,7,1
18061833,2,9,11,10,6
18061834,11,3,6,4,1
18061835,2,11,10,3,6
18061836,4,3,10,5,6
18061837,10,11,1,2,4
18061838,9,7,6,2,8
18061839,5,7,4,9,2
18061840,1,2,7,11,5
18061841,9,3,7,2,4
18061842,2,11,10,6,4
18061843,2,8,5,10,9
18061844,7,6,5,8,4
18061845,10,8,4,9,3
18061846,10,4,3,9,8
18061847,3,4,11,10,1
18061848,11,8,5,2,1
18061849,1,4,11,6,3
18061850,6,1,9,11,7
18061851,11,4,5,7,1
18061852,1,7,3,9,8
18061853,1,8,6,3,5
18061854,2,8,11,6,3
18061855,11,7,10,3,9
18061856,11,10,4,7,1
18061857,8,6,2,5,10
18061858,4,9,5,3,7
18061859,11,1,10,4,8
18061860,2,9,10,1,5
18061861,4,1,11,9,2
18061862,3,7,10,9,5
18061863,4,3,7,2,9
18061864,9,2,3,5,6
18061865,10,3,8,11,4
18061866,4,9,2,3,8
18061867,5,10,4,11,2
18061868,4,5,1,11,10
18061869,5,7,2,3,6
18061870,8,5,3,4,7
18061871,5,10,4,2,8
18061872,10,9,6,11,4
18061873,1,4,2,6,7
18061874,10,6,2,1,7
18061875,11,7,5,1,4
18061876,7,5,11,4,3
18061877,2,8,10,4,9
18061878,10,11,9,5,7
18061879,1,11,4,2,6
18061880,6,1,7,9,4
18061881,1,7,6,11,8
18061901,1,7,6,10,4
18061902,6,1,2,11,3
18061903,8,6,10,4,7
18061904,11,5,10,4,6
18061905,11,3,5,7,10
18061906,4,9,6,8,7
18061907,2,6,7,10,3
18061908,10,8,5,6,4
18061909,5,8,2,1,7
18061910,2,10,3,9,1
18061911,7,4,2,9,8
18061912,3,2,4,6,1
18061913,1,2,4,10,7
18061914,4,9,8,2,11
18061915,7,9,4,2,3
18061916,11,8,7,3,6
18061917,9,4,2,7,1
18061918,4,7,1,11,6
18061919,6,11,8,10,3
18061920,5,8,11,7,1
18061921,5,1,3,4,2
18061922,2,4,10,3,5
18061923,8,9,11,2,4
18061924,2,9,3,11,4
18061925,11,5,1,10,4
18061926,4,5,8,11,6
18061927,9,8,7,6,11
18061928,8,5,1,6,2
18061929,4,11,5,7,1
18061930,1,2,11,4,5
18061931,6,3,5,2,1
18061932,10,4,3,6,5
18061933,1,2,7,5,9
18061934,2,4,5,1,8
18061935,11,7,8,3,1
18061936,1,2,9,3,10
18061937,6,1,11,5,10
18061938,9,1,3,11,2
18061939,11,2,9,3,6
18061940,5,10,11,4,7
18061941,5,7,2,9,3
18061942,3,10,1,4,9
18061943,11,3,5,6,10
18061944,5,10,11,1,4
18061945,6,1,7,11,8
18061946,3,6,11,7,2
18061947,7,6,8,10,1
18061948,7,9,10,5,4
18061949,10,1,7,6,3
18061950,1,6,7,8,5
18061951,10,7,5,11,2
18061952,7,5,6,9,4
18061953,6,7,2,10,8
18061954,7,8,5,4,9
18061955,4,8,6,3,1
18061956,6,7,10,3,4
18061957,2,10,6,11,5
18061958,4,11,9,1,7
18061959,8,2,10,4,5
18061960,9,1,8,5,7
18061961,6,4,7,9,8
18061962,4,11,7,1,8
18061963,2,4,6,9,10
18061964,2,6,4,9,8
18061965,5,6,2,8,11
18061966,2,9,11,8,10
18061967,6,1,9,11,5
18061968,7,3,11,4,2
18061969,9,3,5,11,1
18061970,5,11,6,10,9
18061971,6,5,2,10,4
18061972,4,5,10,7,11
18061973,2,9,6,10,1
18061974,2,3,8,5,1
18061975,4,7,1,10,2
18061976,2,8,1,5,4
18061977,5,7,10,11,8
18061978,8,11,4,3,6
18061979,5,9,7,4,8
18061980,6,1,4,7,10
18061981,7,11,5,4,3
18062001,5,3,9,7,8
18062002,5,3,6,7,10
18062003,1,9,5,7,4
18062004,6,3,9,5,7
18062005,6,7,4,3,9
18062006,4,8,7,9,1
18062007,4,8,7,1,5
18062008,7,4,8,3,1
18062009,1,10,3,4,9
18062010,2,9,3,10,6
18062011,9,8,6,10,7
18062012,8,10,9,5,7
18062013,3,4,1,2,10
18062014,5,6,9,8,7
18062015,6,10,1,7,2
18062016,8,1,10,5,3
18062017,5,8,11,6,10
18062018,11,10,8,5,7
18062019,1,11,9,10,8
18062020,10,3,8,4,1
18062021,9,4,7,11,8
18062022,5,11,3,7,4
18062023,10,6,9,8,4
18062024,9,5,11,4,8
18062025,8,7,1,5,4
18062026,9,3,11,4,2
18062027,10,1,3,8,4
18062028,8,5,3,1,6
18062029,9,6,8,4,2
18062030,6,9,8,5,3
18062031,6,11,9,3,10
18062032,4,7,2,6,9
18062033,9,3,11,4,7
18062034,8,3,2,1,5
18062035,11,9,4,2,1
18062036,3,9,2,11,6
18062037,2,10,1,6,3
18062038,10,5,2,9,6
18062039,5,4,3,8,10
18062040,4,8,6,1,5
18062041,5,1,11,9,4
18062042,6,11,8,5,9
18062043,11,1,8,9,5
18062044,11,2,9,10,4
18062045,1,2,8,9,11
18062046,10,7,1,6,11
18062047,5,6,7,1,11
18062048,2,1,8,11,10
18062049,7,8,10,1,5
18062050,1,2,7,9,8
18062051,7,5,3,1,8
18062052,3,8,5,1,11
18062053,5,1,4,9,8
18062054,5,3,4,2,11
18062055,1,4,5,3,8
18062056,10,11,3,7,5
18062057,10,5,11,3,4
18062058,11,5,1,10,4
18062059,5,4,11,1,6
18062060,10,3,5,1,11
18062061,5,10,11,4,2
18062062,4,7,6,5,8
18062063,4,3,6,9,7
18062064,6,5,2,11,9
18062065,8,1,11,3,7
18062066,10,5,1,11,6
18062067,9,3,7,4,10
18062068,7,11,5,3,1
18062069,6,1,10,4,9
18062070,8,9,1,3,10
18062071,7,6,4,3,5
18062072,9,7,11,6,4
18062073,5,4,9,6,11
18062074,1,2,7,9,5
18062075,9,3,10,6,7
18062076,5,1,7,3,9
18062077,1,4,2,7,8
18062078,10,1,8,9,7
18062079,10,5,3,8,4
18062080,4,9,10,11,6
18062081,3,2,6,5,8
18062101,6,1,2,10,11
18062102,6,3,10,9,11
18062103,4,1,8,9,10
18062104,5,4,11,9,7
18062105,6,7,5,2,8
18062106,8,4,2,7,6
18062107,11,4,8,5,9
18062108,11,7,2,8,9
18062109,4,10,5,7,11
18062110,3,1,11,8,9
18062111,1,5,11,8,2
18062112,1,7,4,3,11
18062113,7,6,5,8,2
18062114,6,2,3,5,1
18062115,2,3,1,10,9
18062116,3,1,6,5,9
18062117,3,7,1,6,5
18062118,10,7,11,1,5
18062119,1,3,5,8,9
18062120,1,3,6,9,5
18062121,1,6,5,10,4
18062122,3,2,4,9,11
18062123,6,8,3,10,4
18062124,5,7,4,6,8
18062125,10,2,9,6,7
18062126,4,9,10,1,8
18062127,9,4,3,1,8
18062128,8,4,2,7,5
18062129,7,3,4,6,1
18062130,1,7,2,9,6
18062131,4,3,8,1,9
18062132,3,7,5,2,11
18062133,1,11,8,10,9
18062134,5,8,1,2,4
18062135,10,7,3,4,2
18062136,6,3,11,10,2
18062137,4,1,9,3,8
18062138,3,8,1,5,10
18062139,9,6,8,5,11
18062140,7,2,1,9,6
18062141,3,2,11,10,8
18062142,3,11,5,8,10
18062143,8,11,5,3,9
18062144,1,4,2,8,10
18062145,5,8,10,4,7
18062146,3,5,8,1,2
18062147,3,2,10,7,6
18062148,1,8,5,10,4
18062149,7,4,6,2,1
18062150,10,8,11,4,2
18062151,4,6,7,1,10
18062152,3,10,4,6,5
18062153,7,5,6,10,2
18062154,1,7,4,5,10
18062155,11,4,2,3,7
18062156,6,9,7,10,3
18062157,3,1,7,5,4
18062158,1,5,6,9,10
18062159,7,10,11,8,2
18062160,1,5,9,10,11
18062161,10,2,8,7,4
18062162,2,9,3,11,6
18062163,11,8,7,1,6
18062164,2,1,6,10,7
18062165,1,5,8,11,3
18062166,1,3,10,11,7
18062167,3,7,2,10,5
18062168,8,5,6,11,9
18062169,7,5,8,4,10
18062170,3,1,2,6,9
18062171,1,9,10,11,3
18062172,7,11,2,1,10
18062173,10,4,11,8,3
18062174,2,1,6,5,8
18062175,7,6,5,2,3
18062176,10,7,3,4,11
18062177,1,3,6,4,10
18062178,6,11,10,8,9
18062179,4,3,5,8,7
18062180,4,1,3,8,10
18062181,3,4,10,7,6
18062201,1,11,9,6,3
18062202,3,4,7,5,9
18062203,2,3,7,1,10
18062204,1,8,2,11,7
18062205,2,4,7,8,3
18062206,1,7,5,8,2
18062207,2,8,4,6,3
18062208,11,2,5,7,8
18062209,11,10,5,1,4
18062210,4,9,2,7,3
18062211,8,5,2,3,9
18062212,10,8,2,7,9
18062213,4,9,7,1,8
18062214,8,1,10,3,4
18062215,7,5,8,3,1
18062216,7,8,1,5,3
18062217,5,7,2,11,4
18062218,4,1,7,10,5
18062219,5,9,2,10,11
18062220,1,7,11,2,5
18062221,3,7,10,5,4
18062222,4,10,5,9,6
18062223,8,11,7,2,10
18062224,3,6,4,5,1
18062225,4,2,10,9,6
18062226,2,11,8,4,6
18062227,6,2,1,4,8
18062228,9,6,8,2,11
18062229,5,1,3,10,4
18062230,1,6,2,9,8
18062231,10,2,11,4,9
18062232,8,4,6,3,7
18062233,7,1,6,4,3
18062234,10,4,3,1,9
18062235,5,1,7,6,11
18062236,2,3,1,4,11
18062237,5,7,4,8,9
18062238,10,6,9,1,3
18062239,5,6,9,1,3
18062240,8,7,1,6,5
18062241,3,5,1,9,4
18062242,6,9,8,4,3
18062243,6,9,8,10,7
18062244,6,3,10,8,2
18062245,1,8,11,4,6
18062246,9,11,4,5,8
18062247,3,10,9,1,7
18062248,3,11,4,9,7
18062249,4,9,10,11,6
18062250,8,6,11,2,1
18062251,1,9,2,5,10
18062252,4,10,11,8,1
18062253,6,5,2,1,7
18062254,10,7,3,9,11
18062255,2,6,1,10,9
18062256,1,2,3,4,8
18062257,4,9,8,7,11
18062258,1,8,3,4,5
18062259,7,5,4,1,6
18062260,1,9,7,6,3
18062261,4,9,7,8,3
18062262,3,7,11,1,6
18062263,1,3,2,5,6
18062264,10,9,6,11,8
18062265,8,5,3,4,1
18062266,5,6,10,4,11
18062267,8,5,1,10,2
18062268,4,5,1,8,6
18062269,11,1,4,5,10
18062270,11,6,9,5,7
18062271,4,5,8,7,3
18062272,8,7,2,11,10
18062273,11,9,4,10,7
18062274,11,4,10,7,3
18062275,6,4,10,9,5
18062276,5,4,11,9,2
18062277,11,1,3,2,7
18062278,6,3,1,5,10
18062279,3,11,5,2,10
18062280,1,2,10,3,9
18062281,1,6,7,4,11
18062301,6,11,10,7,4
18062302,10,11,4,8,1
18062303,3,1,10,2,11
18062304,5,9,6,8,10
18062305,5,9,3,2,7
18062306,7,1,2,11,6
18062307,10,11,3,1,8
18062308,9,3,7,2,8
18062309,2,7,1,3,5
18062310,7,2,5,8,3
18062311,9,10,7,2,8
18062312,2,11,1,4,8
18062313,6,9,3,2,1
18062314,6,8,7,1,3
18062315,8,9,2,10,7
18062316,6,4,9,10,8
18062317,10,4,7,9,1
18062318,7,8,2,1,11
18062319,11,4,5,9,8
18062320,3,5,2,10,1
18062321,5,8,9,11,6
18062322,6,4,5,2,7
18062323,8,10,11,2,6
18062324,8,4,10,2,9
18062325,5,2,9,8,11
18062326,11,10,6,8,4
18062327,2,10,3,8,5
18062328,4,6,3,2,7
18062329,2,6,7,5,4
18062330,8,1,3,10,5
18062331,4,5,2,9,8
18062332,2,7,8,3,6
18062333,5,10,4,6,1
18062334,2,6,11,10,8
18062335,8,2,11,1,7
18062336,10,8,4,9,5
18062337,1,4,11,7,5
18062338,7,4,5,6,11
18062339,6,10,3,5,9
18062340,3,1,4,9,10
18062341,4,7,11,3,6
18062342,10,4,1,9,6
18062343,8,6,7,11,1
18062344,5,1,2,4,9
18062345,7,2,4,9,6
18062346,6,9,3,5,2
18062347,4,10,5,9,6
18062348,9,8,4,11,10
18062349,4,5,8,9,7
18062350,10,3,11,5,1
18062351,3,1,6,9,10
18062352,11,1,3,4,5
18062353,5,3,2,6,9
18062354,11,8,7,3,9
18062355,10,2,6,9,11
18062356,7,5,11,9,1
18062357,9,5,3,1,11
18062358,6,8,4,9,2
18062359,9,4,5,2,7
18062360,10,6,2,1,4
18062361,8,6,1,10,7
18062362,2,5,3,11,9
18062363,6,8,7,2,10
18062364,11,10,2,8,7
18062365,1,7,8,4,11
18062366,8,7,1,10,11
18062367,11,6,10,5,1
18062368,9,6,5,3,1
18062369,5,9,1,11,7
18062370,4,9,8,3,11
18062371,5,11,4,10,7
18062372,10,11,7,2,9
18062373,8,11,5,4,9
18062374,1,4,11,6,8
18062375,3,6,2,4,5
18062376,7,8,3,2,6
18062377,1,10,3,4,5
18062378,11,4,10,6,1
18062379,2,4,1,10,6
18062380,3,5,8,2,4
18062381,3,11,10,7,5
18062401,1,2,3,9,7
18062402,7,10,4,8,3
18062403,4,7,1,6,5
18062404,10,4,2,9,5
18062405,6,10,7,1,9
18062406,8,7,1,11,5
18062407,6,9,4,2,8
18062408,11,10,5,6,1
18062409,11,6,10,8,9
18062410,9,6,5,8,11
18062411,9,7,6,5,3
18062412,1,10,2,11,5
18062413,4,9,1,7,8
18062414,3,8,7,5,1
18062415,7,6,1,11,4
18062416,11,3,2,1,9
18062417,11,3,10,2,9
18062418,11,8,7,1,2
18062419,6,9,7,4,5
18062420,10,4,6,11,3
18062421,4,5,1,2,6
18062422,5,2,11,1,7
18062423,7,4,1,10,2
18062424,7,8,3,1,11
18062425,1,6,2,5,8
18062426,9,4,11,1,3
18062427,1,4,6,9,7
18062428,10,8,9,5,2
18062429,6,1,10,8,3
18062430,11,6,7,9,1
18062431,10,1,2,8,6
18062432,7,2,1,9,6
18062433,1,5,7,4,8
18062434,4,6,11,8,3
18062435,2,9,8,7,3
18062436,1,7,11,5,9
18062437,4,3,11,5,7
18062438,10,5,2,4,8
18062439,7,1,10,3,6
18062440,10,8,9,2,7
18062441,10,1,2,8,9
18062442,7,11,1,6,2
18062443,10,9,6,4,7
18062444,5,10,3,6,8
18062445,3,10,4,7,2
18062446,7,11,10,1,5
18062447,6,11,8,1,2
18062448,4,11,3,6,5
18062449,3,4,7,10,2
18062450,5,9,10,6,8
18062451,5,2,3,8,9
18062452,10,7,1,9,3
18062453,1,8,7,4,11
18062454,5,1,9,10,7
18062455,3,9,6,1,4
18062456,6,9,11,4,3
18062457,6,2,7,8,9
18062458,10,5,8,3,1
18062459,11,1,5,6,2
18062460,9,7,6,8,1
18062461,8,7,3,10,6
18062462,11,3,8,4,1
18062463,6,7,11,8,4
18062464,7,3,1,11,2
18062465,2,1,3,6,4
18062466,10,2,1,11,5
18062467,3,7,5,6,11
18062468,9,7,5,11,10
18062469,10,6,11,1,4
18062470,1,7,9,10,3
18062471,7,6,4,11,3
18062472,3,1,6,2,5
18062473,2,1,9,6,8
18062474,9,1,5,2,10
18062475,1,2,6,4,11
18062476,8,9,10,6,11
18062477,7,6,4,10,11
18062478,11,9,6,1,3
18062479,6,1,3,9,4
18062480,8,4,5,6,2
18062481,4,8,11,3,1
18062501,7,4,8,6,1
18062502,5,6,2,10,8
18062503,4,10,6,1,9
18062504,10,6,5,11,1
18062505,4,2,10,5,7
18062506,9,11,10,3,6
18062507,8,3,10,2,6
18062508,8,9,4,11,7
18062509,2,7,8,4,1
18062510,5,7,1,2,10
18062511,10,2,3,4,9
18062512,3,5,2,6,7
18062513,10,5,8,1,6
18062514,3,10,6,9,11
18062515,7,3,6,11,8
18062516,4,11,8,2,6
18062517,9,1,11,3,6
18062518,10,7,11,9,8
18062519,2,6,3,8,9
18062520,8,7,11,1,3
18062521,11,9,5,2,7
18062522,6,1,9,10,8
18062523,11,3,6,1,2
18062524,1,10,3,9,7
18062525,9,3,5,8,11
18062526,5,1,4,3,8
18062527,2,8,3,7,4
18062528,2,1,6,10,7
18062529,11,6,8,5,9
18062530,9,11,4,8,3
18062531,7,3,1,4,11
18062532,9,6,5,8,7
18062533,4,7,11,2,1
18062534,5,11,8,7,3
18062535,2,3,6,9,1
18062536,7,10,1,6,11
18062537,4,6,1,5,10
18062538,7,10,4,1,9
18062539,5,8,4,1,6
18062540,6,7,9,10,3
18062541,7,8,4,11,5
18062542,1,9,2,8,3
18062543,3,2,9,4,5
18062544,5,10,3,9,7
18062545,6,10,3,5,1
18062546,7,5,6,11,8
18062547,6,10,9,3,7
18062548,1,9,8,10,11
18062549,6,11,2,3,9
18062550,5,1,3,11,10
18062551,9,2,1,6,3
18062552,4,1,8,7,9
18062553,4,9,3,6,8
18062554,2,3,7,6,11
18062555,1,2,5,6,7
18062556,4,2,9,11,8
18062557,11,10,8,1,3
18062558,2,10,4,11,7
18062559,7,9,6,8,5
18062560,9,4,7,10,2
18062561,8,7,9,11,4
18062562,6,4,8,9,1
18062563,8,4,11,2,5
18062564,5,9,4,2,6
18062565,1,8,6,2,11
18062566,5,6,11,3,2
18062567,7,11,9,8,2
18062568,3,1,8,5,9
18062569,2,3,1,10,7
18062570,1,2,6,7,4
18062571,3,2,9,11,4
18062572,2,11,10,7,1
18062573,9,2,7,4,5
18062574,1,5,11,3,4
18062575,6,4,7,8,1
18062576,8,2,5,7,6
18062577,9,6,10,8,7
18062578,2,7,3,6,10
18062579,5,7,10,3,11
18062580,9,7,1,10,11
18062581,4,10,3,1,9
18062601,5,10,1,11,8
18062602,4,3,11,2,7
18062603,2,8,7,3,11
18062604,10,11,7,2,4
18062605,5,10,2,7,9
18062606,10,5,7,6,4
18062607,6,8,7,9,10
18062608,8,7,11,3,10
18062609,11,7,1,8,3
18062610,10,8,7,1,2
18062611,11,7,5,8,1
18062612,2,10,8,4,3
18062613,8,3,1,7,10
18062614,6,9,2,7,1
18062615,8,3,5,7,11
18062616,5,10,4,9,2
18062617,5,11,7,1,8
18062618,11,8,7,1,9
18062619,3,7,4,8,6
18062620,10,9,6,3,1
18062621,5,2,9,11,1
18062622,2,1,7,11,4
18062623,5,4,2,7,1
18062624,7,6,10,9,11
18062625,1,2,11,5,9
18062626,10,8,3,2,11
18062627,10,8,7,4,3
18062628,7,9,1,3,8
18062629,3,8,11,10,4
18062630,5,2,7,8,9
18062631,11,9,8,10,1
18062632,1,9,5,4,10
18062633,10,8,9,4,3
18062634,3,1,4,6,2
18062635,7,8,9,6,11
18062636,7,4,1,9,2
18062637,2,6,11,1,8
18062638,4,5,3,1,9
18062639,3,11,5,7,2
18062640,1,2,5,3,7
18062641,6,11,10,3,2
18062642,6,4,1,10,7
18062643,11,3,1,6,7
18062644,9,5,6,1,4
18062645,5,9,6,3,1
18062646,8,1,9,6,7
18062647,3,1,5,11,7
18062648,9,8,4,3,10
18062649,9,4,2,11,10
18062650,11,6,2,7,8
18062651,4,6,8,1,10
18062652,4,10,11,6,7
18062653,2,6,11,9,3
18062654,4,7,9,1,3
18062655,7,3,4,6,2
18062656,8,3,6,7,11
18062657,6,7,9,8,3
18062658,5,11,4,8,1
18062659,2,6,8,11,10
18062660,7,10,3,8,5
18062661,2,6,11,3,9
18062662,9,4,3,5,1
18062663,5,4,6,7,10
18062664,4,8,6,1,7
18062665,3,1,6,5,10
18062666,3,6,10,8,1
18062667,3,9,2,8,6
18062668,4,5,2,11,1
18062669,10,11,9,3,8
18062670,4,7,2,10,9
18062671,4,5,8,9,10
18062672,3,8,11,4,5
18062673,7,5,3,1,2
18062674,5,8,11,10,2
18062675,1,7,11,9,5
18062676,6,3,9,11,10
18062677,9,2,3,10,6
18062678,1,3,2,8,6
18062679,3,6,8,5,11
18062680,6,9,8,5,3
18062681,10,9,8,4,11
18062701,7,1,4,6,11
18062702,6,5,1,10,7
18062703,1,5,8,2,7
18062704,3,5,10,1,2
18062705,11,6,9,2,1
18062706,1,4,7,6,11
18062707,11,5,10,7,9
18062708,8,6,11,4,10
18062709,8,11,7,6,10
18062710,1,8,2,7,4
18062711,10,8,5,7,1
18062712,2,8,3,11,1
18062713,1,8,11,9,4
18062714,8,11,6,7,5
18062715,4,6,5,8,10
18062716,1,11,10,2,7
18062717,6,8,5,10,2
18062718,3,7,8,5,6
18062719,9,3,11,4,7
18062720,5,7,11,4,1
18062721,1,8,10,9,11
18062722,5,1,3,4,2
18062723,1,11,9,10,3
18062724,1,10,8,11,9
18062725,4,1,7,9,6
18062726,11,7,5,3,1
18062727,4,5,9,6,7
18062728,3,2,6,4,1
18062729,6,2,5,9,4
18062730,3,1,7,5,6
18062731,11,8,10,2,7
18062732,8,3,2,11,6
18062733,10,5,1,7,11
18062734,3,1,8,9,6
18062735,1,3,10,2,8
18062736,11,4,2,6,8
18062737,2,10,9,7,5
18062738,11,8,6,2,9
18062739,11,1,7,5,8
18062740,7,2,8,10,6
18062741,7,11,4,6,3
18062742,3,7,8,6,2
18062743,2,9,7,8,5
18062744,10,8,11,6,5
18062745,11,1,2,6,8
18062746,7,6,3,4,11
18062747,5,2,7,10,11
18062748,4,11,6,9,8
18062749,6,9,1,5,4
18062750,7,6,9,2,5
18062751,1,11,8,2,7
18062752,3,4,10,5,11
18062753,11,8,3,1,6
18062754,11,6,10,1,8
18062755,10,8,9,5,2
18062756,8,10,3,7,4
18062757,6,3,7,11,4
18062758,4,3,5,6,7
18062759,11,1,4,7,2
18062760,10,3,2,7,11
18062761,8,10,3,7,1
18062762,4,2,8,11,6
18062763,8,11,3,7,1
18062764,6,7,11,10,3
18062765,7,6,4,2,10
18062766,6,1,8,11,5
18062767,7,9,10,8,6
18062768,9,4,1,3,10
18062769,9,6,5,7,3
18062770,11,5,3,1,9
18062771,2,8,1,6,11
18062772,2,9,4,3,6
18062773,5,7,6,9,8
18062774,7,4,8,5,9
18062775,11,6,4,9,5
18062776,11,4,3,10,8
18062777,5,7,10,9,4
18062778,3,7,9,10,2
18062779,7,5,10,6,2
18062780,5,10,9,6,8
18062781,9,7,10,3,11
18062801,8,1,4,3,7
18062802,8,2,1,6,10
18062803,3,1,5,10,7
18062804,1,8,4,5,7
18062805,4,6,8,10,5
18062806,9,6,4,5,10
18062807,1,8,4,9,2
18062808,11,5,2,8,1
18062809,11,3,6,4,5
18062810,1,11,3,7,9
18062811,1,10,7,4,5
18062812,5,4,6,9,11
18062813,10,8,6,7,1
18062814,1,5,9,11,10
18062815,4,7,8,6,2
18062816,9,11,10,7,1
18062817,6,5,11,4,2
18062818,8,9,6,7,1
18062819,3,5,1,4,2
18062820,4,1,9,6,7
18062821,2,10,7,1,3
18062822,6,3,2,5,4
18062823,8,10,5,6,4
18062824,8,4,1,10,9
18062825,6,7,8,11,1
18062826,5,1,3,11,6
18062827,2,11,7,9,1
18062828,7,11,9,8,2
18062829,6,10,9,11,2
18062830,3,6,2,1,4
18062831,9,2,3,4,1
18062832,11,4,10,3,9
18062833,9,10,7,4,6
18062834,7,1,11,5,2
18062835,8,2,5,1,7
18062836,8,9,5,11,3
18062837,4,9,3,6,5
18062838,8,1,5,4,10
18062839,2,9,8,10,6
18062840,3,7,10,6,5
18062841,5,3,4,1,10
18062842,4,3,1,8,10
18062843,10,11,6,9,8
18062844,1,10,4,5,8
18062845,6,4,1,11,9
18062846,11,6,2,8,4
18062847,2,8,4,10,9
18062848,2,1,5,3,4
18062849,6,1,3,5,8
18062850,10,11,4,2,8
18062851,5,2,6,4,3
18062852,11,4,8,5,6
18062853,11,2,5,4,3
18062854,3,7,10,1,4
18062855,9,8,2,10,5
18062856,3,11,10,5,7
18062857,10,9,7,6,1
18062858,4,7,6,9,3
18062859,2,9,8,7,4
18062860,6,4,2,8,5
18062861,8,5,1,7,10
18062862,8,2,11,3,9
18062863,4,8,11,6,2
18062864,4,7,8,6,11
18062865,9,5,10,2,8
18062866,3,9,10,5,8
18062867,4,11,3,1,10
18062868,1,3,4,7,11
18062869,3,5,10,8,11
18062870,2,7,5,3,8
18062871,4,10,8,3,2
18062872,1,3,6,8,4
18062873,6,7,11,4,3
18062874,11,8,2,9,4
18062875,2,1,6,5,10
18062876,7,1,2,3,11
18062877,9,4,10,5,11
18062878,10,7,9,11,2
18062879,1,4,10,5,11
18062880,3,6,7,8,10
18062881,7,3,5,8,9
18062901,1,10,4,5,3
18062902,9,11,3,4,8
18062903,6,3,10,9,2
18062904,8,4,9,3,6
18062905,10,4,2,3,5
18062906,8,4,11,2,5
18062907,1,10,11,7,5
18062908,3,7,8,6,5
18062909,10,1,5,9,8
18062910,1,4,8,10,2
18062911,6,8,2,10,9
18062912,7,3,6,8,9
18062913,4,9,3,1,10
18062914,7,11,4,1,10
18062915,3,8,11,6,4
18062916,5,1,4,7,9
18062917,9,1,8,10,7
18062918,5,9,7,11,4
18062919,1,10,11,2,9
18062920,3,9,5,10,7
18062921,1,11,9,8,3
18062922,9,7,4,3,2
18062923,2,9,10,1,7
18062924,4,10,5,11,1
18062925,1,5,8,10,11
18062926,4,10,1,3,7
18062927,11,3,9,4,2
18062928,5,9,6,7,3
18062929,3,7,10,8,6
18062930,2,7,11,10,4
18062931,8,11,9,3,2
18062932,4,7,6,8,11
18062933,7,2,6,8,10
18062934,6,3,10,2,7
18062935,9,6,3,11,5
18062936,9,11,5,2,8
18062937,2,3,10,11,4
18062938,6,4,5,3,7
18062939,4,9,11,8,6
18062940,6,10,1,4,11
18062941,9,4,2,5,6
18062942,5,10,11,2,9
18062943,10,4,11,9,6
18062944,5,10,11,2,6
18062945,9,4,7,8,6
18062946,1,7,11,10,5
18062947,11,2,5,7,8
18062948,6,1,9,10,4
18062949,10,7,3,11,1
18062950,9,5,6,10,3
18062951,8,11,2,9,4
18062952,2,7,1,3,5
18062953,2,3,10,5,11
18062954,2,7,5,6,11
18062955,8,10,6,11,3
18062956,2,11,10,6,1
18062957,2,8,11,5,10
18062958,5,1,8,11,10
18062959,8,9,10,6,2
18062960,5,4,9,8,7
18062961,1,7,6,11,5
18062962,5,7,8,9,4
18062963,10,7,9,5,4
18062964,5,10,1,6,8
18062965,8,4,5,6,11
18062966,11,1,8,5,6
18062967,8,2,1,7,4
18062968,9,3,11,10,7
18062969,6,7,1,4,5
18062970,4,5,9,10,2
18062971,4,6,10,7,9
18062972,5,1,2,6,4
18062973,8,3,7,5,2
18062974,10,8,3,6,5
18062975,1,2,6,11,9
18062976,10,8,11,7,5
18062977,3,11,1,8,6
18062978,7,5,10,1,6
18062979,5,7,4,6,3
18062980,7,6,9,2,4
18062981,5,1,10,3,4
18063001,1,3,5,4,2
18063002,5,9,3,11,10
18063003,2,6,9,8,11
18063004,9,7,2,8,3
18063005,10,7,4,9,5
18063006,3,4,10,1,5
18063007,7,10,5,9,11
18063008,3,11,9,5,2
18063009,10,1,7,4,3
18063010,4,8,10,1,6
18063011,11,8,9,3,10
18063012,4,6,9,11,3
18063013,4,1,3,7,8
18063014,11,10,8,1,3
18063015,3,6,11,8,10
18063016,10,4,7,5,6
18063017,2,4,6,8,1
18063018,7,2,4,11,5
18063019,2,1,5,3,4
18063020,1,10,3,11,6
18063021,5,11,8,1,4
18063022,5,1,8,10,4
18063023,11,6,3,8,5
18063024,7,10,3,1,6
18063025,7,4,2,3,10
18063026,6,3,11,8,9
18063027,11,4,9,6,10
18063028,11,4,7,10,2
18063029,3,1,7,5,4
18063030,6,9,11,5,7
18063031,8,6,9,2,5
18063032,4,1,2,3,8
18063033,11,4,10,7,5
18063034,11,1,2,3,6
18063035,8,9,1,6,5
18063036,9,11,7,10,3
18063037,8,2,3,1,9
18063038,3,7,2,8,11
18063039,7,8,3,4,2
18063040,5,4,3,1,9
18063041,2,9,5,8,11
18063042,3,10,2,8,6
18063043,5,6,9,8,4
18063044,4,8,1,6,9
18063045,6,5,8,7,10
18063046,2,1,7,3,8
18063047,9,2,6,4,5
18063048,8,5,4,1,6
18063049,10,6,11,1,4
18063050,7,8,10,11,2
18063051,11,9,4,1,3
18063052,2,3,4,5,8
18063053,11,4,10,7,6
18063054,9,10,11,8,2
18063055,7,4,5,9,6
18063056,2,5,6,7,3
18063057,6,3,11,9,8
18063058,8,7,1,6,10
18063059,7,6,10,9,1
18063060,11,9,4,1,3
18063061,4,7,2,9,10
18063062,10,5,11,8,1
18063063,2,8,11,5,9
18063064,6,8,1,11,10
18063065,10,8,11,4,7
18063066,6,7,1,4,11
18063067,4,7,3,10,2
18063068,3,7,9,8,2
18063069,9,4,8,10,3
18063070,3,2,11,8,6
18063071,4,8,7,1,10
18063072,4,6,5,2,3
18063073,8,2,11,10,4
18063074,7,9,5,3,1
18063075,9,8,4,3,6
18063076,5,2,9,11,7
18063077,7,6,8,11,3
18063078,10,5,3,2,8
18063079,2,4,8,7,1
18063080,11,3,1,10,7
18063081,11,10,6,4,2
