20080101,2,11,9,10,8
20080102,4,3,2,5,10
20080103,6,4,1,3,5
20080104,4,11,1,7,3
20080105,10,1,8,4,2
20080106,6,3,10,5,1
20080107,5,10,11,3,9
20080108,10,8,4,1,2
20080109,4,6,3,7,11
20080110,2,4,3,5,9
20080111,6,8,5,1,2
20080112,5,11,3,6,2
20080113,3,9,6,1,8
20080114,7,6,1,3,10
20080115,4,8,5,3,11
20080116,11,4,10,6,7
20080117,3,1,9,2,4
20080118,11,9,2,4,7
20080119,1,3,9,4,10
20080120,6,8,3,7,10
20080121,9,2,1,5,8
20080122,5,10,3,2,9
20080123,7,8,4,5,6
20080124,10,2,11,6,3
20080125,3,2,6,5,7
20080126,1,10,5,9,8
20080127,2,6,5,3,4
20080128,5,6,10,7,8
20080129,10,3,11,7,2
20080130,6,2,10,9,11
20080131,5,1,6,4,7
20080132,8,3,1,2,9
20080133,2,6,8,4,5
20080134,3,7,5,8,10
20080135,11,2,1,7,9
20080136,2,5,8,4,10
20080137,7,4,9,1,8
20080138,6,1,2,11,3
20080139,10,4,3,9,7
20080140,11,5,8,7,2
