19090101,5,6,3,4,9
19090102,6,4,5,7,10
19090103,8,5,11,10,9
19090104,8,11,9,1,4
19090105,7,11,1,4,3
19090106,11,10,9,6,8
19090107,1,9,2,4,7
19090108,3,4,7,5,9
19090109,4,1,9,11,10
19090110,5,6,3,8,10
19090111,5,2,10,8,9
19090112,3,10,1,11,6
19090113,3,8,9,2,11
19090114,5,8,9,3,4
19090115,9,4,3,8,10
19090116,6,10,3,2,8
19090117,4,6,7,3,2
19090118,11,3,9,5,1
19090119,10,9,8,3,2
19090120,4,2,8,11,7
19090121,2,11,1,4,5
19090122,2,7,1,6,4
19090123,6,1,8,9,7
19090124,10,4,5,7,6
19090125,5,4,6,1,7
19090126,8,7,3,6,9
19090127,2,5,7,8,4
19090128,1,2,4,11,6
19090129,9,7,2,8,3
19090130,10,5,8,9,6
19090131,7,6,1,4,9
19090132,3,10,11,8,5
19090133,4,1,5,8,11
19090134,1,8,5,10,11
19090135,6,8,5,2,1
19090136,7,6,1,2,11
19090137,11,4,1,5,10
19090138,2,7,3,1,11
19090139,1,9,8,11,10
19090140,10,4,9,7,2
19090201,6,3,7,9,11
19090202,9,7,3,10,6
19090203,5,9,8,6,11
19090204,2,1,3,6,7
19090205,11,7,3,5,10
19090206,6,10,11,2,7
19090207,3,9,4,5,8
19090208,10,2,3,11,7
19090209,8,9,7,4,11
19090210,7,6,11,2,3
19090211,3,4,8,11,7
19090212,3,1,4,8,5
19090213,11,10,8,1,5
19090214,6,3,7,8,1
19090215,11,7,8,2,5
19090216,7,4,3,9,11
19090217,7,5,9,11,3
19090218,9,4,1,5,8
19090219,8,2,10,4,11
19090220,5,9,7,11,8
19090221,5,2,3,4,6
19090222,5,8,6,7,2
19090223,1,2,10,11,6
19090224,4,3,10,7,8
19090225,2,8,11,10,9
19090226,5,7,11,3,8
19090227,5,9,4,11,10
19090228,1,2,5,8,7
19090229,4,3,9,2,1
19090230,8,6,7,10,2
19090231,4,7,8,2,6
19090232,10,7,3,1,2
19090233,9,2,10,8,6
19090234,5,11,6,1,3
19090235,3,11,10,4,8
19090236,7,1,5,11,9
19090237,1,7,5,10,6
19090238,5,4,8,9,1
19090239,5,6,8,10,11
19090240,1,4,5,6,10
19090301,9,10,1,5,7
19090302,8,4,1,9,6
19090303,9,11,1,4,2
19090304,6,1,5,9,11
19090305,5,4,10,9,8
19090306,8,2,6,10,5
19090307,6,11,9,1,5
19090308,5,6,7,11,4
19090309,6,5,8,2,9
19090310,6,2,11,1,4
19090311,7,9,6,4,5
19090312,1,6,11,9,5
19090313,3,1,9,11,5
19090314,10,6,8,3,9
19090315,7,9,8,1,4
19090316,5,9,4,7,2
19090317,1,4,8,5,6
19090318,6,4,5,2,11
19090319,3,5,6,11,9
19090320,8,11,10,4,2
19090321,6,7,9,3,11
19090322,2,7,11,6,5
19090323,11,5,7,4,6
19090324,7,6,5,4,11
19090325,1,7,4,2,5
19090326,10,8,5,11,7
19090327,3,2,1,9,7
19090328,8,11,3,1,6
19090329,8,2,1,5,3
19090330,3,10,7,6,4
19090331,4,9,3,2,8
19090332,6,1,11,3,5
19090333,7,9,6,5,8
19090334,6,3,5,9,8
19090335,8,6,2,4,11
19090336,11,8,3,1,4
19090337,10,6,2,11,5
19090338,11,7,9,1,5
19090339,9,3,10,5,11
19090340,9,4,6,2,3
19090401,10,4,5,8,3
19090402,11,4,5,9,3
19090403,10,11,5,7,9
19090404,5,10,9,3,6
19090405,2,1,5,7,6
19090406,11,2,7,4,3
19090407,11,4,5,3,1
19090408,7,6,1,11,3
19090409,6,8,10,3,4
19090410,11,8,5,1,10
19090411,1,8,5,9,6
19090412,11,10,1,8,4
19090413,10,6,1,5,2
19090414,9,10,5,1,3
19090415,10,5,9,4,8
19090416,5,3,9,7,1
19090417,11,8,5,10,2
19090418,3,8,10,6,1
19090419,2,3,9,5,7
19090420,5,6,3,7,8
19090421,1,4,11,9,6
19090422,8,6,4,1,7
19090423,11,3,9,2,8
19090424,8,3,6,2,7
19090425,6,8,10,1,9
19090426,4,8,6,9,11
19090427,9,3,6,11,5
19090428,7,11,9,1,10
19090429,4,2,7,9,8
19090430,2,11,6,7,9
19090431,1,9,4,11,3
19090432,8,4,9,11,6
19090433,4,11,3,10,5
19090434,7,11,9,4,3
19090435,9,8,10,6,4
19090436,10,5,9,11,6
19090437,1,3,7,2,6
19090438,5,4,7,6,3
19090439,10,8,2,7,4
19090440,9,3,7,4,6
19090501,7,3,5,1,6
19090502,3,10,5,9,1
19090503,2,11,4,6,1
19090504,11,2,10,3,9
19090505,11,3,1,6,2
19090506,1,7,6,3,11
19090507,5,4,3,6,8
19090508,3,1,10,5,4
19090509,3,11,4,10,6
19090510,8,4,7,11,6
19090511,1,3,5,2,9
19090512,1,2,10,11,3
19090513,10,4,7,9,5
19090514,3,6,11,2,4
19090515,10,6,9,11,4
19090516,10,6,9,11,5
19090517,7,5,10,11,1
19090518,8,10,6,4,2
19090519,3,6,9,1,8
19090520,7,2,8,10,11
19090521,6,1,10,3,9
19090522,4,7,6,5,11
19090523,11,10,6,8,5
19090524,1,5,4,3,2
19090525,1,11,2,4,5
19090526,11,5,3,6,2
19090527,3,9,4,8,6
19090528,6,7,1,3,5
19090529,4,11,10,8,6
19090530,6,2,4,10,5
19090531,10,11,4,7,6
19090532,1,8,11,5,7
19090533,2,6,3,8,1
19090534,6,11,5,1,9
19090535,7,11,1,8,9
19090536,8,5,1,4,2
19090537,6,10,7,11,3
19090538,1,8,3,7,4
19090539,8,6,7,2,11
19090540,2,4,9,10,3
19090601,2,8,3,9,5
19090602,11,3,9,8,2
19090603,9,3,11,2,7
19090604,3,4,8,5,6
19090605,4,2,1,8,3
19090606,3,9,11,8,5
19090607,11,10,5,3,7
19090608,7,2,3,4,6
19090609,4,5,3,9,8
19090610,6,5,4,3,8
19090611,1,11,3,9,2
19090612,4,9,6,8,5
19090613,5,3,6,8,7
19090614,5,1,7,10,4
19090615,9,10,2,3,4
19090616,6,10,7,9,2
19090617,3,9,6,8,5
19090618,2,1,10,5,4
19090619,9,11,3,10,8
19090620,1,10,6,3,5
19090621,5,8,2,4,1
19090622,5,3,1,8,6
19090623,11,10,6,3,7
19090624,7,8,11,10,6
19090625,5,2,1,10,9
19090626,9,6,5,11,2
19090627,6,9,11,3,4
19090628,1,9,10,3,11
19090629,9,2,3,6,8
19090630,4,3,2,8,10
19090631,3,8,2,11,9
19090632,11,10,8,2,7
19090633,7,5,1,6,9
19090634,6,10,5,8,1
19090635,7,10,5,9,4
19090636,4,10,6,3,8
19090637,3,11,6,8,5
19090638,9,2,3,11,8
19090639,10,1,4,6,11
19090640,2,10,8,3,5
19090701,1,8,4,7,2
19090702,11,4,6,1,9
19090703,5,9,10,2,8
19090704,10,6,8,9,7
19090705,5,10,4,8,6
19090706,7,9,6,3,5
19090707,11,9,3,5,2
19090708,3,9,4,1,10
19090709,1,10,5,6,3
19090710,6,8,2,5,3
19090711,7,3,6,11,9
19090712,11,3,4,10,1
19090713,4,10,8,9,1
19090714,7,9,5,8,6
19090715,8,5,4,2,11
19090716,4,3,10,8,6
19090717,7,4,5,8,1
19090718,3,2,9,6,11
19090719,7,1,8,3,11
19090720,4,10,9,2,7
19090721,4,7,6,2,10
19090722,9,10,3,2,4
19090723,2,6,8,9,11
19090724,6,8,5,7,10
19090725,4,8,10,6,11
19090726,6,11,1,3,10
19090727,3,7,5,2,4
19090728,8,5,7,10,2
19090729,1,9,5,8,11
19090730,9,11,5,3,2
19090731,4,2,9,10,3
19090732,9,2,6,3,10
19090733,5,1,9,7,4
19090734,11,10,7,4,3
19090735,1,2,8,6,11
19090736,8,2,7,10,6
19090737,9,5,3,7,2
19090738,4,10,9,2,11
19090739,2,7,11,4,3
19090740,7,11,5,2,9
19090801,1,2,10,6,9
19090802,1,10,6,9,5
19090803,1,11,4,2,6
19090804,1,6,2,11,9
19090805,6,9,8,10,2
19090806,10,7,1,4,6
19090807,11,4,1,2,5
19090808,2,3,4,10,1
19090809,9,11,6,8,7
19090810,7,4,6,8,11
19090811,10,6,4,8,7
19090812,2,7,1,6,3
19090813,5,7,6,1,4
19090814,10,1,7,2,11
19090815,6,5,10,8,9
19090816,6,10,2,3,11
19090817,7,8,9,6,3
19090818,10,11,7,4,1
19090819,8,4,3,2,1
19090820,8,1,7,6,2
19090821,6,10,1,2,9
19090822,8,6,7,9,11
19090823,3,4,7,1,2
19090824,10,3,4,6,7
19090825,1,11,3,9,4
19090826,11,6,10,8,2
19090827,8,10,6,2,11
19090828,7,9,4,8,2
19090829,3,6,1,2,7
19090830,8,11,10,1,2
19090831,7,9,10,4,11
19090832,1,3,6,11,8
19090833,11,4,10,1,2
19090834,6,1,10,4,5
19090835,6,10,3,9,11
19090836,3,4,1,5,2
19090837,11,5,7,9,8
19090838,7,1,5,4,3
19090839,1,2,7,9,3
19090840,7,10,4,3,6
19090901,2,3,11,6,5
19090902,2,8,5,6,7
19090903,4,8,10,11,9
19090904,11,7,4,9,5
19090905,1,11,5,6,7
19090906,2,10,5,8,11
19090907,3,9,10,5,7
19090908,11,7,3,4,8
19090909,9,6,10,5,8
19090910,6,11,3,10,7
19090911,6,9,1,5,11
19090912,9,7,3,5,10
19090913,5,8,2,4,1
19090914,7,10,4,2,9
19090915,11,6,1,5,10
19090916,3,5,11,8,7
19090917,6,4,10,8,9
19090918,10,11,3,6,2
19090919,10,9,2,5,7
19090920,11,7,3,2,10
19090921,10,11,4,5,9
19090922,7,2,11,8,3
19090923,10,8,6,5,1
19090924,4,5,3,1,8
19090925,1,11,3,5,9
19090926,4,3,9,8,1
19090927,8,5,3,9,1
19090928,5,4,8,1,11
19090929,9,8,2,6,3
19090930,5,1,11,6,9
19090931,11,1,5,10,3
19090932,7,4,8,5,6
19090933,3,2,6,9,8
19090934,3,1,8,9,11
19090935,3,1,8,10,5
19090936,8,3,10,9,11
19090937,2,3,5,1,10
19090938,6,1,4,9,11
19090939,6,7,11,2,10
19090940,6,4,1,2,8
19091001,4,3,2,10,7
19091002,1,8,4,10,5
19091003,9,5,3,2,4
19091004,9,6,5,11,10
19091005,6,3,4,10,1
19091006,7,9,2,6,1
19091007,3,10,11,2,8
19091008,9,1,2,7,8
19091009,1,3,10,9,6
19091010,10,8,2,7,9
19091011,6,10,7,1,8
19091012,9,5,10,6,2
19091013,4,11,5,6,2
19091014,4,10,2,3,9
19091015,3,2,7,11,5
19091016,9,1,6,5,4
19091017,4,3,11,5,9
19091018,1,8,9,6,4
19091019,6,7,10,4,3
19091020,9,6,3,11,7
19091021,6,11,10,5,8
19091022,7,1,3,8,11
19091023,5,9,7,1,6
19091024,2,6,8,3,1
19091025,10,4,5,2,9
19091026,7,8,4,1,6
19091027,3,11,7,5,6
19091028,2,10,6,9,4
19091029,3,9,7,11,8
19091030,1,6,4,3,5
19091031,1,9,3,11,7
19091032,6,8,3,11,4
19091033,8,1,2,5,6
19091034,11,8,6,9,3
19091035,9,2,7,10,3
19091036,9,4,8,3,11
19091037,11,3,1,10,5
19091038,10,1,6,5,4
19091039,11,2,8,1,6
19091040,7,3,10,11,9
19091101,4,11,2,3,7
19091102,5,11,1,10,7
19091103,4,9,2,11,8
19091104,4,6,10,11,9
19091105,7,3,5,11,2
19091106,3,2,1,11,4
19091107,2,1,7,6,4
19091108,4,9,1,11,7
19091109,2,8,1,7,11
19091110,11,2,9,5,1
19091111,4,11,8,6,10
19091112,5,1,4,8,2
19091113,5,2,8,11,10
19091114,7,5,10,8,9
19091115,5,10,9,11,7
19091116,1,5,4,2,8
19091117,4,9,7,3,11
19091118,5,3,11,4,8
19091119,2,4,7,8,6
19091120,6,5,3,10,9
19091121,2,6,7,4,8
19091122,8,10,3,7,1
19091123,2,10,4,7,6
19091124,7,10,4,6,9
19091125,6,5,1,4,10
19091126,10,1,11,8,4
19091127,1,9,5,8,7
19091128,10,6,11,4,1
19091129,10,4,5,9,3
19091130,9,6,4,10,1
19091131,1,8,4,7,10
19091132,7,3,8,2,4
19091133,7,5,3,8,11
19091134,9,7,1,2,5
19091135,4,1,5,3,7
19091136,4,5,11,10,2
19091137,4,9,6,2,3
19091138,4,11,1,7,3
19091139,5,3,9,7,4
19091140,7,8,11,5,1
19091201,2,3,11,8,4
19091202,4,1,5,3,2
19091203,5,2,4,11,9
19091204,11,8,1,2,4
19091205,1,3,11,10,2
19091206,9,5,3,8,4
19091207,8,9,10,2,7
19091208,5,1,11,2,10
19091209,2,8,7,11,5
19091210,2,4,9,3,8
19091211,5,2,10,1,4
19091212,2,5,4,10,7
19091213,1,4,6,3,10
19091214,8,7,5,3,4
19091215,7,4,5,6,10
19091216,7,10,2,8,3
19091217,9,2,1,7,8
19091218,3,4,10,11,1
19091219,8,10,11,9,4
19091220,5,4,8,11,7
19091221,11,10,8,4,1
19091222,3,10,1,5,11
19091223,2,9,6,3,10
19091224,4,8,2,7,9
19091225,5,9,3,11,7
19091226,5,9,3,1,10
19091227,10,1,5,7,11
19091228,5,1,7,6,3
19091229,8,6,3,5,1
19091230,10,3,5,7,1
19091231,2,5,1,8,6
19091232,4,9,10,8,3
19091233,4,2,11,10,3
19091234,9,8,5,6,1
19091235,9,6,4,7,11
