19110101,1,7,10,4,2
19110102,5,4,3,11,7
19110103,11,4,5,2,9
19110104,9,2,1,8,10
19110105,8,1,7,3,11
19110106,9,4,1,7,11
19110107,4,9,6,8,10
19110108,10,7,11,9,8
19110109,10,6,8,1,2
19110110,3,2,11,9,10
19110111,9,6,8,7,10
19110112,1,5,7,2,10
19110113,2,7,9,10,11
19110114,11,4,1,10,9
19110115,4,8,5,2,1
19110116,10,9,5,4,7
19110117,7,6,5,10,3
19110118,7,11,6,5,2
19110119,5,2,9,1,10
19110120,4,3,1,7,6
19110121,6,8,3,1,11
19110122,8,11,3,1,6
19110123,10,5,3,8,6
19110124,8,10,7,2,11
19110125,10,6,2,7,9
19110126,4,11,1,7,3
19110127,9,8,3,6,10
19110128,4,3,7,2,11
19110129,8,10,4,7,5
19110130,3,1,6,4,9
19110131,9,11,3,7,8
19110132,3,11,6,7,2
19110133,2,9,10,6,8
19110134,3,4,10,1,8
19110135,4,2,1,7,3
19110136,9,2,6,5,10
19110137,6,5,8,7,3
