20090101,3,5,4,1,7
20090102,6,10,9,11,8
20090103,5,8,2,10,4
20090104,2,6,8,5,7
20090105,8,2,6,9,1
20090106,9,1,3,4,7
20090107,5,8,11,3,1
20090108,4,10,11,9,8
20090109,3,5,9,4,1
20090110,2,11,7,5,8
20090111,9,2,6,4,11
20090112,2,10,9,4,3
20090113,4,1,8,7,3
20090114,11,4,10,6,1
20090115,11,10,9,4,8
20090116,5,6,7,8,3
20090117,4,2,3,8,1
20090118,4,11,6,2,5
20090119,3,7,2,1,4
20090120,3,4,1,5,2
20090121,7,2,4,5,9
20090122,11,2,3,5,10
20090123,9,4,5,3,8
20090124,2,11,4,9,10
20090125,9,1,10,6,7
20090126,5,10,9,4,3
20090127,9,5,6,7,8
20090128,2,6,4,1,8
20090129,10,8,7,4,6
20090130,9,7,4,5,1
20090131,9,5,7,6,11
20090132,8,6,2,11,10
20090133,9,3,5,6,4
20090134,3,8,10,11,7
20090135,9,4,11,5,6
20090136,5,7,8,9,2
20090137,10,5,1,2,11
20090138,3,8,2,1,9
20090139,11,5,10,2,1
20090140,10,1,11,9,2
20090201,11,4,7,3,1
20090202,6,10,8,2,4
20090203,2,5,7,10,8
20090204,9,1,2,7,8
20090205,2,1,5,11,9
20090206,8,3,2,6,7
20090207,7,8,11,6,10
20090208,4,10,8,2,1
20090209,8,4,3,7,6
20090210,2,6,9,10,11
20090211,9,4,7,6,1
20090212,2,7,8,3,6
20090213,5,7,6,4,11
20090214,7,9,4,5,11
20090215,3,11,1,6,7
20090216,3,9,1,4,5
20090217,10,3,7,11,6
20090218,8,7,3,11,10
20090219,9,11,8,6,10
20090220,8,6,5,10,11
20090221,8,9,3,5,11
20090222,10,6,8,3,11
20090223,3,2,10,11,4
20090224,3,11,4,6,1
20090225,7,6,11,8,5
20090226,1,5,4,11,9
20090227,5,8,4,3,7
20090228,4,7,8,2,5
20090229,8,11,10,7,5
20090230,10,8,4,5,11
20090231,10,8,6,7,4
20090232,1,7,8,5,6
20090233,3,5,10,1,11
20090234,4,9,11,3,7
20090235,6,10,1,3,2
20090236,11,6,1,8,5
20090237,5,10,2,7,1
20090238,1,9,7,10,6
20090239,1,5,11,10,9
20090240,4,3,7,8,1
