19060101,10,4,2,7,8
19060102,2,4,3,1,10
19060103,4,6,8,5,11
19060104,4,6,10,7,3
19060105,10,4,9,1,7
19060106,11,9,6,5,8
19060107,3,8,5,1,9
19060108,2,11,8,10,6
19060109,2,1,9,11,4
19060110,3,4,1,5,11
19060111,2,4,5,11,9
19060112,2,11,6,1,5
19060113,7,8,10,9,2
19060114,8,3,1,11,4
19060115,2,6,11,9,10
19060116,7,10,4,3,8
19060117,11,9,3,5,4
19060118,9,10,4,7,6
19060119,3,10,2,8,5
19060120,9,4,6,10,5
19060121,11,4,8,6,3
19060122,9,7,10,2,11
19060123,9,5,1,6,10
19060124,10,4,5,11,2
19060125,2,6,5,7,9
19060126,3,5,8,11,9
19060127,7,11,5,4,8
19060128,8,11,5,2,7
19060129,9,1,6,2,7
19060130,3,5,7,9,2
19060131,9,1,8,5,3
19060132,5,4,6,11,3
19060133,8,5,7,11,10
19060134,10,3,1,2,4
19060135,3,5,6,7,11
19060136,6,5,9,10,3
19060137,7,3,8,1,9
19060138,2,3,8,1,9
19060139,10,3,2,9,6
19060140,4,8,3,6,9
19060201,6,9,2,5,3
19060202,11,8,10,5,9
19060203,8,3,9,2,6
19060204,3,10,9,8,4
19060205,10,9,1,11,5
19060206,11,9,5,1,10
19060207,6,5,11,4,3
19060208,7,6,3,1,2
19060209,11,1,4,7,10
19060210,3,1,8,11,10
19060211,5,10,4,7,3
19060212,3,1,11,10,5
19060213,3,2,6,1,4
19060214,3,1,9,8,5
19060215,10,6,7,8,11
19060216,7,8,4,2,9
19060217,3,10,8,9,1
19060218,5,11,9,1,3
19060219,3,10,4,5,9
19060220,4,3,11,10,7
19060221,4,1,7,10,8
19060222,3,11,9,2,10
19060223,3,9,4,7,5
19060224,7,5,6,9,11
19060225,9,4,6,1,7
19060226,9,6,7,4,10
19060227,9,8,6,10,11
19060228,1,7,11,3,8
19060229,9,1,4,7,2
19060230,9,11,1,2,8
19060231,11,4,10,6,3
19060232,7,2,5,6,3
19060233,11,6,2,5,10
19060234,2,7,11,9,1
19060235,2,3,7,8,4
19060236,9,6,11,8,1
19060237,9,11,6,7,1
19060238,4,6,3,8,10
19060239,9,3,7,4,8
19060240,4,5,10,3,9
19060301,2,6,7,1,9
19060302,4,11,6,3,2
19060303,2,5,9,3,11
19060304,10,5,1,7,4
19060305,10,7,1,3,8
19060306,8,5,4,10,6
19060307,10,9,4,3,5
19060308,2,8,4,6,3
19060309,10,3,1,7,8
19060310,11,6,3,2,7
19060311,5,7,8,3,10
19060312,3,5,9,6,7
19060313,2,5,4,1,3
19060314,7,3,8,10,1
19060315,7,2,4,6,11
19060316,10,11,6,3,9
19060317,8,11,2,4,6
19060318,2,1,6,5,3
19060319,11,7,3,5,9
19060320,10,7,9,3,8
19060321,3,9,8,4,10
19060322,8,11,1,10,5
19060323,8,2,5,4,10
19060324,9,2,1,6,5
19060325,1,3,11,8,6
19060326,6,2,4,11,5
19060327,2,3,8,9,6
19060328,3,4,10,8,9
19060329,3,4,1,6,11
19060330,5,3,7,4,11
19060331,2,9,10,7,6
19060332,6,7,10,3,11
19060333,10,3,11,1,9
19060334,7,10,1,8,5
19060335,5,10,2,1,6
19060336,10,7,3,1,5
19060337,7,9,10,4,1
19060338,7,5,3,10,2
19060339,2,4,5,3,6
19060340,8,1,9,11,6
19060401,6,7,10,5,4
19060402,4,3,2,8,11
19060403,2,3,7,4,9
19060404,3,11,1,4,7
19060405,5,7,8,4,3
19060406,1,7,2,11,4
19060407,1,10,9,2,3
19060408,2,3,7,10,1
19060409,3,1,7,10,6
19060410,7,11,8,1,5
19060411,3,4,7,2,9
19060412,10,5,1,8,6
19060413,8,11,9,3,2
19060414,3,6,4,1,11
19060415,11,8,1,9,7
19060416,4,9,5,8,6
19060417,10,1,11,5,6
19060418,7,6,5,11,8
19060419,6,9,4,2,1
19060420,8,7,11,3,10
19060421,1,9,10,8,2
19060422,10,8,6,9,5
19060423,5,8,1,11,9
19060424,4,1,9,11,8
19060425,9,5,7,3,8
19060426,9,8,2,11,6
19060427,6,11,2,1,4
19060428,6,10,11,2,7
19060429,8,11,7,3,6
19060430,5,11,4,1,10
19060431,5,10,7,9,2
19060432,11,6,9,5,4
19060433,7,10,11,5,8
19060434,9,8,7,4,5
19060435,10,11,1,9,7
19060436,6,4,11,5,2
19060437,2,11,7,3,8
19060438,11,10,3,9,1
19060439,4,5,11,9,1
19060440,3,9,4,7,10
19060501,2,8,1,3,7
19060502,7,3,4,10,2
19060503,7,6,3,5,10
19060504,2,7,11,1,6
19060505,4,8,1,11,5
19060506,4,3,2,6,7
19060507,7,11,10,2,5
19060508,8,6,7,10,1
19060509,1,4,2,3,9
19060510,8,11,6,2,10
19060511,6,2,3,9,10
19060512,10,9,6,2,11
19060513,9,5,11,2,7
19060514,1,2,5,10,3
19060515,4,11,2,9,1
19060516,2,7,5,3,10
19060517,9,4,7,3,5
19060518,7,2,5,4,9
19060519,11,2,7,1,5
19060520,6,1,7,5,11
19060521,5,11,10,8,6
19060522,10,1,6,9,7
19060523,10,8,4,5,3
19060524,11,8,6,7,2
19060525,11,2,10,8,3
19060526,1,9,3,11,10
19060527,3,1,10,4,8
19060528,8,10,5,4,2
19060529,11,4,3,9,10
19060530,7,8,9,1,11
19060531,6,8,4,5,7
19060532,9,3,1,2,7
19060533,7,1,11,4,8
19060534,8,10,3,1,11
19060535,4,3,6,8,1
19060536,8,11,10,5,9
19060537,9,7,11,3,1
19060538,7,5,6,9,4
19060539,10,9,4,2,3
19060540,5,1,7,10,2
19060601,4,3,5,8,6
19060602,9,3,6,11,7
19060603,5,4,7,10,6
19060604,3,9,5,7,11
19060605,4,9,8,7,2
19060606,1,7,6,8,10
19060607,9,6,7,5,4
19060608,5,6,3,4,9
19060609,11,5,8,4,3
19060610,9,5,3,1,11
19060611,2,5,3,10,4
19060612,8,4,6,11,1
19060613,5,4,10,6,3
19060614,8,10,6,4,1
19060615,1,7,10,3,2
19060616,3,4,1,5,9
19060617,10,7,1,9,4
19060618,2,8,6,1,4
19060619,2,3,1,7,8
19060620,5,11,4,3,8
19060621,7,3,2,11,8
19060622,6,4,3,2,11
19060623,3,2,9,5,8
19060624,2,9,1,8,10
19060625,4,7,9,11,10
19060626,10,5,6,9,2
19060627,7,5,3,9,1
19060628,8,6,11,4,9
19060629,11,9,7,6,4
19060630,9,2,6,1,4
19060631,9,1,10,11,4
19060632,6,7,2,9,1
19060633,9,11,10,5,4
19060634,11,4,9,2,7
19060635,8,7,11,6,3
19060636,2,5,6,9,4
19060637,3,7,11,10,1
19060638,4,5,3,9,7
19060639,4,6,5,10,3
19060640,1,2,10,11,5
19060701,1,7,6,8,9
19060702,5,4,7,2,1
19060703,1,10,9,6,7
19060704,4,5,9,1,10
19060705,1,6,10,2,11
19060706,11,6,2,3,4
19060707,10,3,2,7,8
19060708,10,9,11,3,8
19060709,6,9,4,1,2
19060710,3,4,10,9,7
19060711,6,5,11,8,2
19060712,2,4,6,5,1
19060713,11,1,2,6,10
19060714,6,3,9,8,10
19060715,5,7,4,6,9
19060716,9,4,6,3,1
19060717,5,6,11,10,7
19060718,8,2,11,3,9
19060719,6,5,10,1,11
19060720,10,1,3,5,7
19060721,5,8,9,2,10
19060722,9,11,7,8,5
19060723,1,11,5,6,10
19060724,5,2,9,6,7
19060725,4,6,11,10,3
19060726,3,5,2,4,10
19060727,8,3,9,1,4
19060728,9,4,1,5,3
19060729,8,11,5,6,2
19060730,9,10,5,3,11
19060731,9,11,1,4,10
19060732,6,2,9,11,5
19060733,9,3,10,11,7
19060734,8,2,11,10,9
19060735,8,2,4,6,11
19060736,5,7,1,9,2
19060737,7,2,3,6,11
19060738,8,6,4,11,1
19060739,7,4,3,1,6
19060740,8,2,1,10,6
19060801,6,11,5,2,9
19060802,6,5,9,8,11
19060803,1,11,10,2,9
19060804,1,10,9,3,11
19060805,3,9,7,2,6
19060806,8,9,1,11,7
19060807,3,5,11,7,4
19060808,5,8,10,11,7
19060809,10,1,5,3,8
19060810,5,1,10,7,8
19060811,5,2,9,1,10
19060812,6,7,3,2,11
19060813,7,3,9,8,11
19060814,11,3,4,5,10
19060815,8,10,11,6,2
19060816,8,1,7,4,3
19060817,10,6,7,8,4
19060818,8,6,11,7,3
19060819,7,8,1,2,5
19060820,7,8,2,5,9
19060821,11,2,10,7,4
19060822,11,5,6,3,8
19060823,6,11,1,8,10
19060824,6,2,1,9,4
19060825,8,3,5,6,1
19060826,8,3,10,11,9
19060827,9,8,6,7,3
19060828,10,1,5,8,7
19060829,9,11,3,6,4
19060830,9,8,10,6,1
19060831,6,1,3,11,9
19060832,7,9,3,4,8
19060833,9,11,6,1,10
19060834,1,2,10,6,4
19060835,1,10,4,11,9
19060836,9,4,1,6,8
19060837,11,8,6,2,7
19060838,6,4,11,7,9
19060839,10,2,7,5,4
19060840,3,10,2,7,8
19060901,4,5,10,3,2
19060902,2,7,10,8,1
19060903,10,5,11,8,9
19060904,9,5,8,1,6
19060905,6,2,5,1,7
19060906,3,7,2,1,11
19060907,3,2,11,4,6
19060908,9,8,5,1,4
19060909,7,11,9,2,3
19060910,10,6,3,5,11
19060911,1,10,2,7,5
19060912,6,7,5,4,10
19060913,4,3,8,2,10
19060914,7,10,4,5,3
19060915,4,6,11,5,2
19060916,5,9,7,8,4
19060917,5,2,4,11,8
19060918,1,6,9,7,2
19060919,7,1,10,4,6
19060920,1,2,11,4,6
19060921,11,2,10,5,9
19060922,5,3,9,1,10
19060923,10,3,8,1,5
19060924,11,3,2,10,1
19060925,6,10,5,1,9
19060926,5,6,1,7,8
19060927,10,6,4,2,5
19060928,5,8,4,9,3
19060929,9,10,4,5,8
19060930,6,5,4,2,1
19060931,2,8,10,7,1
19060932,8,6,7,5,1
19060933,7,3,8,10,5
19060934,10,2,9,5,7
19060935,9,8,7,2,3
19060936,9,7,4,11,8
19060937,5,4,6,8,1
19060938,7,6,10,2,1
19060939,5,3,8,6,1
19060940,3,11,10,2,9
19061001,2,10,5,7,6
19061002,9,11,3,7,6
19061003,6,11,1,2,5
19061004,5,10,11,8,9
19061005,2,11,8,6,3
19061006,5,2,7,6,10
19061007,5,1,2,3,10
19061008,11,4,8,3,2
19061009,5,3,4,1,9
19061010,11,7,6,2,10
19061011,3,2,9,6,4
19061012,3,6,9,1,8
19061013,8,7,1,2,4
19061014,5,2,10,4,3
19061015,6,2,11,5,7
19061016,7,2,1,8,4
19061017,11,6,10,7,8
19061018,6,2,4,5,3
19061019,11,9,8,5,3
19061020,11,9,8,7,1
19061021,5,3,8,9,2
19061022,10,4,8,9,2
19061023,11,2,7,6,10
19061024,6,3,4,5,8
19061025,2,5,9,11,1
19061026,8,7,1,11,10
19061027,11,7,9,2,4
19061028,1,9,6,5,8
19061029,6,3,11,1,7
19061030,10,6,3,2,11
19061031,8,2,11,6,9
19061032,9,11,3,7,6
19061033,3,8,1,4,9
19061034,7,3,6,10,11
19061035,7,9,2,10,4
19061036,11,6,5,8,10
19061037,3,6,9,10,7
19061038,9,7,4,3,1
19061039,2,9,7,5,10
19061040,8,9,10,4,5
19061101,9,4,11,10,5
19061102,7,11,9,8,4
19061103,11,3,8,10,9
19061104,4,3,2,10,7
19061105,3,4,6,5,7
19061106,4,5,3,10,7
19061107,11,1,3,4,7
19061108,8,3,10,5,7
19061109,6,9,10,11,3
19061110,10,3,7,6,5
19061111,5,4,1,6,11
19061112,11,5,8,9,1
19061113,8,6,3,7,4
19061114,6,1,5,8,3
19061115,6,7,5,4,11
19061116,5,7,11,3,10
19061117,8,1,6,7,3
19061118,9,1,6,11,7
19061119,1,6,10,11,3
19061120,8,5,7,6,4
19061121,1,7,4,5,2
19061122,8,9,10,7,5
19061123,5,1,7,4,9
19061124,5,10,11,1,2
19061125,5,3,4,11,1
19061126,8,3,5,6,7
19061127,10,9,1,2,8
19061128,11,2,9,3,10
19061129,4,5,2,1,11
19061130,4,1,8,2,9
19061131,9,1,3,5,4
19061132,7,3,10,8,4
19061133,10,8,11,1,3
19061134,3,7,4,9,5
19061135,7,4,2,5,9
19061136,6,8,5,10,3
19061137,8,5,9,6,4
19061138,1,3,6,4,10
19061139,6,5,4,9,2
19061140,2,11,3,10,6
19061201,5,9,8,1,3
19061202,3,4,8,11,2
19061203,2,10,3,7,8
19061204,10,3,9,8,4
19061205,11,3,7,6,9
19061206,5,8,2,9,11
19061207,7,5,2,8,6
19061208,4,5,11,9,3
19061209,5,4,9,7,11
19061210,8,9,2,10,1
19061211,5,3,2,11,9
19061212,1,6,9,11,4
19061213,11,10,4,9,6
19061214,5,7,11,1,2
19061215,5,11,10,2,6
19061216,9,2,6,8,1
19061217,8,9,4,10,5
19061218,5,2,10,11,3
19061219,2,3,5,11,10
19061220,1,6,10,3,9
19061221,2,10,1,6,3
19061222,10,8,11,2,9
19061223,1,11,6,8,5
19061224,3,4,6,10,5
19061225,4,9,1,3,2
19061226,5,3,1,4,9
19061227,10,2,1,9,5
19061228,11,7,2,8,6
19061229,4,1,5,9,7
19061230,4,5,7,2,11
19061231,11,9,8,6,7
19061232,9,7,4,3,11
19061233,3,9,8,7,2
19061234,7,5,11,8,6
19061235,1,3,10,6,8
19061236,4,6,2,5,8
19061237,11,4,8,7,10
19061238,7,11,5,3,4
19061239,9,2,11,1,5
19061240,11,10,2,3,9
19061301,7,9,3,4,6
19061302,2,11,6,7,1
19061303,9,2,1,10,11
19061304,7,1,2,10,8
19061305,6,9,5,4,7
19061306,6,1,4,3,11
19061307,8,7,10,1,9
19061308,2,7,11,1,8
19061309,7,4,2,5,9
19061310,3,6,8,4,10
19061311,10,1,11,2,7
19061312,11,5,2,10,6
19061313,7,5,11,8,3
19061314,8,7,10,9,3
19061315,6,7,8,3,1
19061316,7,8,9,5,10
19061317,10,3,2,6,11
19061318,4,1,2,5,3
19061319,9,7,1,4,5
19061320,10,9,6,4,1
19061321,8,9,7,3,4
19061322,4,5,8,10,11
19061323,1,5,7,10,6
19061324,11,3,6,4,9
19061325,11,7,3,8,9
19061326,10,7,6,11,5
19061327,2,8,4,1,10
19061328,11,10,9,3,6
19061329,8,10,9,7,2
19061330,3,11,7,4,9
19061331,2,3,7,6,8
19061332,3,11,7,2,6
19061333,10,6,9,2,11
19061334,10,1,8,7,5
19061335,4,2,9,11,10
19061336,7,5,10,6,11
19061337,5,2,7,4,3
19061338,10,9,1,2,3
19061339,4,7,6,8,11
19061340,6,11,4,1,9
19061401,4,11,10,3,5
19061402,10,7,9,2,11
19061403,5,8,1,2,10
19061404,5,6,4,7,9
19061405,2,4,7,3,9
19061406,5,8,3,2,9
19061407,11,8,5,9,7
19061408,2,1,7,10,5
19061409,7,8,11,2,10
19061410,10,2,9,1,11
19061411,3,2,1,6,7
19061412,5,10,4,3,1
19061413,1,6,9,11,5
19061414,4,10,9,8,11
19061415,3,9,11,4,2
19061416,1,9,6,2,4
19061417,6,5,11,3,1
19061418,8,4,1,7,9
19061419,9,7,2,11,8
19061420,1,11,10,9,6
19061421,10,4,2,9,3
19061422,9,10,5,7,8
19061423,5,1,8,4,11
19061424,7,3,2,9,8
19061425,1,9,3,11,6
19061426,3,10,8,9,4
19061427,10,7,8,2,6
19061428,1,2,9,5,4
19061429,6,2,8,10,11
19061430,1,8,5,7,6
19061431,5,11,3,2,4
19061432,10,6,5,2,11
19061433,11,5,8,6,2
19061434,3,6,10,5,11
19061435,10,11,6,4,1
19061436,1,2,9,8,5
19061437,5,9,1,6,11
19061438,11,2,1,9,3
19061439,8,5,3,11,2
19061440,9,1,4,6,7
19061501,8,6,3,9,2
19061502,6,11,1,4,7
19061503,8,1,5,10,6
19061504,9,5,2,6,7
19061505,3,7,5,2,6
19061506,3,7,8,4,11
19061507,3,6,7,9,10
19061508,1,11,4,9,8
19061509,9,11,7,6,4
19061510,2,4,11,6,10
19061511,5,1,6,4,11
19061512,5,1,6,2,3
19061513,2,9,11,5,8
19061514,6,8,5,11,9
19061515,11,5,7,8,6
19061516,3,8,9,10,11
19061517,9,4,2,6,8
19061518,2,10,11,9,8
19061519,10,7,4,2,9
19061520,1,10,11,3,4
19061521,7,1,9,8,2
19061522,3,4,5,6,2
19061523,9,11,3,5,4
19061524,3,8,5,9,2
19061525,4,3,1,9,10
19061526,7,5,4,8,10
19061527,3,9,6,10,8
19061528,4,7,6,9,10
19061529,9,11,2,6,7
19061530,8,7,10,9,2
19061531,10,11,5,9,3
19061532,1,2,9,11,8
19061533,1,4,10,3,11
19061534,2,10,3,5,7
19061535,4,2,6,7,3
19061536,6,7,11,2,4
19061537,2,5,11,6,8
19061538,11,1,7,4,3
19061539,11,9,2,1,5
19061540,10,7,3,5,8
19061601,8,6,11,4,7
19061602,9,8,7,2,10
19061603,4,10,8,2,7
19061604,5,4,11,8,9
19061605,3,5,4,1,10
19061606,5,9,10,8,1
19061607,6,4,9,11,2
19061608,7,11,2,10,3
19061609,2,9,10,1,5
19061610,3,7,1,4,11
19061611,2,4,9,1,5
19061612,9,10,8,11,2
19061613,9,5,4,3,10
19061614,7,5,10,1,6
19061615,9,11,2,6,10
19061616,10,9,11,1,5
19061617,2,11,9,8,1
19061618,9,4,7,5,11
19061619,10,2,8,4,3
19061620,5,1,10,9,7
19061621,4,3,11,6,9
19061622,7,10,11,2,6
19061623,2,10,3,8,7
19061624,8,7,9,4,3
19061625,6,10,4,11,2
19061626,2,10,1,7,3
19061627,5,7,10,3,4
19061628,9,3,6,2,4
19061629,11,7,2,3,8
19061630,1,4,5,8,10
19061631,1,3,8,10,2
19061632,4,9,3,5,7
19061633,8,7,1,9,10
19061634,11,6,2,9,5
19061635,3,9,8,11,10
19061636,9,7,8,10,5
19061637,3,4,7,8,11
19061638,2,4,7,8,3
19061639,6,1,3,5,4
19061640,10,9,7,3,2
19061701,4,1,5,8,3
19061702,4,2,5,11,7
19061703,4,5,8,10,7
19061704,2,1,7,9,4
19061705,11,8,6,4,3
19061706,9,7,6,4,8
19061707,8,11,9,6,10
19061708,4,11,6,5,3
19061709,3,9,4,7,11
19061710,2,1,6,8,7
19061711,4,10,2,6,8
19061712,9,10,6,11,3
19061713,10,3,11,1,6
19061714,8,10,4,6,9
19061715,10,5,6,8,4
19061716,3,10,2,8,5
19061717,4,1,5,8,10
19061718,6,5,10,8,4
19061719,10,4,2,7,8
19061720,6,11,5,4,3
19061721,6,4,8,9,7
19061722,9,2,5,8,1
19061723,8,10,6,3,5
19061724,6,7,8,9,10
19061725,4,8,11,1,5
19061726,11,1,5,10,9
19061727,4,8,3,10,1
19061728,2,5,11,9,4
19061729,9,3,8,11,7
19061730,2,4,10,9,8
19061731,3,6,1,2,7
19061732,11,2,3,5,6
19061733,6,8,9,7,3
19061734,1,4,5,6,2
19061735,3,2,10,9,5
19061736,8,5,9,4,10
19061737,3,2,5,9,8
19061738,7,4,5,3,6
19061739,7,2,10,11,8
19061740,5,1,8,9,2
19061801,4,9,10,5,7
19061802,6,9,8,2,11
19061803,7,6,9,3,11
19061804,1,6,7,11,2
19061805,6,11,7,4,8
19061806,3,1,7,2,8
19061807,3,5,11,1,8
19061808,5,9,7,3,11
19061809,11,8,10,4,6
19061810,10,5,3,11,8
19061811,2,9,7,6,11
19061812,5,3,9,10,4
19061813,5,6,10,1,3
19061814,2,4,6,1,11
19061815,10,2,11,6,7
19061816,7,6,4,8,9
19061817,11,6,1,8,7
19061818,7,1,3,5,6
19061819,11,7,4,6,5
19061820,1,8,3,11,9
19061821,6,3,4,7,11
19061822,1,3,7,4,6
19061823,6,7,4,11,3
19061824,1,11,2,6,8
19061825,8,5,3,7,2
19061826,4,1,6,9,11
19061827,2,6,5,7,3
19061828,9,4,1,3,7
19061829,2,3,6,4,7
19061830,8,11,2,4,10
19061831,3,4,6,11,9
19061832,5,8,7,3,10
19061833,5,6,7,10,11
19061834,2,9,7,11,6
19061835,4,8,1,11,3
19061836,3,2,8,7,6
19061837,9,5,4,1,6
19061838,7,10,6,3,2
19061839,6,10,2,8,1
19061840,10,11,7,1,6
19061901,3,5,10,4,7
19061902,11,1,8,6,3
19061903,1,9,4,2,11
19061904,3,1,10,2,5
19061905,6,10,11,4,3
19061906,5,11,6,10,7
19061907,5,10,3,4,11
19061908,4,6,11,10,5
19061909,3,6,10,8,7
19061910,1,3,2,6,8
19061911,5,9,10,7,4
19061912,11,3,10,1,8
19061913,6,4,5,8,10
19061914,11,1,5,3,8
19061915,9,6,1,7,8
19061916,11,4,9,8,2
19061917,10,3,9,8,2
19061918,9,3,6,8,5
19061919,10,11,7,8,9
19061920,2,11,5,9,8
19061921,2,9,6,7,3
19061922,9,3,8,4,1
19061923,2,11,5,8,3
19061924,8,9,2,5,1
19061925,8,2,4,9,3
19061926,11,5,7,10,1
19061927,2,11,6,10,5
19061928,7,1,2,4,10
19061929,1,7,8,3,6
19061930,9,5,2,6,3
19061931,2,7,8,1,10
19061932,3,5,1,2,9
19061933,10,11,7,4,6
19061934,7,11,4,8,3
19061935,7,6,11,4,1
19061936,6,8,2,9,5
19061937,5,7,1,8,9
19061938,2,3,5,7,11
19061939,1,8,10,9,4
19061940,3,6,10,1,11
19062001,5,9,3,7,1
19062002,3,4,10,8,11
19062003,1,7,10,6,2
19062004,6,8,9,10,11
19062005,7,6,3,11,2
19062006,9,10,2,6,3
19062007,1,11,8,9,7
19062008,3,2,8,9,10
19062009,1,11,7,8,6
19062010,4,5,8,3,7
19062011,10,7,11,4,8
19062012,5,6,10,3,7
19062013,3,4,6,9,10
19062014,4,1,7,9,8
19062015,2,7,10,5,1
19062016,5,7,11,1,2
19062017,4,1,3,5,6
19062018,1,8,7,3,2
19062019,10,7,2,3,5
19062020,3,5,1,6,10
19062021,2,11,7,1,8
19062022,9,4,6,3,7
19062023,7,5,3,11,1
19062024,4,11,6,2,10
19062025,1,5,2,9,10
19062026,1,5,10,7,8
19062027,3,10,11,1,2
19062028,2,10,7,1,5
19062029,6,9,8,11,1
19062030,1,2,5,9,3
19062031,1,10,8,3,6
19062032,3,9,6,10,2
19062033,3,9,8,1,6
19062034,2,5,11,4,6
19062035,1,3,8,7,4
19062036,3,11,2,10,4
19062037,5,4,3,1,10
19062038,7,4,9,6,11
19062039,4,1,7,10,3
19062040,11,5,4,6,9
19062101,11,2,10,8,9
19062102,7,6,8,5,1
19062103,7,4,2,10,6
19062104,10,8,11,9,5
19062105,3,8,5,1,11
19062106,3,2,11,1,7
19062107,5,6,4,3,7
19062108,1,5,7,3,8
19062109,4,1,11,8,2
19062110,2,8,10,4,6
19062111,11,4,2,8,10
19062112,11,3,5,10,8
19062113,11,9,3,4,6
19062114,3,8,7,4,2
19062115,1,4,6,7,10
19062116,6,11,10,3,4
19062117,11,6,1,10,5
19062118,7,2,1,9,8
19062119,8,9,11,2,3
19062120,8,10,5,11,9
19062121,2,5,9,11,4
19062122,10,11,9,1,2
19062123,11,5,3,10,4
19062124,3,7,10,1,2
19062125,7,1,9,6,8
19062126,1,4,10,6,11
19062127,9,7,8,3,10
19062128,4,5,3,6,1
19062129,11,3,9,6,4
19062130,11,10,6,5,8
19062131,5,6,4,3,11
19062132,1,6,4,5,11
19062133,9,2,11,5,1
19062134,4,10,11,5,8
19062135,5,11,6,3,9
19062136,7,8,1,2,3
19062137,7,11,9,4,3
19062138,7,8,1,10,4
19062139,1,8,2,10,3
19062140,2,3,10,9,6
19062201,11,5,1,2,3
19062202,6,5,11,7,8
19062203,10,5,3,11,9
19062204,2,5,9,11,1
19062205,8,1,10,5,11
19062206,1,4,2,11,8
19062207,7,8,9,1,5
19062208,9,7,8,10,6
19062209,9,10,2,1,3
19062210,7,1,6,4,5
19062211,3,1,11,10,4
19062212,11,5,8,10,7
19062213,8,1,2,4,9
19062214,5,11,4,10,2
19062215,7,10,11,5,1
19062216,5,3,1,9,11
19062217,10,1,11,5,4
19062218,3,10,7,6,4
19062219,10,3,8,6,9
19062220,10,3,5,2,6
19062221,7,1,8,3,11
19062222,4,8,9,10,3
19062223,6,10,8,5,11
19062224,5,9,1,7,6
19062225,7,5,3,10,11
19062226,11,10,2,6,4
19062227,8,1,4,7,9
19062228,10,8,7,1,9
19062229,4,10,8,5,6
19062230,10,1,9,4,11
19062231,11,6,3,8,2
19062232,3,10,6,5,7
19062233,2,11,10,4,8
19062234,5,7,3,9,8
19062235,1,8,5,11,3
19062236,1,6,5,7,8
19062237,1,3,2,4,7
19062238,6,11,1,10,9
19062239,7,9,11,4,3
19062240,9,1,7,11,5
19062301,11,6,3,9,8
19062302,8,6,3,11,7
19062303,10,3,8,9,11
19062304,8,4,6,5,7
19062305,11,4,8,1,6
19062306,2,5,11,9,8
19062307,8,3,1,9,5
19062308,10,3,8,1,5
19062309,5,3,10,8,1
19062310,2,4,3,6,7
19062311,7,1,5,8,10
19062312,7,1,11,9,6
19062313,10,11,7,5,3
19062314,9,8,3,11,10
19062315,4,2,7,5,10
19062316,3,11,4,7,8
19062317,11,7,2,5,1
19062318,5,8,3,4,11
19062319,1,4,8,2,11
19062320,4,7,5,8,3
19062321,10,1,11,5,4
19062322,1,7,3,11,4
19062323,10,11,6,9,4
19062324,2,10,11,7,1
19062325,9,3,8,4,10
19062326,1,10,3,8,2
19062327,6,2,9,7,3
19062328,5,11,1,10,7
19062329,3,7,1,2,8
19062330,1,11,2,5,7
19062331,1,10,2,9,3
19062332,3,9,5,10,2
19062333,1,7,10,6,3
19062334,11,10,3,5,8
19062335,3,4,7,11,6
19062336,7,4,5,8,9
19062337,6,4,5,2,8
19062338,4,9,5,1,11
19062339,10,6,1,8,7
19062340,4,1,8,10,5
19062401,2,6,10,11,5
19062402,7,2,9,5,6
19062403,3,5,6,1,10
19062404,8,6,1,11,3
19062405,3,4,6,5,1
19062406,8,5,6,2,4
19062407,6,9,8,10,7
19062408,1,2,6,4,11
19062409,6,1,9,5,10
19062410,8,4,10,9,2
19062411,7,11,3,4,6
19062412,2,1,6,4,3
19062413,1,3,9,7,6
19062414,11,5,1,2,6
19062415,5,2,8,6,11
19062416,7,8,4,10,5
19062417,5,1,7,2,4
19062418,5,9,3,2,10
19062419,1,2,6,5,4
19062420,9,10,5,1,11
19062421,6,8,1,9,10
19062422,2,11,4,9,1
19062423,8,2,3,10,1
19062424,10,7,8,2,1
19062425,3,6,10,4,5
19062426,11,5,3,6,4
19062427,3,9,6,5,2
19062428,11,9,10,1,8
19062429,6,2,3,4,5
19062430,8,3,11,6,2
19062431,11,1,8,6,3
19062432,6,10,11,4,9
19062433,11,7,1,9,3
19062434,9,10,11,4,6
19062435,1,5,2,9,11
19062436,5,3,10,11,7
19062437,9,7,6,10,4
19062438,10,4,1,6,3
19062439,11,4,5,6,10
19062440,7,5,1,8,4
19062501,7,11,3,5,10
19062502,5,7,3,11,6
19062503,8,3,11,4,2
19062504,4,1,3,10,11
19062505,8,6,4,2,7
19062506,2,10,5,6,11
19062507,4,2,5,9,10
19062508,6,9,5,7,3
19062509,3,4,11,9,1
19062510,4,10,2,7,5
19062511,1,4,10,8,7
19062512,6,4,3,7,1
19062513,4,6,8,5,10
19062514,10,5,2,8,1
19062515,11,1,3,5,2
19062516,3,2,10,6,11
19062517,1,9,7,10,4
19062518,10,2,5,11,3
19062519,10,11,5,3,8
19062520,6,8,5,7,3
19062521,7,1,6,8,4
19062522,2,6,4,11,1
19062523,4,1,2,10,8
19062524,3,1,10,9,8
19062525,7,5,10,4,2
19062526,2,9,4,3,5
19062527,8,6,1,5,3
19062528,6,11,10,2,4
19062529,1,7,11,10,2
19062530,3,6,11,4,1
19062531,2,8,10,9,7
19062532,2,10,5,7,9
19062533,3,10,8,2,4
19062534,10,7,11,4,5
19062535,7,1,10,5,3
19062536,7,1,4,10,11
19062537,5,11,6,1,10
19062538,7,1,8,3,11
19062539,3,11,8,2,5
19062540,8,6,5,11,7
19062601,7,2,5,3,8
19062602,8,1,7,4,2
19062603,11,4,10,2,6
19062604,11,2,9,7,3
19062605,11,5,8,4,6
19062606,5,10,1,11,8
19062607,4,9,7,3,2
19062608,5,3,10,6,4
19062609,1,2,10,8,11
19062610,1,2,4,5,3
19062611,3,8,5,4,10
19062612,3,8,7,9,11
19062613,10,9,7,6,11
19062614,11,8,3,7,9
19062615,9,8,7,4,11
19062616,6,9,7,8,3
19062617,4,3,9,2,6
19062618,2,5,6,10,1
19062619,7,10,4,11,8
19062620,8,10,9,11,4
19062621,1,8,9,11,5
19062622,10,3,8,11,7
19062623,11,7,8,10,4
19062624,2,9,1,6,11
19062625,3,2,8,10,5
19062626,3,9,4,8,6
19062627,6,9,10,1,2
19062628,9,7,2,4,11
19062629,4,2,3,9,10
19062630,6,5,8,10,11
19062631,8,1,10,5,9
19062632,8,11,4,5,3
19062633,6,11,1,4,7
19062634,4,2,10,9,8
19062635,2,1,3,10,4
19062636,3,8,2,9,7
19062637,11,5,8,10,7
19062638,3,5,1,6,4
19062639,5,4,9,8,2
19062640,11,2,5,1,8
19062701,10,5,2,8,9
19062702,9,8,3,10,4
19062703,2,6,4,8,1
19062704,9,7,11,1,8
19062705,8,9,3,1,7
19062706,3,8,10,7,6
19062707,4,3,11,10,5
19062708,5,3,2,1,10
19062709,11,8,5,2,3
19062710,2,3,10,9,1
19062711,2,11,1,10,9
19062712,11,7,2,9,8
19062713,10,8,3,1,5
19062714,9,11,5,4,8
19062715,3,5,1,6,8
19062716,8,9,4,11,5
19062717,3,4,10,1,2
19062718,3,10,7,11,5
19062719,6,1,5,7,2
19062720,8,6,5,11,7
19062721,10,5,1,4,9
19062722,5,9,11,10,8
19062723,10,4,2,6,5
19062724,11,7,2,5,9
19062725,11,9,7,3,2
19062726,6,9,4,8,11
19062727,6,3,4,2,10
19062728,4,2,8,6,11
19062729,1,4,3,6,10
19062730,3,4,8,6,1
19062731,5,8,1,4,3
19062732,9,8,7,1,6
19062733,6,11,7,2,1
19062734,7,11,8,10,1
19062735,1,10,4,7,11
19062736,4,9,10,2,8
19062737,9,10,4,7,1
19062738,4,6,9,2,11
19062739,11,4,7,1,3
19062740,2,6,8,7,5
19062801,3,8,11,7,10
19062802,11,5,3,8,10
19062803,10,7,6,1,2
19062804,8,11,4,3,1
19062805,1,2,5,6,10
19062806,4,6,1,11,10
19062807,10,7,9,1,3
19062808,3,2,4,10,1
19062809,4,11,1,3,8
19062810,9,1,11,10,6
19062811,8,11,9,2,6
19062812,6,11,2,10,4
19062813,10,3,8,2,5
19062814,1,4,11,9,10
19062815,5,3,2,6,11
19062816,8,4,5,3,11
19062817,2,9,1,7,5
19062818,8,10,6,3,1
19062819,10,6,9,4,11
19062820,8,7,3,1,4
19062821,9,10,3,7,6
19062822,10,3,2,6,4
19062823,5,11,8,10,1
19062824,3,8,7,5,1
19062825,10,1,9,5,11
19062826,4,8,3,10,5
19062827,3,5,9,7,1
19062828,1,3,5,9,11
19062829,10,7,6,5,11
19062830,7,5,11,2,9
19062831,1,9,3,7,11
19062832,2,5,11,9,7
19062833,10,6,9,5,1
19062834,3,8,7,11,1
19062835,1,5,11,7,4
19062836,8,9,10,3,6
19062837,1,10,8,9,6
19062838,2,11,4,3,9
19062839,7,4,6,10,11
19062840,10,3,4,8,7
19062901,8,11,1,4,7
19062902,2,5,10,8,7
19062903,9,5,4,10,2
19062904,9,11,8,5,7
19062905,3,11,5,10,1
19062906,8,7,9,3,11
19062907,6,4,3,8,1
19062908,11,5,1,2,8
19062909,5,2,9,6,10
19062910,11,10,2,6,9
19062911,9,8,6,2,4
19062912,2,3,7,11,10
19062913,5,3,8,7,2
19062914,1,3,6,10,2
19062915,4,9,3,8,11
19062916,1,7,3,6,4
19062917,6,3,1,11,9
19062918,1,5,8,2,6
19062919,6,10,11,4,2
19062920,5,10,7,3,8
19062921,8,3,7,10,11
19062922,3,2,10,11,1
19062923,10,6,2,8,3
19062924,5,6,10,1,11
19062925,10,3,7,9,4
19062926,3,5,6,10,7
19062927,7,5,3,6,9
19062928,9,2,10,5,8
19062929,9,7,10,2,6
19062930,2,6,10,7,9
19062931,6,2,3,5,4
19062932,6,3,9,2,4
19062933,8,7,1,4,10
19062934,3,2,8,4,10
19062935,3,6,11,4,9
19062936,2,4,3,5,6
19062937,4,3,9,6,5
19062938,6,1,9,7,2
19062939,9,2,7,5,3
19062940,6,2,5,8,1
19063001,3,1,5,11,10
19063002,5,6,7,2,9
19063003,2,7,6,8,9
19063004,10,6,5,4,2
19063005,11,2,4,3,10
19063006,9,7,1,5,11
19063007,2,8,10,5,4
19063008,4,6,3,2,5
19063009,7,3,5,2,10
19063010,5,10,11,3,8
19063011,7,2,1,9,6
19063012,5,7,11,6,1
19063013,10,7,9,2,8
19063014,1,3,10,2,8
19063015,4,9,5,2,6
19063016,10,8,1,11,2
19063017,7,10,11,3,5
19063018,4,5,2,6,9
19063019,11,3,2,5,9
19063020,2,9,6,5,1
19063021,11,7,3,6,9
19063022,10,8,5,9,7
19063023,1,11,9,10,3
19063024,3,1,10,7,9
19063025,11,9,2,5,7
19063026,7,5,9,4,1
19063027,2,9,3,7,11
19063028,5,3,2,11,9
19063029,10,5,8,6,4
19063030,4,9,5,3,1
19063031,1,3,4,10,8
19063032,5,4,10,11,7
19063033,7,1,6,11,2
19063034,5,2,10,4,8
19063035,7,4,1,10,11
19063036,2,8,11,7,6
19063037,3,2,5,7,11
19063038,9,7,4,10,11
19063039,8,1,11,4,5
19063040,5,7,11,1,4
