18090101,11,4,1,8,6
18090102,6,3,10,8,4
18090103,6,7,10,3,11
18090104,5,4,8,11,2
18090105,2,4,1,11,3
18090106,3,8,7,6,9
18090107,10,4,7,3,8
18090108,2,8,7,5,9
18090109,10,8,1,2,6
18090110,9,3,4,8,1
18090111,8,9,4,6,10
18090112,1,4,7,6,5
18090113,5,4,1,6,3
18090114,9,6,1,11,5
18090115,6,3,2,4,1
18090116,5,9,10,11,4
18090117,3,4,7,6,2
18090118,11,6,10,3,7
18090119,2,6,3,9,1
18090120,3,4,1,8,2
18090121,8,10,11,2,9
18090122,7,3,2,1,5
18090123,8,3,5,7,6
18090124,6,1,7,4,11
18090125,9,4,8,11,7
18090126,8,2,10,4,7
18090127,6,1,11,9,2
18090128,7,10,3,2,9
18090129,10,2,11,5,3
18090130,11,9,6,2,3
18090131,9,6,3,5,8
18090132,2,6,10,4,3
18090133,10,5,11,7,9
18090134,10,4,6,11,8
18090135,10,3,8,5,7
18090136,11,3,4,8,2
18090137,3,7,2,8,11
18090138,2,9,10,5,3
18090139,9,5,11,3,1
18090140,5,7,11,6,8
18090141,8,1,7,5,9
18090142,5,8,6,4,7
18090143,7,10,3,5,1
18090144,1,8,6,2,11
18090145,1,7,3,6,9
18090146,4,11,1,6,3
18090147,9,3,2,6,7
18090148,5,9,3,1,8
18090149,7,1,8,5,10
18090150,6,9,2,4,3
18090151,9,11,8,5,2
18090152,9,3,5,4,2
18090153,4,1,5,11,10
18090154,1,5,11,2,6
18090155,8,7,1,2,11
18090156,1,6,2,11,7
18090157,6,4,10,9,1
18090158,1,11,10,4,6
18090159,7,3,6,4,5
18090160,2,7,5,11,1
18090161,4,11,1,9,8
18090162,11,3,2,10,9
18090163,2,8,6,9,10
18090164,10,7,8,9,5
18090165,2,10,5,4,6
18090166,4,3,9,2,7
18090167,11,7,8,5,9
18090168,2,5,4,8,6
18090169,2,1,3,8,10
18090170,2,11,8,1,9
18090171,11,9,2,5,7
18090172,6,1,5,8,11
18090173,6,5,3,9,1
18090174,9,11,5,3,4
18090175,2,11,6,5,9
18090176,3,9,10,6,7
18090177,9,7,5,3,1
18090178,5,10,2,8,9
18090179,9,7,8,11,4
18090180,5,2,6,8,10
18090181,7,3,4,9,2
18090201,10,5,8,1,6
18090202,2,9,6,10,8
18090203,3,2,10,8,1
18090204,4,3,9,6,10
18090205,4,11,5,10,3
18090206,11,9,3,10,2
18090207,1,9,5,8,2
18090208,7,3,4,2,11
18090209,3,8,5,4,1
18090210,10,5,7,3,6
18090211,8,5,2,1,7
18090212,11,10,6,2,4
18090213,5,1,3,11,6
18090214,11,1,3,2,4
18090215,9,8,10,6,11
18090216,7,10,11,5,9
18090217,1,2,4,11,5
18090218,5,11,9,10,7
18090219,4,11,5,10,9
18090220,2,11,5,7,6
18090221,6,10,3,9,2
18090222,7,3,2,1,11
18090223,10,8,4,1,6
18090224,4,5,7,8,11
18090225,2,10,4,8,11
18090226,11,1,7,6,5
18090227,9,4,6,3,5
18090228,9,7,1,8,10
18090229,3,8,6,1,10
18090230,5,1,4,3,10
18090231,3,7,1,9,2
18090232,4,10,1,9,2
18090233,5,10,7,3,1
18090234,1,11,10,6,2
18090235,3,9,7,4,5
18090236,5,9,8,10,1
18090237,7,3,1,10,11
18090238,4,8,2,1,11
18090239,11,10,8,6,4
18090240,6,11,8,3,1
18090241,2,1,6,5,11
18090242,6,4,5,1,10
18090243,5,11,2,3,9
18090244,5,6,1,7,4
18090245,7,1,8,10,3
18090246,9,7,2,10,6
18090247,4,9,1,10,6
18090248,4,9,11,3,1
18090249,9,2,4,7,5
18090250,5,4,8,1,7
18090251,2,11,7,6,1
18090252,5,6,11,3,8
18090253,3,1,8,7,2
18090254,1,4,5,6,9
18090255,10,6,5,9,2
18090256,4,9,1,3,8
18090257,11,5,6,9,10
18090258,4,6,5,3,2
18090259,9,1,5,2,10
18090260,6,5,10,4,9
18090261,2,8,6,9,10
18090262,6,7,8,10,5
18090263,8,4,5,9,11
18090264,4,2,3,1,11
18090265,5,10,2,7,9
18090266,8,6,1,5,7
18090267,6,8,3,4,1
18090268,11,5,1,6,9
18090269,8,7,5,1,9
18090270,3,10,1,5,9
18090271,6,5,11,9,10
18090272,5,11,9,4,6
18090273,2,9,4,5,3
18090274,9,7,3,10,5
18090275,11,6,10,8,5
18090276,3,4,1,6,9
18090277,1,2,5,10,9
18090278,4,2,1,10,11
18090279,1,6,10,7,11
18090280,8,5,6,4,2
18090281,2,8,10,9,7
18090301,11,6,5,3,4
18090302,11,9,8,3,6
18090303,11,10,8,6,5
18090304,10,1,4,3,5
18090305,2,10,9,8,6
18090306,10,1,11,5,3
18090307,9,4,11,7,10
18090308,10,5,9,2,11
18090309,5,1,8,2,4
18090310,10,1,9,5,7
18090311,6,4,10,9,2
18090312,3,2,8,10,4
18090313,10,7,3,9,8
18090314,3,2,5,6,4
18090315,9,3,1,4,10
18090316,11,5,2,1,8
18090317,7,1,11,2,10
18090318,8,7,11,4,10
18090319,1,8,5,2,10
18090320,8,4,2,10,5
18090321,4,3,1,11,8
18090322,6,11,4,9,5
18090323,7,6,3,1,9
18090324,6,1,10,9,11
18090325,10,3,2,11,7
18090326,7,8,4,11,10
18090327,2,7,9,4,6
18090328,1,7,2,8,6
18090329,6,3,1,4,5
18090330,2,6,1,11,3
18090331,7,3,4,6,8
18090332,2,6,1,9,7
18090333,10,7,2,1,8
18090334,4,1,7,5,2
18090335,10,1,11,9,3
18090336,9,5,11,4,3
18090337,6,3,4,7,5
18090338,5,10,8,1,3
18090339,8,3,1,5,11
18090340,3,8,7,5,11
18090341,6,11,9,3,1
18090342,4,6,11,3,7
18090343,5,2,1,10,7
18090344,11,9,3,1,4
18090345,5,6,4,9,2
18090346,9,3,4,8,5
18090347,1,6,11,8,5
18090348,11,1,3,2,8
18090349,6,3,2,4,5
18090350,5,4,11,3,6
18090351,2,6,9,5,3
18090352,2,9,1,4,6
18090353,11,6,10,2,3
18090354,11,1,5,8,7
18090355,2,4,6,11,5
18090356,9,2,6,11,10
18090357,4,10,11,5,9
18090358,5,2,9,6,3
18090359,10,11,1,7,3
18090360,3,6,11,2,7
18090361,5,10,3,4,7
18090362,2,3,4,8,9
18090363,5,7,9,10,2
18090364,9,11,10,8,7
18090365,1,7,5,2,8
18090366,8,9,11,6,2
18090367,9,1,5,4,8
18090368,1,10,11,7,3
18090369,2,4,9,8,5
18090373,4,2,5,9,1
18090371,1,3,11,8,6
18090376,6,2,11,8,7
18090375,10,3,7,5,1
18090370,9,4,8,10,1
18090377,7,10,3,9,8
18090372,2,9,7,8,10
18090374,7,11,2,4,1
18090378,1,9,5,2,4
18090379,8,5,7,10,1
18090380,6,8,4,3,10
18090381,4,3,2,6,9
18090403,11,6,1,2,5
18090406,11,4,8,6,10
18090402,8,5,6,2,4
18090404,10,4,1,11,6
18090405,8,9,5,11,1
18090401,4,1,6,2,3
18090407,4,6,7,3,8
18090408,2,1,5,9,3
18090409,6,9,2,5,8
18090410,5,10,3,11,6
18090411,1,9,6,10,2
18090412,7,10,3,8,11
18090413,1,7,5,4,2
18090414,3,8,1,4,2
18090415,7,9,6,11,8
18090416,6,8,1,5,7
18090417,4,7,8,2,11
18090418,9,6,1,5,8
18090419,5,8,3,6,4
18090420,6,7,3,10,5
18090421,6,9,10,4,11
18090422,10,1,11,6,4
18090423,9,8,1,4,5
18090424,8,2,1,10,3
18090425,3,1,10,4,6
18090426,11,6,7,4,8
18090427,11,6,1,8,5
18090428,2,1,3,11,10
18090429,11,9,2,6,1
18090430,4,6,8,1,7
18090431,10,2,6,4,8
18090432,8,10,11,4,5
18090433,9,4,2,3,6
18090434,9,11,3,2,7
18090435,10,11,7,5,3
18090436,1,4,10,5,9
18090437,8,10,7,3,5
18090438,9,1,6,7,2
18090439,1,6,11,2,9
18090440,7,2,3,8,1
18090441,4,1,6,5,7
18090442,10,3,7,4,6
18090443,4,9,2,3,1
18090444,11,4,10,9,3
18090445,9,1,8,5,10
18090446,10,3,4,1,2
18090447,1,3,5,4,10
18090448,7,2,11,6,3
18090449,2,8,6,7,3
18090450,7,4,6,11,3
18090451,8,6,7,11,9
18090452,9,3,4,8,5
18090453,2,3,9,10,11
18090454,4,7,1,2,9
18090455,11,10,9,3,1
18090456,3,10,6,1,5
18090457,9,8,7,10,6
18090458,10,3,6,5,8
18090459,9,7,8,10,1
18090460,1,7,5,4,11
18090461,6,2,3,1,8
18090462,10,7,5,3,4
18090463,9,8,10,6,3
18090464,6,2,5,1,7
18090465,7,9,6,3,1
18090466,4,1,9,6,3
18090467,2,1,5,11,8
18090468,11,4,2,7,10
18090469,10,4,9,11,6
18090470,3,11,6,2,1
18090471,8,10,9,1,3
18090472,11,4,6,9,8
18090473,2,10,4,1,7
18090474,1,2,10,3,6
18090475,11,1,3,10,9
18090476,1,9,7,8,2
18090477,9,1,4,11,3
18090478,8,10,2,7,9
18090479,6,9,2,8,4
18090480,3,5,1,7,9
18090481,5,9,11,3,4
18090501,11,3,5,9,4
18090502,3,11,5,7,9
18090503,2,4,10,5,11
18090504,10,8,4,6,1
18090505,2,8,7,3,4
18090506,1,8,7,6,3
18090507,8,3,10,7,2
18090508,11,6,5,2,10
18090509,6,11,2,1,5
18090510,2,1,11,3,5
18090511,3,11,8,1,6
18090512,7,9,11,5,8
18090513,10,8,5,4,6
18090514,11,6,1,8,4
18090515,11,10,1,3,2
18090516,8,1,3,9,6
18090517,4,8,2,11,5
18090518,4,5,7,10,8
18090519,11,5,7,3,10
18090520,9,7,11,5,8
18090521,9,10,4,11,8
18090522,6,11,4,3,9
18090523,6,10,1,11,5
18090524,2,6,8,5,3
18090525,2,8,3,6,4
18090526,6,11,10,1,9
18090527,6,9,2,3,5
18090528,3,1,10,7,2
18090529,1,6,8,10,4
18090530,5,8,2,4,7
18090531,7,9,10,4,3
18090532,5,2,9,4,11
18090533,9,4,7,2,3
18090534,7,10,5,1,2
18090535,9,10,5,3,11
18090536,5,2,1,9,8
18090537,11,4,8,7,6
18090538,2,8,7,4,5
18090539,2,8,4,3,10
18090540,2,8,9,3,6
18090541,9,2,10,1,7
18090542,11,9,5,8,6
18090543,1,5,9,6,2
18090544,2,6,8,5,10
18090545,8,6,11,5,7
18090546,10,5,8,2,11
18090547,6,11,8,5,4
18090548,6,11,9,4,10
18090549,3,11,4,9,7
18090550,6,8,2,3,7
18090551,3,2,5,7,8
18090552,8,3,6,1,4
18090553,3,2,4,6,9
18090554,7,3,10,2,1
18090555,2,5,1,4,3
18090556,8,6,11,3,1
18090557,9,8,1,7,4
18090558,5,6,7,3,4
18090559,9,8,7,2,10
18090560,6,10,3,7,4
18090561,9,3,4,11,7
18090562,5,9,2,8,1
18090563,7,1,3,11,6
18090564,9,7,5,10,2
18090565,7,5,9,10,6
18090566,2,9,7,6,3
18090567,8,3,11,7,9
18090568,8,4,3,5,2
18090569,9,8,2,5,10
18090570,6,4,11,1,7
18090571,11,5,3,1,4
18090572,1,2,10,11,9
18090573,6,9,8,7,11
18090574,11,4,2,9,1
18090575,5,1,9,8,6
18090576,1,6,5,4,8
18090577,2,8,9,6,10
18090578,4,3,6,1,9
18090579,1,9,8,11,7
18090580,1,6,9,8,11
18090581,11,1,6,9,8
18090601,4,8,7,11,6
18090602,5,11,6,2,8
18090603,8,7,4,5,11
18090604,4,1,7,11,6
18090605,4,7,1,11,3
18090606,10,7,1,8,11
18090607,1,4,7,6,8
18090608,2,3,4,11,8
18090609,10,9,3,11,6
18090610,3,2,10,4,1
18090611,5,1,7,6,9
18090612,6,3,4,2,10
18090613,6,11,1,2,8
18090614,4,1,11,6,7
18090615,11,9,5,6,7
18090616,2,3,10,1,9
18090617,6,11,8,5,9
18090618,7,1,11,4,6
18090619,2,11,6,3,1
18090620,7,6,9,5,2
18090621,3,2,7,4,8
18090622,11,7,9,1,8
18090623,2,10,9,5,11
18090624,10,5,6,11,4
18090625,1,8,10,5,11
18090626,3,9,6,10,7
18090627,3,7,10,2,11
18090628,2,6,5,9,7
18090629,1,3,7,8,4
18090630,6,9,4,7,2
18090631,2,6,7,4,3
18090632,10,2,1,3,5
18090633,2,10,11,6,8
18090634,7,9,4,5,8
18090635,9,2,3,1,5
18090636,9,7,8,2,1
18090637,3,7,10,2,11
18090638,7,3,8,9,10
18090639,7,11,8,3,6
18090640,9,4,8,3,2
18090641,10,6,2,3,7
18090642,1,2,7,3,6
18090643,3,4,6,8,7
18090644,9,6,10,1,5
18090645,10,4,1,5,7
18090646,7,10,4,6,5
18090647,5,1,2,7,10
18090648,10,1,8,9,7
18090649,2,11,6,8,3
18090650,1,6,4,5,9
18090651,4,2,3,10,5
18090652,3,6,4,9,7
18090653,8,6,9,7,3
18090654,8,11,9,6,4
18090655,7,6,9,4,8
18090656,10,3,4,2,9
18090657,4,2,6,7,9
18090658,3,11,5,4,7
18090659,2,10,3,7,8
18090660,5,11,1,3,4
18090661,2,10,8,11,6
18090662,3,4,1,8,5
18090663,5,4,7,3,6
18090664,1,4,10,11,7
18090665,4,2,8,10,7
18090666,9,1,10,2,5
18090667,8,2,3,11,9
18090668,3,4,6,8,11
18090669,9,5,3,10,6
18090670,8,2,3,1,11
18090671,11,8,9,10,5
18090672,8,5,7,10,4
18090673,6,8,11,7,5
18090674,8,5,3,7,6
18090675,7,4,1,8,9
18090676,3,8,11,4,10
18090677,3,11,8,4,6
18090678,9,10,5,8,2
18090679,10,8,4,3,6
18090680,3,9,6,8,7
18090681,7,9,11,10,3
18090701,7,1,8,5,11
18090702,11,4,3,8,7
18090703,8,4,3,7,11
18090704,4,9,11,1,6
18090705,5,11,6,7,3
18090706,6,1,2,4,10
18090707,1,11,10,9,8
18090708,7,6,2,11,3
18090709,8,3,5,9,4
18090710,3,10,4,11,5
18090711,4,11,1,3,9
18090712,1,11,4,3,6
18090713,1,10,6,7,2
18090714,3,5,2,9,1
18090715,7,2,11,3,8
18090716,1,8,10,7,3
18090717,11,8,2,1,9
18090718,8,4,3,6,10
18090719,5,7,10,9,6
18090720,8,2,1,4,9
18090721,5,8,7,10,3
18090722,4,10,2,7,3
18090723,1,6,9,10,8
18090724,5,3,6,8,11
18090725,11,7,3,8,9
18090726,6,4,9,7,8
18090727,1,8,5,9,4
18090728,10,5,11,9,3
18090729,7,10,1,4,3
18090730,10,1,3,7,9
18090731,1,4,3,5,6
18090732,5,11,2,7,8
18090733,6,4,5,2,8
18090734,1,11,3,9,4
18090735,2,11,7,8,10
18090736,10,2,5,3,6
18090737,5,11,4,8,9
18090738,1,4,10,2,9
18090739,3,1,2,7,4
18090740,3,11,1,5,4
18090741,2,6,4,7,5
18090742,4,11,2,7,9
18090743,3,7,11,1,4
18090744,1,4,5,3,11
18090745,3,2,7,11,4
18090746,10,6,5,2,11
18090747,7,11,6,10,5
18090748,3,6,1,7,4
18090749,8,11,3,7,1
18090750,7,2,10,5,11
18090751,4,10,7,1,9
18090752,5,11,8,3,7
18090753,11,1,2,8,5
18090754,3,1,9,10,4
18090755,8,3,11,9,1
18090756,8,2,3,4,9
18090757,3,2,7,11,10
18090758,6,3,8,7,2
18090759,3,7,5,10,8
18090760,8,1,6,10,2
18090761,2,7,8,11,3
18090762,8,2,11,7,3
18090763,9,1,10,8,7
18090764,10,2,1,7,5
18090765,9,1,7,11,6
18090766,4,11,2,3,1
18090767,6,5,11,7,10
18090768,1,9,5,2,11
18090769,5,10,1,8,11
18090770,1,10,4,11,3
18090771,7,9,1,11,10
18090772,9,11,6,8,1
18090773,7,8,6,9,1
18090774,11,9,6,4,7
18090775,1,8,5,10,11
18090776,1,5,3,10,8
18090777,8,4,10,9,7
18090778,6,7,8,3,4
18090779,3,6,10,2,8
18090780,9,4,11,6,1
18090781,1,8,4,5,11
18090801,10,4,6,5,7
18090802,11,5,4,1,3
18090803,1,9,11,8,2
18090804,4,3,6,8,9
18090805,1,6,9,4,8
18090806,8,1,9,11,2
18090807,9,5,1,2,6
18090808,7,6,2,1,11
18090809,8,4,11,3,1
18090810,7,8,3,5,4
18090811,9,11,6,2,4
18090812,6,4,2,5,8
18090813,7,10,8,6,9
18090814,3,11,8,9,7
18090815,11,1,9,8,10
18090816,3,10,6,2,5
18090817,7,11,2,5,4
18090818,6,7,3,9,8
18090819,5,7,9,2,8
18090820,5,7,10,4,11
18090821,2,6,3,9,8
18090822,5,4,6,1,2
18090823,6,9,5,2,8
18090824,5,2,7,3,4
18090825,7,5,8,4,10
18090826,5,3,2,9,10
18090827,8,2,9,6,10
18090828,3,5,2,9,6
18090829,1,5,2,11,4
18090830,8,11,3,10,5
18090831,9,7,1,5,6
18090832,1,3,11,6,4
18090833,2,9,6,11,7
18090834,10,9,1,3,11
18090835,6,7,1,9,5
18090836,7,4,3,9,5
18090837,2,1,6,11,10
18090838,5,6,4,9,10
18090839,4,5,8,3,10
18090840,7,10,3,1,2
18090841,4,9,3,2,7
18090842,7,6,11,10,9
18090843,2,7,9,1,6
18090844,7,11,8,5,2
18090845,6,1,8,3,10
18090846,6,8,7,9,5
18090847,6,10,5,9,11
18090848,6,9,10,8,2
18090849,9,3,5,11,2
18090850,4,10,1,6,5
18090851,4,3,8,10,11
18090852,9,5,2,10,4
18090853,6,8,7,5,2
18090854,4,2,3,11,5
18090855,4,8,1,6,7
18090856,7,5,4,6,8
18090857,7,4,9,6,3
18090858,3,8,11,7,10
18090859,2,1,7,10,11
18090860,9,6,10,5,11
18090861,11,2,8,6,5
18090862,10,6,9,2,4
18090863,6,2,7,1,8
18090864,5,9,7,3,11
18090865,9,11,2,6,5
18090866,5,10,1,8,6
18090867,10,3,8,5,9
18090868,1,9,11,10,4
18090869,3,7,6,4,2
18090870,3,6,4,7,5
18090871,4,7,8,1,3
18090872,1,6,9,5,8
18090873,7,11,2,10,9
18090874,7,5,1,3,8
18090875,9,10,1,3,8
18090876,10,3,9,4,6
18090877,3,5,4,7,8
18090878,7,10,1,4,8
18090879,2,7,11,5,3
18090880,7,6,2,4,8
18090881,7,11,5,3,6
18090901,2,10,9,11,8
18090902,5,8,1,10,7
18090903,9,6,7,1,2
18090904,7,2,3,11,4
18090905,11,3,4,7,1
18090906,7,4,2,11,8
18090907,6,3,4,11,1
18090908,8,4,11,5,9
18090909,10,9,4,5,6
18090910,2,10,9,6,7
18090911,7,9,10,4,11
18090912,11,8,10,9,7
18090913,5,7,6,8,3
18090914,10,1,7,2,9
18090915,1,6,9,7,10
18090916,3,7,6,8,9
18090917,11,2,3,6,10
18090918,3,6,5,9,7
18090919,7,3,1,5,8
18090920,8,2,11,10,4
18090921,9,3,6,10,1
18090922,6,1,11,4,7
18090923,10,11,1,8,9
18090924,5,6,9,1,3
18090925,3,4,10,1,8
18090926,6,11,8,10,5
18090927,1,7,5,10,2
18090928,8,9,2,4,7
18090929,1,5,10,9,3
18090930,7,5,4,6,1
18090931,4,7,6,5,11
18090932,5,6,2,7,9
18090933,2,8,4,10,3
18090934,7,1,11,8,5
18090935,6,4,7,3,5
18090936,4,3,2,6,7
18090937,5,3,6,4,2
18090938,1,8,10,7,9
18090939,2,7,3,8,5
18090940,9,5,7,2,4
18090941,7,2,9,1,6
18090942,9,2,10,4,5
18090943,11,10,1,2,7
18090944,6,8,10,4,9
18090945,6,2,7,1,4
18090946,8,2,11,6,4
18090947,2,10,6,7,11
18090948,7,9,8,1,5
18090949,3,2,4,9,6
18090950,10,4,1,5,11
18090951,11,8,1,10,7
18090952,9,4,10,2,6
18090953,7,2,9,10,6
18090954,9,7,6,3,10
18090955,11,8,9,3,4
18090956,7,10,9,3,8
18090957,10,7,11,3,6
18090958,2,1,8,11,4
18090959,5,3,2,10,11
18090960,4,3,10,11,9
18090961,8,10,4,1,11
18090962,8,1,2,11,9
18090963,4,11,5,10,3
18090964,7,6,1,3,11
18090965,5,6,4,8,7
18090966,1,2,8,5,9
18090967,2,5,7,4,8
18090968,8,5,3,10,6
18090969,9,3,4,11,8
18090970,6,4,5,2,1
18090971,9,4,6,11,1
18090972,1,6,4,9,8
18090973,6,10,5,2,1
18090974,9,3,8,7,2
18090975,3,4,7,11,2
18090976,3,1,4,8,9
18090977,1,8,3,4,7
18090978,2,7,9,10,5
18090979,2,6,11,3,4
18090980,9,5,6,1,7
18090981,4,6,8,3,9
18091001,2,4,5,3,8
18091002,7,10,8,9,3
18091003,1,11,7,9,5
18091004,4,3,7,2,10
18091005,3,2,5,7,1
18091006,3,5,11,8,7
18091007,8,3,5,2,1
18091008,6,1,11,7,8
18091009,5,9,6,2,4
18091010,3,5,6,11,8
18091011,9,3,7,1,6
18091012,7,10,11,8,3
18091013,11,2,6,9,3
18091014,6,8,5,4,2
18091015,11,1,5,8,9
18091016,7,1,9,2,3
18091017,4,6,7,3,2
18091018,5,6,8,3,7
18091019,8,11,7,2,3
18091020,6,5,7,11,2
18091021,5,2,1,4,10
18091022,6,9,8,2,10
18091023,6,3,5,11,2
18091024,4,5,1,7,8
18091025,7,1,4,8,5
18091026,2,3,9,11,10
18091027,8,10,2,9,1
18091028,8,6,9,5,2
18091029,3,11,2,5,8
18091030,6,5,11,10,4
18091031,8,5,4,7,10
18091032,5,7,11,2,9
18091033,9,10,4,3,5
18091034,11,8,2,6,7
18091035,10,11,4,7,8
18091036,9,3,10,7,11
18091037,7,10,9,4,6
18091038,11,6,9,2,7
18091039,5,10,9,6,3
18091040,3,9,5,2,1
18091041,2,10,7,1,5
18091042,8,2,1,6,5
18091043,11,9,4,8,10
18091044,7,11,10,1,5
18091045,8,5,9,3,7
18091046,2,5,6,10,7
18091047,9,3,10,4,1
18091048,5,3,10,6,8
18091049,9,6,10,1,8
18091050,7,9,1,11,10
18091051,6,9,7,2,1
18091052,5,10,6,1,9
18091053,11,10,9,1,5
18091054,10,6,2,4,7
18091055,9,11,1,2,7
18091056,10,5,6,9,2
18091057,6,9,10,3,5
18091058,4,1,2,10,6
18091059,8,6,5,2,3
18091060,3,4,7,6,10
18091061,7,2,1,9,8
18091062,1,11,10,9,6
18091063,6,5,1,7,8
18091064,2,1,4,8,7
18091065,4,11,10,9,3
18091066,10,2,4,1,9
18091067,7,3,4,5,11
18091068,9,1,11,7,10
18091069,3,7,10,8,6
18091070,10,7,3,5,4
18091071,2,5,10,3,11
18091072,7,11,9,6,2
18091073,6,2,8,10,1
18091074,5,10,7,4,2
18091075,5,10,1,2,6
18091076,5,7,9,8,11
18091077,7,11,5,10,3
18091078,2,1,11,4,7
18091079,1,7,6,8,9
18091080,8,2,5,7,3
18091081,3,4,8,7,1
18091101,2,11,10,3,7
18091102,9,10,7,5,4
18091103,11,10,4,7,9
18091104,3,11,10,2,7
18091105,3,9,4,11,10
18091106,11,4,2,5,3
18091107,3,5,9,6,2
18091108,11,9,3,7,2
18091109,11,6,3,5,8
18091110,11,5,9,7,2
18091111,2,4,9,3,6
18091112,6,7,2,11,5
18091113,5,2,9,1,8
18091114,8,11,1,7,6
18091115,2,8,10,6,1
18091116,8,9,3,4,5
18091117,7,8,3,6,10
18091118,5,9,4,3,11
18091119,8,4,9,3,7
18091120,6,5,1,7,11
18091121,4,1,6,2,3
18091122,6,4,8,11,7
18091123,8,1,11,6,2
18091124,6,8,10,1,7
18091125,4,11,8,7,10
18091126,9,8,5,6,11
18091127,10,7,1,4,3
18091128,10,5,1,6,9
18091129,11,3,6,2,9
18091130,8,7,10,5,6
18091131,3,6,2,5,7
18091132,10,11,2,1,3
18091133,6,9,7,8,1
18091134,10,5,6,9,2
18091135,3,9,7,11,1
18091136,2,6,4,5,9
18091137,3,9,2,4,8
18091138,5,4,11,7,3
18091139,11,2,10,1,7
18091140,1,11,8,2,5
18091141,11,8,3,9,5
18091142,5,11,10,1,3
18091143,6,9,2,3,11
18091144,8,5,10,4,3
18091145,8,7,1,6,9
18091146,9,1,5,11,3
18091147,5,3,4,1,7
18091148,10,6,2,8,5
18091149,5,9,10,2,11
18091150,11,8,7,2,6
18091151,10,8,1,4,11
18091152,1,7,2,9,4
18091153,8,4,2,10,5
18091154,9,6,1,4,3
18091155,7,3,4,2,10
18091156,11,10,5,3,7
18091157,3,1,9,11,4
18091158,5,9,10,1,2
18091159,11,5,10,3,4
18091160,6,3,8,9,1
18091161,4,2,7,6,9
18091162,6,3,11,1,5
18091163,3,5,7,11,9
18091164,7,5,8,6,11
18091165,8,9,3,11,7
18091166,2,3,10,8,7
18091167,7,3,8,10,11
18091168,7,6,5,10,3
18091169,5,7,1,10,2
18091170,10,7,1,3,5
18091171,3,4,8,2,10
18091172,8,4,10,2,5
18091173,10,11,6,4,7
18091174,11,4,2,6,1
18091175,11,9,8,6,4
18091176,10,2,9,11,7
18091177,7,2,1,3,4
18091178,11,3,8,4,10
18091179,10,8,7,11,6
18091180,5,3,6,10,8
18091181,11,5,9,7,3
18091201,11,2,4,5,3
18091202,4,5,3,9,11
18091203,1,4,2,11,9
18091204,6,3,5,1,7
18091205,1,5,8,2,7
18091206,2,8,4,1,9
18091207,4,11,7,9,1
18091208,1,11,4,8,6
18091209,9,7,8,6,5
18091210,10,1,9,4,11
18091211,9,7,4,6,1
18091212,2,8,7,9,6
18091213,2,10,4,1,5
18091214,5,10,2,11,6
18091215,11,9,8,1,4
18091216,2,3,1,4,10
18091217,8,9,11,10,1
18091218,2,6,4,9,1
18091219,11,7,9,4,10
18091220,2,11,5,10,4
18091221,3,1,2,8,4
18091222,10,7,8,6,11
18091223,9,4,5,3,2
18091224,5,10,6,11,1
18091225,9,2,10,4,11
18091226,8,3,4,11,2
18091227,2,8,7,3,4
18091228,1,10,3,5,6
18091229,5,6,2,7,10
18091230,2,11,1,3,9
18091231,8,11,1,10,2
18091232,2,4,5,3,7
18091233,2,4,1,7,5
18091234,7,10,11,6,3
18091235,5,3,11,10,9
18091236,6,2,9,10,11
18091237,5,4,3,6,11
18091238,10,7,2,9,11
18091239,6,5,8,1,10
18091240,4,8,1,7,5
18091241,8,9,10,4,7
18091242,4,9,8,7,11
18091243,8,9,5,3,4
18091244,8,5,1,2,4
18091245,5,1,2,9,3
18091246,9,11,4,10,7
18091247,7,1,10,3,5
18091248,5,9,10,1,4
18091249,6,10,5,8,4
18091250,4,1,2,3,11
18091251,2,9,7,5,6
18091252,10,5,1,8,2
18091253,9,5,7,10,6
18091254,9,5,4,10,3
18091255,3,7,2,9,8
18091256,3,8,7,11,9
18091257,10,1,3,5,2
18091258,1,3,5,9,8
18091259,4,7,3,6,9
18091260,5,9,6,11,10
18091261,1,3,10,2,8
18091262,2,3,10,8,5
18091263,2,1,5,6,7
18091264,11,9,6,7,10
18091265,10,7,8,6,11
18091266,1,6,2,5,8
18091267,4,6,11,9,3
18091268,7,2,1,3,10
18091269,9,5,2,6,8
18091270,6,1,11,7,3
18091271,2,6,8,11,5
18091272,8,5,7,10,9
18091273,11,7,4,2,9
18091274,2,3,4,8,5
18091275,4,3,8,2,1
18091276,7,2,1,3,8
18091277,5,8,9,11,10
18091278,3,11,10,1,4
18091279,2,7,8,1,6
18091280,11,6,5,7,8
18091281,8,2,9,5,6
18091301,7,10,1,3,2
18091302,6,8,11,2,10
18091303,7,6,5,1,4
18091304,11,2,7,6,1
18091305,1,4,6,11,9
18091306,10,1,11,4,8
18091307,9,8,5,11,1
18091308,9,4,11,7,10
18091309,2,11,10,9,4
18091310,1,7,11,3,5
18091311,2,5,8,7,3
18091312,3,7,10,6,9
18091313,1,4,7,5,8
18091314,9,10,5,3,4
18091315,4,9,5,6,11
18091316,10,2,7,9,11
18091317,3,6,2,10,1
18091318,8,4,1,9,11
18091319,5,2,8,1,7
18091320,7,1,5,11,4
18091321,3,10,4,8,7
18091322,3,1,5,6,8
18091323,2,10,3,8,4
18091324,3,7,11,9,5
18091325,1,2,10,6,9
18091326,10,2,4,1,9
18091327,9,5,11,2,1
18091328,6,9,11,2,5
18091329,10,5,8,4,11
18091330,2,5,9,10,3
18091331,8,5,3,10,4
18091332,6,4,7,1,10
18091333,4,1,2,10,11
18091334,8,11,1,6,10
18091335,11,2,7,5,1
18091336,3,11,4,2,7
18091337,10,5,2,6,11
18091338,6,9,11,3,2
18091339,9,2,11,8,7
18091340,10,3,9,5,4
18091341,10,8,2,6,4
18091342,9,8,10,7,4
18091343,9,2,1,5,4
18091344,11,7,1,3,9
18091345,9,3,4,10,2
18091346,3,4,7,5,6
18091347,6,4,5,8,11
18091348,6,10,5,11,7
18091349,1,6,9,10,8
18091350,7,6,9,10,8
18091351,2,11,4,10,6
18091352,3,1,9,4,5
18091353,3,4,10,2,8
18091354,7,8,2,6,3
18091355,5,6,7,2,8
18091356,6,3,4,10,8
18091357,6,11,3,10,9
18091358,2,3,7,5,10
18091359,10,1,11,6,8
18091360,8,9,1,7,4
18091361,6,2,9,11,4
18091362,9,11,3,5,10
18091363,4,7,10,11,6
18091364,10,7,8,2,5
18091365,6,8,9,2,11
18091366,9,4,6,5,2
18091367,10,5,7,11,2
18091368,10,7,9,4,2
18091369,8,5,4,7,3
18091370,6,1,7,4,11
18091371,10,7,3,4,2
18091372,11,2,3,6,8
18091373,7,3,11,9,5
18091374,8,6,3,4,10
18091375,2,11,10,1,4
18091376,5,7,2,6,4
18091377,9,8,11,5,3
18091378,4,1,10,5,7
18091379,4,3,7,2,5
18091380,5,6,4,1,2
18091381,6,2,3,11,10
18091401,2,4,9,3,11
18091402,4,1,3,5,6
18091403,8,11,7,9,5
18091404,5,8,7,10,3
18091405,2,5,4,9,10
18091424,10,5,7,1,8
18091432,9,8,7,6,4
18091421,8,7,3,1,6
18091438,3,2,9,4,5
18091435,8,2,7,3,1
18091436,2,1,10,4,8
18091423,7,9,3,2,8
18091429,3,11,8,9,6
18091425,8,10,5,11,3
18091433,11,10,5,9,3
18091437,6,10,4,9,5
18091431,11,5,8,9,1
18091434,11,2,9,6,4
18091428,9,10,11,5,7
18091420,10,6,2,1,5
18091422,5,1,10,7,2
18091426,2,1,5,3,9
18091427,5,8,4,9,7
18091430,3,5,9,10,1
18091419,1,4,8,6,2
18091439,1,9,5,6,8
18091440,10,3,9,11,7
18091441,7,10,9,3,4
18091442,9,6,5,1,7
18091443,2,1,11,4,9
18091444,3,7,1,11,5
18091445,5,7,10,8,6
18091446,7,1,3,2,9
18091447,5,6,8,4,2
18091448,2,7,5,4,6
18091449,4,5,3,1,9
18091450,6,7,8,4,5
18091451,10,7,6,8,2
18091452,6,1,9,4,8
18091453,11,9,7,10,6
18091454,2,5,6,11,4
18091455,10,2,7,6,8
18091456,8,4,10,9,1
18091457,4,2,9,6,7
18091458,9,1,6,7,8
18091459,10,2,9,4,7
18091460,5,9,1,3,11
18091461,6,1,7,2,8
18091462,9,6,2,1,10
18091463,9,2,4,8,6
18091464,3,11,8,9,2
18091465,2,11,1,10,4
18091466,10,9,11,1,3
18091467,5,9,2,8,3
18091468,9,5,7,4,2
18091469,4,10,3,11,1
18091470,6,4,5,11,8
18091471,4,6,11,10,7
18091472,9,1,10,2,7
18091473,4,3,1,2,9
18091474,2,1,10,6,11
18091475,4,8,9,5,10
18091476,7,1,8,3,4
18091477,1,6,4,7,3
18091478,11,5,3,9,2
18091479,7,6,8,9,3
18091480,11,9,4,5,2
18091481,5,9,10,6,3
18091501,9,4,5,7,10
18091502,1,10,4,9,3
18091503,1,11,3,4,10
18091504,6,5,2,8,7
18091505,5,9,7,4,6
18091506,10,3,8,1,2
18091507,10,4,1,7,6
18091508,5,8,7,11,6
18091509,4,7,2,11,3
18091510,9,4,3,5,7
18091511,7,10,3,8,11
18091512,9,11,4,3,5
18091513,4,11,8,3,10
18091514,7,10,11,1,5
18091515,11,4,5,10,8
18091516,6,8,3,4,7
18091517,5,7,3,6,10
18091518,10,4,7,5,6
18091519,4,9,1,11,5
18091520,11,1,4,5,2
18091521,2,7,11,6,8
18091522,11,9,10,8,5
18091523,10,4,5,1,6
18091524,11,5,3,6,9
18091525,3,2,10,8,9
18091526,7,2,6,1,9
18091527,6,11,8,1,4
18091528,2,9,6,5,10
18091529,3,4,11,5,8
18091530,1,5,7,2,11
18091531,4,6,2,10,9
18091532,9,11,7,3,5
18091533,8,6,9,11,3
18091534,11,10,1,5,3
18091535,8,4,1,9,2
18091536,11,3,6,2,10
18091537,5,10,9,1,7
18091538,11,2,3,10,4
18091539,11,7,9,3,1
18091540,8,7,10,4,3
18091541,6,7,1,11,10
18091542,5,2,4,11,7
18091543,9,1,7,5,11
18091544,4,7,10,5,3
18091545,7,5,8,11,10
18091546,9,6,11,5,7
18091547,1,8,9,11,10
18091548,2,7,10,8,11
18091549,7,1,4,10,2
18091550,10,9,4,3,5
18091551,11,3,6,1,8
18091552,6,3,10,7,1
18091553,5,8,6,7,1
18091554,7,9,11,1,8
18091555,5,6,9,1,8
18091556,7,1,10,9,2
18091557,6,5,3,10,7
18091558,10,1,3,4,6
18091559,3,5,2,4,10
18091560,2,10,7,5,8
18091561,1,5,6,7,2
18091562,7,4,10,9,5
18091563,2,7,4,3,11
18091564,11,3,2,9,4
18091565,5,7,11,1,10
18091566,10,2,6,8,4
18091567,3,7,2,5,1
18091568,3,8,10,6,4
18091569,1,5,9,2,11
18091570,8,11,2,6,3
18091571,4,9,3,2,5
18091572,5,11,4,2,8
18091573,9,8,6,4,5
18091574,6,2,3,9,8
18091575,4,8,2,10,7
18091576,10,7,6,8,1
18091577,10,1,2,3,7
18091578,8,5,3,9,1
18091579,2,1,9,10,6
18091580,8,3,6,4,9
18091581,8,11,3,4,10
18091601,10,9,8,1,11
18091602,9,6,3,4,2
18091603,3,10,1,11,8
18091604,6,8,3,7,11
18091605,10,9,3,11,2
18091606,8,2,6,3,9
18091607,5,8,3,10,1
18091608,9,3,4,5,10
18091609,5,11,3,2,1
18091610,10,8,3,7,6
18091611,7,2,3,10,11
18091612,7,2,5,6,11
18091613,4,2,5,9,11
18091614,4,9,2,5,10
18091615,5,7,2,10,3
18091616,11,8,3,7,1
18091617,4,2,11,7,1
18091618,7,4,8,2,3
18091619,5,6,8,10,1
18091620,4,1,11,3,7
18091621,3,8,9,7,5
18091622,3,7,5,1,9
18091623,5,7,2,4,1
18091624,10,6,1,9,11
18091625,2,1,10,5,3
18091626,8,7,2,5,9
18091627,11,4,5,10,7
18091628,6,9,11,10,3
18091629,9,10,4,1,6
18091630,7,8,3,1,4
18091631,3,6,8,2,5
18091632,4,11,6,5,2
18091633,9,7,5,6,2
18091634,6,11,3,7,1
18091635,2,3,5,7,6
18091636,11,6,7,8,4
18091637,4,2,8,10,7
18091638,11,6,4,3,5
18091639,1,8,2,6,9
18091640,6,11,10,2,9
18091641,2,10,5,3,9
18091642,6,10,7,1,3
18091643,3,6,7,2,1
18091644,7,11,10,1,4
18091645,10,5,1,4,3
18091646,9,6,5,2,3
18091647,6,10,2,8,7
18091648,2,3,1,5,9
18091649,11,10,9,7,8
18091650,10,11,2,1,6
18091651,4,9,6,2,7
18091652,1,5,3,11,4
18091653,4,10,1,9,8
18091654,2,3,7,11,8
18091655,6,4,8,3,1
18091656,7,6,1,8,9
18091657,6,7,4,8,3
18091658,3,2,4,8,7
18091659,11,2,3,5,10
18091660,7,1,5,4,2
18091661,5,11,4,1,3
18091662,8,7,6,2,5
18091663,2,4,11,5,10
18091664,6,4,1,9,7
18091665,8,7,1,5,4
18091666,3,5,6,2,7
18091667,1,3,7,6,5
18091668,1,4,3,5,9
18091669,9,2,4,3,1
18091670,11,8,5,7,1
18091671,8,4,6,3,7
18091672,6,7,1,8,5
18091673,2,10,11,7,6
18091674,1,8,10,3,4
18091675,8,5,11,7,1
18091676,3,10,6,4,2
18091677,11,6,1,8,5
18091678,8,1,7,9,11
18091679,9,8,4,7,11
18091680,9,10,7,5,6
18091681,5,9,1,2,11
18091701,9,11,6,5,8
18091702,1,4,3,9,6
18091703,6,3,5,4,9
18091704,8,9,11,4,1
18091705,4,10,3,7,5
18091706,3,10,11,1,7
18091707,3,6,5,7,2
18091708,5,1,2,6,4
18091709,3,8,11,9,6
18091710,11,6,10,7,1
18091711,10,6,9,7,8
18091712,7,6,5,8,10
18091713,10,3,4,2,1
18091714,10,9,7,1,2
18091715,1,10,5,7,9
18091716,9,10,5,4,11
18091717,6,2,5,4,8
18091718,3,10,5,6,7
18091719,6,1,11,8,2
18091720,10,6,5,11,2
18091721,11,1,3,10,2
18091722,5,1,10,9,8
18091723,8,1,7,11,9
18091724,2,6,7,5,1
18091725,7,4,9,2,11
18091726,10,5,9,8,1
18091727,6,2,9,7,3
18091728,4,9,7,10,2
18091729,2,8,1,4,7
18091730,8,5,6,2,10
18091731,3,11,9,1,4
18091732,11,1,8,5,7
18091733,3,2,8,1,4
18091734,1,4,7,11,6
18091735,9,2,5,3,7
18091736,6,8,7,9,5
18091737,2,11,9,8,1
18091738,7,4,9,2,11
18091739,6,9,11,5,10
18091740,3,10,9,11,7
18091741,5,3,10,2,6
18091742,8,4,11,7,1
18091743,6,8,1,10,5
18091744,3,6,7,1,11
18091745,3,10,9,11,6
18091746,6,1,8,10,9
18091747,9,4,11,5,2
18091748,2,5,1,6,8
18091749,10,11,4,9,8
18091750,11,8,4,1,6
18091751,7,6,4,8,11
18091752,1,7,5,3,9
18091753,4,10,8,1,5
18091754,10,6,9,4,8
18091755,10,4,6,1,3
18091756,2,9,10,11,4
18091757,9,8,3,7,6
18091758,5,8,7,1,4
18091759,6,3,1,9,11
18091760,1,3,6,5,2
18091761,3,4,9,5,10
18091762,4,3,9,11,6
18091763,5,7,2,4,1
18091764,10,2,3,6,7
18091765,6,9,5,10,1
18091766,2,6,5,10,3
18091767,9,2,8,11,10
18091768,3,4,5,9,1
18091769,4,3,2,11,5
18091770,6,3,11,7,9
18091771,2,6,5,8,10
18091772,7,1,6,8,3
18091773,4,9,5,1,3
18091774,8,11,1,10,7
18091775,2,6,11,5,8
18091776,10,6,11,1,8
18091777,3,11,8,4,9
18091778,5,10,6,8,2
18091779,4,2,1,6,10
18091780,5,7,8,9,3
18091781,7,8,11,2,10
18091801,11,4,1,10,6
18091802,8,3,5,2,4
18091803,7,2,3,8,10
18091804,9,11,6,1,8
18091805,1,9,3,7,10
18091806,1,9,8,4,2
18091807,7,8,6,9,2
18091808,10,11,4,3,9
18091809,7,1,2,4,3
18091810,7,6,9,10,11
18091811,10,3,2,8,5
18091812,6,4,7,5,1
18091813,10,6,9,2,4
18091814,1,11,3,6,5
18091815,10,5,1,4,3
18091816,11,5,4,8,10
18091817,8,7,10,3,9
18091818,7,4,2,1,10
18091819,6,7,11,10,4
18091820,11,2,8,9,3
18091821,11,3,4,7,9
18091822,6,2,9,10,3
18091823,6,3,4,9,2
18091824,3,8,2,11,10
18091825,9,2,6,4,5
18091826,11,5,2,9,4
18091827,5,9,2,10,3
18091828,10,7,8,2,9
18091829,11,8,5,9,4
18091830,4,11,7,2,1
18091831,11,3,9,1,2
18091832,6,8,2,5,3
18091833,4,2,1,8,9
18091834,8,6,7,4,5
18091835,4,1,8,10,6
18091836,2,11,7,8,5
18091837,9,4,7,8,3
18091838,3,6,4,9,10
18091839,9,6,11,7,2
18091840,5,7,9,6,2
18091841,6,8,3,11,4
18091842,11,10,6,5,4
18091843,10,3,7,5,8
18091844,7,1,4,5,6
18091845,1,7,4,10,8
18091846,7,5,11,9,8
18091847,3,1,9,7,2
18091848,4,10,2,11,3
18091849,6,3,9,7,5
18091850,5,7,11,10,1
18091851,1,9,5,6,2
18091852,5,2,6,1,10
18091853,9,5,7,4,3
18091854,11,1,5,8,2
18091855,11,6,2,7,3
18091856,4,6,7,8,1
18091857,5,3,6,1,10
18091858,5,9,3,7,1
18091859,2,1,4,9,3
18091860,9,3,8,7,4
18091861,4,7,2,11,9
18091862,11,9,1,10,7
18091863,7,4,1,8,2
18091864,10,8,11,2,1
18091865,11,1,6,5,10
18091866,6,3,8,10,5
18091867,8,6,7,2,1
18091868,11,9,6,5,4
18091869,4,7,8,1,3
18091870,4,11,9,5,6
18091871,11,3,5,4,9
18091872,4,10,7,5,9
18091873,8,4,5,3,10
18091874,9,3,5,10,11
18091875,4,9,10,5,8
18091876,6,4,11,3,9
18091877,6,10,4,1,8
18091878,6,4,3,1,8
18091879,11,10,8,7,6
18091880,2,3,10,8,5
18091881,5,10,11,3,9
18091901,9,11,8,2,10
18091902,7,11,9,1,10
18091903,7,1,8,10,9
18091904,8,9,5,11,1
18091905,11,7,2,8,4
18091906,5,6,9,11,3
18091907,7,3,5,8,4
18091908,8,2,7,11,9
18091909,5,4,11,9,6
18091910,3,8,6,7,9
18091911,4,3,9,11,10
18091912,8,1,7,11,6
18091913,5,8,9,6,7
18091914,3,1,6,10,8
18091915,8,6,3,4,11
18091916,10,5,1,4,8
18091917,10,4,5,3,2
18091918,6,5,10,4,7
18091919,6,3,2,4,1
18091920,2,6,3,1,8
18091921,4,10,1,8,7
18091922,2,10,5,9,1
18091923,5,9,6,1,3
18091924,8,6,5,10,2
18091925,7,9,4,5,8
18091926,5,7,2,1,4
18091927,2,3,11,6,9
18091928,9,7,8,4,10
18091929,1,2,11,9,6
18091930,11,10,1,8,7
18091931,7,3,6,11,2
18091932,2,10,6,7,11
18091933,5,3,6,10,1
18091934,8,2,1,6,5
18091935,10,7,11,2,4
18091936,5,8,7,10,11
18091937,1,4,9,6,10
18091938,6,7,11,5,3
18091939,3,11,8,2,1
18091940,7,11,3,9,6
18091941,1,6,3,8,10
18091942,2,10,4,6,8
18091943,9,4,10,1,2
18091944,10,2,11,7,4
18091945,11,10,1,8,6
18091946,1,5,7,6,3
18091947,4,11,6,5,7
18091948,7,5,3,6,9
18091949,10,8,7,3,11
18091950,3,5,11,8,7
18091951,3,1,5,11,8
18091952,8,5,4,2,3
18091953,2,8,7,3,4
18091954,11,9,1,2,7
18091955,4,11,1,2,3
18091956,5,11,1,2,3
18091957,2,3,6,8,10
18091958,7,5,2,10,3
18091959,7,6,5,8,1
18091960,4,11,9,2,10
18091961,3,8,5,6,7
18091962,2,6,9,8,10
18091963,8,1,7,6,11
18091964,1,2,11,3,5
18091965,8,10,4,6,5
18091966,2,4,10,7,8
18091967,1,4,9,2,3
18091968,8,2,1,6,7
18091969,9,7,1,8,2
18091970,10,5,9,11,4
18091971,7,4,10,2,6
18091972,3,11,5,9,4
18091973,4,6,5,11,3
18091974,5,7,9,1,4
18091975,5,7,6,8,10
18091976,4,1,8,2,5
18091977,3,1,11,7,10
18091978,9,3,10,11,6
18091979,6,2,8,4,10
18091980,8,9,5,1,2
18091981,9,8,2,6,11
18092001,7,2,5,6,1
18092002,8,10,3,4,6
18092003,9,7,1,11,10
18092004,6,10,4,2,5
18092005,2,9,1,3,6
18092006,1,11,4,7,8
18092007,8,6,4,3,1
18092008,10,2,3,5,4
18092009,5,11,6,1,10
18092010,3,5,8,7,4
18092011,3,2,4,8,7
18092012,11,1,3,9,6
18092013,5,6,11,7,4
18092014,7,3,8,10,1
18092015,2,3,9,6,4
18092016,9,3,1,6,10
18092017,5,1,8,3,10
18092018,9,8,10,1,11
18092019,3,10,11,1,9
18092020,7,1,11,6,9
18092021,3,7,8,5,9
18092022,5,2,10,6,7
18092023,3,9,10,11,5
18092024,5,4,2,9,10
18092025,8,6,10,11,5
18092026,4,7,3,5,9
18092027,10,5,9,7,3
18092028,2,9,3,8,6
18092029,7,10,2,8,11
18092030,7,3,8,5,6
18092031,1,6,5,11,10
18092032,8,1,2,11,3
18092033,6,8,2,7,4
18092034,3,1,7,11,10
18092035,7,8,9,6,1
18092036,2,8,10,4,3
18092037,7,5,4,1,6
18092038,4,7,8,9,3
18092039,10,4,11,8,2
18092040,7,10,9,4,6
18092041,6,8,1,5,9
18092042,5,7,8,1,2
18092043,9,6,7,11,4
18092044,10,9,7,5,8
18092045,8,11,2,4,7
18092046,4,3,10,7,1
18092047,2,1,9,3,10
18092048,1,2,9,5,6
18092049,10,8,1,2,6
18092050,3,2,8,7,6
18092051,11,3,10,6,4
18092052,2,8,5,11,7
18092053,11,7,9,8,4
18092054,2,11,6,1,3
18092055,3,10,8,5,9
18092056,6,3,4,2,7
18092057,10,8,3,4,11
18092058,4,8,10,6,1
18092059,8,9,2,1,6
18092060,8,9,2,10,1
18092061,5,9,8,3,1
18092062,4,11,8,9,1
18092063,10,9,5,6,8
18092064,10,2,7,4,1
18092065,8,9,11,7,6
18092066,9,3,8,11,1
18092067,9,3,1,4,10
18092068,7,3,11,5,2
18092069,3,4,11,8,5
18092070,1,8,9,5,7
18092071,3,8,6,5,9
18092072,3,7,5,1,9
18092073,11,4,10,3,2
18092074,2,5,1,10,8
18092075,8,1,11,7,9
18092076,2,4,8,7,1
18092077,3,6,8,7,10
18092078,8,4,1,5,6
18092079,5,8,2,1,3
18092080,4,1,2,10,9
18092081,11,10,4,5,3
18092101,10,6,9,8,7
18092102,4,11,1,9,6
18092103,6,7,3,10,11
18092104,10,1,11,9,3
18092105,11,6,7,2,5
18092106,6,9,10,5,2
18092107,9,3,8,10,1
18092108,10,3,1,4,9
18092109,8,11,2,4,9
18092110,2,11,7,6,1
18092111,11,5,2,6,4
18092112,4,5,7,8,9
18092113,5,1,10,9,3
18092114,4,10,2,6,8
18092115,7,8,4,10,6
18092116,3,1,7,9,2
18092117,6,7,8,3,9
18092118,9,1,2,10,11
18092119,2,8,11,1,4
18092120,1,5,6,7,2
18092121,1,6,4,10,2
18092122,2,4,6,9,3
18092123,10,1,9,11,6
18092124,3,5,10,2,9
18092125,2,8,7,11,1
18092126,5,6,8,3,7
18092127,7,2,11,4,3
18092128,3,9,4,10,11
18092129,4,10,6,7,9
18092130,10,4,9,1,7
18092131,10,2,9,8,5
18092132,3,6,10,1,9
18092133,7,2,9,11,5
18092134,7,1,9,4,11
18092135,9,6,5,7,2
18092136,9,11,2,8,10
18092137,7,5,3,4,6
18092138,5,7,6,1,3
18092139,11,3,2,7,1
18092140,11,3,6,7,5
18092141,4,6,5,2,11
18092142,7,10,11,5,3
18092143,11,5,2,6,10
18092144,9,5,10,8,3
18092145,2,1,5,7,11
18092146,8,1,11,2,9
18092147,3,6,11,1,10
18092148,6,4,5,11,3
18092149,10,4,8,7,1
18092150,9,2,6,3,7
18092151,4,9,10,1,6
18092152,5,1,4,3,2
18092153,2,8,4,9,6
18092154,9,4,1,2,8
18092155,1,5,9,2,4
18092156,9,3,8,1,10
18092157,1,2,8,11,5
18092158,2,5,8,4,10
18092159,10,8,6,7,5
18092160,7,1,9,5,10
18092161,2,4,9,11,8
18092162,10,3,2,1,4
18092163,9,11,1,6,4
18092164,7,11,6,1,4
18092165,5,6,3,7,1
18092166,2,5,10,4,1
18092167,1,7,2,9,6
18092168,11,5,10,6,1
18092169,8,3,2,9,5
18092170,7,6,9,4,3
18092171,7,4,11,5,6
18092172,3,4,7,5,11
18092173,5,2,9,1,4
18092174,2,5,4,11,6
18092175,3,6,11,1,2
18092176,10,9,5,7,11
18092177,7,5,8,4,11
18092178,5,4,10,2,8
18092179,8,6,2,5,4
18092180,6,2,7,1,5
18092181,6,7,1,5,8
18092201,2,6,1,10,5
18092202,2,11,7,8,9
18092203,1,10,11,4,3
18092204,8,2,9,4,1
18092205,4,2,8,5,10
18092206,7,9,1,6,2
18092207,5,2,1,6,9
18092208,9,10,1,6,11
18092209,11,1,5,10,6
18092210,3,4,6,7,5
18092211,8,2,10,7,3
18092212,2,4,9,11,3
18092213,1,5,7,9,6
18092214,3,10,9,8,4
18092215,10,8,2,5,4
18092216,4,8,3,2,1
18092217,3,1,2,8,9
18092218,9,2,3,11,4
18092219,6,8,5,2,3
18092220,6,10,4,8,2
18092221,10,5,6,3,7
18092222,4,1,5,8,10
18092223,3,4,9,8,7
18092224,10,3,2,7,4
18092225,5,10,2,3,9
18092226,2,3,10,11,6
18092227,9,10,2,4,6
18092228,4,2,9,8,7
18092229,5,7,4,6,11
18092230,3,4,11,9,10
18092231,11,1,6,10,4
18092232,7,6,5,1,3
18092233,1,11,2,3,4
18092234,1,7,10,4,6
18092235,4,8,6,2,1
18092236,6,8,5,1,3
18092237,1,8,4,5,11
18092238,1,2,7,8,3
18092239,2,4,7,11,10
18092240,2,6,8,11,1
18092241,3,9,11,4,7
18092242,11,6,4,9,7
18092243,5,4,10,3,11
18092244,7,11,5,10,8
18092245,5,1,4,10,9
18092246,1,9,10,11,3
18092247,3,8,9,4,10
18092248,7,9,10,8,4
18092249,10,11,6,8,2
18092250,1,2,3,10,7
18092251,9,3,4,1,2
18092252,1,5,8,6,2
18092253,7,2,8,4,11
18092254,4,9,11,10,2
18092255,9,11,4,6,1
18092256,5,2,3,7,4
18092257,9,7,8,3,6
18092258,1,9,3,11,8
18092259,9,2,6,8,5
18092260,5,9,10,2,7
18092261,1,10,8,5,9
18092262,2,3,10,1,9
18092263,9,2,4,11,6
18092264,5,9,2,4,1
18092265,2,10,11,9,4
18092266,10,7,11,4,2
18092267,5,10,11,1,4
18092268,7,11,4,1,3
18092269,10,9,1,2,7
18092270,10,4,7,3,9
18092271,11,3,7,6,2
18092272,10,11,2,7,3
18092273,4,1,10,6,9
18092274,10,4,6,3,1
18092275,2,1,8,5,10
18092276,4,6,3,5,8
18092277,11,2,8,3,7
18092278,1,4,8,5,10
18092279,5,3,10,7,11
18092280,5,7,4,9,11
18092281,2,9,4,11,5
18092301,7,1,5,4,11
18092302,6,2,1,4,8
18092303,6,2,7,10,5
18092304,6,4,2,10,9
18092305,3,5,2,8,11
18092306,2,8,5,11,6
18092307,11,7,4,9,10
18092308,3,4,8,9,2
18092309,3,5,2,11,1
18092310,5,3,2,7,10
18092311,2,7,5,11,8
18092312,4,10,6,3,1
18092313,8,2,7,6,9
18092314,10,8,4,1,3
18092315,5,9,1,6,3
18092316,8,4,1,5,9
18092317,8,6,2,11,3
18092318,10,3,2,1,8
18092319,5,7,2,4,3
18092320,2,9,3,7,4
18092321,9,4,11,2,8
18092322,1,3,4,8,11
18092323,8,6,10,5,7
18092324,5,1,4,11,6
18092325,7,1,2,9,8
18092326,9,3,11,5,6
18092327,7,6,8,4,9
18092328,2,3,7,5,1
18092329,5,2,11,10,7
18092330,11,6,7,9,3
18092331,11,5,10,1,9
18092332,6,5,3,1,11
18092333,9,8,2,6,1
18092334,6,4,9,10,7
18092335,9,10,7,3,6
18092336,10,6,11,1,3
18092337,5,9,4,6,1
18092338,7,4,8,11,3
18092339,7,11,3,5,4
18092340,5,11,10,2,4
18092341,7,2,3,11,4
18092342,10,2,9,6,3
18092343,9,6,11,7,1
18092344,11,7,3,1,6
18092345,2,10,1,8,11
18092346,4,11,9,7,10
18092347,6,11,5,8,4
18092348,7,4,5,11,2
18092349,3,1,11,5,10
18092350,7,11,2,8,5
18092351,7,9,1,10,5
18092352,1,4,8,9,6
18092353,3,2,6,8,5
18092354,11,10,3,7,4
18092355,2,11,7,8,9
18092356,3,11,4,10,1
18092357,10,11,4,2,1
18092358,2,5,8,6,1
18092359,11,2,9,8,7
18092360,4,1,7,8,10
18092361,10,9,1,2,6
18092362,7,9,2,11,6
18092363,4,5,3,9,11
18092364,3,4,8,2,11
18092365,7,1,8,11,6
18092366,11,3,7,1,4
18092367,7,9,2,4,6
18092368,2,9,8,11,7
18092369,3,9,2,7,5
18092370,7,5,8,3,1
18092371,4,2,7,5,11
18092372,1,3,7,10,11
18092373,6,3,2,5,9
18092374,8,4,11,3,7
18092375,3,6,9,2,4
18092376,1,5,10,2,4
18092377,6,5,2,7,11
18092378,1,3,10,6,8
18092379,6,2,4,3,5
18092380,4,2,11,6,1
18092381,3,11,5,7,8
18092401,1,4,5,11,6
18092402,1,5,7,2,10
18092403,2,1,8,6,4
18092404,4,6,10,2,9
18092405,7,11,6,3,9
18092406,3,6,2,4,7
18092407,9,8,1,3,5
18092408,3,10,2,4,1
18092409,9,5,7,10,1
18092410,8,5,1,7,6
18092411,10,7,4,6,3
18092412,4,8,10,9,11
18092413,1,8,3,7,4
18092414,1,7,6,3,2
18092415,6,7,1,2,5
18092416,10,2,5,3,1
18092417,5,8,1,11,7
18092418,10,1,9,7,2
18092419,5,10,8,1,3
18092420,11,10,2,8,4
18092421,11,8,5,3,7
18092422,3,9,10,1,7
18092423,1,3,11,6,5
18092424,10,5,1,11,7
18092425,7,8,11,9,4
18092426,9,1,10,7,3
18092427,8,9,7,3,11
18092428,1,6,2,7,10
18092429,11,1,4,7,2
18092430,8,10,5,6,2
18092431,3,4,10,6,7
18092432,11,10,7,8,9
18092433,11,9,1,6,10
18092434,8,5,6,7,10
18092435,7,5,2,10,4
18092436,8,3,9,2,1
18092437,1,4,10,11,5
18092438,10,9,3,7,4
18092439,11,10,7,8,9
18092440,1,9,7,3,10
18092441,2,10,5,6,11
18092442,7,5,9,8,11
18092443,6,5,3,7,4
18092444,5,11,10,6,7
18092445,7,1,3,10,2
18092446,3,4,8,10,6
18092447,2,9,4,8,3
18092448,2,7,8,5,10
18092449,8,6,5,7,3
18092450,4,3,7,9,11
18092451,11,4,9,1,3
18092452,1,10,2,6,7
18092453,2,11,9,1,7
18092454,5,6,4,7,1
18092455,3,6,5,8,4
18092456,2,7,4,1,5
18092457,8,4,1,9,5
18092458,3,2,5,11,7
18092459,11,6,3,9,1
18092460,5,3,6,2,10
18092461,7,5,2,1,3
18092462,7,1,4,10,6
18092463,11,2,9,5,1
18092464,7,10,6,1,9
18092465,7,10,1,11,9
18092466,2,10,3,6,8
18092467,4,10,6,1,8
18092468,5,9,2,11,10
18092469,5,6,9,7,4
18092470,11,5,3,10,7
18092471,8,7,1,3,6
18092472,11,6,8,5,3
18092473,8,5,6,7,9
18092474,4,3,10,11,6
18092475,8,7,2,6,4
18092476,2,10,6,5,7
18092477,9,1,6,7,11
18092478,10,2,4,8,6
18092479,3,9,8,2,7
18092480,5,3,4,7,8
18092481,2,8,11,1,7
18092501,6,7,4,9,8
18092502,8,5,6,9,3
18092503,6,1,3,7,11
18092504,2,7,4,9,5
18092505,8,11,5,6,9
18092506,4,5,6,9,2
18092507,11,4,5,2,1
18092508,5,8,4,2,9
18092509,9,4,1,2,3
18092510,5,4,3,11,9
18092511,10,3,11,5,2
18092512,8,2,9,5,1
18092513,9,3,11,5,8
18092514,4,1,2,7,10
18092515,2,5,3,6,1
18092516,8,4,3,1,7
18092517,6,2,9,1,7
18092518,7,5,1,2,3
18092519,11,2,9,1,7
18092520,6,2,4,7,8
18092521,10,4,11,5,3
18092522,8,3,9,11,1
18092523,1,7,8,5,2
18092524,6,2,3,11,8
18092525,11,2,7,8,10
18092526,1,5,7,6,9
18092527,2,9,10,1,4
18092528,3,10,4,11,1
18092529,10,4,5,8,3
18092530,9,7,6,1,3
18092531,5,2,9,3,8
18092532,5,11,4,6,10
18092533,1,9,2,6,4
18092534,3,1,7,6,10
18092535,6,8,2,3,1
18092536,4,6,10,11,9
18092537,6,9,3,10,7
18092538,6,1,4,2,11
18092539,4,11,8,5,6
18092540,5,1,8,10,6
18092541,9,10,1,2,5
18092542,11,10,1,9,8
18092543,5,11,4,9,3
18092544,1,3,10,6,8
18092545,1,2,5,7,9
18092546,5,8,9,10,11
18092547,3,1,6,2,10
18092548,1,2,5,3,4
18092549,7,8,5,2,4
18092550,9,3,2,11,4
18092551,8,9,11,3,10
18092552,2,9,8,5,6
18092553,2,11,6,5,9
18092554,2,5,8,3,4
18092555,1,2,11,8,3
18092556,8,4,5,11,6
18092557,11,10,7,1,9
18092558,7,5,10,2,4
18092559,10,5,9,6,2
18092560,1,5,8,7,4
18092561,2,10,3,1,7
18092562,11,6,1,8,3
18092563,8,9,5,1,3
18092564,3,10,5,8,1
18092565,6,8,9,2,11
18092566,9,5,3,6,1
18092567,9,3,10,7,4
18092568,4,1,9,2,10
18092569,10,7,8,3,1
18092570,3,11,7,6,10
18092571,8,1,10,11,6
18092572,8,11,5,3,9
18092573,10,3,8,6,2
18092574,2,7,8,3,6
18092575,10,6,2,8,1
18092576,8,9,11,1,4
18092577,3,10,8,2,11
18092578,1,7,8,2,5
18092579,2,11,5,6,3
18092580,9,6,10,5,2
18092581,10,5,3,11,7
18092601,4,5,2,7,8
18092602,8,5,10,7,6
18092603,5,9,1,2,7
18092604,6,8,4,3,11
18092605,7,2,4,11,8
18092606,5,1,11,3,10
18092607,2,1,3,11,5
18092608,10,4,7,5,8
18092609,3,6,7,5,4
18092610,8,5,3,7,9
18092611,6,5,9,10,3
18092612,7,3,10,6,5
18092613,1,3,7,11,6
18092614,11,7,6,9,8
18092615,1,11,2,9,5
18092616,1,11,3,2,4
18092617,4,8,7,11,6
18092618,1,2,8,9,3
18092619,1,3,4,8,6
18092620,6,9,3,11,7
18092621,4,7,3,2,5
18092622,1,7,4,8,2
18092623,7,4,8,1,5
18092624,11,8,7,4,9
18092625,3,1,8,7,11
18092626,6,5,3,8,4
18092627,3,8,11,7,9
18092628,8,10,2,6,4
18092629,5,9,2,7,10
18092630,11,10,3,5,1
18092631,9,10,5,1,2
18092632,7,3,10,2,9
18092633,7,3,9,1,10
18092634,4,6,7,1,10
18092635,11,8,4,1,6
18092636,2,11,6,7,1
18092637,1,9,2,11,8
18092638,10,6,7,4,9
18092639,11,10,2,6,5
18092640,7,6,9,10,2
18092641,2,3,6,1,4
18092642,3,1,6,9,7
18092643,5,6,10,11,3
18092644,7,3,8,6,4
18092645,7,4,11,2,8
18092646,5,11,8,6,7
18092647,10,7,9,1,4
18092648,9,6,3,10,11
18092649,1,6,10,5,11
18092650,2,7,1,10,5
18092651,7,5,2,11,1
18092652,11,6,1,3,9
18092653,10,8,11,6,7
18092654,6,10,2,9,5
18092655,11,10,4,5,9
18092656,5,1,7,3,6
18092657,4,7,9,1,8
18092658,5,11,6,9,7
18092659,5,11,6,10,2
18092660,4,1,5,6,3
18092661,5,3,2,4,8
18092662,4,6,1,10,3
18092663,11,8,4,5,10
18092664,4,8,11,2,9
18092665,9,10,6,3,1
18092666,5,6,9,8,4
18092667,7,9,3,5,1
18092668,2,7,3,6,1
18092669,11,9,5,8,10
18092670,4,3,2,9,10
18092671,7,5,4,3,2
18092672,4,9,5,2,8
18092673,10,8,9,1,4
18092674,1,8,5,10,3
18092675,8,11,9,2,4
18092676,3,5,7,8,11
18092677,11,6,4,8,9
18092678,5,4,9,7,3
18092679,3,10,11,1,2
18092680,8,11,9,3,6
18092681,5,10,1,6,3
18092701,3,6,11,1,7
18092702,1,7,9,10,2
18092703,8,5,2,10,7
18092704,6,4,8,7,11
18092705,4,2,9,1,8
18092706,2,11,6,8,4
18092707,7,4,1,6,9
18092708,7,10,11,5,6
18092709,1,3,2,10,11
18092710,1,9,7,2,10
18092711,4,5,11,3,10
18092712,5,1,8,2,11
18092713,10,6,4,9,8
18092714,1,7,4,8,2
18092715,8,9,3,6,2
18092716,8,10,3,7,4
18092717,3,8,1,6,7
18092718,3,5,1,10,8
18092719,11,3,1,8,9
18092720,7,2,11,9,3
18092721,5,1,10,4,7
18092722,8,1,2,10,9
18092723,9,2,7,1,10
18092724,5,3,7,8,11
18092725,6,10,3,5,9
18092726,2,1,7,10,8
18092727,2,7,8,6,1
18092728,11,6,8,2,10
18092729,7,6,2,9,5
18092730,10,8,7,2,11
18092731,9,10,4,1,11
18092732,11,8,1,2,6
18092733,7,2,1,9,6
18092734,11,8,4,7,1
18092735,10,1,2,11,7
18092736,7,10,5,3,9
18092737,7,5,8,4,1
18092738,11,2,3,8,1
18092739,6,4,1,11,9
18092740,6,10,2,8,9
18092741,10,9,3,6,11
18092742,6,5,4,10,1
18092743,6,10,9,4,2
18092744,2,11,5,4,6
18092745,1,8,5,2,7
18092746,11,10,7,2,8
18092747,9,2,11,6,1
18092748,6,1,10,8,7
18092749,1,2,9,8,3
18092750,3,4,9,5,7
18092751,1,7,5,9,2
18092752,3,8,5,2,6
18092753,1,5,9,7,8
18092754,11,9,6,5,10
18092755,10,9,7,5,2
18092756,2,3,11,4,9
18092757,7,1,10,8,2
18092758,8,5,1,6,10
18092759,8,5,9,11,2
18092760,11,5,10,3,6
18092761,4,10,5,6,2
18092762,10,4,11,8,1
18092763,10,2,1,5,4
18092764,8,7,1,6,11
18092765,10,6,2,9,4
18092766,6,8,11,9,5
18092767,4,5,10,2,3
18092768,5,6,8,4,10
18092769,5,10,8,1,2
18092770,1,3,9,5,8
18092771,6,1,8,11,9
18092772,5,7,2,8,4
18092773,9,11,1,10,6
18092774,3,10,1,2,5
18092775,2,8,1,6,11
18092776,10,9,1,3,6
18092777,5,4,7,10,8
18092778,2,3,8,6,4
18092779,7,5,1,2,11
18092780,4,8,1,3,2
18092781,10,11,6,9,4
18092801,11,6,10,3,5
18092802,2,6,11,9,5
18092803,3,10,9,4,8
18092804,7,8,10,2,4
18092805,11,4,8,3,6
18092806,10,2,11,4,5
18092807,6,7,1,10,9
18092808,4,2,7,5,3
18092809,5,7,6,1,10
18092810,8,1,7,10,6
18092811,2,3,1,4,11
18092812,7,5,2,8,6
18092813,3,7,5,11,9
18092814,1,6,10,9,8
18092815,4,5,10,8,9
18092816,2,4,6,11,1
18092817,9,11,5,7,3
18092818,4,9,1,7,6
18092819,7,10,1,2,4
18092820,5,9,6,7,3
18092821,6,10,1,3,2
18092822,6,3,7,11,10
18092823,5,9,4,1,2
18092824,5,9,11,4,3
18092825,2,3,11,4,8
18092826,8,7,10,3,5
18092827,7,2,4,1,3
18092828,1,10,9,11,4
18092829,9,2,7,11,4
18092830,9,1,11,3,8
18092831,3,7,5,2,9
18092832,9,11,7,4,6
18092833,5,6,2,3,8
18092834,8,2,6,4,10
18092835,9,3,5,11,10
18092836,4,3,11,10,5
18092837,8,4,7,11,9
18092838,1,11,9,5,6
18092839,3,2,9,1,11
18092840,11,2,3,4,8
18092841,4,8,9,7,6
18092842,1,6,5,9,11
18092843,11,1,9,10,7
18092844,3,6,10,7,4
18092845,7,3,11,1,5
18092846,6,11,5,7,3
18092847,9,2,3,10,8
18092848,2,8,4,6,1
18092849,6,2,5,8,4
18092850,1,5,2,4,6
18092851,3,7,5,9,4
18092852,1,4,6,11,3
18092853,9,7,2,6,5
18092854,9,8,11,6,5
18092855,3,4,7,10,2
18092856,5,9,8,4,2
18092857,4,2,10,9,1
18092858,9,1,8,7,11
18092859,10,4,6,1,5
18092860,1,4,3,5,8
18092861,7,4,3,2,8
18092862,6,8,5,7,11
18092863,4,3,10,9,2
18092864,5,9,3,11,8
18092865,9,7,1,8,11
18092866,6,10,5,3,11
18092867,6,3,9,4,11
18092868,11,1,6,9,10
18092869,1,8,7,2,11
18092870,3,5,9,6,8
18092871,1,9,8,5,7
18092872,8,6,9,4,10
18092873,3,11,5,9,4
18092874,9,10,5,8,7
18092875,7,4,2,11,8
18092876,5,8,11,6,10
18092877,1,3,7,5,11
18092878,4,6,2,10,11
18092879,8,3,9,7,6
18092880,8,7,1,6,9
18092881,1,4,9,2,8
18092901,2,4,8,5,1
18092902,5,3,10,6,4
18092903,7,11,3,4,6
18092904,11,3,4,5,10
18092905,1,2,9,8,5
18092906,7,5,3,11,10
18092907,8,5,2,3,6
18092908,8,5,11,4,6
18092909,11,8,5,3,7
18092910,4,9,1,2,10
18092911,5,10,7,8,6
18092912,11,6,7,3,9
18092913,6,10,5,9,4
18092914,7,3,1,2,8
18092915,3,5,7,11,6
18092916,7,3,2,6,5
18092917,8,2,3,5,6
18092918,7,1,8,4,9
18092919,6,10,11,5,7
18092920,11,1,5,9,2
18092921,9,4,1,2,7
18092922,1,9,10,11,8
18092923,4,1,3,5,11
18092924,2,7,11,1,3
18092925,7,11,10,9,6
18092926,8,10,7,6,5
18092927,3,5,6,4,8
18092928,7,6,5,11,4
18092929,8,4,2,7,3
18092930,9,4,5,3,1
18092931,5,11,1,10,6
18092932,4,2,11,7,9
18092933,11,2,5,9,3
18092934,4,3,6,9,10
18092935,8,4,2,9,11
18092936,1,6,10,2,5
18092937,4,5,6,7,2
18092938,5,3,10,2,9
18092939,3,6,5,2,10
18092940,1,8,7,4,11
18092941,9,11,5,1,10
18092942,10,4,8,11,2
18092943,8,4,3,7,1
18092944,1,9,10,2,11
18092945,2,9,6,1,10
18092946,9,2,10,8,4
18092947,11,1,7,5,9
18092948,4,11,2,6,9
18092949,10,9,6,4,5
18092950,4,8,9,3,11
18092951,8,2,1,3,10
18092952,3,6,8,7,11
18092953,7,9,4,1,5
18092954,11,3,10,8,2
18092955,1,11,5,9,2
18092956,10,6,8,9,4
18092957,6,9,7,8,1
18092958,7,9,5,1,11
18092959,11,1,6,5,7
18092960,3,9,2,4,10
18092961,1,6,9,10,5
18092962,9,5,6,4,2
18092963,6,5,10,4,3
18092964,2,5,9,4,11
18092965,6,9,2,1,5
18092966,6,3,5,2,7
18092967,10,11,1,3,7
18092968,4,6,10,11,3
18092969,9,5,4,10,11
18092970,10,2,6,9,3
18092971,2,5,1,9,8
18092972,2,4,8,11,6
18092973,5,3,1,4,7
18092974,5,4,7,8,2
18092975,8,6,3,4,7
18092976,11,3,2,1,4
18092977,10,8,4,11,2
18092978,7,1,4,3,8
18092979,3,11,1,7,5
18092980,5,3,6,10,8
18092981,1,5,2,10,8
18093001,9,10,2,3,5
18093002,10,2,6,11,5
18093003,9,10,8,3,6
18093004,10,9,2,6,8
18093005,6,11,5,10,8
18093006,9,4,2,10,8
18093007,11,2,8,4,1
18093008,4,3,2,10,5
18093009,7,8,10,6,9
18093010,4,7,9,11,10
18093011,11,1,7,2,5
18093012,4,3,1,8,10
18093013,7,3,6,9,1
18093014,10,7,4,8,1
18093015,2,11,7,6,3
18093016,9,3,4,11,8
18093017,1,7,8,2,6
18093018,1,6,10,8,7
18093019,10,8,4,1,9
18093020,10,3,1,4,5
18093021,4,11,1,3,7
18093022,11,4,5,10,9
18093023,3,1,8,11,5
18093024,2,6,1,8,7
18093025,10,6,11,5,2
18093026,2,6,5,11,3
18093027,11,6,4,10,2
18093028,5,4,6,9,3
18093029,5,4,10,6,11
18093030,1,9,5,2,4
18093031,9,6,3,7,1
18093032,4,7,8,9,6
18093033,1,9,6,4,3
18093034,10,9,8,4,3
18093035,2,8,4,11,5
18093036,8,10,7,2,6
18093037,10,1,2,9,6
18093038,1,2,7,4,11
18093039,10,4,1,5,11
18093040,6,4,2,3,8
18093041,5,1,7,10,2
18093042,7,10,2,3,11
18093043,9,8,11,3,4
18093044,11,9,4,3,1
18093045,9,5,2,11,7
18093046,3,5,11,2,9
18093047,6,10,2,11,3
18093048,2,8,7,5,1
18093049,10,6,1,9,2
18093050,2,9,1,5,8
18093051,4,1,3,11,7
18093052,6,9,8,4,3
18093053,10,11,5,7,3
18093054,10,6,2,3,4
18093055,9,10,2,11,1
18093056,6,7,3,4,5
18093057,5,9,3,10,1
18093058,2,9,5,1,10
18093059,6,10,4,2,5
18093060,4,6,5,3,9
18093061,3,7,11,10,9
18093062,7,6,4,8,2
18093063,4,10,1,7,6
18093064,4,3,9,10,5
18093065,10,1,8,4,5
18093066,11,9,4,2,10
18093067,5,7,6,8,10
18093068,10,2,1,4,6
18093069,10,8,3,11,5
18093070,2,3,9,7,4
18093071,4,2,6,9,11
18093072,5,10,9,7,3
18093073,2,3,1,7,9
18093074,2,6,8,7,1
18093075,4,8,2,10,9
18093076,8,6,3,10,1
18093077,3,4,7,2,1
18093078,6,8,9,10,1
18093079,3,9,6,5,11
18093080,7,3,10,8,11
18093081,10,4,6,5,2
