18080101,9,3,2,10,1
18080102,6,3,10,5,7
18080103,10,11,1,2,8
18080104,11,10,3,4,7
18080105,11,4,6,1,10
18080106,4,7,1,6,8
18080107,7,11,2,6,3
18080108,6,11,1,10,9
18080109,1,2,8,5,7
18080110,10,6,1,2,8
18080111,1,10,6,11,4
18080112,11,6,9,10,1
18080113,2,7,9,5,4
18080114,1,7,11,8,3
18080115,6,7,2,10,1
18080116,6,10,7,11,5
18080117,8,5,11,1,10
18080118,2,6,3,9,1
18080119,6,1,7,5,10
18080120,2,4,7,3,6
18080121,9,10,4,5,3
18080122,9,6,11,5,3
18080123,11,1,6,8,7
18080124,1,4,5,9,10
18080125,4,3,11,5,1
18080126,4,11,5,1,7
18080127,6,10,1,9,5
18080128,5,11,7,10,1
18080129,5,7,1,6,10
18080130,8,10,6,1,5
18080131,4,6,9,10,2
18080132,4,8,7,5,11
18080133,8,2,10,5,9
18080134,7,10,11,6,4
18080135,10,3,4,9,5
18080136,7,5,2,6,3
18080137,6,5,8,11,3
18080138,1,6,11,2,10
18080139,4,7,8,2,6
18080140,8,11,3,2,5
18080141,10,8,9,7,11
18080142,2,9,5,6,10
18080143,1,5,11,6,2
18080144,5,2,9,8,4
18080145,1,3,8,6,10
18080146,1,10,11,6,2
18080147,11,2,7,9,10
18080148,1,8,7,10,6
18080149,6,9,5,11,2
18080150,5,11,6,9,8
18080151,1,4,5,8,6
18080152,1,2,5,10,11
18080153,3,10,2,7,5
18080154,9,3,2,6,8
18080155,10,9,3,7,4
18080156,6,4,3,7,9
18080157,7,9,2,11,1
18080158,3,1,8,7,6
18080159,11,8,6,1,4
18080160,1,8,5,4,6
18080161,3,10,1,9,11
18080162,3,7,4,6,8
18080163,10,6,1,2,5
18080164,3,6,1,8,2
18080165,11,3,8,1,6
18080166,5,4,7,9,8
18080167,2,1,9,4,10
18080168,11,7,10,2,1
18080169,1,10,9,7,2
18080170,2,1,11,10,8
18080171,7,5,8,2,1
18080172,1,8,9,2,3
18080173,10,8,4,9,11
18080174,1,8,2,5,3
18080175,1,2,5,8,3
18080176,7,6,8,1,3
18080177,7,5,11,4,10
18080178,1,7,2,9,3
18080179,7,9,4,3,8
18080180,5,6,10,11,9
18080181,5,11,3,8,7
18080201,2,10,1,7,5
18080202,4,1,9,8,7
18080203,3,4,10,11,5
18080204,5,3,2,11,8
18080205,1,4,9,11,8
18080206,11,7,9,5,1
18080207,6,5,11,7,8
18080208,1,3,9,8,6
18080209,7,4,5,9,6
18080210,10,9,2,5,8
18080211,2,8,9,6,1
18080212,7,11,3,6,1
18080213,6,7,4,10,3
18080214,8,4,7,9,6
18080215,5,10,8,4,1
18080216,11,10,6,4,8
18080217,3,5,9,7,8
18080218,1,5,10,6,7
18080219,3,4,10,5,6
18080220,11,3,9,4,6
18080221,9,10,5,6,3
18080222,6,10,4,3,7
18080223,8,6,5,1,9
18080224,7,5,2,6,8
18080225,6,2,9,3,7
18080226,5,6,2,9,3
18080227,2,1,6,4,3
18080228,11,5,1,3,6
18080229,9,7,8,10,3
18080230,5,3,6,10,8
18080231,10,2,1,7,5
18080232,8,5,10,11,6
18080233,6,8,3,9,7
18080234,6,3,11,8,4
18080235,9,7,1,6,8
18080236,10,1,5,2,9
18080237,4,5,10,8,11
18080238,11,1,10,5,3
18080239,3,2,10,4,8
18080240,8,2,11,4,3
18080241,10,4,11,1,5
18080242,1,2,9,4,6
18080243,3,5,11,9,10
18080244,5,4,3,9,10
18080245,6,5,3,8,7
18080246,10,1,11,5,4
18080247,7,8,4,10,3
18080248,5,4,10,1,2
18080249,8,2,5,9,11
18080250,10,2,1,5,8
18080251,9,6,10,7,2
18080252,10,2,7,5,9
18080253,3,8,2,9,10
18080254,4,10,9,8,2
18080255,1,5,3,6,4
18080256,4,7,11,9,1
18080257,8,1,5,7,11
18080258,1,3,7,4,10
18080259,3,6,5,11,10
18080260,2,10,7,4,11
18080261,1,11,5,3,6
18080262,9,10,8,11,5
18080263,1,2,7,4,3
18080264,5,11,7,6,9
18080265,11,4,2,8,3
18080266,3,4,5,11,10
18080267,1,4,11,6,10
18080268,6,1,7,8,3
18080269,9,10,11,7,3
18080270,5,1,6,4,3
18080271,1,9,7,4,10
18080272,4,10,7,6,11
18080273,11,10,2,7,6
18080274,8,2,1,9,6
18080275,5,3,6,11,7
18080276,9,10,4,11,6
18080277,2,10,11,8,9
18080278,4,5,8,10,2
18080279,11,5,8,3,9
18080280,4,10,11,1,6
18080281,2,5,7,4,3
18080301,10,11,3,5,8
18080302,4,3,6,11,9
18080303,3,11,4,1,7
18080304,4,5,6,2,1
18080305,11,9,2,10,1
18080306,7,11,3,2,4
18080307,2,3,4,6,8
18080308,1,11,6,10,2
18080309,5,1,7,9,3
18080310,6,10,11,7,9
18080311,4,8,6,11,2
18080312,10,1,9,5,2
18080313,6,8,4,9,11
18080314,4,6,1,3,9
18080315,10,3,4,6,1
18080316,5,8,4,6,10
18080317,8,1,10,5,4
18080318,4,8,11,6,9
18080319,9,4,2,5,6
18080320,7,1,2,6,9
18080321,10,2,7,8,9
18080322,7,11,9,6,1
18080323,8,6,4,1,9
18080324,9,1,10,7,4
18080325,1,10,9,6,4
18080326,10,1,8,5,9
18080327,6,11,10,3,7
18080328,2,4,5,6,3
18080329,2,1,9,4,6
18080330,8,2,3,11,1
18080331,4,5,9,10,1
18080332,8,9,5,2,6
18080333,9,11,5,3,2
18080334,6,11,10,8,9
18080335,6,2,4,7,10
18080336,3,11,10,8,4
18080337,6,5,11,9,10
18080338,9,4,6,3,10
18080339,9,3,2,7,11
18080340,6,5,9,4,1
18080341,8,3,11,10,9
18080342,2,4,8,5,1
18080343,4,1,2,9,8
18080344,10,9,11,6,8
18080345,11,5,8,2,6
18080346,7,8,3,1,10
18080347,6,9,1,8,2
18080348,3,7,11,8,9
18080349,4,10,3,6,1
18080350,5,8,9,6,2
18080351,5,9,6,1,3
18080352,2,3,9,7,10
18080353,6,8,7,5,1
18080354,1,10,8,4,5
18080355,8,6,1,4,11
18080356,5,6,11,3,7
18080357,6,4,1,7,9
18080358,6,11,7,10,9
18080359,8,6,4,2,9
18080360,3,5,8,10,1
18080361,3,9,4,8,10
18080362,3,7,5,6,2
18080363,2,5,1,3,10
18080364,11,1,2,5,7
18080365,1,5,4,7,11
18080366,4,5,1,9,6
18080367,5,7,2,4,1
18080368,3,11,10,8,2
18080369,4,3,10,11,1
18080370,2,3,11,9,4
18080371,9,2,7,4,8
18080372,6,1,9,4,5
18080373,6,10,9,3,2
18080374,7,5,9,4,2
18080375,11,4,1,6,9
18080376,10,2,5,9,1
18080377,2,6,10,11,4
18080378,11,10,3,9,7
18080379,10,9,1,5,7
18080380,6,1,3,11,2
18080381,11,4,3,10,1
18080401,7,4,5,2,3
18080402,8,5,10,7,11
18080403,8,7,9,6,11
18080404,2,4,11,3,7
18080405,5,1,3,9,6
18080406,8,7,6,4,10
18080407,1,8,5,6,9
18080408,3,4,9,10,1
18080409,3,1,10,8,11
18080410,9,10,2,7,5
18080411,9,1,2,6,5
18080412,9,8,10,7,5
18080413,11,7,10,9,6
18080414,6,5,8,1,4
18080415,9,8,5,6,7
18080416,5,8,7,6,2
18080417,10,7,1,5,11
18080418,4,2,11,3,1
18080419,7,1,11,3,8
18080420,7,9,11,4,8
18080421,5,7,8,10,9
18080422,4,6,10,9,5
18080423,5,8,3,7,11
18080424,3,1,10,5,2
18080425,9,3,2,10,11
18080426,11,1,6,5,4
18080427,6,3,7,1,11
18080428,4,1,10,9,6
18080429,5,8,3,1,11
18080430,7,11,2,9,8
18080431,11,9,4,6,3
18080432,11,1,4,9,6
18080433,3,5,10,9,6
18080434,9,6,11,5,4
18080435,5,2,9,7,4
18080436,5,3,11,7,1
18080437,3,1,7,4,11
18080438,6,2,10,4,11
18080439,3,11,8,7,5
18080440,4,5,11,10,1
18080441,10,9,2,3,8
18080442,5,3,9,2,8
18080443,4,1,5,10,8
18080444,10,5,6,1,4
18080445,11,9,2,4,5
18080446,2,6,5,3,4
18080447,1,5,7,10,3
18080448,9,6,3,7,5
18080449,5,2,3,6,11
18080450,3,5,1,10,9
18080451,11,4,5,6,9
18080452,9,10,8,2,5
18080453,9,3,6,1,8
18080454,4,6,10,2,8
18080455,9,3,8,6,1
18080456,7,9,4,10,2
18080457,11,7,10,2,5
18080458,2,7,4,3,1
18080459,11,3,2,7,6
18080460,7,10,5,8,11
18080461,9,6,4,8,10
18080462,7,4,1,2,8
18080463,9,6,11,3,7
18080464,9,4,10,11,2
18080465,7,9,11,2,6
18080466,6,7,5,8,1
18080467,4,9,11,10,6
18080468,7,1,8,5,2
18080469,5,4,1,3,11
18080470,11,5,9,1,8
18080471,9,4,10,5,7
18080472,6,5,11,10,4
18080473,8,2,11,5,10
18080474,3,11,1,8,6
18080475,6,8,3,10,7
18080476,7,5,3,1,9
18080477,4,11,7,3,8
18080478,4,11,1,7,6
18080479,9,5,1,8,7
18080480,8,11,1,5,6
18080481,7,11,4,10,8
18080501,10,6,9,2,7
18080502,10,4,8,11,5
18080503,1,9,4,7,11
18080504,2,4,6,1,8
18080505,10,2,1,9,8
18080506,11,2,1,9,7
18080507,5,7,11,3,4
18080508,2,11,3,9,4
18080509,5,11,4,1,8
18080510,11,4,6,10,9
18080511,8,7,9,3,5
18080512,4,11,3,7,9
18080513,9,5,2,1,6
18080514,10,2,9,6,5
18080515,11,2,5,3,6
18080516,5,1,11,3,10
18080517,7,9,6,4,1
18080518,3,1,10,2,5
18080519,7,3,11,6,1
18080520,6,8,4,3,11
18080521,11,10,1,5,9
18080522,3,5,8,7,10
18080523,8,11,5,4,7
18080524,11,1,6,5,10
18080525,3,10,1,7,4
18080526,3,5,2,10,9
18080527,7,10,5,4,1
18080528,1,7,8,9,11
18080529,3,2,1,4,7
18080530,7,8,9,4,10
18080531,1,2,4,11,10
18080532,7,11,3,10,1
18080533,6,2,4,3,5
18080534,6,1,10,11,9
18080535,1,2,11,3,4
18080536,4,5,2,3,10
18080537,6,1,11,4,8
18080538,5,1,11,9,7
18080539,10,2,3,1,7
18080540,6,4,9,5,3
18080541,2,7,5,9,1
18080542,4,9,2,8,6
18080543,11,7,10,6,4
18080544,4,8,11,2,10
18080545,4,6,9,10,7
18080546,9,1,2,3,6
18080547,5,10,4,8,2
18080548,6,10,11,8,4
18080549,2,3,6,5,8
18080550,5,11,4,7,9
18080551,3,9,11,5,4
18080552,3,7,1,10,8
18080553,9,1,4,11,7
18080554,6,2,10,9,7
18080555,4,5,7,11,3
18080556,4,10,6,3,7
18080557,6,10,7,8,9
18080558,11,2,4,9,7
18080559,7,11,10,5,6
18080560,8,9,3,10,2
18080561,3,9,5,4,1
18080562,7,5,1,11,9
18080563,6,3,4,5,2
18080564,7,3,1,4,8
18080565,3,8,4,7,10
18080566,10,5,6,9,7
18080567,11,8,2,3,10
18080568,11,9,2,5,8
18080569,9,2,5,11,10
18080570,8,3,5,2,9
18080571,2,5,4,3,8
18080572,4,9,10,6,2
18080573,11,6,7,8,3
18080574,5,10,4,2,3
18080575,6,7,9,8,5
18080576,7,8,10,11,1
18080577,4,2,10,5,7
18080578,1,9,7,2,3
18080579,5,9,2,6,4
18080580,11,3,1,8,7
18080581,8,5,3,9,1
18080601,7,11,5,8,3
18080602,6,5,8,7,9
18080603,7,6,11,9,2
18080604,8,5,2,3,1
18080605,9,10,11,1,4
18080606,7,9,6,10,11
18080607,5,10,8,11,6
18080608,4,3,5,8,6
18080609,5,2,1,7,4
18080610,10,9,7,1,5
18080611,9,6,1,8,4
18080612,3,4,8,1,11
18080613,2,8,3,4,1
18080614,11,9,5,7,3
18080615,7,10,9,3,5
18080616,3,5,9,8,7
18080617,2,3,5,10,9
18080618,5,2,11,10,8
18080619,9,6,3,1,5
18080620,9,8,10,2,7
18080621,5,8,2,10,4
18080622,8,7,9,1,10
18080623,3,6,8,11,7
18080624,2,4,5,3,10
18080625,1,4,7,10,8
18080626,8,6,3,7,11
18080627,1,2,6,3,9
18080628,8,9,2,4,6
18080629,8,6,5,11,2
18080630,6,11,5,4,9
18080631,5,9,6,1,3
18080632,9,3,1,7,5
18080633,11,1,10,5,3
18080634,3,2,9,11,8
18080635,4,3,10,1,11
18080636,9,4,3,8,7
18080637,8,4,7,9,1
18080638,2,6,8,4,1
18080639,10,4,11,9,2
18080640,9,2,4,7,8
18080641,4,9,8,3,2
18080642,6,8,1,11,5
18080643,10,9,2,11,7
18080644,5,2,7,8,11
18080645,3,10,4,7,6
18080646,2,3,1,4,8
18080647,6,10,8,4,11
18080648,9,3,10,8,6
18080649,5,9,4,7,6
18080650,8,7,4,11,1
18080651,5,2,11,1,8
18080652,5,8,7,6,3
18080653,5,9,11,3,8
18080654,11,4,1,5,9
18080655,11,8,7,1,9
18080656,5,3,10,8,11
18080657,5,11,8,9,7
18080658,2,10,11,6,1
18080659,7,6,5,9,10
18080660,1,9,5,10,4
18080661,2,5,8,4,1
18080662,1,7,3,8,9
18080663,8,3,10,7,11
18080664,10,6,5,3,1
18080665,4,2,11,5,8
18080666,9,11,2,3,10
18080667,5,4,7,2,6
18080668,11,10,9,4,6
18080669,1,6,7,3,2
18080670,10,3,8,1,2
18080671,9,5,8,7,3
18080672,9,5,8,10,11
18080673,11,2,1,9,3
18080674,6,11,2,10,9
18080675,3,1,2,7,5
18080676,1,2,7,8,3
18080677,1,5,3,8,11
18080678,11,3,6,8,9
18080679,8,4,3,7,6
18080680,7,2,1,3,11
18080681,3,11,9,2,10
18080701,5,3,4,2,7
18080702,8,1,3,4,11
18080703,10,4,5,9,1
18080704,1,4,8,9,11
18080705,4,9,8,11,3
18080706,3,4,11,8,10
18080707,8,11,10,4,1
18080708,10,6,7,8,1
18080709,6,7,5,3,10
18080710,5,11,3,10,6
18080711,5,3,2,7,9
18080712,10,3,8,11,7
18080713,10,11,4,5,7
18080714,4,7,8,6,3
18080715,9,5,6,1,10
18080716,10,1,4,7,8
18080717,1,9,11,3,7
18080718,1,8,9,11,2
18080719,6,2,4,7,10
18080720,3,8,7,10,2
18080721,11,10,9,6,5
18080722,7,8,10,11,6
18080723,6,9,11,4,7
18080724,9,10,7,4,11
18080725,3,4,9,11,10
18080726,1,5,11,8,6
18080727,8,10,11,7,4
18080728,7,11,4,2,8
18080729,11,4,7,3,8
18080730,9,6,8,4,10
18080731,11,3,2,1,6
18080732,10,7,3,2,5
18080733,3,9,5,4,7
18080734,11,8,10,4,9
18080735,7,11,8,9,2
18080736,11,4,6,9,10
18080737,3,1,7,6,11
18080738,6,9,5,11,7
18080739,3,2,5,7,10
18080740,5,9,10,4,2
18080741,5,1,9,7,4
18080742,1,5,4,6,10
18080743,7,4,1,2,5
18080744,10,5,3,11,8
18080745,8,10,7,1,9
18080746,10,6,11,3,2
18080747,6,4,1,10,5
18080748,4,9,7,6,5
18080749,5,8,7,11,3
18080750,11,2,7,10,4
18080751,3,11,2,7,1
18080752,11,8,6,3,10
18080753,3,9,11,8,1
18080754,9,3,1,7,2
18080755,7,3,8,4,11
18080756,3,9,2,1,7
18080757,5,7,8,2,10
18080758,8,7,11,10,3
18080759,9,6,3,8,7
18080760,7,1,11,5,3
18080761,5,4,11,6,9
18080762,3,10,8,6,1
18080763,9,3,1,2,7
18080764,5,2,9,7,8
18080765,6,11,1,10,4
18080766,2,11,3,10,1
18080767,11,2,10,1,6
18080768,5,10,1,3,4
18080769,9,4,2,1,10
18080770,8,5,9,6,1
18080771,11,3,7,6,1
18080772,7,5,11,1,3
18080773,4,11,2,9,7
18080774,7,1,2,8,5
18080775,4,1,3,6,10
18080776,1,10,11,3,4
18080777,6,8,1,10,3
18080778,1,5,8,3,11
18080779,6,9,3,5,10
18080780,3,4,10,6,1
18080781,5,7,11,1,10
18080801,6,8,3,1,5
18080802,10,11,6,2,4
18080803,4,9,8,10,1
18080804,5,4,2,11,7
18080805,1,4,9,6,10
18080806,10,11,1,3,5
18080807,4,11,3,5,7
18080808,10,6,8,2,9
18080809,3,11,7,5,2
18080810,5,11,10,4,7
18080811,9,4,2,1,7
18080812,11,6,10,9,2
18080813,9,6,8,11,5
18080814,5,8,9,10,3
18080815,11,10,4,3,9
18080816,10,11,7,4,9
18080817,8,10,11,3,4
18080818,6,1,5,8,9
18080819,1,11,3,6,4
18080820,3,4,2,11,1
18080821,6,10,4,8,2
18080822,6,9,4,1,11
18080823,3,11,1,9,7
18080824,7,10,5,4,8
18080825,2,3,11,1,8
18080826,10,6,9,1,5
18080827,2,3,9,1,6
18080828,11,4,5,7,3
18080829,6,5,10,9,7
18080830,2,1,6,4,8
18080831,3,9,7,5,6
18080832,7,11,9,1,6
18080833,9,6,7,5,3
18080834,2,1,6,8,9
18080835,3,2,1,8,9
18080836,8,7,11,4,1
18080837,7,8,11,5,1
18080838,9,10,2,4,5
18080839,2,6,1,5,7
18080840,1,10,4,5,9
18080841,10,5,2,4,6
18080842,7,2,8,9,11
18080843,2,7,1,4,10
18080844,5,7,2,6,9
18080845,7,10,4,6,9
18080846,9,8,6,1,3
18080847,1,6,10,5,2
18080848,7,2,1,8,10
18080849,8,7,6,10,5
18080850,3,11,1,2,4
18080851,8,11,1,5,4
18080852,3,8,7,2,11
18080853,11,5,2,4,6
18080854,1,3,4,2,5
18080855,3,7,1,6,11
18080856,10,3,9,2,7
18080857,11,10,2,9,1
18080858,2,7,11,9,10
18080859,5,2,4,3,7
18080860,2,7,1,8,10
18080861,3,1,9,2,7
18080862,5,10,11,2,7
18080863,7,11,2,6,4
18080864,2,3,11,5,1
18080865,8,6,3,2,1
18080866,3,7,6,10,4
18080867,1,7,2,3,11
18080868,11,5,10,8,2
18080869,2,6,11,3,8
18080870,2,8,4,1,6
18080871,9,11,1,5,8
18080872,2,10,7,8,6
18080873,4,7,9,10,3
18080874,1,5,4,2,3
18080875,1,9,11,4,10
18080876,10,9,7,8,1
18080877,6,7,5,3,9
18080878,4,6,10,2,11
18080879,10,8,3,7,2
18080880,10,1,2,5,3
18080881,3,8,4,6,1
18080901,11,8,2,5,7
18080902,10,8,3,5,9
18080903,9,7,5,11,8
18080904,11,6,10,1,5
18080905,11,5,9,8,4
18080906,5,2,8,10,6
18080907,11,1,7,3,2
18080908,1,9,5,8,3
18080909,7,3,1,4,5
18080910,9,7,1,10,11
18080911,4,3,5,10,9
18080912,1,10,7,5,4
18080913,4,5,1,2,9
18080914,10,7,11,5,8
18080915,5,4,7,2,6
18080916,8,10,9,4,6
18080917,5,2,6,8,10
18080918,5,7,10,2,3
18080919,4,7,5,3,8
18080920,4,11,8,9,7
18080921,9,10,4,7,2
18080922,7,9,1,3,8
18080923,11,7,6,1,9
18080924,6,11,3,5,9
18080925,7,11,5,8,9
18080926,1,4,3,9,2
18080927,4,7,1,6,9
18080928,4,5,6,2,10
18080929,11,1,6,7,3
18080930,3,6,4,1,5
18080931,7,10,5,11,2
18080932,2,1,9,5,11
18080933,1,3,10,4,2
18080934,1,8,10,5,11
18080935,9,7,1,6,2
18080936,2,1,9,3,10
18080937,11,3,2,9,6
18080938,11,5,9,3,1
18080939,7,9,8,5,2
18080940,1,3,6,10,5
18080941,10,11,6,2,8
18080942,8,4,7,3,9
18080943,2,9,8,11,3
18080944,1,2,8,4,9
18080945,7,11,10,8,9
18080946,2,8,9,7,4
18080947,5,6,10,7,2
18080948,1,5,6,10,11
18080949,4,5,11,9,7
18080950,2,11,7,3,9
18080951,4,2,5,11,6
18080952,2,10,11,6,7
18080953,1,6,4,9,7
18080954,11,7,1,9,10
18080955,8,7,2,11,10
18080956,8,11,3,2,6
18080957,8,5,1,2,3
18080958,5,1,11,4,10
18080959,4,2,7,11,8
18080960,3,2,10,4,5
18080961,6,5,10,11,4
18080962,7,5,1,10,3
18080963,4,6,11,10,8
18080964,3,2,6,4,5
18080965,10,9,1,6,4
18080966,3,7,5,11,1
18080967,4,3,2,7,1
18080968,2,6,8,11,5
18080969,8,5,1,7,6
18080970,10,2,1,8,4
18080971,3,10,8,1,2
18080972,2,7,9,8,1
18080973,8,10,2,1,11
18080974,1,6,3,4,2
18080975,11,7,4,2,6
18080976,8,6,9,2,3
18080977,6,1,5,4,3
18080978,10,7,6,5,9
18080979,3,5,10,4,7
18080980,2,6,5,3,8
18080981,7,8,10,1,3
18081001,2,1,9,3,4
18081002,11,9,4,5,8
18081003,3,8,11,2,7
18081004,7,3,4,11,1
18081005,4,11,5,2,6
18081006,11,6,7,9,10
18081007,2,8,1,3,7
18081008,6,4,2,8,7
18081009,8,2,3,5,4
18081010,2,4,8,10,11
18081011,4,8,6,11,5
18081012,8,9,7,1,4
18081013,6,2,4,8,9
18081014,6,4,8,11,1
18081015,10,2,11,9,5
18081016,1,3,6,9,5
18081017,5,2,6,11,7
18081018,7,1,6,2,9
18081019,7,1,6,10,11
18081020,11,7,8,4,10
18081021,11,10,6,3,8
18081022,7,1,6,2,8
18081023,7,2,6,10,11
18081024,11,3,6,5,8
18081025,7,6,4,10,5
18081026,5,6,10,7,4
18081027,10,9,11,3,1
18081028,4,9,10,2,6
18081029,7,3,6,5,10
18081030,2,11,10,3,7
18081031,7,11,8,10,6
18081032,10,2,4,9,7
18081033,1,5,2,7,6
18081034,7,8,3,1,10
18081035,9,3,7,1,10
18081036,6,7,4,1,10
18081037,1,5,9,6,8
18081038,10,11,8,9,7
18081039,9,4,2,8,1
18081040,9,2,5,11,8
18081041,6,11,8,9,5
18081042,6,3,1,2,8
18081043,10,1,5,2,8
18081044,6,8,10,7,2
18081045,9,10,8,7,1
18081046,10,3,7,1,9
18081047,2,1,8,4,5
18081048,11,6,10,5,3
18081049,11,6,8,2,10
18081050,4,7,10,5,9
18081051,3,2,6,11,8
18081052,8,1,7,10,5
18081053,7,8,3,4,5
18081054,7,2,4,1,11
18081055,2,6,7,3,8
18081056,7,1,8,9,5
18081057,8,3,7,1,11
18081058,5,1,3,4,9
18081059,6,4,7,3,2
18081060,8,5,11,7,4
18081061,4,7,6,2,5
18081062,10,3,9,5,2
18081063,5,1,3,8,10
18081064,9,3,8,5,11
18081065,10,4,5,9,7
18081066,11,10,6,9,3
18081067,2,3,5,6,10
18081068,1,7,3,9,6
18081069,10,2,9,7,11
18081070,10,4,11,8,9
18081071,7,6,5,3,2
18081072,6,5,2,10,7
18081073,5,4,6,3,11
18081074,3,4,7,10,9
18081075,2,5,6,1,8
18081076,9,7,4,5,1
18081077,1,5,3,8,7
18081078,6,1,2,7,5
18081079,3,1,7,9,11
18081080,9,2,6,1,7
18081081,5,2,8,11,1
18081101,4,10,2,9,5
18081102,7,2,11,10,4
18081103,4,3,9,10,6
18081104,3,1,2,7,5
18081105,7,6,10,8,4
18081106,10,11,8,6,5
18081107,7,10,1,4,11
18081108,8,4,2,10,11
18081109,10,5,4,3,8
18081110,4,6,3,2,10
18081111,8,7,10,3,6
18081112,7,2,6,11,8
18081113,10,1,3,7,6
18081114,9,7,6,4,3
18081115,3,8,9,10,1
18081116,10,9,4,2,1
18081117,2,3,7,1,9
18081118,3,11,5,9,7
18081119,2,5,10,6,3
18081120,6,11,3,1,2
18081121,4,3,9,10,6
18081122,8,4,5,9,7
18081123,6,3,9,11,4
18081124,8,1,10,4,9
18081125,10,11,5,9,8
18081126,2,11,7,4,3
18081127,7,4,2,10,6
18081128,9,8,3,10,11
18081129,3,5,10,11,9
18081130,2,1,11,6,5
18081131,8,4,3,5,7
18081132,6,10,9,4,11
18081133,5,4,9,2,1
18081134,7,5,4,1,8
18081135,4,8,6,10,9
18081136,7,2,8,10,5
18081137,11,6,1,8,4
18081138,11,4,7,9,10
18081139,3,7,4,9,11
18081140,8,4,6,10,7
18081141,4,9,8,1,6
18081142,11,2,4,6,8
18081143,3,10,4,7,1
18081144,4,3,11,2,5
18081145,10,7,3,8,6
18081146,4,10,1,2,3
18081147,8,9,6,4,7
18081148,7,1,11,8,10
18081149,10,1,5,2,9
18081150,9,8,4,2,5
18081151,1,6,10,7,4
18081152,2,4,1,11,10
18081153,5,1,10,7,2
18081154,2,7,10,8,5
18081155,11,1,4,6,9
18081156,4,11,10,6,3
18081157,2,8,1,5,6
18081158,3,7,1,4,5
18081159,1,2,11,9,3
18081160,4,8,2,11,9
18081161,7,5,11,4,6
18081162,4,3,2,10,1
18081163,2,6,4,11,3
18081164,10,6,2,4,7
18081165,9,7,8,1,4
18081166,9,2,11,6,3
18081167,8,2,11,1,5
18081168,11,2,6,3,9
18081169,4,2,5,8,6
18081170,5,2,8,6,7
18081171,5,4,1,2,6
18081172,2,7,9,1,3
18081173,10,11,8,1,9
18081174,11,9,3,2,7
18081175,3,4,2,5,6
18081176,8,4,2,10,7
18081177,3,7,10,5,8
18081178,11,4,6,3,7
18081179,9,10,1,4,5
18081180,8,3,4,6,2
18081181,1,7,2,8,6
18081201,6,5,1,4,10
18081202,8,11,1,3,10
18081203,10,8,7,11,3
18081204,2,9,5,7,1
18081205,4,1,7,2,6
18081206,11,10,2,1,6
18081207,2,11,5,4,1
18081208,3,11,6,2,4
18081209,5,6,4,11,8
18081210,8,3,11,5,7
18081211,5,8,9,4,10
18081212,2,9,5,1,11
18081213,5,3,4,8,11
18081214,2,11,8,9,10
18081215,4,9,6,3,10
18081216,11,10,5,8,9
18081217,11,7,10,3,6
18081218,8,7,1,3,9
18081219,7,1,9,2,3
18081220,6,1,8,5,3
18081221,6,2,3,10,11
18081222,8,9,3,11,10
18081223,3,11,8,7,6
18081224,2,6,10,1,5
18081225,11,8,2,5,3
18081226,11,5,8,2,9
18081227,11,4,6,7,9
18081228,5,1,8,2,4
18081229,11,5,4,10,2
18081230,8,11,7,1,9
18081231,2,4,5,3,10
18081232,1,9,11,6,8
18081233,10,2,8,4,5
18081234,3,10,9,7,8
18081235,6,8,5,9,4
18081236,10,5,11,2,3
18081237,6,3,2,10,9
18081238,1,2,3,5,10
18081239,8,11,4,1,5
18081240,1,9,3,4,7
18081241,2,10,4,5,1
18081242,6,11,10,1,9
18081243,1,2,9,8,3
18081244,10,3,7,5,11
18081245,1,7,5,6,11
18081246,1,5,4,6,11
18081247,9,1,8,2,11
18081248,8,5,4,3,10
18081249,8,3,1,5,4
18081250,7,1,2,5,3
18081251,8,2,4,1,3
18081252,10,4,7,3,8
18081253,2,8,6,11,3
18081254,7,2,4,8,11
18081255,1,10,7,11,6
18081256,10,3,4,6,9
18081257,3,1,2,5,10
18081258,6,11,1,7,5
18081259,9,7,4,5,8
18081260,7,5,3,1,8
18081261,10,7,9,11,3
18081262,7,6,2,4,3
18081263,9,4,1,11,6
18081264,10,7,2,11,5
18081265,6,4,3,9,5
18081266,8,6,9,3,11
18081267,3,8,6,5,2
18081268,8,6,1,3,4
18081269,3,11,2,4,8
18081270,5,10,9,6,2
18081271,7,6,4,1,3
18081272,6,7,1,4,8
18081273,1,11,8,3,7
18081274,5,4,11,1,2
18081275,1,7,9,5,10
18081276,10,5,6,3,9
18081277,3,1,7,4,9
18081278,3,2,10,1,7
18081279,4,2,8,10,5
18081280,9,4,5,10,3
18081281,5,6,8,1,2
18081301,4,5,9,10,3
18081302,5,10,4,8,1
18081303,5,9,11,4,7
18081304,11,10,9,1,7
18081305,3,1,2,11,5
18081306,2,10,6,5,3
18081307,3,8,6,1,5
18081308,4,8,11,1,10
18081309,8,3,2,6,9
18081310,11,6,1,5,8
18081311,8,1,4,7,10
18081312,5,1,10,7,4
18081313,1,7,3,6,4
18081314,11,4,5,8,3
18081315,8,5,11,3,6
18081316,2,3,8,11,4
18081317,8,1,2,9,11
18081318,8,1,6,3,5
18081319,4,6,9,10,3
18081320,2,4,11,1,8
18081321,10,11,5,1,6
18081322,6,8,4,11,1
18081323,8,1,10,9,7
18081324,9,11,10,2,4
18081325,11,6,1,4,8
18081326,11,2,9,6,7
18081327,1,9,8,6,2
18081328,4,6,11,8,7
18081329,8,4,1,7,2
18081330,7,3,8,4,5
18081331,1,11,10,7,2
18081332,6,11,8,3,2
18081333,3,7,1,9,6
18081334,5,8,3,4,9
18081335,9,4,6,5,2
18081336,7,1,3,10,6
18081337,7,10,4,5,3
18081338,5,7,6,3,11
18081339,9,4,6,3,5
18081340,9,8,10,1,2
18081341,4,6,3,5,10
18081342,11,2,8,4,1
18081343,11,3,2,6,10
18081344,11,7,2,9,6
18081345,9,8,11,10,6
18081346,6,4,2,10,5
18081347,8,7,5,6,4
18081348,1,9,4,2,5
18081349,3,2,5,1,6
18081350,8,6,2,9,5
18081351,9,4,3,5,2
18081352,10,8,9,7,4
18081353,5,6,2,1,9
18081354,7,1,3,2,11
18081355,9,7,6,5,11
18081356,10,7,5,11,9
18081357,9,3,6,2,8
18081358,9,3,2,8,4
18081359,7,9,1,2,11
18081360,4,8,5,7,1
18081361,10,6,2,8,5
18081362,4,5,2,10,3
18081363,5,1,11,2,10
18081364,6,2,5,7,9
18081365,3,7,11,9,6
18081366,9,7,3,5,6
18081367,5,7,1,4,9
18081368,4,8,3,9,1
18081369,5,6,8,4,7
18081370,1,5,4,2,8
18081371,6,2,1,10,3
18081372,6,4,5,11,2
18081373,6,4,2,3,11
18081374,1,8,9,10,2
18081375,1,7,9,2,3
18081376,1,9,6,7,8
18081377,3,7,5,10,6
18081378,3,1,6,10,4
18081379,6,3,5,7,11
18081380,4,3,11,6,2
18081381,5,1,2,11,6
18081401,1,9,5,7,11
18081402,4,8,10,2,3
18081403,1,2,4,10,5
18081404,10,11,7,6,8
18081405,2,1,4,9,8
18081406,10,2,6,9,3
18081407,5,7,11,9,10
18081408,7,4,11,10,9
18081409,9,11,8,4,5
18081410,1,7,2,10,3
18081411,5,11,3,8,10
18081412,9,2,6,4,11
18081413,8,9,11,5,4
18081414,1,5,3,2,7
18081415,6,5,10,9,4
18081416,5,10,3,6,4
18081417,8,6,1,4,9
18081418,1,8,11,7,6
18081419,10,6,9,1,3
18081420,8,4,2,6,1
18081421,5,4,1,9,8
18081422,6,8,3,10,1
18081423,9,7,1,2,3
18081424,7,9,6,4,11
18081425,2,10,8,6,5
18081426,8,6,4,5,10
18081427,9,11,10,4,5
18081428,3,5,8,7,10
18081429,3,11,5,10,6
18081430,10,1,4,11,5
18081431,4,2,5,10,1
18081432,8,3,1,9,2
18081433,8,11,4,5,9
18081434,4,11,10,2,8
18081435,4,6,8,1,10
18081436,8,5,4,2,6
18081437,7,6,10,1,4
18081438,3,7,9,4,11
18081439,1,4,5,8,10
18081440,2,8,7,1,9
18081441,1,5,11,7,10
18081442,3,5,1,8,4
18081443,3,5,6,2,1
18081444,5,7,10,1,11
18081445,10,7,5,6,1
18081446,11,8,1,6,9
18081447,4,8,1,9,6
18081448,11,1,10,7,5
18081449,8,9,7,3,1
18081450,2,5,10,11,8
18081451,3,5,4,1,9
18081452,4,6,1,3,5
18081453,4,5,8,7,6
18081454,1,8,6,5,9
18081455,3,5,4,6,11
18081456,1,3,11,7,4
18081457,5,1,2,9,6
18081458,6,3,11,9,7
18081459,2,1,9,6,7
18081460,1,9,10,3,4
18081461,3,8,11,4,10
18081462,11,5,3,9,1
18081463,7,10,6,2,11
18081464,8,9,5,4,6
18081465,3,9,6,1,5
18081466,1,7,3,4,2
18081467,4,5,11,10,8
18081468,3,7,4,5,6
18081469,5,10,9,3,7
18081470,3,2,4,6,9
18081471,3,9,8,2,7
18081472,5,2,3,1,4
18081473,8,5,6,1,2
18081474,1,4,8,11,3
18081475,4,2,9,10,6
18081476,2,1,11,5,3
18081477,1,3,8,6,9
18081478,5,8,10,1,6
18081479,4,5,3,9,6
18081480,3,5,6,9,7
18081481,1,10,7,4,3
18081501,9,3,2,4,10
18081502,7,8,1,11,5
18081503,3,8,6,9,1
18081504,10,7,8,1,2
18081505,7,2,11,10,8
18081506,4,6,10,7,9
18081507,10,7,4,2,1
18081508,8,11,3,9,6
18081509,4,7,8,9,6
18081510,5,2,1,10,4
18081511,8,11,5,6,4
18081512,4,7,10,3,9
18081513,4,3,5,8,6
18081514,1,10,8,9,2
18081515,2,5,1,3,8
18081516,9,8,4,6,10
18081517,8,10,6,5,2
18081518,4,3,8,6,10
18081519,9,8,1,3,11
18081520,3,10,4,1,8
18081521,2,11,6,10,3
18081522,11,8,5,1,10
18081523,6,5,2,10,8
18081524,2,10,8,9,3
18081525,9,2,10,8,11
18081526,9,3,5,4,6
18081527,11,8,7,2,10
18081528,2,4,9,7,6
18081529,1,11,4,8,6
18081530,2,5,4,1,3
18081531,10,6,7,9,3
18081532,5,4,9,8,6
18081533,3,10,2,1,11
18081534,10,2,5,7,3
18081535,11,8,7,6,1
18081536,7,11,3,9,10
18081537,2,8,1,7,3
18081538,5,8,2,6,7
18081539,11,7,10,5,1
18081540,7,10,11,9,5
18081541,8,3,7,2,11
18081542,1,8,11,2,6
18081543,9,2,1,5,7
18081544,8,10,1,11,7
18081545,3,4,11,6,8
18081546,5,4,10,2,3
18081547,11,4,2,10,8
18081548,10,7,9,3,6
18081549,10,8,2,7,4
18081550,10,6,7,1,8
18081551,8,2,9,10,5
18081552,5,11,4,6,9
18081553,5,6,10,11,1
18081554,3,5,9,11,10
18081555,9,10,2,4,8
18081556,2,8,6,4,10
18081557,4,1,5,6,7
18081558,10,5,9,4,11
18081559,7,9,6,10,2
18081560,11,4,1,9,6
18081561,2,3,4,5,10
18081562,2,3,6,4,9
18081563,1,6,7,2,11
18081564,3,8,9,2,4
18081565,5,8,1,6,4
18081566,2,1,4,11,10
18081567,7,3,1,2,11
18081568,10,5,6,4,1
18081569,5,6,1,3,8
18081570,7,3,8,10,11
18081571,7,2,5,6,10
18081572,8,6,10,4,2
18081573,3,11,10,6,4
18081574,11,10,9,4,2
18081575,9,3,5,4,2
18081576,11,10,2,9,3
18081577,3,1,9,4,8
18081578,1,11,10,2,4
18081579,7,3,2,9,1
18081580,7,8,5,4,11
18081581,4,10,11,5,6
18081601,2,10,9,6,8
18081602,3,11,6,9,8
18081603,1,8,7,11,6
18081604,7,1,4,11,6
18081605,5,6,9,4,2
18081606,11,6,4,2,3
18081607,6,4,1,5,9
18081608,4,1,10,9,5
18081609,6,10,2,7,1
18081610,3,7,4,6,1
18081611,9,8,6,11,7
18081612,11,1,4,2,7
18081613,10,2,8,5,1
18081614,9,1,3,2,5
18081615,3,10,5,11,9
18081616,1,2,9,10,11
18081617,6,9,7,3,5
18081618,2,11,7,8,4
18081619,6,8,3,2,5
18081620,4,7,6,2,8
18081621,3,10,8,1,7
18081622,1,5,7,6,4
18081623,9,8,6,11,5
18081624,9,5,8,11,2
18081625,2,8,6,1,9
18081626,5,7,11,6,8
18081627,5,8,1,3,9
18081628,1,6,5,2,8
18081629,10,7,6,4,3
18081630,1,9,8,2,5
18081631,11,7,6,3,8
18081632,11,6,8,9,4
18081633,11,7,3,4,8
18081634,5,6,2,8,1
18081635,10,3,4,9,5
18081636,5,2,3,6,8
18081637,2,6,1,11,10
18081638,5,11,1,9,3
18081639,8,5,9,2,3
18081640,4,8,10,2,3
18081641,10,2,8,5,3
18081642,5,8,4,3,11
18081643,6,4,3,10,1
18081644,7,1,9,8,2
18081645,2,1,3,8,6
18081646,6,4,5,9,7
18081647,3,6,2,11,7
18081648,8,7,5,10,4
18081649,11,3,1,7,6
18081650,11,2,8,6,5
18081651,5,10,11,4,3
18081652,5,6,3,9,8
18081653,5,6,3,1,10
18081654,5,2,8,6,1
18081655,7,10,9,6,2
18081656,6,10,8,11,4
18081657,1,11,3,5,9
18081658,11,5,6,10,7
18081659,7,10,8,5,2
18081660,1,6,10,9,7
18081661,4,6,10,1,8
18081662,11,3,10,7,8
18081663,4,5,1,2,11
18081664,6,10,11,7,1
18081665,7,11,2,5,9
18081666,3,7,11,6,8
18081667,10,8,7,5,6
18081668,4,3,1,8,11
18081669,6,7,5,10,11
18081670,2,1,4,8,6
18081671,9,11,10,5,7
18081672,4,7,3,6,9
18081673,4,2,10,6,7
18081674,5,9,4,10,2
18081675,2,7,8,5,4
18081676,5,10,2,7,3
18081677,9,3,6,8,5
18081678,2,9,4,7,10
18081679,10,11,8,5,1
18081680,11,1,6,4,9
18081681,11,1,10,9,6
18081701,11,3,5,7,2
18081702,1,7,8,5,6
18081703,1,9,8,4,10
18081704,8,7,11,2,10
18081705,4,1,11,2,7
18081706,5,4,11,1,6
18081707,6,5,7,2,10
18081708,2,9,7,5,1
18081709,4,1,2,5,7
18081710,5,7,10,8,6
18081711,4,10,5,8,11
18081712,10,11,3,7,1
18081713,5,8,3,4,10
18081714,11,5,3,9,7
18081715,1,6,11,5,7
18081716,6,4,5,11,8
18081717,4,3,11,10,5
18081718,9,3,1,4,10
18081719,1,6,7,2,9
18081720,7,10,11,9,3
18081721,8,5,6,1,3
18081722,9,3,2,5,10
18081723,2,11,8,1,10
18081724,5,4,8,10,7
18081725,11,8,6,9,3
18081726,5,7,11,2,8
18081727,3,1,9,2,5
18081728,7,3,2,5,4
18081729,1,6,10,3,4
18081730,2,8,5,6,4
18081731,5,10,7,6,8
18081732,8,9,3,11,1
18081733,10,7,9,2,6
18081734,2,5,6,10,8
18081735,9,1,10,11,8
18081736,11,2,1,9,6
18081737,1,3,7,6,4
18081738,4,6,10,11,7
18081739,9,6,8,10,3
18081740,3,11,1,4,2
18081741,11,8,9,1,6
18081742,5,3,1,8,2
18081743,1,9,5,6,3
18081744,1,9,4,5,8
18081745,4,3,2,9,10
18081746,3,4,11,6,2
18081747,11,9,10,7,1
18081748,10,6,5,8,4
18081749,10,8,1,11,3
18081750,4,6,9,5,10
18081751,3,5,6,8,10
18081752,6,8,9,1,7
18081753,11,1,10,4,3
18081754,2,7,3,9,6
18081755,5,6,4,1,2
18081756,9,7,10,1,2
18081757,3,5,8,4,10
18081758,7,8,6,5,3
18081759,6,1,11,7,8
18081760,5,8,3,11,2
18081761,10,7,1,11,6
18081762,8,6,11,3,4
18081763,3,10,11,1,5
18081764,11,5,7,1,8
18081765,11,7,5,6,4
18081766,3,11,5,2,1
18081767,5,10,11,6,9
18081768,9,4,2,11,10
18081769,9,3,7,5,4
18081770,3,2,4,7,8
18081771,7,4,1,2,9
18081772,1,5,6,7,11
18081773,7,1,8,2,6
18081774,9,5,7,4,3
18081775,4,7,11,10,5
18081776,7,9,11,2,10
18081777,2,7,1,8,11
18081778,5,11,9,4,1
18081779,6,11,8,10,2
18081780,5,7,3,10,2
18081781,6,10,9,1,2
18081801,6,9,11,8,3
18081802,2,6,10,4,5
18081803,10,4,9,8,2
18081804,10,3,1,9,5
18081805,8,7,1,11,2
18081806,8,3,6,1,11
18081807,4,5,8,9,6
18081808,8,10,9,6,3
18081809,5,8,2,4,6
18081810,3,2,10,9,8
18081811,1,10,4,6,9
18081812,11,9,1,2,6
18081813,1,5,11,9,8
18081814,10,6,7,4,11
18081815,9,1,6,5,2
18081816,1,7,9,8,11
18081817,10,1,7,6,8
18081818,4,8,11,2,9
18081819,8,11,9,6,3
18081820,1,6,9,7,11
18081821,11,10,9,4,7
18081822,3,2,7,5,9
18081823,5,6,10,8,7
18081824,8,5,6,4,7
18081825,3,7,4,9,10
18081826,11,1,3,8,9
18081827,6,10,3,1,4
18081828,1,11,5,9,3
18081829,11,10,7,6,8
18081830,9,1,5,10,4
18081831,9,11,6,4,8
18081832,1,4,7,3,2
18081833,1,2,6,8,7
18081834,1,4,11,9,3
18081835,6,11,7,10,4
18081836,5,8,2,9,6
18081837,5,9,8,1,7
18081838,2,11,6,5,1
18081839,4,9,8,11,7
18081840,8,11,3,4,10
18081841,8,3,10,7,5
18081842,7,1,8,11,6
18081843,1,5,9,7,10
18081844,6,10,11,2,7
18081845,6,8,7,11,10
18081846,5,6,7,8,4
18081847,9,4,1,2,10
18081848,11,9,10,7,8
18081849,9,10,8,7,11
18081850,2,7,1,11,10
18081851,6,3,5,10,9
18081852,3,6,11,1,4
18081853,8,5,11,6,2
18081854,4,8,6,11,10
18081855,11,9,6,5,4
18081856,2,4,10,11,6
18081857,10,6,3,7,9
18081858,7,6,5,2,3
18081859,4,8,5,1,3
18081860,1,7,5,11,3
18081861,9,3,11,4,10
18081862,7,10,1,5,9
18081863,3,4,7,11,1
18081864,7,8,6,3,10
18081865,7,1,11,9,10
18081866,3,2,9,11,4
18081867,5,6,9,1,11
18081868,4,11,7,3,2
18081869,9,4,1,5,8
18081870,1,9,5,10,8
18081871,5,3,2,8,7
18081872,1,7,2,11,8
18081873,3,4,7,10,2
18081874,2,6,5,7,9
18081875,7,5,3,9,11
18081876,6,4,11,10,8
18081877,8,1,7,5,6
18081878,11,3,5,4,6
18081879,11,2,1,5,9
18081880,5,10,3,9,7
18081881,10,6,9,7,3
18081901,6,8,2,9,11
18081902,3,7,4,9,11
18081903,2,10,5,1,6
18081904,6,2,10,3,8
18081905,10,9,5,2,11
18081906,6,3,9,2,5
18081907,8,3,1,11,5
18081908,2,3,7,10,4
18081909,7,10,1,6,2
18081910,11,9,6,8,2
18081911,7,5,4,6,3
18081912,9,1,6,11,3
18081913,6,1,9,8,5
18081914,5,8,6,9,11
18081915,7,11,6,3,2
18081916,3,5,1,9,4
18081917,1,9,10,7,5
18081918,6,11,9,3,8
18081919,11,6,8,2,10
18081920,11,3,9,10,8
18081921,11,8,3,2,7
18081922,3,6,1,5,2
18081923,8,9,5,11,6
18081924,8,10,1,6,4
18081925,3,11,2,4,10
18081926,10,7,3,4,8
18081927,10,9,2,4,8
18081928,11,3,6,5,2
18081929,7,10,1,5,3
18081930,10,11,2,5,7
18081931,7,11,9,8,6
18081932,2,4,11,6,3
18081933,5,6,9,3,10
18081934,5,10,4,2,6
18081935,9,10,2,6,7
18081936,9,2,6,10,4
18081937,3,8,1,10,9
18081938,8,1,11,7,6
18081939,2,1,3,6,10
18081940,2,9,7,3,10
18081941,2,1,9,8,6
18081942,4,10,9,11,7
18081943,5,3,11,1,9
18081944,10,6,8,9,3
18081945,7,11,10,3,1
18081946,4,3,7,5,1
18081947,4,3,6,5,7
18081948,6,9,3,8,1
18081949,3,9,8,7,11
18081950,6,5,3,1,10
18081951,11,8,5,3,4
18081952,8,5,7,6,3
18081953,7,6,11,1,10
18081954,7,3,2,9,6
18081955,3,9,11,2,7
18081956,8,3,1,6,4
18081957,6,1,2,5,4
18081958,6,10,11,1,9
18081959,3,4,6,2,10
18081960,9,7,11,1,6
18081961,6,4,3,10,11
18081962,9,6,11,7,2
18081963,7,3,6,9,8
18081964,2,7,4,8,3
18081965,4,9,7,10,8
18081966,3,9,4,5,8
18081967,9,8,11,3,1
18081968,1,6,3,10,5
18081969,11,6,9,5,8
18081970,10,11,2,8,3
18081971,11,8,5,1,7
18081972,7,8,6,9,5
18081973,3,6,5,11,9
18081974,3,8,5,1,4
18081975,7,1,11,10,9
18081976,11,7,4,9,2
18081977,4,5,9,10,6
18081978,7,11,8,2,5
18081979,11,5,2,1,6
18081980,9,2,11,1,7
18081981,9,3,8,4,6
18082001,3,6,1,2,10
18082002,5,6,2,10,3
18082003,4,8,2,5,1
18082004,6,5,4,1,10
18082005,4,11,9,8,5
18082006,5,2,11,9,4
18082007,1,4,10,2,9
18082008,11,2,3,1,9
18082009,9,7,6,5,11
18082010,3,2,10,8,9
18082011,5,3,10,1,9
18082012,11,7,8,3,9
18082013,8,10,7,2,6
18082014,8,4,6,11,3
18082015,3,8,2,4,5
18082016,3,6,10,2,11
18082017,5,11,6,10,4
18082018,11,6,9,3,2
18082019,3,6,5,1,2
18082020,11,3,8,10,7
18082021,6,2,7,1,3
18082022,5,10,3,8,4
18082023,5,3,9,8,10
18082024,2,7,5,10,1
18082025,1,11,3,4,6
18082026,9,5,4,6,10
18082027,11,3,5,4,7
18082028,5,3,1,11,6
18082029,10,6,5,9,8
18082030,6,4,9,11,8
18082031,2,8,1,9,3
18082032,4,8,11,7,9
18082033,2,8,1,5,11
18082034,9,2,8,10,1
18082035,5,8,7,1,3
18082036,3,4,6,10,9
18082037,1,5,7,8,6
18082038,10,3,9,4,8
18082039,2,9,1,4,11
18082040,9,2,10,5,6
18082041,8,4,6,2,10
18082042,11,7,10,4,9
18082043,7,3,1,10,5
18082044,6,3,8,7,1
18082045,4,3,9,6,5
18082046,1,7,9,3,2
18082047,8,7,10,4,1
18082048,9,7,11,6,4
18082049,1,4,11,10,6
18082050,4,1,3,2,10
18082051,3,8,2,11,10
18082052,1,8,10,3,9
18082053,11,7,4,2,3
18082054,4,3,11,7,10
18082055,3,2,4,1,7
18082056,5,8,7,4,10
18082057,2,6,5,7,4
18082058,2,6,10,4,8
18082059,7,3,1,5,4
18082060,3,10,6,2,7
18082061,1,7,4,5,3
18082062,10,8,7,4,1
18082063,2,1,9,8,10
18082064,1,4,10,7,3
18082065,4,6,8,5,9
18082066,1,2,6,9,7
18082067,5,9,4,3,7
18082068,5,10,4,11,7
18082069,4,1,6,11,5
18082070,3,6,8,1,7
18082071,8,7,1,4,2
18082072,1,10,9,3,4
18082073,7,9,3,11,2
18082074,5,3,8,1,9
18082075,7,1,9,8,5
18082076,2,3,8,10,6
18082077,11,5,7,2,4
18082078,2,9,7,10,4
18082079,10,3,2,11,6
18082080,6,2,4,5,1
18082081,4,2,9,6,8
18082101,7,3,8,9,5
18082102,11,10,1,3,6
18082103,9,3,7,2,8
18082104,4,9,8,10,11
18082105,4,1,2,5,8
18082106,4,10,11,3,6
18082107,7,9,2,4,3
18082108,4,5,1,6,9
18082109,3,8,1,5,4
18082110,4,9,6,8,7
18082111,10,9,5,1,7
18082112,2,1,11,5,6
18082113,8,7,10,1,5
18082114,7,3,11,10,5
18082115,6,5,1,10,7
18082116,1,10,4,9,2
18082117,3,9,5,10,4
18082118,8,6,10,7,1
18082119,9,8,3,1,11
18082120,11,9,5,8,1
18082121,2,8,7,10,9
18082122,2,1,5,11,3
18082123,9,6,8,2,4
18082124,6,4,11,10,7
18082125,11,7,3,8,6
18082126,10,2,7,4,3
18082127,6,7,8,1,11
18082128,1,9,2,10,6
18082129,6,10,9,2,5
18082130,8,4,1,5,6
18082131,7,11,1,8,6
18082132,3,5,10,2,4
18082133,3,6,11,5,8
18082134,7,3,5,6,2
18082135,11,10,5,2,8
18082136,9,10,7,8,5
18082137,3,2,5,4,9
18082138,5,1,11,2,8
18082139,9,5,2,4,11
18082140,5,1,11,8,9
18082141,9,5,10,11,4
18082142,3,2,11,9,8
18082143,10,3,7,11,9
18082144,3,6,4,2,9
18082145,4,5,6,10,1
18082146,6,8,2,5,11
18082147,4,7,6,5,9
18082148,4,10,2,7,5
18082149,4,5,8,10,2
18082150,2,4,9,3,1
18082151,7,9,8,11,5
18082152,4,2,6,9,5
18082153,1,2,6,7,3
18082154,11,10,9,7,6
18082155,11,4,8,6,2
18082156,8,6,9,3,7
18082157,3,6,11,7,9
18082158,11,5,1,8,4
18082159,3,10,8,11,7
18082160,6,11,9,2,5
18082161,6,11,7,10,1
18082162,9,10,7,1,6
18082163,10,1,2,3,4
18082164,9,11,8,5,2
18082165,7,3,4,6,10
18082166,5,3,9,7,2
18082167,6,4,10,7,1
18082168,10,7,2,11,9
18082169,9,3,1,11,8
18082170,11,2,10,4,5
18082171,6,4,10,2,9
18082172,6,5,11,7,9
18082173,11,3,1,2,8
18082174,8,9,4,6,1
18082175,9,7,8,10,4
18082176,11,5,10,9,8
18082177,6,11,4,10,9
18082178,4,9,8,1,2
18082179,6,11,7,9,4
18082180,8,7,4,3,5
18082181,8,2,6,10,3
18082201,10,2,8,4,9
18082202,8,9,11,3,6
18082203,9,8,5,2,6
18082204,3,10,5,8,7
18082205,9,11,6,2,8
18082206,2,9,7,10,1
18082207,5,1,10,2,7
18082208,9,2,11,1,6
18082209,4,8,5,11,10
18082210,10,3,8,11,9
18082211,9,6,11,2,10
18082212,9,8,10,4,11
18082213,3,5,2,4,6
18082214,4,10,9,3,1
18082215,11,4,8,3,5
18082216,11,2,5,3,7
18082217,6,11,8,5,7
18082218,9,8,4,1,6
18082219,6,7,11,1,10
18082220,6,11,2,3,9
18082221,2,1,10,8,5
18082222,4,3,9,1,10
18082223,1,4,6,9,3
18082224,7,8,10,2,6
18082225,7,1,2,11,10
18082226,11,1,2,4,5
18082227,11,2,9,10,3
18082228,11,1,7,3,5
18082229,6,4,11,3,2
18082230,11,10,3,8,1
18082231,1,7,11,6,2
18082232,9,10,11,8,3
18082233,2,11,6,5,10
18082234,5,8,6,3,11
18082235,7,8,3,6,11
18082236,5,4,3,1,2
18082237,2,8,11,7,5
18082238,7,10,9,2,4
18082239,3,1,7,2,8
18082240,8,4,10,2,9
18082241,11,4,2,7,6
18082242,2,4,11,10,5
18082243,6,11,3,2,1
18082244,4,1,6,9,3
18082245,8,2,5,1,4
18082246,10,1,6,3,8
18082247,2,1,9,4,5
18082248,8,3,1,6,4
18082249,1,6,7,5,10
18082250,5,8,3,4,9
18082251,3,5,2,4,6
18082252,2,4,7,11,9
18082253,6,9,11,2,1
18082254,2,6,8,7,1
18082255,9,8,5,1,3
18082256,8,9,3,4,2
18082257,6,11,3,5,1
18082258,6,7,10,5,4
18082259,6,10,3,11,5
18082260,6,4,5,10,3
18082261,8,2,9,1,11
18082262,6,9,5,4,7
18082263,4,8,11,10,1
18082264,4,10,7,8,5
18082265,4,8,9,6,2
18082266,4,6,1,3,10
18082267,5,3,1,8,11
18082268,7,8,10,5,3
18082269,9,7,11,8,2
18082270,9,3,1,11,10
18082271,3,7,9,5,10
18082272,5,3,6,8,10
18082273,9,5,3,4,1
18082274,9,5,10,11,8
18082275,3,9,2,11,4
18082276,3,10,8,1,2
18082277,4,9,1,6,2
18082278,4,9,11,5,8
18082279,4,9,8,5,1
18082280,2,9,10,5,3
18082281,5,3,8,4,10
18082301,2,8,1,11,5
18082302,9,10,11,4,2
18082303,3,6,8,1,9
18082304,4,10,8,9,1
18082305,5,7,4,8,1
18082306,11,8,2,6,3
18082307,6,4,2,10,11
18082308,4,5,11,10,7
18082309,1,4,7,3,10
18082310,10,3,5,1,11
18082311,5,4,11,10,9
18082312,1,2,5,6,10
18082313,7,9,11,5,3
18082314,5,4,6,2,1
18082315,7,4,5,9,8
18082316,1,2,6,4,3
18082317,8,4,10,3,9
18082318,5,4,8,11,1
18082319,11,2,1,8,7
18082320,2,8,5,10,4
18082321,7,4,10,1,11
18082322,8,2,6,11,4
18082323,2,11,5,10,6
18082324,5,7,9,2,11
18082325,11,4,7,1,2
18082326,2,6,3,11,1
18082327,4,7,3,11,1
18082328,9,3,8,7,11
18082329,6,1,10,5,11
18082330,1,4,11,7,9
18082331,4,9,5,10,11
18082332,5,10,7,8,1
18082333,11,8,3,2,1
18082334,7,2,10,1,3
18082335,9,7,4,11,2
18082336,7,8,6,5,11
18082337,5,4,7,6,10
18082338,9,2,7,3,8
18082339,1,2,6,3,5
18082340,3,10,7,8,1
18082341,8,3,6,9,1
18082342,7,9,4,1,6
18082343,2,1,9,3,7
18082344,10,6,8,2,3
18082345,7,4,11,5,1
18082346,11,1,2,8,6
18082347,11,1,7,9,2
18082348,4,5,10,8,3
18082349,5,3,9,1,6
18082350,11,6,7,2,5
18082351,4,11,9,7,2
18082352,7,3,11,4,5
18082353,2,3,6,7,11
18082354,11,1,10,7,8
18082355,11,4,9,8,1
18082356,1,10,4,5,8
18082357,8,2,3,5,9
18082358,6,5,3,11,4
18082359,10,7,3,11,8
18082360,10,7,1,11,9
18082361,1,11,9,6,3
18082362,5,10,3,6,8
18082363,1,3,10,5,11
18082364,11,4,5,9,2
18082365,4,9,8,5,3
18082366,5,8,11,7,10
18082367,1,7,3,4,11
18082368,10,2,11,1,6
18082369,3,6,8,7,4
18082370,3,10,4,11,5
18082371,1,8,11,10,5
18082372,8,10,2,1,3
18082373,3,6,4,1,10
18082374,3,5,1,10,11
18082375,5,6,9,2,8
18082376,11,1,10,7,2
18082377,5,6,3,4,7
18082378,11,9,6,5,10
18082379,8,1,3,9,11
18082380,2,8,7,9,10
18082381,4,7,8,5,3
18082401,2,9,8,6,10
18082402,7,3,5,10,2
18082403,3,7,6,10,1
18082404,10,5,3,1,11
18082405,5,8,2,6,1
18082406,1,6,4,9,10
18082407,4,3,9,5,6
18082408,3,5,2,8,11
18082409,9,7,3,8,4
18082410,7,1,5,3,9
18082411,11,3,8,10,2
18082412,1,11,5,9,10
18082413,6,11,3,10,9
18082414,2,8,4,9,6
18082415,11,10,2,1,9
18082416,9,3,8,6,2
18082417,10,1,11,9,5
18082418,4,5,6,2,1
18082419,5,11,9,1,7
18082420,2,1,7,6,3
18082421,9,10,5,3,11
18082422,6,3,5,11,7
18082423,7,3,1,6,4
18082424,3,11,1,9,5
18082425,10,1,3,8,9
18082426,4,1,3,11,10
18082427,6,11,8,3,4
18082428,7,9,5,3,4
18082429,1,3,6,7,10
18082430,11,9,8,5,6
18082431,2,3,8,9,10
18082432,2,9,6,7,5
18082433,4,7,9,5,10
18082434,5,1,2,4,3
18082435,8,10,2,1,4
18082436,6,5,7,10,2
18082437,1,3,9,10,8
18082438,11,1,6,3,4
18082439,6,4,1,5,10
18082440,1,3,4,5,11
18082441,2,1,11,6,5
18082442,3,9,8,4,10
18082443,1,10,2,4,7
18082444,1,7,11,6,4
18082445,8,2,1,7,11
18082446,9,3,11,7,10
18082447,8,10,9,6,4
18082448,4,6,3,8,9
18082449,4,5,1,8,2
18082450,11,1,3,9,6
18082451,2,8,5,4,1
18082452,10,11,8,6,9
18082453,4,2,9,8,1
18082454,7,2,4,5,11
18082455,5,10,2,9,7
18082456,10,8,11,7,4
18082457,4,10,11,6,7
18082458,3,11,10,4,9
18082459,8,11,9,6,2
18082460,1,3,6,8,7
18082461,7,5,3,1,2
18082462,7,6,10,5,4
18082463,7,5,1,9,11
18082464,11,6,2,7,9
18082465,8,3,11,7,1
18082466,10,2,5,3,1
18082467,6,8,5,9,4
18082468,11,3,7,2,6
18082469,8,2,1,4,9
18082470,5,9,2,3,1
18082471,6,9,8,4,10
18082472,8,7,1,11,9
18082473,5,10,3,1,11
18082474,4,5,3,8,6
18082475,11,10,9,8,3
18082476,6,1,2,11,3
18082477,11,8,2,4,3
18082478,3,11,5,9,6
18082479,6,11,9,1,10
18082480,4,5,7,9,10
18082481,11,2,8,6,5
18082501,3,11,10,8,9
18082502,8,4,9,10,5
18082503,8,2,10,4,6
18082504,6,7,5,3,1
18082505,4,9,2,3,7
18082506,3,5,4,7,1
18082507,1,2,3,9,8
18082508,5,1,8,7,4
18082509,10,4,6,8,1
18082510,11,9,1,6,8
18082511,2,9,8,7,1
18082512,4,7,9,11,1
18082513,4,3,1,5,11
18082514,7,11,4,8,9
18082515,4,5,6,9,8
18082516,4,9,1,6,10
18082517,1,10,4,3,7
18082518,4,11,8,9,7
18082519,6,4,11,10,8
18082520,11,8,9,7,2
18082521,2,9,7,1,10
18082522,6,1,7,3,10
18082523,5,7,3,1,4
18082524,6,8,3,9,10
18082525,2,8,7,4,10
18082526,4,7,2,9,5
18082527,7,4,6,1,3
18082528,10,8,9,5,6
18082529,9,4,5,10,6
18082530,1,5,2,10,11
18082531,9,7,5,8,4
18082532,9,4,1,7,11
18082533,6,7,4,3,10
18082534,11,2,5,9,10
18082535,9,7,6,5,11
18082536,5,10,9,7,3
18082537,9,10,5,7,8
18082538,6,9,7,10,11
18082539,2,9,5,3,7
18082540,5,2,8,9,11
18082541,10,5,6,3,11
18082542,2,4,3,6,11
18082543,4,9,8,11,1
18082544,2,8,4,7,1
18082545,3,2,9,10,5
18082546,1,6,7,8,9
18082547,10,4,1,2,3
18082548,11,2,5,9,4
18082549,10,8,11,1,5
18082550,11,3,2,9,5
18082551,8,9,2,1,4
18082552,8,7,3,1,10
18082553,10,6,7,9,1
18082554,1,8,11,3,4
18082555,3,10,8,11,1
18082556,7,10,5,8,2
18082557,3,7,10,6,5
18082558,8,4,6,9,11
18082559,3,9,10,1,6
18082560,8,11,5,7,4
18082561,2,9,4,10,8
18082562,10,8,2,4,7
18082563,9,3,1,2,8
18082564,7,9,4,6,3
18082565,8,3,10,5,11
18082566,1,4,7,6,10
18082567,4,10,2,5,3
18082568,10,9,5,11,8
18082569,7,2,11,8,9
18082570,2,11,5,7,6
18082571,11,1,6,9,7
18082572,1,4,3,2,10
18082573,7,3,10,6,5
18082574,3,11,9,8,6
18082575,10,7,9,6,11
18082576,3,6,8,4,9
18082577,3,11,1,8,9
18082578,1,10,3,5,9
18082579,8,3,2,1,4
18082580,4,6,10,5,8
18082581,3,1,11,4,10
18082601,5,11,7,1,9
18082602,4,7,11,2,8
18082603,9,5,1,7,8
18082604,2,6,5,7,1
18082605,4,11,3,1,10
18082606,6,9,10,4,7
18082607,3,11,4,8,6
18082608,4,1,10,9,11
18082609,4,9,6,7,8
18082610,11,9,5,6,7
18082611,2,11,8,10,5
18082612,10,4,6,8,11
18082613,10,7,9,1,4
18082614,6,7,4,9,2
18082615,11,6,9,2,1
18082616,5,9,11,1,2
18082617,6,2,5,3,11
18082618,7,11,1,8,5
18082619,9,4,2,5,10
18082620,11,4,1,10,5
18082621,2,1,3,9,10
18082622,5,11,10,1,2
18082623,10,6,8,5,7
18082624,2,7,8,11,3
18082625,9,3,1,7,8
18082626,8,4,3,6,1
18082627,2,1,7,10,5
18082628,4,1,11,2,10
18082629,6,4,5,10,2
18082630,9,6,3,8,7
18082631,7,8,4,10,5
18082632,11,1,6,9,7
18082633,3,1,6,8,2
18082634,5,1,3,8,10
18082635,1,6,3,5,4
18082636,7,6,4,3,1
18082637,1,2,10,8,6
18082638,3,5,10,4,8
18082639,1,5,11,9,3
18082640,11,10,8,3,1
18082641,1,2,10,8,7
18082642,1,11,10,9,7
18082643,8,3,1,10,9
18082644,5,8,7,9,4
18082645,10,3,7,8,5
18082646,2,11,4,6,8
18082647,10,5,11,2,4
18082648,7,8,1,5,11
18082649,9,1,10,11,6
18082650,8,7,10,1,9
18082651,10,7,3,8,5
18082652,6,8,2,7,4
18082653,3,6,11,5,7
18082654,9,4,1,10,6
18082655,7,6,3,4,5
18082656,9,1,2,7,5
18082657,8,3,2,10,4
18082658,10,7,6,8,1
18082659,7,6,11,3,5
18082660,11,6,10,5,4
18082661,3,7,9,11,4
18082662,9,4,11,7,5
18082663,7,2,8,5,1
18082664,11,9,6,4,7
18082665,7,10,11,6,5
18082666,3,9,11,4,1
18082667,6,8,1,7,4
18082668,9,5,7,10,11
18082669,4,6,7,2,9
18082670,9,5,2,3,11
18082671,1,6,8,10,7
18082672,10,4,1,8,2
18082673,2,1,3,10,4
18082674,10,11,3,4,9
18082675,5,3,10,11,6
18082676,8,7,9,5,2
18082677,11,5,3,7,10
18082678,11,2,6,5,1
18082679,7,10,1,5,3
18082680,9,4,11,8,2
18082681,11,1,2,6,10
18082701,11,2,5,1,6
18082702,3,4,7,6,1
18082703,4,9,1,6,10
18082704,4,5,2,1,9
18082705,2,5,4,1,6
18082706,3,11,8,9,1
18082707,3,2,4,10,7
18082708,11,1,9,8,6
18082709,3,10,11,7,2
18082710,6,4,3,9,1
18082711,7,10,1,4,11
18082712,3,11,5,8,10
18082713,10,8,2,3,11
18082714,1,10,6,2,7
18082715,3,9,8,7,10
18082716,4,3,1,2,10
18082717,10,8,11,4,5
18082718,11,2,1,9,7
18082719,5,6,11,2,4
18082720,9,11,3,4,8
18082721,1,10,3,2,7
18082722,3,9,2,4,10
18082723,8,5,1,11,2
18082724,11,5,10,7,9
18082725,9,7,6,8,5
18082726,8,6,2,7,9
18082727,1,5,8,10,2
18082728,4,3,8,10,6
18082729,8,10,2,4,6
18082730,4,11,2,10,1
18082731,4,11,7,10,9
18082732,4,9,1,5,11
18082733,11,7,5,4,2
18082734,6,5,9,1,2
18082735,3,8,9,4,1
18082736,11,4,5,9,2
18082737,3,4,5,2,6
18082738,11,8,3,10,4
18082739,6,7,3,9,4
18082740,2,4,7,5,9
18082741,6,5,1,2,10
18082742,5,2,11,10,7
18082743,3,6,7,2,4
18082744,9,11,7,1,2
18082745,10,8,2,5,4
18082746,6,1,3,11,9
18082747,7,3,4,1,9
18082748,10,3,11,6,1
18082749,3,4,2,1,10
18082750,8,5,11,3,7
18082751,1,10,5,6,2
18082752,2,3,9,8,6
18082753,6,5,1,7,11
18082754,2,3,8,9,10
18082755,7,9,3,6,1
18082756,1,6,9,11,2
18082757,8,6,4,9,1
18082758,10,7,11,2,4
18082759,4,10,7,5,6
18082760,3,7,5,11,1
18082761,8,5,7,3,4
18082762,11,3,9,4,2
18082763,7,9,2,10,1
18082764,9,7,3,8,6
18082765,1,10,3,8,5
18082766,7,9,11,1,10
18082767,6,10,5,2,4
18082768,8,7,1,6,10
18082769,5,11,2,6,7
18082770,6,2,5,10,7
18082771,3,2,5,10,1
18082772,3,6,11,5,4
18082773,10,8,6,2,5
18082774,8,5,1,6,4
18082775,6,9,3,7,8
18082776,6,8,2,1,7
18082777,11,2,6,1,10
18082778,2,5,7,11,1
18082779,10,7,8,6,4
18082780,4,2,8,10,1
18082781,10,7,3,2,4
18082801,9,2,11,3,4
18082802,8,4,9,1,3
18082803,10,1,9,11,8
18082804,1,2,7,9,8
18082805,4,11,3,9,5
18082806,9,2,10,7,4
18082807,11,2,10,6,9
18082808,5,6,4,1,8
18082809,9,5,8,4,2
18082810,6,11,5,9,4
18082811,9,5,3,2,6
18082812,2,9,1,5,8
18082813,2,4,9,7,3
18082814,7,10,6,9,11
18082815,6,4,8,11,3
18082816,8,9,6,5,3
18082817,3,10,11,8,9
18082818,9,6,7,4,2
18082819,6,2,3,11,4
18082820,8,11,2,9,4
18082821,2,1,7,11,10
18082822,11,3,7,4,10
18082823,4,1,3,8,7
18082824,10,3,5,1,2
18082825,7,2,9,11,10
18082826,11,6,1,4,5
18082827,2,8,7,10,6
18082828,1,9,11,3,6
18082829,11,6,1,5,9
18082830,6,5,8,7,4
18082831,3,1,10,11,2
18082832,1,6,10,9,11
18082833,7,10,6,3,9
18082834,3,8,4,11,6
18082835,1,9,8,5,6
18082836,4,8,6,11,10
18082837,7,1,4,5,9
18082838,8,10,11,7,3
18082839,8,3,7,9,10
18082840,3,10,7,4,9
18082841,5,6,2,4,9
18082842,11,5,3,2,8
18082843,5,9,4,11,2
18082844,4,1,7,6,3
18082845,7,4,11,9,10
18082846,4,1,11,10,2
18082847,10,11,6,4,7
18082848,7,1,6,5,2
18082849,4,6,8,5,11
18082850,1,10,3,2,8
18082851,6,4,11,3,2
18082852,7,5,11,9,4
18082853,8,2,7,1,5
18082854,7,11,8,9,1
18082855,8,6,10,3,11
18082856,3,2,8,6,5
18082857,4,11,9,2,1
18082858,7,11,8,2,4
18082859,6,7,10,2,5
18082860,4,8,10,6,11
18082861,1,8,2,5,7
18082862,8,11,6,1,9
18082863,2,3,10,8,9
18082864,10,1,5,11,8
18082865,3,8,6,1,2
18082866,11,6,7,9,1
18082867,5,9,10,3,2
18082868,1,11,8,6,9
18082869,3,6,5,9,2
18082870,10,4,8,1,6
18082871,10,8,6,5,1
18082872,6,9,7,5,3
18082873,5,10,6,9,4
18082874,5,9,8,10,11
18082875,6,8,9,11,5
18082876,6,7,8,2,3
18082877,5,8,10,4,6
18082878,11,3,1,9,7
18082879,2,6,9,5,3
18082880,6,3,1,5,11
18082881,2,11,10,8,3
18082901,2,9,3,6,5
18082902,11,8,6,1,5
18082903,5,11,7,8,2
18082904,4,9,8,11,2
18082905,10,2,4,7,9
18082906,4,6,11,8,9
18082907,3,7,10,2,11
18082908,4,3,1,6,2
18082909,7,3,2,8,1
18082910,11,4,1,3,7
18082911,1,3,10,4,2
18082912,8,1,5,6,2
18082913,11,3,4,9,5
18082914,2,3,7,6,4
18082915,3,8,10,6,4
18082916,5,1,9,2,7
18082917,4,6,3,1,11
18082918,1,6,8,9,10
18082919,3,4,7,11,10
18082920,5,10,6,9,2
18082921,5,3,4,6,10
18082922,1,10,9,11,2
18082923,2,11,8,5,6
18082924,1,9,11,7,4
18082925,1,8,10,4,11
18082926,6,5,2,8,7
18082927,7,8,3,5,6
18082928,6,4,1,2,10
18082929,10,8,3,5,7
18082930,5,10,11,4,1
18082931,9,6,10,8,3
18082932,10,3,7,11,1
18082933,1,3,7,6,5
18082934,2,6,7,1,5
18082935,10,8,11,4,1
18082936,6,10,9,5,4
18082937,2,3,10,11,9
18082938,1,9,5,3,10
18082939,6,8,1,2,9
18082940,3,1,2,4,9
18082941,8,1,11,10,9
18082942,3,6,4,10,2
18082943,1,11,5,3,6
18082944,4,8,7,6,10
18082945,9,7,10,3,4
18082946,10,1,5,11,8
18082947,4,9,10,6,7
18082948,5,11,9,3,7
18082949,2,7,4,8,1
18082950,10,1,4,3,11
18082951,3,2,10,6,1
18082952,6,10,7,11,4
18082953,11,6,8,4,1
18082954,7,5,10,8,6
18082955,5,11,7,6,9
18082956,2,10,3,8,7
18082957,7,2,10,9,6
18082958,6,8,4,10,5
18082959,11,7,2,9,6
18082960,11,4,6,2,3
18082961,10,5,3,8,7
18082962,8,6,4,5,7
18082963,9,4,2,11,10
18082964,3,10,11,2,7
18082965,5,11,6,4,3
18082966,5,4,2,9,11
18082967,2,3,9,5,4
18082968,4,6,1,7,8
18082969,5,10,6,2,1
18082970,4,6,2,7,1
18082971,9,4,6,2,1
18082972,4,11,8,1,9
18082973,4,8,6,7,5
18082974,10,4,3,11,1
18082975,8,10,9,2,11
18082976,7,11,5,6,2
18082977,6,8,4,10,3
18082978,7,10,3,6,1
18082979,10,4,5,8,9
18082980,9,2,10,3,6
18082981,3,8,2,5,10
18083001,3,7,10,4,9
18083002,9,4,6,1,8
18083003,4,10,2,9,8
18083004,7,3,11,5,8
18083005,6,2,3,4,11
18083006,2,10,4,6,3
18083007,4,1,2,8,3
18083008,7,2,4,10,11
18083009,7,2,10,6,3
18083010,1,4,10,3,2
18083011,7,5,6,3,11
18083012,1,10,9,8,4
18083013,7,10,3,2,1
18083014,6,4,8,10,5
18083015,6,9,7,3,10
18083016,3,5,11,2,10
18083017,1,8,11,9,5
18083018,9,5,11,7,6
18083019,6,4,7,1,8
18083020,1,10,6,11,2
18083021,9,7,4,10,6
18083022,2,7,11,4,6
18083023,10,4,7,6,2
18083024,1,11,8,7,3
18083025,8,2,7,9,3
18083026,6,8,7,3,11
18083027,9,5,1,3,4
18083028,3,4,9,6,7
18083029,9,11,8,5,1
18083030,5,4,1,7,6
18083031,11,3,2,8,4
18083032,4,9,1,8,3
18083033,8,6,1,3,5
18083034,9,11,3,2,5
18083035,8,7,2,10,9
18083036,6,4,7,2,8
18083037,1,11,7,3,9
18083038,2,9,1,6,3
18083039,9,11,8,1,4
18083040,2,1,11,10,6
18083041,1,6,5,10,9
18083042,4,10,5,7,9
18083043,10,6,1,7,2
18083044,1,8,9,4,10
18083045,8,10,3,7,1
18083046,10,6,4,7,2
18083047,2,10,7,6,5
18083048,4,7,2,8,6
18083049,1,3,4,10,5
18083050,4,9,1,7,6
18083051,6,1,4,3,7
18083052,1,9,3,11,6
18083053,1,11,4,7,2
18083054,11,1,4,3,2
18083055,1,4,9,5,7
18083056,4,10,3,8,2
18083057,11,9,1,5,6
18083058,8,6,2,11,3
18083059,7,9,8,11,6
18083060,9,11,5,8,2
18083061,4,9,10,1,11
18083062,5,3,8,7,11
18083063,7,9,11,2,5
18083064,6,5,8,4,10
18083065,2,8,3,5,9
18083066,6,4,5,9,3
18083067,9,6,5,10,4
18083068,10,8,3,2,5
18083069,1,9,3,5,7
18083070,5,11,10,4,9
18083071,1,5,11,10,7
18083072,2,1,7,10,9
18083073,9,10,1,6,7
18083074,5,10,2,8,11
18083075,8,5,6,9,11
18083076,3,11,6,2,1
18083077,4,3,2,9,1
18083078,10,7,1,5,3
18083079,7,11,6,10,5
18083080,9,5,10,4,2
18083081,4,9,5,7,11
18083101,5,2,6,11,9
18083102,4,7,2,3,10
18083103,6,9,11,2,8
18083104,10,4,9,11,7
18083105,2,5,10,8,3
18083106,9,11,1,7,4
18083107,2,5,10,11,3
18083108,2,3,4,5,8
18083109,5,8,7,6,4
18083110,8,9,4,5,11
18083111,6,9,1,11,5
18083112,6,4,3,5,2
18083113,7,8,3,4,6
18083114,7,4,5,11,9
18083115,5,2,7,4,1
18083116,11,10,8,2,9
18083117,5,1,8,2,9
18083118,3,7,10,1,2
18083119,8,2,10,5,6
18083120,3,8,7,9,6
18083121,6,10,1,2,11
18083122,4,3,5,7,2
18083123,7,4,5,11,2
18083124,11,8,4,3,9
18083125,5,9,10,1,4
18083126,6,11,1,7,4
18083127,11,10,4,5,6
18083128,1,3,2,6,5
18083129,11,4,2,6,1
18083130,7,8,3,6,10
18083131,5,10,2,4,3
18083132,7,11,4,6,2
18083133,6,9,11,4,7
18083134,1,2,6,4,3
18083135,8,1,7,2,4
18083136,9,5,2,4,3
18083137,4,10,3,9,8
18083138,7,3,5,4,6
18083139,4,8,9,6,2
18083140,3,10,6,8,5
18083141,4,9,11,10,3
18083142,5,11,6,4,2
18083143,7,5,10,1,8
18083144,4,10,3,9,8
18083145,5,2,10,3,11
18083146,1,9,11,7,8
18083147,6,8,7,1,11
18083148,3,6,4,11,10
18083149,9,3,6,5,1
18083150,2,4,10,3,6
18083151,9,11,4,8,1
18083152,3,1,5,7,2
18083153,7,2,4,9,11
18083154,2,4,6,5,3
18083155,7,11,3,1,10
18083156,7,4,5,10,3
18083157,5,1,6,7,9
18083158,3,5,1,11,10
18083159,6,2,1,3,7
18083160,11,5,4,3,8
18083161,10,11,1,4,3
18083162,2,9,11,5,8
18083163,9,1,10,4,2
18083164,6,3,7,9,4
18083165,11,8,3,9,1
18083166,5,3,6,4,1
18083167,1,4,3,9,6
18083168,11,4,3,2,7
18083169,11,6,1,8,10
18083170,11,9,6,7,2
18083171,4,1,3,9,2
18083172,2,9,8,5,4
18083173,5,8,11,4,3
18083174,9,4,5,2,11
18083175,4,7,2,11,10
18083176,7,3,4,10,6
18083177,6,2,1,10,4
18083178,1,2,4,10,6
18083179,5,4,9,1,10
18083180,5,4,10,3,6
18083181,8,4,1,11,5
