18050101,7,1,6,2,9
18050102,6,8,4,11,1
18050103,8,9,7,1,2
18050104,4,6,1,10,3
18050105,2,6,1,9,7
18050106,1,10,7,8,9
18050107,8,7,9,6,10
18050108,9,2,4,7,5
18050109,6,1,11,8,10
18050110,7,8,11,6,2
18050111,10,7,1,6,5
18050112,10,1,8,3,2
18050113,10,3,6,2,7
18050114,1,6,7,9,2
18050115,6,2,8,4,3
18050116,4,5,3,6,1
18050117,2,3,6,1,5
18050118,1,2,6,11,8
18050119,4,9,10,1,6
18050120,6,4,3,11,2
18050121,8,5,6,4,10
18050122,11,6,4,9,1
18050123,2,8,7,1,10
18050124,11,2,5,3,9
18050125,10,9,7,8,11
18050126,9,6,7,5,8
18050127,7,5,2,6,10
18050128,5,3,8,2,4
18050129,9,4,2,11,8
18050130,2,8,1,10,3
18050131,2,9,3,7,8
18050132,11,2,6,10,4
18050133,10,2,4,1,9
18050134,8,10,3,7,9
18050135,7,1,11,3,4
18050136,3,4,8,10,11
18050137,2,1,11,10,9
18050138,2,6,4,3,8
18050139,6,7,8,4,2
18050140,7,1,10,8,4
18050141,5,4,9,6,2
18050142,9,3,2,1,10
18050143,11,4,2,1,6
18050144,8,10,3,2,6
18050145,8,6,2,10,1
18050146,11,9,6,7,1
18050147,10,7,3,1,5
18050148,1,6,10,2,11
18050149,3,10,9,6,4
18050150,6,7,2,11,5
18050151,4,11,1,9,5
18050152,9,1,8,6,4
18050153,6,5,1,3,7
18050154,4,3,1,9,11
18050155,10,6,2,5,1
18050156,4,8,11,6,2
18050157,2,10,11,8,7
18050158,10,4,1,2,3
18050159,3,2,1,10,4
18050160,7,3,8,1,4
18050161,7,8,2,9,10
18050162,11,2,7,4,9
18050163,4,2,10,11,8
18050164,11,3,4,1,9
18050165,7,8,10,2,3
18050166,2,11,9,5,3
18050167,10,9,4,11,8
18050168,6,4,9,5,1
18050169,7,9,10,6,11
18050170,4,10,1,3,5
18050171,10,9,4,11,6
18050172,7,6,5,9,3
18050173,6,11,1,7,5
18050174,2,3,4,8,6
18050175,2,7,10,5,8
18050176,9,10,3,2,8
18050177,9,2,5,7,4
18050178,9,1,6,10,3
18050179,1,8,4,10,2
18050180,9,6,7,2,5
18050181,5,10,11,4,8
18050201,11,3,5,2,4
18050202,5,1,3,10,11
18050203,5,10,9,6,3
18050204,5,2,9,3,11
18050205,10,2,8,9,7
18050206,9,11,7,1,3
18050207,4,7,6,5,10
18050208,2,4,3,9,5
18050209,10,9,7,5,8
18050210,8,9,7,6,3
18050211,2,11,10,5,7
18050212,5,3,7,9,1
18050213,9,11,4,5,6
18050214,10,1,9,5,11
18050215,3,9,5,6,10
18050216,5,8,3,9,6
18050217,1,3,2,9,4
18050218,8,4,11,9,2
18050219,4,9,8,7,10
18050220,1,10,7,3,4
18050221,5,10,7,9,4
18050222,5,6,2,10,9
18050223,2,9,5,3,1
18050224,5,10,3,7,1
18050225,10,5,7,1,4
18050226,9,3,11,7,5
18050227,10,3,6,9,7
18050228,3,4,7,11,9
18050229,6,11,7,4,9
18050230,2,7,4,3,10
18050231,2,3,9,10,6
18050232,8,9,1,2,5
18050233,6,7,4,11,1
18050234,3,2,1,8,4
18050235,9,8,1,10,11
18050236,8,3,2,11,6
18050237,3,5,4,1,2
18050238,3,5,4,9,2
18050239,8,9,2,7,3
18050240,8,11,2,4,6
18050241,9,1,5,8,3
18050242,7,2,9,8,11
18050243,5,8,11,3,10
18050244,1,2,3,6,7
18050245,8,2,9,1,3
18050246,8,1,11,7,2
18050247,3,4,9,11,10
18050248,6,2,3,1,10
18050249,10,4,1,11,6
18050250,2,9,4,3,7
18050251,8,11,3,6,10
18050252,9,7,8,5,11
18050253,1,5,4,7,8
18050254,9,4,1,6,5
18050255,6,8,4,1,10
18050256,1,6,9,2,4
18050257,8,5,11,4,6
18050258,9,7,1,10,5
18050259,11,4,6,5,2
18050260,4,6,2,8,11
18050261,11,9,3,8,6
18050262,11,9,10,2,6
18050263,1,6,5,10,9
18050264,2,8,9,7,11
18050265,2,1,11,8,5
18050266,4,7,8,3,1
18050267,11,8,10,6,5
18050268,2,5,6,7,3
18050269,4,7,10,9,3
18050270,6,1,5,9,8
18050271,7,10,1,2,5
18050272,7,10,6,11,5
18050273,6,10,2,4,3
18050274,5,10,8,2,3
18050275,9,3,2,11,5
18050276,5,7,9,2,1
18050277,2,6,8,1,11
18050278,11,10,4,3,5
18050279,8,2,4,7,10
18050280,4,7,11,5,1
18050281,7,8,11,6,9
18050301,9,1,2,10,6
18050302,4,2,6,11,10
18050303,9,4,6,11,2
18050304,6,3,8,1,9
18050305,6,2,1,9,8
18050306,2,8,3,4,7
18050307,9,1,3,7,8
18050308,9,10,11,7,1
18050309,4,10,1,6,3
18050310,10,3,9,11,7
18050311,10,9,11,1,3
18050312,10,5,7,3,9
18050313,7,10,6,11,1
18050314,8,3,10,4,2
18050315,8,2,3,9,7
18050316,9,5,6,3,10
18050317,4,7,5,3,8
18050318,8,10,9,11,1
18050319,6,7,1,11,8
18050320,5,7,11,10,8
18050321,10,4,1,5,8
18050322,7,1,3,4,8
18050323,9,2,5,10,11
18050324,8,1,3,9,11
18050325,5,2,8,9,4
18050326,8,6,5,4,2
18050327,9,4,6,8,2
18050328,8,7,5,10,11
18050329,7,4,5,8,9
18050330,1,3,2,9,8
18050331,1,7,3,10,8
18050332,9,10,8,1,7
18050333,8,11,7,4,1
18050334,8,11,6,9,2
18050335,8,3,10,11,5
18050336,10,4,11,2,3
18050337,6,2,11,8,10
18050338,11,6,1,10,4
18050339,11,4,9,7,6
18050340,7,4,8,3,6
18050341,2,11,10,3,8
18050342,1,11,9,7,6
18050343,4,9,2,6,3
18050344,8,1,4,3,9
18050345,7,10,11,6,2
18050346,6,7,1,5,11
18050347,11,7,6,1,4
18050348,3,1,10,4,7
18050349,11,8,5,9,7
18050350,3,4,7,2,1
18050351,6,4,8,7,9
18050352,5,2,3,7,1
18050353,4,5,6,11,3
18050354,5,4,7,8,9
18050355,6,9,3,8,7
18050356,9,10,1,8,5
18050357,8,3,4,10,6
18050358,4,1,2,9,7
18050359,11,8,7,4,2
18050360,10,9,7,3,11
18050361,3,10,7,6,8
18050362,6,11,10,1,8
18050363,6,3,11,4,1
18050364,4,1,9,6,7
18050365,3,4,1,2,5
18050366,4,1,6,9,5
18050367,7,3,4,6,1
18050368,4,11,8,6,2
18050369,10,3,6,5,9
18050370,10,6,11,4,7
18050371,9,7,8,5,3
18050372,7,10,2,4,1
18050373,6,7,3,8,4
18050374,3,10,9,6,8
18050375,2,7,6,8,11
18050376,9,1,4,5,2
18050377,5,4,3,10,2
18050378,6,2,3,5,7
18050379,2,7,4,11,5
18050380,4,9,2,7,10
18050381,8,6,2,3,1
18050401,5,1,9,10,3
18050402,2,8,9,5,4
18050403,8,10,2,9,4
18050404,4,10,1,11,9
18050405,3,5,2,8,9
18050406,9,5,4,2,11
18050407,9,10,5,3,8
18050408,10,6,7,4,5
18050409,4,11,2,6,10
18050410,1,9,5,7,3
18050411,8,10,9,1,5
18050412,8,6,2,9,1
18050413,9,7,8,5,1
18050414,8,2,10,3,9
18050415,9,2,7,3,6
18050416,3,11,9,6,10
18050417,7,1,3,8,11
18050418,7,11,10,1,3
18050419,8,10,3,6,11
18050420,2,5,1,8,9
18050421,5,6,10,2,3
18050422,10,5,9,3,8
18050423,8,3,10,4,11
18050424,3,2,9,10,1
18050425,6,11,10,2,9
18050426,3,10,9,11,2
18050427,1,7,5,4,3
18050428,6,1,9,5,4
18050429,9,7,8,11,2
18050430,4,9,10,3,8
18050431,11,1,2,8,7
18050432,9,4,8,5,11
18050433,9,11,5,10,7
18050434,5,7,9,4,3
18050435,11,3,5,1,6
18050436,9,2,4,6,1
18050437,9,8,1,5,4
18050438,9,8,2,10,3
18050439,7,9,3,8,2
18050440,3,6,7,8,10
18050441,4,9,7,2,11
18050442,11,5,8,4,1
18050443,8,7,3,10,1
18050444,11,8,10,5,6
18050445,8,3,5,10,1
18050446,4,3,6,10,9
18050447,8,3,9,5,10
18050448,11,3,4,1,10
18050449,10,7,4,2,6
18050450,5,2,7,3,9
18050451,4,9,11,5,6
18050452,3,10,8,7,11
18050453,8,4,11,5,2
18050454,1,3,9,4,8
18050455,8,4,9,7,1
18050456,10,3,4,2,11
18050457,1,11,2,10,7
18050458,11,7,1,3,4
18050459,1,11,2,8,6
18050460,6,11,7,3,1
18050461,9,6,11,3,4
18050462,7,1,10,2,6
18050463,6,5,3,11,4
18050464,6,7,2,11,8
18050465,10,4,7,11,1
18050466,4,6,2,5,7
18050467,10,11,4,8,3
18050468,10,4,3,5,6
18050469,2,6,5,9,10
18050470,10,1,6,3,4
18050471,1,2,8,4,9
18050472,11,5,6,9,8
18050473,3,6,8,2,7
18050474,2,4,5,8,11
18050475,10,3,2,4,9
18050476,8,7,9,10,6
18050477,10,8,9,5,7
18050478,6,8,3,11,1
18050479,9,6,5,8,10
18050480,4,9,3,6,5
18050481,4,10,11,9,1
18050501,11,4,8,2,1
18050502,3,9,10,1,8
18050503,8,5,6,4,9
18050504,6,3,7,11,5
18050505,9,3,10,5,7
18050506,9,3,10,2,6
18050507,4,1,6,2,11
18050508,1,3,5,2,9
18050509,1,5,6,8,2
18050510,1,2,6,7,9
18050511,6,10,8,1,4
18050512,11,10,9,1,3
18050513,4,1,7,2,5
18050514,4,2,9,5,11
18050515,7,3,8,6,10
18050516,10,2,5,11,7
18050517,2,5,9,7,10
18050518,9,5,11,6,3
18050519,4,7,8,2,10
18050520,2,8,7,4,11
18050521,7,8,1,9,10
18050522,9,8,7,10,6
18050523,6,1,7,10,4
18050524,4,7,3,8,6
18050525,5,4,10,2,8
18050526,10,7,3,4,9
18050527,7,2,11,10,4
18050528,3,1,10,11,5
18050529,5,6,7,4,11
18050530,5,3,6,2,1
18050531,2,3,6,9,11
18050532,9,3,6,7,4
18050533,10,1,8,5,7
18050534,8,3,10,6,9
18050535,1,6,8,2,9
18050536,5,1,7,4,2
18050537,2,5,7,8,11
18050538,6,1,9,10,11
18050539,11,10,4,1,8
18050540,10,1,6,8,2
18050541,7,4,10,3,8
18050542,1,6,8,9,11
18050543,7,6,8,5,1
18050544,3,8,9,2,6
18050545,10,2,6,9,4
18050546,11,2,10,4,5
18050547,9,4,6,7,5
18050548,3,10,9,11,1
18050549,10,1,9,7,11
18050550,8,6,5,1,7
18050551,11,10,4,8,6
18050552,4,3,8,10,5
18050553,2,9,4,8,7
18050554,7,8,6,1,3
18050555,1,6,8,9,7
18050556,11,5,2,10,7
18050557,3,11,1,9,6
18050558,2,4,8,10,5
18050559,1,2,4,7,9
18050560,3,6,9,5,10
18050561,11,1,6,9,4
18050562,4,10,2,1,3
18050563,10,3,9,8,1
18050564,7,10,2,3,6
18050565,1,9,2,11,7
18050566,1,8,9,6,11
18050567,3,4,7,2,6
18050568,7,8,4,5,10
18050569,9,7,2,5,10
18050570,1,5,8,6,3
18050571,8,2,11,9,7
18050572,11,7,3,1,10
18050573,11,7,10,8,9
18050574,10,2,1,3,7
18050575,11,3,4,10,2
18050576,10,2,9,5,11
18050577,5,6,10,11,2
18050578,11,7,3,2,5
18050579,1,11,2,10,9
18050580,10,9,6,8,3
18050581,8,4,5,10,2
18050601,5,1,3,6,10
18050602,2,9,8,7,4
18050603,9,3,4,8,6
18050604,7,4,10,11,3
18050605,7,2,5,11,9
18050606,9,1,11,6,10
18050607,2,3,8,6,5
18050608,6,8,5,1,3
18050609,2,7,4,1,8
18050610,10,9,7,2,4
18050611,11,6,8,4,10
18050612,5,1,11,6,10
18050613,10,1,3,5,9
18050614,8,3,11,7,5
18050615,3,11,9,1,8
18050616,11,1,6,9,5
18050617,9,10,3,6,1
18050618,11,3,8,7,4
18050619,7,6,10,8,3
18050620,6,1,9,11,4
18050621,6,1,3,8,2
18050622,7,6,10,3,1
18050623,7,11,8,3,2
18050624,8,4,10,7,6
18050625,7,8,3,11,9
18050626,9,4,5,3,6
18050627,5,11,7,2,1
18050628,6,11,10,5,2
18050629,4,7,6,2,8
18050630,4,1,7,8,2
18050631,3,4,2,5,9
18050632,5,7,8,1,11
18050633,9,1,5,3,4
18050634,7,2,3,4,10
18050635,8,10,3,5,9
18050636,5,4,2,11,9
18050637,10,6,8,9,11
18050638,11,3,5,9,1
18050639,10,2,6,11,8
18050640,3,10,6,8,4
18050641,10,4,8,7,11
18050642,7,4,10,3,5
18050643,2,1,7,10,6
18050644,10,8,7,1,5
18050645,10,6,7,3,9
18050646,7,6,3,9,5
18050647,9,3,5,1,4
18050648,11,5,8,7,4
18050649,8,6,10,9,5
18050650,2,6,4,11,5
18050651,11,7,9,10,2
18050652,8,3,2,11,10
18050653,3,2,8,5,7
18050654,5,10,7,2,6
18050655,10,3,1,7,5
18050656,1,2,9,8,11
18050657,3,7,2,9,6
18050658,3,9,7,2,5
18050659,9,3,10,6,7
18050660,6,3,9,7,10
18050661,11,8,1,2,6
18050662,4,6,5,9,2
18050663,11,6,3,7,2
18050664,11,6,3,10,9
18050665,11,7,10,2,6
18050666,7,4,2,6,11
18050667,6,4,10,11,8
18050668,7,4,6,11,3
18050669,1,2,6,11,9
18050670,2,11,6,8,7
18050671,11,1,10,3,5
18050672,10,4,1,2,9
18050673,8,7,4,1,6
18050674,1,2,5,11,9
18050675,4,7,9,11,10
18050676,9,2,6,7,10
18050677,3,4,7,1,9
18050678,11,2,7,9,6
18050679,11,7,1,2,4
18050680,7,8,6,2,5
18050681,3,8,4,2,1
18050701,11,10,2,6,5
18050702,3,9,8,11,6
18050703,6,4,8,10,7
18050704,10,8,3,2,11
18050705,11,9,4,7,5
18050706,5,10,2,1,11
18050707,2,6,1,5,3
18050708,11,4,7,8,5
18050709,3,10,4,7,9
18050710,8,11,7,4,3
18050711,7,1,3,5,8
18050712,10,4,1,11,2
18050713,6,8,9,7,4
18050714,4,3,6,9,2
18050715,11,2,7,10,8
18050716,9,5,8,4,3
18050717,9,11,6,10,1
18050718,6,5,10,11,8
18050719,8,2,7,11,1
18050720,8,9,4,6,5
18050721,5,6,4,9,3
18050722,2,8,10,9,7
18050723,6,3,5,8,1
18050724,2,5,7,10,4
18050725,5,4,7,1,8
18050726,3,4,2,9,6
18050727,4,7,5,9,3
18050728,5,1,4,8,7
18050729,10,7,4,8,11
18050730,9,1,4,8,10
18050731,5,9,2,4,6
18050732,9,2,4,11,6
18050733,5,10,7,3,9
18050734,1,9,5,10,2
18050735,5,1,7,6,4
18050736,1,5,10,11,4
18050737,11,7,5,4,8
18050738,2,10,5,9,11
18050739,4,3,11,2,9
18050740,8,2,6,3,4
18050741,10,2,9,3,8
18050742,6,7,11,1,3
18050743,1,11,2,7,5
18050744,5,1,4,9,10
18050745,1,10,2,11,3
18050746,10,2,1,6,5
18050747,10,1,2,11,7
18050748,3,7,1,5,4
18050749,2,6,11,3,8
18050750,7,5,1,4,3
18050751,9,2,4,10,1
18050752,6,9,3,5,4
18050753,10,8,7,5,11
18050754,4,11,6,9,7
18050755,4,10,5,2,9
18050756,9,1,3,7,11
18050757,1,5,7,2,4
18050758,1,7,9,11,8
18050759,3,5,7,11,1
18050760,3,4,11,6,1
18050761,4,1,10,5,8
18050762,11,5,7,6,3
18050763,10,9,1,2,4
18050764,6,4,1,2,10
18050765,6,2,5,10,8
18050766,5,10,3,6,8
18050767,11,6,8,1,2
18050768,11,8,7,9,6
18050769,6,5,11,8,9
18050770,5,2,9,11,8
18050771,10,1,9,2,4
18050772,4,3,2,8,11
18050773,9,10,4,5,7
18050774,10,1,2,3,4
18050775,10,1,2,9,8
18050776,7,3,9,4,6
18050777,9,2,5,7,4
18050778,5,11,4,9,7
18050779,6,2,5,9,7
18050780,7,5,1,9,3
18050781,6,9,4,1,8
18050801,1,9,5,8,10
18050802,6,8,11,4,1
18050803,10,4,9,11,7
18050804,5,7,10,3,6
18050805,3,5,10,9,1
18050806,1,6,10,11,9
18050807,4,7,9,2,1
18050808,4,3,5,1,10
18050809,1,10,11,2,6
18050810,10,6,1,11,3
18050811,1,2,4,10,11
18050812,11,10,2,8,4
18050813,5,2,11,7,3
18050814,6,10,1,9,5
18050815,8,11,10,2,4
18050816,6,9,11,1,4
18050817,3,10,6,9,11
18050818,5,11,7,9,3
18050819,2,5,6,10,1
18050820,1,11,5,2,8
18050821,9,11,6,3,5
18050822,4,7,1,9,5
18050823,7,3,2,11,5
18050824,3,11,8,9,1
18050825,8,9,7,10,6
18050826,1,8,5,7,6
18050827,9,1,10,7,8
18050828,7,4,2,1,3
18050829,11,4,9,2,8
18050830,8,9,5,7,4
18050831,3,9,2,5,7
18050832,11,5,1,6,2
18050833,7,8,5,1,6
18050834,8,6,11,1,4
18050835,10,4,11,6,1
18050836,6,5,4,11,10
18050837,9,11,5,4,8
18050838,2,8,1,11,10
18050839,1,11,2,8,4
18050840,6,7,3,5,10
18050841,4,5,8,1,6
18050842,11,6,1,4,5
18050843,8,10,3,5,9
18050844,11,3,7,6,1
18050845,5,6,9,2,1
18050846,8,11,7,3,2
18050847,8,5,10,9,3
18050848,11,4,8,7,6
18050849,7,11,6,4,2
18050850,2,5,6,7,4
18050851,8,9,11,1,10
18050852,6,4,3,5,11
18050853,2,4,9,11,3
18050854,11,7,6,1,9
18050855,7,9,10,6,8
18050856,3,5,1,11,4
18050857,3,11,7,9,2
18050858,3,9,7,11,5
18050859,1,7,9,4,2
18050860,2,3,9,10,11
18050861,11,4,9,5,6
18050862,6,10,9,8,5
18050863,4,5,3,7,8
18050864,4,9,7,10,11
18050865,7,2,10,5,3
18050866,5,11,8,9,10
18050867,2,3,10,9,8
18050868,10,2,9,4,11
18050869,6,10,3,2,11
18050870,7,2,6,4,11
18050871,2,6,8,4,11
18050872,1,9,3,6,8
18050873,11,7,5,10,1
18050874,11,1,5,3,7
18050875,5,4,9,3,8
18050876,8,2,3,5,7
18050877,10,1,7,6,8
18050878,10,5,4,7,2
18050879,10,6,3,4,8
18050880,2,4,10,7,8
18050881,7,9,3,11,4
18050901,6,9,3,11,1
18050902,5,4,1,6,2
18050903,10,3,5,6,2
18050904,8,4,6,11,1
18050905,8,6,1,9,3
18050906,1,6,8,7,5
18050907,6,3,7,10,9
18050908,2,11,5,6,10
18050909,6,11,2,8,1
18050910,8,10,7,4,2
18050911,3,1,10,8,2
18050912,10,3,7,8,5
18050913,8,10,4,11,6
18050914,4,6,11,1,5
18050915,11,7,3,4,2
18050916,7,11,8,9,5
18050917,10,2,7,11,8
18050918,11,7,3,8,4
18050919,1,2,4,8,11
18050920,11,1,6,5,7
18050921,2,3,11,7,4
18050922,5,8,1,6,7
18050923,11,1,10,9,8
18050924,10,4,9,7,5
18050925,8,9,5,1,10
18050926,6,4,8,3,2
18050927,1,10,9,8,5
18050928,5,7,6,8,1
18050929,1,4,7,5,10
18050930,5,10,3,11,9
18050931,6,8,4,11,2
18050932,9,4,2,8,1
18050933,9,1,4,5,2
18050934,6,4,3,11,1
18050935,1,7,5,9,2
18050936,8,2,9,4,11
18050937,1,5,2,9,6
18050938,6,9,8,7,2
18050939,11,9,3,1,2
18050940,8,1,4,9,3
18050941,5,11,6,10,7
18050942,9,2,10,1,6
18050943,10,7,3,1,5
18050944,9,6,8,1,11
18050945,6,8,2,10,4
18050946,1,4,9,7,5
18050947,7,8,1,4,10
18050948,8,7,3,5,4
18050949,2,8,10,6,1
18050950,4,3,9,7,5
18050951,10,5,2,4,7
18050952,11,9,8,5,7
18050953,5,1,11,7,8
18050954,8,9,1,5,7
18050955,1,10,11,5,2
18050956,2,10,5,8,7
18050957,11,1,5,7,9
18050958,7,1,3,5,11
18050959,4,9,5,1,2
18050960,11,10,7,6,3
18050961,6,5,1,2,10
18050962,11,7,3,9,8
18050963,4,1,3,7,8
18050964,10,8,5,11,2
18050965,4,6,9,7,8
18050966,1,5,6,4,2
18050967,4,9,2,11,3
18050968,2,11,9,1,4
18050969,10,5,2,1,7
18050970,3,10,5,7,8
18050971,1,11,7,3,6
18050972,3,9,6,1,7
18050973,11,10,7,3,4
18050974,3,7,4,11,10
18050975,11,9,4,10,1
18050976,5,7,9,3,1
18050977,5,8,9,1,4
18050978,1,4,10,5,9
18050979,2,10,8,11,3
18050980,11,1,7,8,10
18050981,6,1,9,3,7
18051001,8,11,6,3,2
18051002,4,10,8,9,6
18051003,9,8,7,5,6
18051004,10,9,7,11,4
18051005,2,6,3,4,11
18051006,9,8,4,5,3
18051007,8,5,10,11,6
18051008,10,1,8,6,4
18051009,11,5,6,10,8
18051010,5,4,2,10,7
18051011,10,4,6,1,3
18051012,6,5,3,2,7
18051013,11,2,1,5,10
18051014,5,9,3,4,8
18051015,1,7,3,2,4
18051016,9,4,2,11,8
18051017,11,8,7,9,6
18051018,3,4,1,6,9
18051019,8,10,5,11,9
18051020,5,6,10,9,11
18051021,8,11,1,6,2
18051022,4,9,2,11,1
18051023,7,11,10,2,5
18051024,2,10,6,11,7
18051025,3,5,10,6,2
18051026,3,7,6,11,10
18051027,7,10,8,4,5
18051028,6,4,2,7,1
18051029,10,7,8,3,6
18051030,9,7,1,11,4
18051031,9,3,7,2,4
18051032,3,7,1,2,9
18051033,8,10,2,7,11
18051034,9,3,6,1,5
18051035,5,6,11,8,10
18051036,3,11,9,10,7
18051037,7,5,11,8,2
18051038,5,10,1,11,6
18051039,3,8,7,1,5
18051040,1,5,11,9,7
18051041,4,1,10,11,7
18051042,8,7,1,2,5
18051043,9,7,3,4,5
18051044,11,9,4,8,7
18051045,3,6,1,11,4
18051046,1,3,7,9,11
18051047,3,6,2,11,1
18051048,11,4,7,1,3
18051049,8,3,6,11,10
18051050,2,10,4,9,3
18051051,10,6,7,11,1
18051052,4,9,1,5,10
18051053,10,4,6,8,2
18051054,4,5,9,2,11
18051055,6,2,11,1,10
18051056,8,3,7,11,5
18051057,8,5,9,10,6
18051058,3,9,7,11,6
18051059,5,9,1,6,4
18051060,10,1,11,7,3
18051061,4,10,2,6,11
18051062,8,11,4,10,7
18051063,10,6,5,11,1
18051064,3,10,9,4,6
18051065,7,4,9,5,6
18051066,10,3,5,6,1
18051067,7,3,6,5,4
18051068,7,3,6,2,10
18051069,4,7,10,9,1
18051070,7,8,5,4,6
18051071,8,5,4,6,9
18051072,8,9,4,2,11
18051073,7,9,5,1,3
18051074,3,7,11,5,2
18051075,1,7,9,6,4
18051076,3,5,7,6,11
18051077,4,1,8,7,2
18051078,11,8,4,7,3
18051079,3,6,1,9,7
18051080,8,5,10,4,3
18051081,9,3,4,5,11
18051101,11,9,8,1,10
18051102,7,1,2,9,8
18051103,7,11,6,1,4
18051104,3,1,11,2,8
18051105,4,11,9,8,6
18051106,11,1,7,2,5
18051107,5,6,1,10,2
18051108,7,4,3,5,6
18051109,10,3,4,8,11
18051110,9,8,10,5,3
18051111,6,4,1,5,11
18051112,2,4,7,11,10
18051113,9,7,4,6,1
18051114,7,11,6,3,4
18051115,1,4,5,7,2
18051116,8,10,3,7,4
18051117,4,8,11,2,6
18051118,11,8,7,5,9
18051119,5,7,1,2,4
18051120,2,9,3,4,10
18051121,3,11,1,9,4
18051122,5,8,3,2,9
18051123,7,3,8,4,2
18051124,3,2,7,4,6
18051125,7,11,4,10,1
18051126,4,2,10,3,5
18051127,5,9,1,11,3
18051128,7,3,1,11,10
18051129,4,9,11,7,1
18051130,2,8,11,4,1
18051131,2,7,6,11,4
18051132,2,7,4,11,3
18051133,7,2,11,5,9
18051134,9,2,3,8,6
18051135,10,7,4,11,8
18051136,1,6,8,5,3
18051137,10,6,7,9,4
18051138,5,3,10,8,7
18051139,4,5,7,11,1
18051140,6,2,8,3,11
18051141,6,7,5,11,10
18051142,8,7,10,9,3
18051143,2,7,8,11,10
18051144,9,10,2,5,1
18051145,7,2,6,10,11
18051146,5,4,8,1,10
18051147,8,10,5,9,6
18051148,7,11,10,9,5
18051149,2,10,11,1,3
18051150,11,9,4,6,10
18051151,8,3,6,10,11
18051152,9,1,8,3,10
18051153,3,8,11,1,5
18051154,10,4,7,9,1
18051155,8,4,5,7,6
18051156,5,6,4,2,9
18051157,9,4,7,6,3
18051158,8,10,2,4,3
18051159,4,1,10,6,8
18051160,8,11,2,3,1
18051161,4,11,5,1,7
18051162,5,1,6,4,11
18051163,10,1,6,2,3
18051164,9,3,7,11,6
18051165,9,7,11,2,4
18051166,7,5,1,6,9
18051167,5,3,7,10,9
18051168,11,7,5,10,8
18051169,1,7,5,8,9
18051170,3,6,5,11,8
18051171,4,11,7,9,8
18051172,3,4,6,10,7
18051173,11,10,9,5,1
18051174,11,5,3,9,4
18051175,6,1,9,5,3
18051176,1,4,6,11,2
18051177,10,1,6,3,8
18051178,4,1,9,5,6
18051179,11,7,5,6,1
18051180,6,4,11,8,5
18051181,4,3,7,1,6
18051201,2,9,4,6,10
18051202,5,8,3,1,6
18051203,5,10,8,2,1
18051204,8,2,5,4,11
18051205,9,7,2,11,8
18051206,2,11,6,1,9
18051207,3,11,9,4,5
18051208,10,6,4,2,8
18051209,7,3,4,1,10
18051210,1,7,11,2,4
18051211,5,2,8,3,7
18051212,6,4,10,11,9
18051213,8,11,7,2,6
18051214,9,10,3,6,11
18051215,7,2,5,11,8
18051216,7,6,10,3,5
18051217,1,5,4,6,3
18051218,9,1,7,2,8
18051219,3,5,8,10,4
18051220,11,7,4,9,1
18051221,5,6,9,2,4
18051222,8,4,10,11,9
18051223,9,8,6,5,3
18051224,3,5,11,2,9
18051225,1,4,6,10,7
18051226,6,4,2,10,9
18051227,4,3,6,11,7
18051228,4,5,2,11,8
18051229,11,5,6,3,1
18051230,11,7,1,10,4
18051231,4,10,2,7,3
18051232,8,3,7,2,11
18051233,4,2,1,10,6
18051234,11,3,4,8,1
18051235,8,9,10,1,5
18051236,9,4,11,10,7
18051237,8,10,3,2,7
18051238,10,6,1,4,7
18051239,5,11,2,4,1
18051240,1,4,6,7,8
18051241,1,6,2,8,10
18051242,6,11,7,1,10
18051243,2,5,3,6,11
18051244,5,10,4,1,9
18051245,7,4,11,2,10
18051246,5,11,3,7,1
18051247,1,9,11,8,7
18051248,11,10,6,7,9
18051249,7,11,8,3,9
18051250,2,11,8,7,10
18051251,5,6,9,2,11
18051252,3,7,8,9,5
18051253,4,3,5,8,6
18051254,10,3,6,5,9
18051255,3,9,4,7,1
18051256,5,1,6,9,10
18051257,7,6,3,1,8
18051258,3,7,9,4,1
18051259,3,4,6,10,9
18051260,11,5,9,6,10
18051261,8,10,6,4,7
18051262,10,9,7,6,1
18051263,6,1,10,2,7
18051264,7,8,10,11,9
18051265,2,9,10,3,4
18051266,3,8,7,10,2
18051267,11,6,2,10,5
18051268,2,8,1,3,4
18051269,1,2,3,9,4
18051270,5,4,3,11,10
18051271,6,3,2,1,4
18051272,11,8,3,6,9
18051273,3,10,11,5,8
18051274,6,11,1,5,7
18051275,8,1,5,10,11
18051276,7,1,6,2,10
18051277,8,10,1,9,11
18051278,10,4,6,1,8
18051279,7,3,10,9,2
18051280,2,3,9,1,11
18051281,2,8,6,1,3
18051301,8,1,3,7,5
18051302,4,7,8,10,1
18051303,1,2,10,11,3
18051304,11,2,7,10,4
18051305,10,5,2,3,8
18051306,8,11,9,7,10
18051307,6,5,9,4,2
18051308,9,3,10,6,11
18051309,7,10,5,9,8
18051310,7,4,10,11,3
18051311,3,1,5,6,8
18051312,7,3,9,5,6
18051313,2,7,9,10,8
18051314,8,6,9,3,2
18051315,1,2,9,5,11
18051316,2,8,3,11,7
18051317,11,8,3,6,2
18051318,11,3,6,5,7
18051319,8,3,7,10,9
18051320,1,3,9,2,8
18051321,11,1,3,5,8
18051322,6,5,4,2,8
18051323,2,1,7,4,5
18051324,9,6,2,1,8
18051325,7,6,5,11,4
18051326,10,5,3,7,8
18051327,11,7,8,6,1
18051328,11,2,6,7,10
18051329,8,11,2,4,6
18051330,3,9,1,7,4
18051331,1,3,11,10,5
18051332,6,9,2,3,4
18051333,11,2,1,6,10
18051334,7,9,4,3,2
18051335,9,4,1,7,3
18051336,1,10,11,4,5
18051337,4,2,3,6,7
18051338,4,1,8,10,6
18051339,11,3,8,1,7
18051340,3,8,10,5,2
18051341,10,2,3,8,1
18051342,8,2,5,1,9
18051343,4,7,10,3,2
18051344,4,8,9,5,6
18051345,5,4,3,9,7
18051346,8,2,6,4,1
18051347,8,6,3,11,4
18051348,4,5,1,8,6
18051349,3,5,4,11,10
18051350,6,4,9,3,8
18051351,4,11,10,5,7
18051352,3,11,9,6,10
18051353,6,2,3,11,1
18051354,10,4,9,11,1
18051355,6,3,11,1,5
18051356,11,7,6,8,3
18051357,4,8,3,1,11
18051358,6,1,7,5,10
18051359,4,9,6,3,10
18051360,11,8,7,5,4
18051361,9,5,8,2,3
18051362,7,2,4,6,9
18051363,1,5,2,9,3
18051364,6,4,7,10,3
18051365,6,4,10,8,5
18051366,4,7,2,9,8
18051367,7,10,5,4,3
18051368,9,8,5,7,6
18051369,1,9,11,5,10
18051370,4,7,9,3,2
18051371,1,7,4,5,10
18051372,10,3,9,11,5
18051373,5,4,8,2,6
18051374,4,9,10,7,11
18051375,11,1,8,7,2
18051376,10,6,4,8,1
18051377,7,3,6,10,5
18051378,9,4,6,5,8
18051379,1,2,11,5,7
18051380,6,5,11,3,2
18051381,6,2,5,11,10
18051401,7,3,9,10,4
18051402,7,11,3,9,1
18051403,2,4,6,7,3
18051404,4,7,8,1,6
18051405,1,5,8,11,2
18051406,1,2,11,10,5
18051407,1,9,4,5,3
18051408,5,1,6,3,9
18051409,2,8,4,1,5
18051410,9,2,6,3,11
18051411,9,7,1,5,10
18051412,2,11,3,8,1
18051413,7,1,3,6,10
18051414,1,3,11,5,7
18051415,10,7,9,11,5
18051416,1,9,4,10,7
18051417,7,2,8,5,6
18051418,8,11,10,6,3
18051419,3,1,2,10,6
18051420,1,10,7,11,6
18051421,7,5,6,10,4
18051422,8,3,7,5,6
18051423,4,11,1,10,7
18051424,1,10,11,9,4
18051425,3,1,10,11,6
18051426,4,7,11,10,9
18051427,5,10,8,1,4
18051428,5,11,7,4,9
18051429,10,9,3,6,2
18051430,4,10,2,7,11
18051431,9,5,2,4,8
18051432,1,11,2,7,8
18051433,5,9,1,2,8
18051434,7,3,10,1,11
18051435,11,3,9,2,8
18051436,10,5,1,4,8
18051437,4,11,1,9,7
18051438,10,6,8,7,1
18051439,7,6,2,10,9
18051440,6,8,9,7,2
18051441,7,9,11,5,6
18051442,7,11,9,10,3
18051443,5,3,2,9,10
18051444,9,11,5,7,6
18051445,7,1,4,3,10
18051446,1,3,11,2,7
18051447,4,7,1,10,2
18051448,5,6,1,11,9
18051449,6,11,3,1,4
18051450,2,1,7,11,10
18051451,7,2,4,8,5
18051452,2,7,11,6,9
18051453,11,7,3,5,6
18051454,5,3,10,9,7
18051455,11,5,6,3,10
18051456,8,10,6,7,1
18051457,10,11,3,6,9
18051458,7,2,6,5,10
18051459,2,1,6,9,8
18051460,10,4,8,3,2
18051461,8,7,5,4,6
18051462,7,3,1,5,4
18051463,11,9,1,4,8
18051464,10,11,5,2,9
18051465,10,3,7,9,5
18051466,10,11,9,5,8
18051467,8,10,7,1,5
18051468,9,6,3,2,4
18051469,3,8,7,6,4
18051470,8,11,1,5,3
18051471,7,4,11,6,3
18051472,5,4,10,3,7
18051473,9,6,8,3,11
18051474,1,9,11,10,3
18051475,8,3,7,11,10
18051476,3,9,5,8,2
18051477,8,9,11,6,1
18051478,11,1,9,2,5
18051479,7,4,10,8,3
18051480,10,9,1,2,7
18051481,10,11,1,6,2
18051501,3,5,6,2,4
18051502,4,11,1,3,8
18051503,1,9,6,4,7
18051504,9,1,8,5,7
18051505,3,11,8,7,2
18051506,8,4,2,7,3
18051507,2,11,3,5,7
18051508,11,2,5,3,4
18051509,9,6,5,10,3
18051510,2,5,10,3,4
18051511,9,4,1,7,6
18051512,10,5,2,1,7
18051513,8,7,6,1,2
18051514,11,1,7,2,5
18051515,11,10,8,4,9
18051516,8,4,11,9,6
18051517,5,9,11,7,1
18051518,6,11,4,8,1
18051519,1,5,2,6,10
18051520,10,6,9,3,1
18051521,1,2,6,9,11
18051522,3,1,8,4,7
18051523,10,3,7,4,11
18051524,9,1,11,7,2
18051525,1,5,7,2,3
18051526,5,6,8,2,1
18051527,11,4,8,9,2
18051528,9,8,11,7,3
18051529,2,7,9,5,11
18051530,2,1,6,5,9
18051531,1,5,2,3,7
18051532,5,11,1,8,10
18051533,6,10,2,8,9
18051534,11,4,7,1,8
18051535,1,4,2,10,7
18051536,3,4,7,2,5
18051537,2,10,3,11,1
18051538,2,7,9,3,11
18051539,4,10,5,9,1
18051540,11,8,6,2,3
18051541,11,9,5,8,7
18051542,4,2,1,11,7
18051543,8,7,5,4,10
18051544,1,6,3,5,11
18051545,3,5,9,1,10
18051546,6,7,8,1,4
18051547,8,6,5,10,11
18051548,1,7,5,8,4
18051549,8,5,6,4,10
18051550,3,7,1,5,11
18051551,7,9,3,5,4
18051552,7,5,9,8,3
18051553,6,11,4,10,5
18051554,7,10,5,6,9
18051555,3,4,6,8,10
18051556,9,8,2,1,10
18051557,3,9,5,7,10
18051558,8,5,2,7,4
18051559,4,1,11,6,8
18051560,4,5,8,1,11
18051561,7,3,9,2,6
18051562,3,2,11,9,1
18051563,7,6,1,2,8
18051564,7,10,4,2,5
18051565,4,2,7,1,9
18051566,2,4,10,3,9
18051567,10,2,5,11,8
18051568,11,1,7,2,8
18051569,4,2,6,5,9
18051570,10,2,11,1,4
18051571,7,4,9,2,1
18051572,1,7,5,9,6
18051573,6,1,11,5,2
18051574,1,8,6,11,5
18051575,2,10,4,8,11
18051576,6,1,5,10,4
18051577,7,6,3,11,1
18051578,7,8,9,10,2
18051579,10,8,1,7,2
18051580,3,11,9,6,1
18051581,3,8,11,7,4
18051601,2,5,1,10,6
18051602,5,10,4,7,6
18051603,11,3,2,7,5
18051604,9,7,10,1,8
18051605,5,2,9,3,7
18051606,1,3,6,7,11
18051607,7,3,11,1,4
18051608,9,6,4,5,2
18051609,2,1,8,5,10
18051610,5,3,11,7,8
18051611,8,6,2,11,7
18051612,4,7,3,9,1
18051613,10,2,1,7,11
18051614,5,7,6,8,9
18051615,11,2,1,5,8
18051616,5,11,6,4,10
18051617,3,5,4,11,7
18051618,7,10,4,9,3
18051619,5,4,10,7,2
18051620,2,9,7,1,11
18051621,3,9,7,4,5
18051622,10,3,8,9,1
18051623,1,4,9,6,10
18051624,4,9,3,11,1
18051625,8,7,4,11,10
18051626,4,3,9,7,5
18051627,4,3,9,10,11
18051628,9,3,5,4,6
18051629,8,6,5,11,7
18051630,7,9,2,11,1
18051631,5,3,8,6,11
18051632,4,5,11,10,8
18051633,8,3,11,9,7
18051634,8,5,4,3,2
18051635,1,7,9,11,3
18051636,2,6,5,11,4
18051637,9,5,8,7,6
18051638,11,7,2,1,8
18051639,2,11,6,4,5
18051640,9,4,10,3,6
18051641,8,3,6,1,11
18051642,5,3,9,11,4
18051643,10,1,5,7,4
18051644,1,6,10,11,2
18051645,11,2,6,9,7
18051646,7,10,2,1,6
18051647,8,9,5,11,3
18051648,10,9,2,1,5
18051649,6,7,4,9,3
18051650,4,1,8,11,7
18051651,5,6,10,4,2
18051652,2,11,4,7,5
18051653,1,2,3,7,4
18051654,7,8,2,9,5
18051655,11,8,3,4,7
18051656,5,11,2,6,8
18051657,11,8,5,9,1
18051658,10,3,7,1,6
18051659,2,10,11,8,4
18051660,7,9,11,6,3
18051661,4,11,8,6,3
18051662,4,6,1,10,5
18051663,8,11,3,6,2
18051664,8,3,4,11,5
18051665,3,10,8,9,7
18051666,11,6,4,3,2
18051667,4,9,5,3,1
18051668,5,11,3,4,7
18051669,7,3,4,1,5
18051670,7,1,9,6,8
18051671,7,10,8,11,1
18051672,7,3,11,2,4
18051673,1,6,8,11,2
18051674,2,6,9,10,5
18051675,11,3,6,2,5
18051676,4,1,5,11,10
18051677,3,11,7,4,2
18051678,8,1,2,10,7
18051679,8,1,7,2,3
18051680,7,9,1,6,2
18051681,3,2,11,7,8
18051701,8,11,1,7,9
18051702,7,4,10,6,1
18051703,9,1,7,2,4
18051704,9,7,3,2,11
18051705,10,4,3,6,11
18051706,3,5,6,1,9
18051707,7,6,10,3,9
18051708,4,10,11,7,8
18051709,6,1,9,4,2
18051710,3,11,1,4,5
18051711,3,2,9,6,10
18051712,8,6,11,2,10
18051713,4,8,7,6,11
18051714,9,4,6,8,5
18051715,9,2,5,1,10
18051716,8,4,2,11,10
18051717,9,11,2,1,4
18051718,11,5,9,10,8
18051719,8,2,5,10,9
18051720,3,8,2,5,10
18051721,9,4,7,3,6
18051722,11,4,8,2,5
18051723,9,1,8,6,3
18051724,4,8,7,6,5
18051725,7,2,9,10,11
18051726,6,1,10,7,5
18051727,3,4,2,5,11
18051728,9,4,6,5,8
18051729,3,11,6,7,9
18051730,7,2,9,6,5
18051731,7,1,4,2,6
18051732,9,11,3,1,8
18051733,7,9,4,1,6
18051734,3,10,9,2,6
18051735,8,1,7,4,6
18051736,3,1,8,7,5
18051737,11,4,7,6,8
18051738,7,2,11,4,6
18051739,6,1,11,8,2
18051740,1,3,4,6,8
18051741,11,7,3,10,8
18051742,4,9,1,6,7
18051743,8,4,9,6,1
18051744,3,11,6,10,4
18051745,7,10,8,4,5
18051746,4,2,3,8,1
18051747,3,2,11,5,4
18051748,5,11,1,2,6
18051749,3,9,1,2,6
18051750,7,3,10,4,5
18051751,9,3,4,6,11
18051752,2,6,9,7,3
18051753,5,4,1,8,9
18051754,10,6,11,8,9
18051755,8,9,7,3,10
18051756,3,6,11,9,8
18051757,8,11,2,9,4
18051758,4,2,9,11,10
18051759,10,8,9,3,11
18051760,1,6,7,4,5
18051761,7,2,3,5,8
18051762,10,3,4,8,6
18051763,1,8,2,9,3
18051764,4,5,1,10,9
18051765,5,6,4,10,2
18051766,6,5,3,8,4
18051767,7,10,4,1,11
18051768,1,10,11,2,3
18051769,8,4,6,7,5
18051770,10,11,7,3,5
18051771,4,2,10,1,5
18051772,1,8,6,10,7
18051773,6,2,1,4,9
18051774,10,7,11,9,8
18051775,9,6,10,3,1
18051776,6,2,4,7,9
18051777,10,7,11,4,6
18051778,2,3,4,9,6
18051779,4,5,3,1,8
18051780,2,3,9,10,7
18051781,3,9,1,6,5
18051801,5,2,4,9,11
18051802,1,11,10,4,2
18051803,1,2,5,3,6
18051804,4,3,8,9,6
18051805,1,6,2,7,3
18051806,11,10,3,2,9
18051807,11,1,6,4,5
18051808,6,5,11,3,10
18051809,4,7,1,5,6
18051810,4,1,5,10,7
18051811,11,10,6,5,7
18051812,4,3,2,6,5
18051813,1,4,6,9,11
18051814,5,11,2,7,1
18051815,1,7,2,6,10
18051816,11,8,9,2,6
18051817,5,7,6,3,9
18051818,5,6,11,3,7
18051819,3,11,8,10,6
18051820,9,6,3,5,7
18051821,6,3,5,8,11
18051822,8,5,10,3,7
18051823,5,3,4,7,6
18051824,6,5,11,4,9
18051825,5,6,1,3,11
18051826,6,10,2,5,9
18051827,8,1,11,2,6
18051828,2,6,1,9,7
18051829,6,11,3,9,5
18051830,6,8,10,9,5
18051831,11,6,3,2,4
18051832,10,4,9,7,5
18051833,8,10,2,11,5
18051834,10,8,11,3,9
18051835,8,10,11,5,4
18051836,10,4,3,2,6
18051837,11,4,3,1,6
18051838,1,8,3,2,6
18051839,10,11,1,6,5
18051840,7,5,11,4,8
18051841,6,11,7,8,1
18051842,11,3,8,1,2
18051843,9,1,10,4,5
18051844,3,5,7,10,1
18051845,2,1,5,3,4
18051846,5,9,11,1,7
18051847,3,1,7,9,10
18051848,2,8,5,7,10
18051849,2,7,8,1,5
18051850,11,7,4,8,1
18051851,4,6,9,5,7
18051852,3,1,8,9,11
18051853,10,9,5,8,4
18051854,10,4,8,7,1
18051855,2,1,9,4,10
18051856,3,11,10,6,2
18051857,10,7,9,6,5
18051858,5,1,6,10,11
18051859,2,1,9,3,11
18051860,9,5,6,4,11
18051861,11,9,6,2,8
18051862,4,6,5,2,11
18051863,9,8,10,7,6
18051864,3,8,1,6,9
18051865,3,6,1,5,9
18051866,4,6,9,2,8
18051867,8,5,1,3,4
18051868,11,5,10,3,1
18051869,2,6,5,9,4
18051870,9,6,7,3,11
18051871,9,11,2,3,5
18051872,2,4,7,9,3
18051873,6,10,9,8,5
18051874,11,9,10,8,5
18051875,2,7,11,1,3
18051876,8,1,2,5,3
18051877,9,2,8,5,10
18051878,6,2,1,4,7
18051879,2,8,4,9,1
18051880,2,3,8,1,5
18051881,8,11,10,4,6
18051901,5,1,7,6,3
18051902,1,8,9,4,11
18051903,1,9,3,8,6
18051904,1,6,2,5,4
18051905,1,3,4,2,5
18051906,6,3,1,10,5
18051907,1,6,3,11,9
18051908,7,8,10,2,9
18051909,7,5,9,3,11
18051910,5,9,11,4,10
18051911,11,6,2,3,1
18051912,6,3,1,2,5
18051913,1,7,5,4,6
18051914,11,4,6,3,5
18051915,8,3,5,1,4
18051916,2,11,4,9,5
18051917,7,9,2,4,1
18051918,9,10,3,2,5
18051919,10,7,3,11,4
18051920,3,10,8,2,7
18051921,2,11,4,6,10
18051922,8,1,9,4,2
18051923,10,9,11,5,6
18051924,1,2,6,10,3
18051925,2,9,3,8,5
18051926,5,3,6,9,2
18051927,4,1,9,10,7
18051928,6,3,1,8,9
18051929,10,2,7,1,5
18051930,8,10,7,1,4
18051931,4,10,1,9,5
18051932,11,4,8,7,1
18051933,5,4,11,3,9
18051934,1,9,5,6,3
18051935,9,3,10,1,5
18051936,2,3,7,11,9
18051937,7,5,8,6,1
18051938,5,7,11,2,4
18051939,1,6,9,5,8
18051940,6,9,10,11,7
18051941,6,7,3,2,9
18051942,1,2,4,5,8
18051943,1,2,7,8,6
18051944,3,10,7,9,1
18051945,8,6,2,9,4
18051946,3,6,10,11,9
18051947,6,2,5,10,1
18051948,1,7,2,8,9
18051949,2,3,8,10,11
18051950,8,7,1,11,5
18051951,10,9,5,11,6
18051952,8,11,6,2,5
18051953,7,3,6,4,1
18051954,6,8,9,7,1
18051955,10,8,11,3,6
18051956,6,1,9,5,3
18051957,6,7,8,2,3
18051958,11,10,5,9,6
18051959,11,6,3,7,10
18051960,11,5,3,9,1
18051961,10,8,3,4,7
18051962,5,11,9,8,4
18051963,3,11,2,8,9
18051964,10,5,11,8,3
18051965,9,11,4,5,8
18051966,11,8,1,10,5
18051967,9,5,10,8,6
18051968,10,7,5,8,11
18051969,8,11,9,5,6
18051970,11,9,4,1,3
18051971,9,2,3,7,1
18051972,6,11,4,1,3
18051973,2,1,9,8,5
18051974,5,11,9,2,4
18051975,3,2,9,6,4
18051976,10,1,6,11,7
18051977,8,2,4,11,9
18051978,7,5,8,3,10
18051979,3,8,4,6,10
18051980,6,8,9,1,10
18051981,3,6,2,9,11
18052001,3,10,11,4,9
18052002,11,1,7,10,2
18052003,4,7,6,9,11
18052004,5,8,1,11,9
18052005,9,10,6,5,3
18052006,6,8,1,3,9
18052007,6,4,1,10,2
18052008,2,7,10,5,8
18052009,4,7,6,11,5
18052010,10,11,2,1,5
18052011,10,8,6,2,1
18052012,11,6,1,5,8
18052013,8,5,2,7,1
18052014,5,9,4,1,6
18052015,5,1,2,3,6
18052016,10,7,5,1,9
18052017,2,8,11,5,7
18052018,8,7,6,3,2
18052019,11,2,10,6,7
18052020,11,1,2,10,4
18052021,2,1,6,11,10
18052022,4,8,9,5,10
18052023,5,3,6,9,10
18052024,10,11,4,7,1
18052025,7,2,10,3,11
18052026,7,4,10,1,3
18052027,7,10,11,2,8
18052028,4,11,1,2,10
18052029,4,7,11,8,6
18052030,10,9,8,4,7
18052031,1,4,10,6,5
18052032,9,3,2,7,8
18052033,1,5,7,6,10
18052034,3,5,7,9,11
18052035,5,11,2,3,7
18052036,6,10,3,4,2
18052037,3,4,2,10,6
18052038,10,4,8,6,5
18052039,7,11,4,9,10
18052040,4,11,8,3,10
18052041,1,3,11,4,6
18052042,3,2,6,11,1
18052043,8,3,11,4,5
18052044,1,9,8,5,4
18052045,4,5,6,1,2
18052046,5,9,10,1,3
18052047,7,1,5,6,9
18052048,11,5,7,9,4
18052049,7,11,4,8,2
18052050,10,8,9,1,7
18052051,8,9,10,3,4
18052052,7,3,1,9,5
18052053,6,9,1,11,8
18052054,5,4,9,10,1
18052055,5,9,6,10,8
18052056,2,6,1,5,4
18052057,5,2,7,11,8
18052058,8,4,10,2,11
18052059,6,5,1,9,10
18052060,11,8,3,1,2
18052061,1,8,4,7,9
18052062,3,8,1,7,9
18052063,4,2,1,11,6
18052064,3,2,7,10,11
18052065,3,5,8,10,1
18052066,10,5,6,7,1
18052067,11,4,2,5,7
18052068,1,9,2,7,10
18052069,1,10,8,4,6
18052070,2,4,8,5,10
18052071,7,1,10,5,8
18052072,1,4,6,9,5
18052073,9,10,3,1,5
18052074,4,3,10,6,1
18052075,11,7,8,4,10
18052076,8,10,6,4,5
18052077,5,7,1,9,3
18052078,11,6,3,8,7
18052079,7,11,4,6,9
18052080,1,7,6,11,3
18052081,2,1,4,5,3
18052101,4,1,10,2,8
18052102,11,3,1,8,7
18052103,3,4,7,5,8
18052104,9,1,8,5,3
18052105,8,2,5,1,11
18052106,2,7,5,8,6
18052107,1,11,9,5,3
18052108,9,4,7,6,11
18052109,10,9,6,4,1
18052110,7,1,8,6,4
18052111,2,10,8,9,7
18052112,10,8,7,1,9
18052113,8,3,11,4,7
18052114,3,8,4,10,2
18052115,11,5,9,6,2
18052116,3,6,8,9,4
18052117,6,8,5,2,11
18052118,9,2,7,11,6
18052119,11,1,3,4,7
18052120,10,5,8,3,2
18052121,7,9,3,1,11
18052122,4,11,2,9,3
18052123,3,10,1,8,2
18052124,9,7,3,2,6
18052125,8,4,11,5,6
18052126,10,5,3,4,8
18052127,5,6,1,8,11
18052128,6,3,7,5,9
18052129,8,9,10,5,6
18052130,11,3,7,6,5
18052131,11,7,5,1,6
18052132,4,5,2,10,7
18052133,3,6,4,2,9
18052134,4,10,3,7,6
18052135,5,4,6,9,10
18052136,7,8,5,3,9
18052137,2,1,3,5,8
18052138,6,2,10,11,9
18052139,5,1,4,7,2
18052140,1,9,2,3,6
18052141,1,4,8,6,10
18052142,4,5,2,9,1
18052143,3,6,8,9,7
18052144,1,4,6,7,9
18052145,4,1,3,10,2
18052146,6,7,4,3,10
18052147,8,10,5,1,9
18052148,5,8,10,11,6
18052149,9,5,10,1,8
18052150,7,3,5,6,9
18052151,7,4,6,10,5
18052152,8,9,2,6,7
18052153,5,2,6,10,8
18052154,3,9,6,1,5
18052155,3,8,6,10,9
18052156,11,3,8,7,5
18052157,4,8,5,3,9
18052158,7,10,1,2,3
18052159,4,11,10,7,9
18052160,10,4,11,6,2
18052161,1,9,6,4,8
18052162,3,10,5,1,11
18052163,1,8,9,7,6
18052164,7,8,10,3,9
18052165,2,3,11,4,1
18052166,8,1,5,2,9
18052167,3,6,9,5,7
18052168,4,11,9,5,6
18052169,9,10,2,7,3
18052170,11,6,10,5,8
18052171,6,10,2,7,9
18052172,3,8,6,9,4
18052173,1,4,2,9,11
18052174,5,8,9,6,3
18052175,6,9,4,3,7
18052176,7,2,8,5,1
18052177,9,4,10,8,6
18052178,4,9,8,7,5
18052179,8,2,3,11,6
18052180,1,7,8,2,5
18052181,5,10,7,4,11
18052201,11,6,3,1,9
18052202,3,7,10,9,2
18052203,4,3,6,5,9
18052204,7,10,11,9,3
18052205,9,5,11,3,4
18052206,9,7,1,6,11
18052207,7,10,9,4,6
18052208,10,4,7,1,11
18052209,5,7,1,8,9
18052210,2,10,9,8,11
18052211,3,1,2,9,11
18052212,9,7,8,10,1
18052213,6,2,4,8,9
18052214,9,3,8,6,10
18052215,1,2,5,9,10
18052216,7,5,10,11,8
18052217,7,11,1,4,3
18052218,4,8,10,5,11
18052219,1,3,10,9,6
18052220,1,9,6,5,2
18052221,11,8,2,3,4
18052222,11,4,1,9,10
18052223,8,5,10,7,3
18052224,10,5,8,6,3
18052225,7,2,11,10,4
18052226,6,11,9,5,8
18052227,11,5,1,6,10
18052228,11,10,8,9,6
18052229,2,3,11,1,6
18052230,5,1,11,9,10
18052231,4,9,1,11,3
18052232,1,8,7,2,6
18052233,7,1,2,4,6
18052234,5,2,8,6,4
18052235,7,1,2,4,6
18052236,8,11,3,4,9
18052237,4,10,11,7,1
18052238,5,1,3,2,6
18052239,1,9,7,6,8
18052240,3,1,6,4,10
18052241,6,4,7,1,5
18052242,11,5,9,4,10
18052243,9,3,10,5,7
18052244,6,3,1,5,11
18052245,9,3,2,8,1
18052246,4,1,7,5,9
18052247,10,8,5,1,6
18052248,3,11,7,4,6
18052249,10,11,8,2,9
18052250,3,8,6,7,11
18052251,4,3,5,2,11
18052252,8,2,4,3,7
18052253,5,8,9,7,10
18052254,7,1,6,2,10
18052255,6,10,1,8,7
18052256,5,3,6,4,1
18052257,1,11,2,7,10
18052258,10,7,5,9,3
18052259,11,1,3,6,4
18052260,1,6,9,2,7
18052261,5,7,2,4,10
18052262,9,3,4,1,2
18052263,8,3,11,1,2
18052264,10,1,4,7,2
18052265,3,9,4,6,5
18052266,6,11,5,7,10
18052267,3,4,8,11,5
18052268,1,6,4,11,5
18052269,10,7,6,5,1
18052270,4,1,10,6,7
18052271,9,5,7,3,11
18052272,5,10,11,3,8
18052273,6,1,4,3,5
18052274,11,4,3,5,9
18052275,6,2,7,5,4
18052276,11,10,4,2,5
18052277,4,10,2,7,3
18052278,2,5,3,11,4
18052279,6,1,8,9,3
18052280,9,10,2,7,11
18052281,10,9,8,2,11
18052301,10,8,2,9,11
18052302,10,5,6,9,2
18052303,3,9,4,8,1
18052304,7,4,3,11,8
18052305,11,7,3,2,10
18052306,11,8,10,2,3
18052307,3,9,6,7,4
18052308,7,5,8,2,4
18052309,6,11,3,8,1
18052310,9,1,2,7,5
18052311,8,6,3,10,9
18052312,2,8,10,5,7
18052313,9,8,2,5,6
18052314,9,5,6,1,10
18052315,10,7,3,5,8
18052316,6,8,1,10,4
18052317,9,7,1,8,11
18052318,5,3,2,6,8
18052319,8,11,9,1,2
18052320,9,8,6,4,10
18052321,5,9,8,11,6
18052322,9,7,3,4,10
18052323,4,3,6,1,8
18052324,10,4,3,6,1
18052325,3,2,1,8,9
18052326,8,4,2,3,1
18052327,11,6,3,8,9
18052328,9,5,4,3,8
18052329,1,7,5,4,3
18052330,6,4,1,8,9
18052331,9,6,2,8,1
18052332,1,2,4,8,6
18052333,10,5,2,4,8
18052334,5,11,8,10,6
18052335,8,1,5,3,10
18052336,10,9,4,2,8
18052337,4,3,11,7,2
18052338,1,3,7,4,9
18052339,9,3,6,1,11
18052340,5,3,4,7,1
18052341,11,3,8,5,4
18052342,3,7,4,9,1
18052343,3,9,7,5,2
18052344,6,5,11,2,7
18052345,3,4,9,10,6
18052346,8,1,6,7,2
18052347,5,11,9,4,8
18052348,4,9,10,2,6
18052349,8,4,11,6,7
18052350,8,11,3,9,10
18052351,6,8,3,5,11
18052352,11,1,4,8,5
18052353,2,3,8,9,10
18052354,3,5,2,10,1
18052355,5,6,1,4,7
18052356,4,10,7,8,11
18052357,11,7,3,8,2
18052358,11,3,2,9,8
18052359,2,5,3,8,4
18052360,7,11,9,8,2
18052361,9,2,1,11,7
18052362,2,9,7,10,4
18052363,10,6,8,2,1
18052364,10,11,3,8,9
18052365,3,7,5,1,9
18052366,9,3,6,10,4
18052367,1,7,9,8,5
18052368,2,7,9,1,10
18052369,2,9,6,10,1
18052370,9,2,4,7,5
18052371,8,4,1,5,2
18052372,6,9,10,4,1
18052373,11,6,8,10,3
18052374,5,11,6,9,8
18052375,4,10,11,3,1
18052376,6,10,7,3,1
18052377,9,2,3,11,8
18052378,1,4,2,10,3
18052379,1,11,5,3,8
18052380,11,9,6,8,7
18052381,11,7,3,5,9
18052401,8,1,11,6,9
18052402,10,11,5,6,4
18052403,11,8,10,3,9
18052404,9,10,2,1,6
18052405,2,5,8,6,10
18052406,4,11,2,6,1
18052407,8,11,3,10,1
18052408,10,3,8,4,2
18052409,1,5,3,7,11
18052410,11,2,3,7,8
18052411,8,10,1,2,11
18052412,8,7,11,6,1
18052413,9,7,10,1,5
18052414,4,5,11,9,1
18052415,9,11,7,5,4
18052416,10,5,11,8,3
18052417,4,7,8,2,3
18052418,10,3,4,1,11
18052419,8,6,1,4,7
18052420,1,4,2,7,9
18052421,7,2,3,5,6
18052422,8,3,4,10,6
18052423,7,3,5,9,2
18052424,3,1,5,7,10
18052425,9,7,10,1,11
18052426,6,4,11,3,9
18052427,9,5,6,11,3
18052428,1,9,2,3,6
18052429,10,5,8,4,11
18052430,4,7,1,3,11
18052431,10,1,5,8,9
18052432,6,3,5,11,1
18052433,1,2,11,4,9
18052434,8,9,1,7,4
18052435,6,11,5,10,9
18052436,9,2,10,1,3
18052437,11,5,2,3,6
18052438,6,4,5,1,10
18052439,6,1,5,7,11
18052440,4,1,2,5,8
18052441,10,3,9,11,2
18052442,1,2,3,9,8
18052443,1,5,9,7,3
18052444,9,5,10,3,7
18052445,9,10,2,11,4
18052446,2,3,4,10,11
18052447,6,1,8,11,7
18052448,11,8,7,6,3
18052449,6,3,7,2,11
18052450,6,2,7,3,8
18052451,8,4,5,3,6
18052452,6,4,8,11,3
18052453,7,10,2,1,4
18052454,10,9,7,4,11
18052455,1,10,8,7,9
18052456,6,2,4,10,8
18052457,3,6,7,9,4
18052458,2,6,5,9,7
18052459,11,2,7,1,8
18052460,6,10,4,9,3
18052461,3,1,9,10,5
18052462,5,1,9,8,4
18052463,9,10,8,6,4
18052464,5,11,8,3,9
18052465,3,10,11,1,6
18052466,11,5,1,3,2
18052467,3,10,4,5,7
18052468,11,6,3,10,7
18052469,9,8,5,7,3
18052470,1,3,6,11,2
18052471,2,4,3,7,5
18052472,6,4,11,10,1
18052473,1,4,2,8,5
18052474,4,6,2,1,5
18052475,6,10,7,9,8
18052476,3,9,8,11,2
18052477,8,2,11,4,3
18052478,3,10,7,8,11
18052479,9,6,7,11,3
18052480,5,4,7,3,10
18052481,8,7,3,6,1
18052501,4,11,8,3,1
18052502,9,8,6,1,5
18052503,5,1,4,7,2
18052504,3,8,9,6,7
18052505,10,7,2,5,6
18052506,4,9,5,1,8
18052507,3,9,2,8,4
18052508,6,9,3,10,8
18052509,10,3,4,1,6
18052510,4,3,2,11,7
18052511,5,3,7,6,11
18052512,11,4,8,9,3
18052513,5,10,7,1,4
18052514,1,10,9,6,8
18052515,10,3,4,6,1
18052516,5,10,2,7,4
18052517,1,5,10,2,4
18052518,10,4,11,8,2
18052519,7,1,5,2,3
18052520,1,3,2,10,11
18052521,11,9,7,3,2
18052522,2,10,8,4,11
18052523,10,9,6,2,1
18052524,7,2,1,8,3
18052525,5,3,10,8,4
18052526,5,11,10,3,6
18052527,3,9,11,4,5
18052528,8,7,9,10,6
18052529,11,5,1,3,8
18052530,7,5,1,3,10
18052531,5,8,1,3,9
18052532,2,11,6,10,1
18052533,5,6,3,2,10
18052534,9,2,8,1,4
18052535,11,6,3,4,10
18052536,1,2,11,7,8
18052537,1,4,3,8,6
18052538,1,5,9,8,2
18052539,9,8,4,11,7
18052540,9,5,2,1,3
18052541,9,10,8,6,5
18052542,4,6,2,5,3
18052543,6,8,1,2,7
18052544,3,6,10,9,8
18052545,2,11,6,5,1
18052546,11,9,2,6,5
18052547,1,4,8,11,7
18052548,6,5,8,10,9
18052549,5,7,9,10,11
18052550,11,6,10,1,3
18052551,5,3,2,6,4
18052552,9,5,2,10,1
18052553,5,8,4,3,7
18052554,8,10,3,1,7
18052555,7,6,1,9,10
18052556,1,8,6,7,11
18052557,4,9,10,5,11
18052558,4,8,7,5,6
18052559,4,11,8,6,9
18052560,10,7,8,1,9
18052561,6,8,2,9,5
18052562,7,11,3,9,2
18052563,3,6,11,8,1
18052564,11,9,5,1,2
18052565,7,5,8,6,11
18052566,11,3,2,1,9
18052567,3,5,8,6,7
18052568,2,1,7,4,11
18052569,6,4,3,8,7
18052570,2,1,7,5,8
18052571,4,9,1,2,5
18052572,1,3,7,5,2
18052573,5,2,7,8,4
18052574,4,5,3,8,11
18052575,5,7,8,6,2
18052576,1,10,3,2,4
18052577,6,2,5,9,8
18052578,11,1,5,9,7
18052579,11,1,7,4,6
18052580,8,10,1,4,9
18052581,10,3,5,9,2
18052601,3,6,1,4,2
18052602,1,3,9,10,2
18052603,2,3,10,4,1
18052604,7,6,5,10,9
18052605,11,1,7,3,8
18052606,2,8,10,7,9
18052607,9,7,6,8,1
18052608,3,4,11,5,9
18052609,10,11,9,5,1
18052610,7,1,6,11,8
18052611,11,10,1,2,9
18052612,4,11,8,6,1
18052613,2,4,10,1,11
18052614,8,5,7,2,9
18052615,8,10,4,9,1
18052616,7,11,8,2,9
18052617,3,11,8,5,1
18052618,8,7,6,5,2
18052619,3,6,9,10,7
18052620,5,9,10,11,8
18052621,7,1,3,10,11
18052622,4,10,6,7,9
18052623,11,5,8,7,4
18052624,5,3,10,8,9
18052625,3,10,8,6,11
18052626,9,3,2,11,8
18052627,2,7,5,11,10
18052628,6,1,7,10,3
18052629,1,4,5,8,2
18052630,4,1,6,11,7
18052631,3,4,1,5,2
18052632,3,5,4,7,9
18052633,10,8,7,2,4
18052634,8,10,9,6,4
18052635,11,5,2,1,7
18052636,5,4,9,1,10
18052637,6,3,9,10,2
18052638,5,4,9,3,11
18052639,7,8,1,5,6
18052640,11,4,1,9,10
18052641,2,8,1,4,3
18052642,7,9,4,6,5
18052643,10,8,6,3,2
18052644,2,8,6,7,9
18052645,4,1,6,3,8
18052646,9,8,2,5,7
18052647,7,6,5,3,11
18052648,9,4,5,1,10
18052649,2,11,7,4,1
18052650,3,11,9,5,8
18052651,5,1,2,10,3
18052652,5,2,4,10,3
18052653,7,9,5,6,2
18052654,3,1,4,7,2
18052655,9,2,3,1,4
18052656,4,8,6,11,2
18052657,6,11,3,10,1
18052658,3,8,9,7,4
18052659,8,10,4,9,7
18052660,6,3,2,8,1
18052661,9,10,11,4,5
18052662,7,5,1,10,6
18052663,6,10,8,1,5
18052664,6,8,7,3,4
18052665,2,1,6,3,9
18052666,4,10,11,3,6
18052667,6,3,1,2,9
18052668,8,6,4,5,10
18052669,6,4,2,7,8
18052670,2,5,8,6,9
18052671,4,2,10,3,11
18052672,11,8,9,6,2
18052673,9,4,11,8,3
18052674,9,5,1,8,3
18052675,1,7,11,8,9
18052676,7,9,1,6,3
18052677,9,3,8,2,7
18052678,2,10,4,11,5
18052679,6,2,9,3,7
18052680,5,3,1,11,8
18052681,7,2,9,6,8
18052701,2,1,9,3,5
18052702,2,1,6,5,10
18052703,6,1,7,5,10
18052704,4,11,8,9,3
18052705,5,4,2,9,3
18052706,5,11,1,10,2
18052707,11,9,2,5,4
18052708,7,9,6,11,8
18052709,3,2,7,10,6
18052710,8,4,2,7,10
18052711,6,10,11,8,1
18052712,5,4,8,3,2
18052713,7,3,6,9,8
18052714,11,6,3,10,9
18052715,4,2,10,1,7
18052716,9,8,2,6,7
18052717,2,10,8,4,6
18052718,8,10,6,5,7
18052719,1,8,7,10,2
18052720,11,8,10,7,9
18052721,8,7,4,5,11
18052722,5,2,9,11,4
18052723,8,4,1,3,11
18052724,9,5,4,8,10
18052725,11,3,7,8,9
18052726,5,11,10,3,1
18052727,5,6,11,1,4
18052728,7,3,4,6,8
18052729,5,9,4,10,2
18052730,4,7,8,6,5
18052731,10,7,3,2,11
18052732,1,11,3,2,4
18052733,5,1,10,9,2
18052734,11,9,1,6,3
18052735,9,6,2,7,5
18052736,5,7,1,11,2
18052737,10,8,11,3,9
18052738,8,2,6,5,4
18052739,7,9,8,2,11
18052740,6,3,7,8,9
18052741,11,3,8,2,6
18052742,5,10,3,2,8
18052743,7,10,6,5,11
18052744,9,10,7,2,1
18052745,10,8,1,2,11
18052746,7,6,3,9,2
18052747,3,7,10,5,4
18052748,10,6,3,9,1
18052749,8,4,10,7,1
18052750,7,4,1,8,3
18052751,4,6,8,3,5
18052752,1,6,8,3,9
18052753,6,3,5,4,8
18052754,1,8,2,9,11
18052755,2,1,11,7,8
18052756,9,11,5,6,3
18052757,4,7,5,3,2
18052758,6,4,11,1,3
18052759,8,7,9,2,6
18052760,6,8,7,4,3
18052761,8,11,2,3,4
18052762,6,11,3,9,1
18052763,5,9,8,3,10
18052764,5,10,8,1,7
18052765,10,1,11,4,2
18052766,10,4,2,3,7
18052767,4,10,7,2,1
18052768,3,9,5,8,6
18052769,2,1,4,9,11
18052770,6,4,8,1,3
18052771,3,8,2,5,4
18052772,3,11,10,2,8
18052773,6,5,1,4,8
18052774,7,10,1,5,6
18052775,6,8,4,1,9
18052776,5,11,7,1,2
18052777,10,2,5,7,3
18052778,10,6,11,9,2
18052779,6,10,7,2,5
18052780,11,8,9,3,7
18052781,11,9,3,4,5
18052801,10,11,5,4,6
18052802,4,6,2,8,1
18052803,5,2,10,7,11
18052804,3,10,11,4,9
18052805,5,8,3,1,6
18052806,10,5,7,11,2
18052807,8,9,11,6,2
18052808,10,1,7,9,11
18052809,6,7,9,5,11
18052810,1,5,6,8,11
18052811,9,3,6,7,5
18052812,3,10,5,11,6
18052813,7,11,4,5,1
18052814,7,2,1,5,9
18052815,10,5,9,11,4
18052816,1,10,8,5,11
18052817,8,9,2,6,5
18052818,10,5,4,11,8
18052819,8,4,5,3,1
18052820,4,11,10,3,9
18052821,7,1,6,3,11
18052822,11,9,3,4,2
18052823,7,3,6,2,8
18052824,4,10,2,6,1
18052825,3,11,10,1,2
18052826,8,6,1,2,7
18052827,4,10,3,8,6
18052828,4,8,2,6,1
18052829,5,3,2,11,6
18052830,11,10,9,2,7
18052831,6,2,1,10,5
18052832,6,5,4,1,3
18052833,4,8,7,2,6
18052834,2,1,6,8,4
18052835,11,9,4,10,2
18052836,7,8,9,10,11
18052837,2,3,1,6,8
18052838,3,11,6,10,8
18052839,3,1,7,11,8
18052840,5,2,9,6,10
18052841,5,3,2,7,8
18052842,9,2,7,3,10
18052843,10,6,1,11,4
18052844,11,3,5,7,2
18052845,9,3,5,2,1
18052846,4,11,7,5,1
18052847,3,10,9,4,11
18052848,2,10,3,5,6
18052849,9,6,4,1,10
18052850,11,5,8,1,10
18052851,7,10,6,5,2
18052852,5,11,4,6,2
18052853,7,1,11,10,9
18052854,8,11,4,9,10
18052855,7,9,4,8,10
18052856,4,6,10,3,9
18052857,1,11,10,2,9
18052858,10,6,4,7,9
18052859,11,4,8,5,7
18052860,6,8,7,9,3
18052861,2,4,10,6,7
18052862,3,9,7,4,10
18052863,9,6,8,11,1
18052864,4,3,11,6,9
18052865,9,6,3,10,2
18052866,9,8,7,11,10
18052867,6,4,10,7,2
18052868,8,11,3,9,5
18052869,10,5,3,1,8
18052870,10,2,4,7,3
18052871,11,7,5,3,2
18052872,4,5,10,3,2
18052873,11,8,4,1,10
18052874,10,9,3,4,7
18052875,10,1,11,8,4
18052876,4,6,10,9,8
18052877,7,6,4,9,8
18052878,1,5,4,11,10
18052879,7,4,6,11,2
18052880,3,11,7,6,4
18052881,4,2,3,6,9
18052901,1,2,8,3,11
18052902,4,11,1,7,6
18052903,4,10,1,3,7
18052904,8,3,11,9,4
18052905,9,8,5,3,2
18052906,10,3,4,5,6
18052907,2,5,8,7,4
18052908,2,4,10,1,5
18052909,3,8,1,7,5
18052910,11,3,5,7,4
18052911,7,4,1,3,9
18052912,4,7,11,2,6
18052913,3,11,9,5,4
18052914,8,6,11,3,4
18052915,1,3,8,11,5
18052916,5,9,6,1,4
18052917,6,8,3,10,5
18052918,1,8,9,7,4
18052919,2,9,6,11,5
18052920,8,11,5,10,4
18052921,10,1,2,3,7
18052922,11,9,7,6,5
18052923,10,3,1,6,11
18052924,6,11,8,2,4
18052925,9,5,6,2,1
18052926,3,5,4,1,2
18052927,5,8,3,1,10
18052928,6,9,5,7,11
18052929,8,10,3,2,9
18052930,11,3,4,5,6
18052931,7,11,4,6,9
18052932,11,6,5,1,10
18052933,2,9,4,10,11
18052934,9,1,6,3,11
18052935,1,4,9,8,2
18052936,11,10,8,4,1
18052937,5,8,9,4,7
18052938,5,2,3,6,11
18052939,9,8,5,6,4
18052940,3,9,6,8,2
18052941,1,11,8,5,7
18052942,8,6,3,5,2
18052943,9,6,7,1,8
18052944,8,9,6,7,5
18052945,3,8,2,5,4
18052946,8,2,3,6,4
18052947,9,7,3,8,5
18052948,9,7,5,6,4
18052949,10,1,6,5,9
18052950,1,8,10,4,5
18052951,10,4,8,9,3
18052952,4,7,3,11,1
18052953,1,4,3,8,5
18052954,10,8,4,11,9
18052955,6,11,1,2,3
18052956,5,4,2,10,6
18052957,4,6,2,10,1
18052958,11,7,5,9,2
18052959,8,5,10,1,9
18052960,7,3,9,2,4
18052961,5,3,2,11,8
18052962,11,3,1,10,2
18052963,2,8,3,1,7
18052964,3,1,5,9,6
18052965,1,8,6,4,2
18052966,8,6,4,7,10
18052967,1,7,4,8,5
18052968,7,5,10,6,9
18052969,11,4,8,9,6
18052970,1,7,4,8,11
18052971,2,9,6,1,11
18052972,9,5,7,8,4
18052973,7,10,11,8,2
18052974,5,2,10,4,7
18052975,5,6,1,7,8
18052976,6,3,4,5,10
18052977,1,3,7,6,8
18052978,6,11,1,5,3
18052979,10,2,3,4,7
18052980,3,1,10,11,5
18052981,4,9,2,6,10
18053001,3,2,9,5,11
18053002,6,9,3,2,4
18053003,4,8,11,6,9
18053004,2,11,5,8,10
18053005,3,1,5,9,2
18053006,2,9,7,5,8
18053007,10,11,5,2,3
18053008,11,3,7,2,5
18053009,11,5,7,9,1
18053010,3,1,11,8,5
18053011,5,6,4,1,10
18053012,11,4,9,1,8
18053013,7,5,9,8,11
18053014,11,1,10,2,4
18053015,7,3,5,9,2
18053016,5,4,2,8,3
18053017,6,9,4,5,11
18053018,2,8,1,9,5
18053019,9,7,10,6,3
18053020,6,10,11,5,1
18053021,5,2,10,9,8
18053022,2,3,6,9,8
18053023,10,3,6,2,7
18053024,10,5,7,3,11
18053025,3,7,9,2,5
18053026,6,10,5,9,2
18053027,2,7,1,5,4
18053028,2,8,9,6,3
18053029,1,8,3,10,9
18053030,8,2,3,6,7
18053031,5,1,10,6,8
18053032,7,1,5,4,2
18053033,3,10,7,1,6
18053034,11,4,8,9,6
18053035,5,7,10,2,1
18053036,3,1,7,5,8
18053037,7,1,11,6,3
18053038,4,9,10,3,7
18053039,8,2,3,9,7
18053040,7,9,8,11,3
18053041,11,9,4,8,6
18053042,1,11,4,2,9
18053043,2,8,3,6,9
18053044,2,9,3,6,5
18053045,3,11,10,4,2
18053046,3,5,4,8,9
18053047,3,2,4,6,11
18053048,6,7,3,4,2
18053049,6,3,10,5,2
18053050,2,1,6,5,8
18053051,3,2,8,10,9
18053052,7,3,1,2,10
18053053,7,3,6,4,2
18053054,1,4,2,9,6
18053055,8,10,7,3,2
18053056,1,11,8,4,2
18053057,6,7,11,9,8
18053058,8,11,7,6,2
18053059,3,9,11,1,10
18053060,7,6,11,5,8
18053061,2,4,3,10,7
18053062,7,11,10,4,6
18053063,2,11,5,9,6
18053064,11,4,8,6,1
18053065,1,4,5,7,6
18053066,3,10,7,2,8
18053067,6,10,9,8,4
18053068,7,5,11,10,8
18053069,3,2,5,10,11
18053070,4,5,8,2,10
18053071,5,2,7,11,4
18053072,6,1,9,4,10
18053073,11,6,5,4,9
18053074,5,4,10,1,8
18053075,9,7,4,3,11
18053076,9,6,3,1,2
18053077,8,6,10,7,3
18053078,10,8,5,9,3
18053079,3,11,6,8,2
18053080,9,4,10,5,2
18053081,5,7,1,4,10
18053101,5,2,6,4,3
18053102,10,2,5,3,7
18053103,11,3,4,6,2
18053104,8,11,9,3,10
18053105,8,3,1,9,2
18053106,1,8,5,2,4
18053107,9,10,7,11,1
18053108,4,3,9,1,6
18053109,1,9,10,4,5
18053110,8,4,9,5,6
18053111,4,1,6,11,2
18053112,5,1,7,9,10
18053113,1,4,9,3,6
18053114,7,6,11,2,4
18053115,11,4,10,6,3
18053116,10,3,8,11,7
18053117,3,4,1,9,2
18053118,7,1,8,10,6
18053119,8,6,1,3,5
18053120,6,1,9,8,5
18053121,11,6,7,5,4
18053122,3,4,2,6,9
18053123,4,7,11,6,5
18053124,7,9,6,10,4
18053125,5,8,9,10,1
18053126,9,7,4,3,2
18053127,1,8,7,5,9
18053128,7,4,6,1,10
18053129,6,9,3,1,2
18053130,10,8,11,1,6
18053131,1,2,7,5,6
18053132,2,8,10,4,1
18053133,7,6,10,4,1
18053134,3,7,8,1,5
18053135,5,6,10,3,4
18053136,11,8,10,2,9
18053137,11,3,5,6,8
18053138,3,6,11,10,2
18053139,8,11,3,6,4
18053140,10,11,1,2,9
18053141,7,11,5,8,4
18053142,6,3,11,5,8
18053143,6,7,3,9,4
18053144,11,4,6,9,3
18053145,9,4,3,11,10
18053146,5,11,6,10,2
18053147,4,8,11,1,2
18053148,6,2,3,4,1
18053149,2,5,1,9,10
18053150,1,9,10,11,6
18053151,3,6,2,10,1
18053152,2,5,8,4,6
18053153,5,1,3,9,7
18053154,7,2,9,11,10
18053155,3,7,11,10,1
18053156,2,11,4,9,10
18053157,9,1,3,8,10
18053158,10,2,9,1,6
18053159,11,5,7,3,1
18053160,4,7,11,5,1
18053161,2,6,4,9,5
18053162,11,9,7,2,6
18053163,2,10,3,8,7
18053164,8,1,10,5,11
18053165,8,9,3,11,6
18053166,8,5,6,3,1
18053167,3,1,8,9,10
18053168,11,9,7,6,3
18053169,1,4,8,11,7
18053170,7,9,2,5,6
18053171,5,11,10,6,3
18053172,1,4,3,11,6
18053173,6,8,2,3,10
18053174,2,4,7,5,10
18053175,11,6,5,2,3
18053176,7,11,5,10,6
18053177,8,3,2,5,10
18053178,6,9,2,10,11
18053179,1,2,4,7,3
18053180,11,2,7,10,3
18053181,9,7,3,5,4
