18030101,6,3,4,5,7
18030102,4,2,1,9,3
18030103,8,4,9,2,7
18030104,10,7,3,1,9
18030105,7,9,3,6,5
18030106,1,11,8,6,3
18030107,7,8,2,6,10
18030108,1,5,9,7,4
18030109,3,10,9,6,7
18030110,1,5,8,10,7
18030111,5,6,9,7,3
18030112,2,10,7,9,1
18030113,5,4,3,1,6
18030114,7,6,4,5,9
18030115,7,4,3,10,11
18030116,11,1,4,9,5
18030117,10,2,7,6,4
18030118,9,2,10,1,8
18030119,11,10,7,6,5
18030120,3,7,10,4,2
18030121,11,5,3,1,9
18030122,5,8,11,10,2
18030123,2,9,5,6,1
18030124,9,3,4,2,11
18030125,6,1,2,8,3
18030126,3,9,1,10,2
18030127,1,5,10,7,3
18030128,5,6,11,1,7
18030129,7,4,2,5,6
18030130,7,2,4,9,3
18030131,10,11,1,3,6
18030132,10,1,7,6,5
18030133,8,5,1,10,4
18030134,1,4,9,2,11
18030135,2,5,6,10,7
18030136,10,1,2,8,9
18030137,2,11,10,4,7
18030138,7,6,10,4,8
18030139,10,5,4,11,8
18030140,2,7,9,8,3
18030141,7,9,8,4,2
18030142,5,9,1,3,7
18030143,2,6,8,5,9
18030144,1,6,8,10,4
18030145,2,11,3,6,10
18030146,11,1,4,2,3
18030147,11,7,3,6,9
18030148,1,8,9,10,6
18030149,8,1,6,2,4
18030150,8,1,6,5,10
18030151,7,10,8,3,9
18030152,5,7,2,6,10
18030153,8,9,7,5,4
18030154,10,8,6,2,1
18030155,1,5,11,3,8
18030156,6,8,7,9,11
18030157,5,7,3,1,2
18030158,1,10,3,4,6
18030159,3,11,2,9,7
18030160,5,1,11,9,7
18030161,8,6,11,4,7
18030162,1,11,8,9,10
18030163,8,10,6,9,5
18030164,4,9,11,2,5
18030165,7,3,2,4,8
18030166,11,5,9,4,2
18030167,10,3,7,8,9
18030168,7,6,11,8,3
18030169,9,3,5,1,11
18030170,9,3,10,7,11
18030171,1,2,10,4,11
18030172,7,4,1,2,10
18030173,11,9,2,1,7
18030174,2,3,5,7,9
18030175,11,3,10,1,6
18030176,5,10,4,2,9
18030177,8,2,7,11,9
18030178,3,2,6,5,8
18030179,2,5,6,8,1
18030180,11,7,5,9,6
18030181,5,9,10,3,1
18030201,11,10,7,6,2
18030202,1,2,6,9,10
18030203,10,3,11,7,6
18030204,10,9,2,1,3
18030205,5,7,6,11,2
18030206,10,8,9,11,3
18030207,2,6,1,3,7
18030208,11,3,7,4,10
18030209,7,2,9,3,1
18030210,3,2,8,9,11
18030211,9,2,3,8,1
18030212,4,6,2,3,10
18030213,1,2,4,3,7
18030214,6,4,1,7,2
18030215,9,10,8,7,11
18030216,6,7,10,9,2
18030217,5,7,9,1,2
18030218,3,4,10,9,11
18030219,9,8,11,1,3
18030220,9,2,6,11,5
18030221,8,3,4,6,10
18030222,1,4,3,10,7
18030223,7,6,5,8,2
18030224,2,10,4,3,5
18030225,9,8,6,1,5
18030226,11,7,4,10,3
18030227,2,7,3,5,6
18030228,10,7,9,5,1
18030229,11,7,10,3,5
18030230,6,7,1,3,4
18030231,2,6,1,8,9
18030232,10,2,11,4,7
18030233,6,3,2,1,5
18030234,11,10,2,4,3
18030235,11,3,4,10,5
18030236,1,9,3,5,6
18030237,3,2,8,7,10
18030238,9,1,4,7,3
18030239,5,7,6,2,3
18030240,10,6,11,9,1
18030241,11,7,4,5,3
18030242,5,1,9,7,2
18030243,1,5,3,2,4
18030244,9,8,3,10,1
18030245,11,3,7,5,8
18030246,2,5,9,3,1
18030247,6,9,4,1,8
18030248,4,7,5,3,8
18030249,9,7,1,11,3
18030250,7,11,5,1,4
18030251,9,1,8,6,5
18030252,7,9,1,6,11
18030253,7,5,8,9,1
18030254,9,8,11,2,3
18030255,8,7,3,6,2
18030256,9,7,2,3,11
18030257,4,11,2,7,10
18030258,8,9,7,1,4
18030259,4,10,9,6,8
18030260,4,6,7,5,9
18030261,1,10,8,6,7
18030262,10,7,9,5,4
18030263,11,4,1,3,2
18030264,1,10,2,7,5
18030265,11,7,4,8,10
18030266,9,2,7,1,10
18030267,3,6,5,4,10
18030268,1,3,6,9,2
18030269,2,11,4,8,1
18030270,4,1,7,6,3
18030271,3,11,2,9,7
18030272,11,8,9,2,6
18030273,11,2,10,5,7
18030274,3,2,1,6,5
18030275,4,3,9,1,2
18030276,4,10,8,3,9
18030277,9,7,5,4,8
18030278,11,6,3,10,9
18030279,3,2,1,10,4
18030280,7,9,1,10,8
18030281,2,10,11,8,3
18030301,9,4,8,5,1
18030302,1,6,2,7,11
18030303,10,6,4,7,2
18030304,2,5,4,3,1
18030305,11,4,9,10,2
18030306,5,1,7,6,9
18030307,2,3,1,6,10
18030308,10,9,1,2,4
18030309,2,10,4,8,11
18030310,1,2,11,6,8
18030311,6,3,7,10,8
18030312,5,7,6,4,1
18030313,2,8,3,9,4
18030314,5,7,11,10,4
18030315,11,8,3,10,6
18030316,1,9,7,6,11
18030317,6,11,8,1,7
18030318,9,8,1,2,3
18030319,4,10,8,6,11
18030320,10,7,4,6,11
18030321,6,7,9,10,8
18030322,2,7,4,9,1
18030323,9,3,11,5,4
18030324,11,3,8,9,10
18030325,9,4,11,10,3
18030326,8,6,3,5,7
18030327,1,6,8,10,7
18030328,9,10,11,1,5
18030329,7,9,2,8,4
18030330,1,4,3,7,10
18030331,11,2,7,1,8
18030332,4,2,8,3,5
18030333,1,5,6,7,9
18030334,11,4,7,2,5
18030335,7,2,10,11,6
18030336,4,3,1,5,2
18030337,3,4,1,8,11
18030338,7,2,9,11,10
18030339,8,10,11,3,6
18030340,7,2,8,6,11
18030341,10,4,6,8,1
18030342,6,1,8,3,4
18030343,6,1,5,2,4
18030344,11,10,8,2,6
18030345,7,8,4,11,1
18030346,9,6,8,2,5
18030347,8,2,1,5,10
18030348,7,3,9,5,1
18030349,7,6,10,9,1
18030350,9,6,11,10,8
18030351,9,11,3,10,6
18030352,11,9,6,4,3
18030353,11,7,9,5,4
18030354,1,9,2,8,7
18030355,6,10,3,2,8
18030356,2,8,5,4,6
18030357,6,2,1,10,7
18030358,7,5,6,9,11
18030359,6,4,1,11,9
18030360,4,11,10,2,5
18030361,5,8,10,1,4
18030362,8,1,11,3,4
18030363,10,11,4,3,5
18030364,11,10,7,4,2
18030365,9,2,10,11,1
18030366,9,6,8,1,7
18030367,11,4,6,5,8
18030368,6,4,8,9,2
18030369,4,11,9,3,10
18030370,2,3,10,6,8
18030371,11,10,6,9,8
18030372,8,10,2,5,9
18030373,11,2,10,7,4
18030374,8,6,4,1,2
18030375,6,9,3,5,8
18030376,4,9,10,1,3
18030377,5,10,2,1,3
18030378,6,7,2,5,10
18030379,3,8,2,7,11
18030380,3,5,1,4,7
18030381,10,3,6,11,9
18030401,5,8,10,6,9
18030402,9,8,6,2,5
18030403,1,2,11,7,6
18030404,4,2,5,10,8
18030405,6,5,3,2,4
18030406,4,6,3,9,2
18030407,11,6,7,4,9
18030408,7,10,8,5,1
18030409,8,3,10,11,9
18030410,1,8,7,6,4
18030411,2,4,1,10,3
18030412,7,1,2,8,10
18030413,9,11,10,5,3
18030414,7,1,6,5,2
18030415,9,2,10,8,3
18030416,9,4,11,7,1
18030417,6,5,1,10,2
18030418,5,7,11,3,8
18030419,5,6,10,7,4
18030420,5,8,11,3,2
18030421,9,2,3,5,7
18030422,2,1,10,5,6
18030423,5,2,10,3,11
18030424,3,5,1,9,4
18030425,11,10,4,1,3
18030426,9,7,8,1,10
18030427,5,9,3,2,7
18030428,3,2,10,8,9
18030429,11,10,7,2,9
18030430,9,1,8,7,4
18030431,9,6,4,11,2
18030432,5,1,9,4,8
18030433,11,7,10,4,8
18030434,3,10,11,4,5
18030435,11,2,6,7,1
18030436,10,6,9,1,11
18030437,10,1,6,5,8
18030438,5,10,7,2,1
18030439,4,10,5,1,8
18030440,4,10,8,2,5
18030441,10,1,3,8,11
18030442,4,9,10,1,7
18030443,5,10,2,11,6
18030444,3,2,8,10,9
18030445,2,4,1,7,3
18030446,8,11,10,2,5
18030447,1,3,4,9,5
18030448,3,6,1,9,7
18030449,1,4,3,7,9
18030450,4,11,2,3,5
18030451,3,7,8,5,1
18030452,6,9,8,11,4
18030453,5,8,11,10,3
18030454,8,10,4,7,3
18030455,2,6,7,1,8
18030456,7,6,1,4,10
18030457,7,2,9,1,8
18030458,6,8,4,11,5
18030459,2,8,11,9,1
18030460,1,5,2,7,10
18030461,2,7,4,5,8
18030462,5,3,11,6,7
18030463,1,2,11,8,6
18030464,5,1,9,10,2
18030465,2,6,11,1,4
18030466,1,8,9,3,5
18030467,10,1,7,5,6
18030468,9,6,5,2,4
18030469,5,10,4,8,1
18030470,8,5,1,9,3
18030471,7,1,10,3,6
18030472,9,11,10,7,2
18030473,10,6,3,5,7
18030474,11,10,4,8,2
18030475,6,10,11,3,4
18030476,10,8,11,1,3
18030477,8,11,3,7,5
18030478,7,10,5,2,6
18030479,9,10,1,8,7
18030480,11,6,8,3,5
18030481,5,11,6,9,10
18030501,4,9,11,8,2
18030502,9,1,10,8,3
18030503,5,10,4,1,11
18030504,10,3,2,1,8
18030505,7,5,6,4,9
18030506,4,6,5,1,2
18030507,8,7,1,2,9
18030508,2,5,3,10,9
18030509,10,4,8,9,2
18030510,1,10,6,2,9
18030511,6,9,3,10,4
18030512,11,9,10,1,6
18030513,9,6,10,11,3
18030514,6,4,8,3,5
18030515,5,2,3,11,10
18030516,7,2,5,1,3
18030517,9,4,8,6,7
18030518,11,10,3,8,7
18030519,3,2,8,7,5
18030520,10,2,11,3,8
18030521,1,10,11,2,3
18030522,1,3,11,7,5
18030523,7,5,9,4,3
18030524,11,5,3,2,10
18030525,2,8,11,10,1
18030526,1,11,3,2,8
18030527,7,10,6,4,5
18030528,8,7,6,3,10
18030529,10,11,8,2,9
18030530,1,9,8,5,2
18030531,2,9,10,3,1
18030532,6,8,10,11,7
18030533,2,11,10,5,6
18030534,2,9,3,7,11
18030535,1,11,10,9,7
18030536,8,9,4,3,5
18030537,10,2,4,9,8
18030538,1,7,6,4,2
18030539,10,9,6,4,1
18030540,7,5,4,3,1
18030541,8,11,10,2,6
18030542,5,8,10,4,2
18030543,11,1,7,4,9
18030544,9,5,10,3,4
18030545,8,7,11,2,6
18030546,2,10,6,5,9
18030547,5,3,1,4,2
18030548,4,3,11,1,10
18030549,5,7,9,2,8
18030550,7,4,8,1,2
18030551,4,6,11,5,1
18030552,4,8,6,11,2
18030553,2,3,8,10,11
18030554,8,9,1,6,4
18030555,8,2,9,4,1
18030556,10,8,11,4,5
18030557,2,4,11,6,7
18030558,8,5,4,2,11
18030559,11,7,2,3,5
18030560,3,11,2,9,8
18030561,11,6,7,2,3
18030562,2,5,6,10,1
18030563,5,10,2,3,9
18030564,7,10,11,4,3
18030565,8,10,7,9,3
18030566,4,5,10,1,6
18030567,6,8,1,5,9
18030568,1,11,7,3,10
18030569,10,8,1,11,6
18030570,8,7,4,11,2
18030571,9,4,11,5,1
18030572,4,8,1,3,6
18030573,3,10,8,9,5
18030574,11,6,7,9,10
18030575,1,8,10,2,3
18030576,11,10,9,7,2
18030577,1,11,7,10,6
18030578,7,3,5,4,1
18030579,5,8,10,4,6
18030580,10,3,4,11,9
18030581,10,5,1,9,11
18030601,6,5,8,1,9
18030602,9,11,10,3,4
18030603,10,9,1,7,11
18030604,6,7,1,8,5
18030605,7,6,8,4,1
18030606,2,3,9,5,10
18030607,11,2,10,7,4
18030608,4,6,5,11,9
18030609,9,7,10,3,6
18030610,9,2,8,5,3
18030611,6,9,3,2,7
18030612,3,10,4,9,7
18030613,4,3,10,6,5
18030614,4,1,9,11,5
18030615,2,7,11,6,4
18030616,2,7,10,6,5
18030617,5,11,8,7,3
18030618,1,7,4,10,11
18030619,2,3,4,6,8
18030620,10,6,5,3,8
18030621,3,10,4,9,8
18030622,8,10,1,9,11
18030623,9,8,7,2,5
18030624,5,11,1,6,3
18030625,1,3,9,8,6
18030626,6,2,10,7,4
18030627,1,11,8,3,7
18030628,7,10,9,4,1
18030629,9,4,10,2,5
18030630,6,8,1,9,10
18030631,1,10,6,9,4
18030632,7,9,4,1,10
18030633,6,8,11,7,3
18030634,11,3,6,4,1
18030635,10,8,1,9,6
18030636,7,10,6,3,9
18030637,10,1,11,9,2
18030638,11,8,2,1,10
18030639,6,8,11,3,2
18030640,6,4,10,3,7
18030641,8,2,3,6,4
18030642,10,7,1,6,5
18030643,9,6,8,7,5
18030644,3,2,9,5,7
18030645,10,1,3,4,11
18030646,11,4,7,2,6
18030647,8,1,6,3,4
18030648,9,5,7,4,8
18030649,1,6,3,10,5
18030650,3,8,6,9,4
18030651,6,11,8,3,10
18030652,1,9,5,6,4
18030653,10,9,1,2,5
18030654,8,11,5,9,1
18030655,8,10,2,1,6
18030656,8,5,10,4,3
18030657,9,8,1,11,10
18030658,2,9,10,11,7
18030659,7,10,9,2,5
18030660,1,7,8,9,10
18030661,11,9,3,5,2
18030662,10,5,11,4,6
18030663,5,3,2,4,9
18030664,11,4,9,3,2
18030665,5,6,10,2,3
18030666,11,9,5,8,10
18030667,3,10,9,7,5
18030668,10,9,7,1,11
18030669,4,2,7,8,6
18030670,7,9,2,1,10
18030671,10,8,6,9,2
18030672,1,5,3,11,10
18030673,3,4,5,6,8
18030674,1,9,10,8,4
18030675,5,9,3,10,6
18030676,8,6,2,11,9
18030677,2,9,7,11,4
18030678,10,8,3,6,5
18030679,2,4,8,7,11
18030680,2,11,5,1,6
18030681,7,8,5,6,4
18030701,10,5,7,11,3
18030702,4,7,10,6,8
18030703,6,2,7,10,4
18030704,10,6,1,7,2
18030705,11,8,5,10,4
18030706,1,11,9,7,10
18030707,9,10,2,11,5
18030708,7,6,11,9,10
18030709,5,10,1,2,8
18030710,9,7,2,11,5
18030711,3,7,5,8,10
18030712,8,6,7,4,9
18030713,11,3,1,8,10
18030714,7,1,8,11,4
18030715,1,2,7,10,9
18030716,8,6,3,1,2
18030717,3,1,11,9,2
18030718,6,11,10,3,1
18030719,5,6,7,8,10
18030720,1,7,3,9,10
18030721,1,5,8,7,3
18030722,1,8,3,7,5
18030723,9,5,4,1,6
18030724,9,8,2,11,7
18030725,11,4,3,10,7
18030726,6,4,3,11,2
18030727,3,6,5,11,10
18030728,8,5,10,9,6
18030729,4,7,9,3,10
18030730,2,7,5,3,6
18030731,11,10,6,3,8
18030732,7,10,11,4,5
18030733,2,9,3,11,4
18030734,7,9,6,4,10
18030735,6,2,7,9,1
18030736,7,3,11,9,1
18030737,2,5,4,10,11
18030738,10,7,4,1,2
18030739,4,11,5,1,6
18030740,10,4,6,5,8
18030741,3,5,9,2,10
18030742,5,1,10,9,2
18030743,5,6,3,1,4
18030744,2,4,6,10,11
18030745,1,7,5,11,4
18030746,10,11,9,5,2
18030747,2,6,9,7,10
18030748,10,6,5,3,7
18030749,3,11,9,1,2
18030750,8,3,4,2,10
18030751,4,2,1,9,5
18030752,9,1,6,3,2
18030753,9,4,1,11,10
18030754,10,3,11,7,6
18030755,5,8,9,7,3
18030756,7,4,10,3,2
18030757,1,6,7,3,8
18030758,3,8,6,7,10
18030759,6,5,4,3,1
18030760,10,9,7,5,1
18030761,11,3,1,10,2
18030762,9,1,5,4,8
18030763,9,3,10,1,8
18030764,1,11,3,5,4
18030765,7,6,4,2,9
18030766,9,4,2,1,3
18030767,3,9,1,10,2
18030768,1,11,4,2,8
18030769,11,6,3,9,5
18030770,1,10,4,5,9
18030771,1,3,10,9,6
18030772,4,2,10,11,1
18030773,9,8,2,5,6
18030774,5,3,8,1,2
18030775,2,9,1,11,7
18030776,11,3,6,7,8
18030777,9,5,6,4,10
18030778,10,8,6,2,9
18030779,4,11,6,8,9
18030780,8,6,5,7,2
18030781,6,4,1,10,9
18030801,2,8,4,11,5
18030802,2,3,1,9,8
18030803,4,2,6,5,1
18030804,7,8,2,4,3
18030805,3,6,9,1,10
18030806,2,10,6,5,3
18030807,1,7,11,6,5
18030808,1,8,2,6,5
18030809,11,5,2,7,3
18030810,10,1,5,11,7
18030811,9,3,5,7,11
18030812,8,5,10,6,7
18030813,2,11,3,8,10
18030814,5,8,4,11,7
18030815,4,8,7,11,6
18030816,2,8,9,1,7
18030817,10,9,4,7,1
18030818,8,5,9,11,4
18030819,3,5,11,10,8
18030820,7,11,6,10,3
18030821,11,1,5,6,8
18030822,10,2,5,7,9
18030823,10,5,2,1,6
18030824,3,4,1,2,8
18030825,10,7,1,3,11
18030826,4,3,2,6,9
18030827,10,11,3,4,5
18030828,8,6,4,11,7
18030829,8,10,3,7,11
18030830,10,2,6,9,4
18030831,5,7,6,3,1
18030832,5,6,3,8,11
18030833,7,3,2,8,5
18030834,11,7,9,6,5
18030835,11,2,8,9,4
18030836,11,1,5,3,2
18030837,11,2,4,9,5
18030838,10,1,5,3,7
18030839,2,9,11,1,5
18030840,11,5,3,6,1
18030841,7,10,11,3,8
18030842,5,4,9,7,2
18030843,4,1,8,5,3
18030844,4,9,10,6,11
18030845,4,10,8,7,9
18030846,7,10,6,11,2
18030847,6,1,11,4,8
18030848,9,11,1,4,2
18030849,3,7,5,10,8
18030850,7,10,6,1,8
18030851,10,3,6,5,4
18030852,9,1,6,10,11
18030853,9,4,2,7,11
18030854,3,11,5,7,1
18030855,4,11,3,8,10
18030856,7,4,8,2,9
18030857,10,3,6,7,1
18030858,5,10,8,3,9
18030859,9,10,1,4,8
18030860,8,10,9,11,3
18030861,11,8,1,10,4
18030862,4,3,9,5,1
18030863,10,6,3,4,5
18030864,1,8,11,5,6
18030865,11,2,9,3,10
18030866,4,9,8,6,3
18030867,6,4,9,2,11
18030868,1,9,2,10,7
18030869,7,10,8,11,4
18030870,11,9,6,7,1
18030871,5,9,7,11,3
18030872,7,5,4,9,6
18030873,10,4,1,7,8
18030874,2,4,3,6,5
18030875,10,1,8,5,6
18030876,3,1,10,9,8
18030877,11,5,3,7,2
18030878,11,4,5,7,2
18030879,8,4,6,1,3
18030880,11,10,6,2,5
18030881,6,5,9,1,7
18030901,7,6,5,2,11
18030902,1,7,9,6,11
18030903,4,8,3,5,10
18030904,6,11,1,8,7
18030905,6,7,5,8,1
18030906,11,10,7,2,8
18030907,7,3,5,9,2
18030908,10,6,4,11,2
18030909,9,7,2,11,4
18030910,6,3,1,9,8
18030911,9,1,11,8,7
18030912,7,9,2,4,1
18030913,9,5,10,3,11
18030914,10,11,5,8,9
18030915,2,9,10,8,11
18030916,4,3,1,11,2
18030917,5,4,7,3,11
18030918,1,10,5,9,7
18030919,6,9,10,11,3
18030920,9,8,4,10,6
18030921,3,1,5,11,8
18030922,8,6,7,3,1
18030923,2,6,4,1,8
18030924,8,2,10,6,1
18030925,3,5,8,1,6
18030926,6,11,7,8,4
18030927,9,2,3,10,1
18030928,9,11,3,4,10
18030929,7,6,4,2,10
18030930,6,8,4,11,10
18030931,11,1,4,2,3
18030932,10,11,3,4,8
18030933,8,1,3,10,2
18030934,7,6,11,3,1
18030935,4,6,8,11,5
18030936,7,2,4,11,3
18030937,7,1,10,6,9
18030938,10,11,1,8,2
18030939,2,11,1,4,8
18030940,9,2,8,7,11
18030941,6,5,10,8,9
18030942,8,1,10,3,7
18030943,10,11,5,2,1
18030944,8,6,1,4,7
18030945,6,9,4,5,7
18030946,7,11,8,9,5
18030947,4,8,3,7,6
18030948,11,2,5,7,10
18030949,1,9,2,10,4
18030950,10,3,8,4,6
18030951,5,6,1,10,8
18030952,3,9,4,5,10
18030953,11,6,5,9,3
18030954,5,10,9,7,4
18030955,1,11,9,5,4
18030956,7,4,1,9,11
18030957,11,5,1,4,9
18030958,4,7,11,2,6
18030959,6,5,11,3,8
18030960,6,4,2,7,11
18030961,4,3,9,1,2
18030962,1,5,4,3,10
18030963,1,4,9,5,3
18030964,7,4,5,2,8
18030965,10,3,7,11,8
18030966,3,8,7,2,10
18030967,4,2,10,11,9
18030968,8,7,2,10,4
18030969,5,3,6,8,10
18030970,2,6,8,5,1
18030971,10,2,3,1,6
18030972,2,8,4,1,5
18030973,4,10,11,3,5
18030974,11,10,1,3,2
18030975,5,2,4,6,1
18030976,7,9,10,6,1
18030977,6,8,4,2,5
18030978,6,3,2,1,4
18030979,4,6,3,2,5
18030980,4,6,3,7,11
18030981,4,10,5,1,6
18031001,2,5,3,8,11
18031002,2,1,5,10,7
18031003,8,2,7,3,5
18031004,7,5,6,8,9
18031005,1,2,8,6,10
18031006,10,4,1,5,7
18031007,2,6,5,1,8
18031008,5,2,6,3,7
18031009,4,8,3,2,6
18031010,7,1,5,4,9
18031011,8,10,3,2,5
18031012,5,6,1,7,4
18031013,8,5,3,11,10
18031014,9,7,1,4,8
18031015,3,4,1,7,9
18031016,11,1,3,6,7
18031017,9,4,2,6,3
18031018,5,9,11,2,8
18031019,9,5,7,6,8
18031020,8,11,2,5,3
18031021,10,7,6,5,1
18031022,6,1,9,11,3
18031023,9,3,8,10,11
18031024,7,11,1,10,8
18031025,11,10,6,5,1
18031026,1,9,8,3,5
18031027,5,1,3,6,11
18031028,2,6,11,7,10
18031029,3,7,2,4,8
18031030,2,9,7,3,1
18031031,1,4,10,6,9
18031032,3,2,10,7,1
18031033,8,6,9,5,4
18031034,1,11,8,6,2
18031035,7,9,1,11,3
18031036,8,6,4,11,9
18031037,3,11,2,7,8
18031038,11,10,9,7,3
18031039,2,5,1,3,4
18031040,6,3,2,4,11
18031041,11,1,2,6,10
18031042,2,6,3,1,5
18031043,4,5,3,6,7
18031044,1,5,4,7,10
18031045,10,2,7,3,9
18031046,11,1,3,9,2
18031047,3,7,8,10,1
18031048,10,8,9,2,5
18031049,6,9,11,3,2
18031050,11,4,3,9,7
18031051,2,10,1,7,9
18031052,9,2,3,4,11
18031053,7,4,9,11,8
18031054,6,9,2,3,1
18031055,7,4,9,5,2
18031056,6,11,9,2,10
18031057,1,6,3,9,2
18031058,8,2,5,11,10
18031059,2,3,8,7,1
18031060,1,3,2,6,7
18031061,9,6,4,11,1
18031062,1,11,9,3,6
18031063,6,3,4,10,8
18031064,8,4,6,2,1
18031065,3,5,6,4,9
18031066,7,6,10,8,2
18031067,9,5,8,1,3
18031068,8,5,11,10,2
18031069,3,9,5,4,6
18031070,3,6,4,5,1
18031071,8,10,9,2,7
18031072,7,4,1,6,9
18031073,5,10,11,3,7
18031074,3,1,10,6,4
18031075,8,7,6,2,4
18031076,6,7,10,4,8
18031077,8,6,5,3,10
18031078,9,5,2,11,3
18031079,8,9,4,3,7
18031080,10,4,9,8,11
18031081,8,9,4,6,7
18031101,1,2,3,5,8
18031102,9,7,2,3,5
18031103,3,5,7,8,10
18031104,6,2,9,5,11
18031105,1,7,9,11,10
18031106,7,4,6,11,9
18031107,11,6,10,8,7
18031108,10,1,5,4,3
18031109,4,2,9,1,10
18031110,4,2,9,8,7
18031111,9,2,5,11,6
18031112,11,5,1,10,6
18031113,8,2,3,4,10
18031114,8,9,1,7,11
18031115,5,9,1,6,10
18031116,8,2,3,5,7
18031117,7,5,3,1,8
18031118,2,6,11,5,8
18031119,10,7,6,9,1
18031120,8,2,9,4,11
18031121,8,2,3,11,6
18031122,3,2,1,11,8
18031123,8,10,11,6,1
18031124,11,9,5,3,2
18031125,6,9,4,11,3
18031126,3,2,10,8,7
18031127,9,3,7,8,5
18031128,6,1,7,2,10
18031129,6,11,3,8,2
18031130,6,11,5,2,9
18031131,5,1,7,9,10
18031132,6,8,4,2,10
18031133,8,1,11,10,3
18031134,6,3,4,1,8
18031135,5,2,6,1,7
18031136,1,7,5,4,11
18031137,6,3,5,9,10
18031138,6,7,10,2,9
18031139,1,2,6,4,11
18031140,10,2,11,4,5
18031141,5,1,6,8,11
18031142,6,2,1,7,3
18031143,2,7,4,1,5
18031144,8,3,11,4,10
18031145,4,10,1,11,9
18031146,1,5,7,4,8
18031147,5,2,1,7,4
18031148,4,9,11,8,3
18031149,6,2,1,8,9
18031150,2,5,11,1,8
18031151,2,11,1,3,7
18031152,10,3,2,7,11
18031153,5,6,4,11,8
18031154,7,6,2,9,8
18031155,1,2,8,11,9
18031156,10,7,9,5,4
18031157,5,9,11,1,7
18031158,6,5,2,11,10
18031159,11,10,2,7,3
18031160,10,11,7,2,5
18031161,6,3,4,9,10
18031162,9,2,7,1,3
18031163,4,9,7,6,3
18031164,1,5,11,9,7
18031165,7,8,4,5,3
18031166,5,2,10,7,9
18031167,4,6,10,5,9
18031168,6,8,10,9,2
18031169,2,11,6,10,9
18031170,7,10,6,5,9
18031171,11,5,3,8,6
18031172,7,1,5,8,11
18031173,3,2,11,7,5
18031174,7,9,8,4,11
18031175,7,1,5,6,4
18031176,8,6,10,4,1
18031177,1,11,5,8,10
18031178,2,7,3,8,9
18031179,3,7,8,11,9
18031180,1,8,10,2,11
18031181,1,11,6,2,7
18031201,10,11,7,1,9
18031202,2,5,8,11,7
18031203,6,5,4,8,1
18031204,8,11,7,6,3
18031205,11,6,3,8,2
18031206,11,4,9,1,8
18031207,5,7,1,4,3
18031208,7,9,2,1,11
18031209,10,7,1,5,4
18031210,1,10,2,11,7
18031211,8,9,10,2,5
18031212,8,4,7,9,10
18031213,8,4,9,7,3
18031214,10,9,11,3,6
18031215,7,4,5,11,1
18031216,8,7,9,10,11
18031217,5,9,7,3,10
18031218,5,10,7,4,1
18031219,6,8,3,10,2
18031220,1,8,2,3,10
18031221,5,11,9,4,7
18031222,8,6,9,7,10
18031223,4,11,9,2,8
18031224,10,9,5,1,6
18031225,11,7,5,9,6
18031226,11,5,6,2,3
18031227,10,3,1,11,7
18031228,1,10,3,5,2
18031229,1,2,6,5,9
18031230,8,4,2,7,5
18031231,8,5,9,11,1
18031232,3,11,1,8,9
18031233,1,10,3,2,5
18031234,9,7,5,4,8
18031235,2,4,6,10,8
18031236,4,11,1,6,5
18031237,9,1,5,3,2
18031238,5,11,3,7,9
18031239,3,6,1,7,11
18031240,3,4,7,11,10
18031241,5,10,2,1,9
18031242,3,2,5,1,9
18031243,1,11,2,10,6
18031244,7,2,4,8,5
18031245,2,3,7,1,5
18031246,5,2,1,3,9
18031247,8,7,3,4,9
18031248,4,3,8,1,6
18031249,11,10,2,8,9
18031250,7,8,1,4,9
18031251,1,4,7,9,8
18031252,5,10,1,2,4
18031253,3,4,5,8,10
18031254,7,2,11,9,3
18031255,5,9,7,4,11
18031256,8,7,6,9,10
18031257,6,11,7,2,5
18031258,3,10,7,11,8
18031259,1,7,11,9,6
18031260,6,7,4,3,9
18031261,9,5,4,2,3
18031262,8,4,10,7,9
18031263,2,10,4,11,1
18031264,9,4,2,3,1
18031265,10,6,5,8,3
18031266,8,6,2,10,5
18031267,9,1,5,10,6
18031268,11,5,7,8,1
18031269,8,2,4,3,6
18031270,11,4,8,5,7
18031271,10,8,9,11,3
18031272,5,3,8,9,6
18031273,9,11,5,7,3
18031274,5,10,3,9,4
18031275,7,11,3,9,8
18031276,2,9,7,10,6
18031277,5,6,8,1,2
18031278,8,11,9,10,6
18031279,2,9,5,4,3
18031280,4,6,9,5,8
18031281,9,4,8,7,11
18031301,6,7,9,8,11
18031302,6,8,10,5,2
18031303,9,5,3,1,4
18031304,4,1,3,9,5
18031305,1,8,11,10,6
18031306,3,1,4,11,8
18031307,8,2,7,6,10
18031308,1,5,8,10,7
18031309,10,1,5,9,6
18031310,11,10,3,5,9
18031311,6,5,11,9,2
18031312,3,2,7,6,8
18031313,4,8,7,3,10
18031314,9,5,10,3,2
18031315,6,8,3,9,5
18031316,1,3,7,6,4
18031317,10,1,8,5,6
18031318,2,9,10,3,8
18031319,4,3,8,2,10
18031320,4,1,8,3,10
18031321,7,9,5,11,4
18031322,1,3,11,2,10
18031323,11,9,2,10,6
18031324,3,11,5,4,6
18031325,5,2,4,8,9
18031326,8,4,6,2,9
18031327,9,10,2,4,8
18031328,8,11,10,1,3
18031329,11,4,2,1,7
18031330,7,3,5,8,10
18031331,7,2,4,5,11
18031332,1,2,10,11,6
18031333,10,9,1,6,11
18031334,3,9,11,6,8
18031335,10,4,3,5,6
18031336,10,8,1,4,7
18031337,7,10,1,5,3
18031338,7,11,1,5,8
18031339,9,3,10,1,11
18031340,6,9,10,11,4
18031341,4,1,8,11,9
18031342,2,5,10,4,11
18031343,8,1,6,4,7
18031344,8,10,6,3,1
18031345,8,2,3,4,11
18031346,4,2,1,10,5
18031347,2,1,4,10,11
18031348,2,3,9,1,6
18031349,6,3,4,1,9
18031350,11,10,2,1,6
18031351,5,11,10,9,4
18031352,7,5,10,4,9
18031353,7,11,3,8,9
18031354,5,10,4,7,11
18031355,5,10,9,8,1
18031356,6,3,7,10,9
18031357,1,4,3,11,9
18031358,1,5,9,10,11
18031359,1,9,11,6,2
18031360,9,11,2,3,6
18031361,5,2,6,11,7
18031362,4,1,9,6,7
18031363,8,6,10,4,7
18031364,11,1,10,3,9
18031365,9,4,7,8,2
18031366,4,8,6,9,5
18031367,3,2,4,8,10
18031368,8,9,6,4,10
18031369,4,1,3,5,6
18031370,2,5,8,11,9
18031371,11,4,9,7,1
18031372,2,4,9,3,5
18031373,8,3,1,4,5
18031374,10,1,6,8,7
18031375,9,6,8,5,10
18031376,5,1,4,8,10
18031377,5,4,3,11,10
18031378,5,7,10,11,9
18031379,9,10,7,1,3
18031380,2,7,3,11,1
18031381,11,8,7,3,9
18031401,8,10,5,4,1
18031402,4,2,11,7,9
18031403,2,6,11,4,3
18031404,5,7,10,6,1
18031405,2,5,7,8,1
18031406,10,9,3,4,11
18031407,5,10,3,4,11
18031408,10,2,4,5,6
18031409,5,1,8,10,2
18031410,5,10,9,7,8
18031411,5,1,3,7,4
18031412,10,7,1,9,6
18031413,1,5,6,7,8
18031414,4,9,3,7,10
18031415,1,10,4,9,7
18031416,1,2,5,9,8
18031417,7,9,4,3,5
18031418,5,3,1,2,9
18031419,9,3,6,5,11
18031420,11,4,1,10,3
18031421,11,2,3,7,8
18031422,3,6,10,1,2
18031423,2,1,8,11,7
18031424,5,9,2,7,3
18031425,11,9,3,2,1
18031426,7,10,11,3,1
18031427,7,10,5,3,2
18031428,8,2,11,4,5
18031429,4,10,9,1,8
18031430,6,1,4,3,11
18031431,4,5,10,11,7
18031432,2,9,11,4,6
18031433,7,2,1,3,6
18031434,6,3,9,2,5
18031435,6,11,10,2,4
18031436,2,11,5,6,8
18031437,7,2,9,3,5
18031438,9,7,2,3,6
18031439,3,8,9,1,2
18031440,4,3,9,1,7
18031441,6,7,10,1,3
18031442,4,5,2,10,1
18031443,6,2,8,10,4
18031444,9,3,1,11,8
18031445,2,3,6,9,8
18031446,9,11,8,5,7
18031447,11,4,10,5,1
18031448,10,7,2,5,1
18031449,4,6,10,1,3
18031450,5,11,10,9,1
18031451,4,9,3,7,1
18031452,9,8,6,10,1
18031453,5,8,4,3,6
18031454,5,7,1,9,8
18031455,10,5,9,2,1
18031456,6,11,2,1,7
18031457,10,9,1,5,6
18031458,9,10,2,5,1
18031459,3,5,10,1,11
18031460,3,11,4,1,5
18031461,2,10,6,9,5
18031462,2,10,7,6,11
18031463,3,8,7,1,2
18031464,4,8,2,11,7
18031465,6,10,2,7,11
18031466,1,2,6,3,4
18031467,7,8,4,9,11
18031468,4,9,7,3,5
18031469,9,2,1,11,8
18031470,3,5,4,11,9
18031471,11,10,8,7,9
18031472,10,2,1,5,11
18031473,4,5,10,8,6
18031474,3,4,6,9,8
18031475,10,2,5,9,7
18031476,11,3,9,5,2
18031477,3,6,7,4,9
18031478,2,1,6,5,4
18031479,8,10,6,9,2
18031480,1,7,4,2,6
18031481,2,1,9,7,3
18031501,3,2,6,9,7
18031502,10,5,9,11,6
18031503,7,10,5,8,2
18031504,2,10,7,1,8
18031505,3,11,8,5,7
18031506,1,6,5,2,9
18031507,2,7,5,9,8
18031508,6,4,3,9,7
18031509,3,11,10,8,6
18031510,11,2,9,10,5
18031511,4,6,3,1,2
18031512,9,4,6,7,3
18031513,1,8,11,2,9
18031514,6,7,5,8,4
18031515,3,6,7,11,10
18031516,4,11,8,6,10
18031517,5,10,3,11,7
18031518,1,5,9,10,7
18031519,8,6,10,3,7
18031520,3,7,11,9,2
18031521,5,8,7,10,11
18031522,1,3,2,5,10
18031523,9,11,3,8,4
18031524,7,2,8,4,6
18031525,9,1,3,6,5
18031526,10,7,2,3,9
18031527,8,6,5,10,4
18031528,11,2,5,4,3
18031529,7,11,4,1,10
18031530,7,5,3,1,8
18031531,9,1,3,2,7
18031532,2,3,6,10,5
18031533,3,11,8,4,1
18031534,3,8,1,9,2
18031535,3,5,10,8,11
18031536,7,3,11,8,5
18031537,8,7,1,5,2
18031538,8,7,6,11,10
18031539,10,2,8,4,3
18031540,3,11,6,9,10
18031541,1,4,8,10,5
18031542,7,9,6,3,4
18031543,7,10,11,3,4
18031544,5,7,3,2,1
18031545,1,7,10,6,3
18031546,11,2,6,5,8
18031547,7,3,2,8,4
18031548,4,10,5,11,7
18031549,10,4,2,5,1
18031550,11,6,10,9,4
18031551,1,5,6,2,4
18031552,1,3,4,6,9
18031553,4,7,5,1,10
18031554,11,5,7,6,3
18031555,4,10,1,3,11
18031556,6,8,1,2,3
18031557,4,5,7,11,9
18031558,1,2,4,7,6
18031559,3,2,1,10,5
18031560,1,11,6,3,7
18031561,1,9,10,2,6
18031562,7,9,11,2,3
18031563,5,2,1,9,4
18031564,9,8,5,7,6
18031565,3,10,9,1,2
18031566,3,8,7,10,4
18031567,6,11,10,9,4
18031568,5,4,10,7,8
18031569,2,7,1,6,9
18031570,9,2,11,8,10
18031571,2,9,3,4,5
18031572,11,6,9,3,4
18031573,4,3,2,9,7
18031574,6,7,1,4,11
18031575,1,8,3,2,11
18031576,4,10,8,2,11
18031577,1,7,2,4,3
18031578,10,4,5,8,7
18031579,5,2,8,3,10
18031580,2,3,6,9,4
18031581,6,8,10,2,9
18031601,6,10,7,5,1
18031602,1,3,8,10,4
18031603,8,5,1,2,4
18031604,1,4,10,5,9
18031605,9,10,4,2,1
18031606,11,5,4,3,10
18031607,11,3,6,10,5
18031608,7,3,5,11,4
18031609,11,9,1,10,4
18031610,1,5,9,6,3
18031611,4,10,7,6,11
18031612,8,3,10,9,1
18031613,1,9,5,4,2
18031614,2,1,3,10,11
18031615,2,8,9,10,7
18031616,11,8,4,6,2
18031617,4,7,9,2,11
18031618,1,6,10,3,9
18031619,11,8,5,7,9
18031620,5,7,6,8,2
18031621,8,4,1,3,9
18031622,1,11,3,4,9
18031623,5,3,7,4,11
18031624,10,8,4,1,9
18031625,11,9,2,4,6
18031626,2,1,4,3,9
18031627,9,1,10,2,11
18031628,1,3,7,11,2
18031629,11,10,4,1,5
18031630,1,4,2,6,3
18031631,4,6,3,10,11
18031632,6,1,9,11,2
18031633,5,10,2,8,1
18031634,8,6,7,5,10
18031635,3,9,5,6,10
18031636,2,9,4,10,11
18031637,8,6,5,3,2
18031638,4,10,3,2,5
18031639,10,5,8,7,2
18031640,2,4,1,3,11
18031641,3,10,9,11,2
18031642,5,9,8,4,6
18031643,4,7,11,6,9
18031644,3,4,10,2,6
18031645,7,10,8,4,3
18031646,10,8,7,9,5
18031647,11,3,1,4,2
18031648,5,10,4,2,9
18031649,3,7,11,4,9
18031650,8,5,11,9,7
18031651,5,9,7,1,8
18031652,2,4,8,7,9
18031653,6,10,3,5,4
18031654,8,10,2,11,5
18031655,3,4,9,8,11
18031656,5,7,9,3,11
18031657,11,5,6,7,2
18031658,1,9,3,8,2
18031659,3,7,5,9,8
18031660,1,10,11,5,2
18031661,3,10,11,6,1
18031662,10,4,1,11,3
18031663,1,7,5,6,3
18031664,4,8,3,5,10
18031665,3,1,4,5,9
18031666,1,4,7,2,5
18031667,11,8,9,3,2
18031668,4,3,8,11,9
18031669,7,2,9,1,3
18031670,3,7,5,10,8
18031671,4,7,9,11,8
18031672,4,11,2,5,3
18031673,10,9,6,8,2
18031674,7,5,10,8,4
18031675,3,7,2,9,8
18031676,3,9,4,6,10
18031677,7,3,4,11,8
18031678,7,5,9,8,11
18031679,4,1,8,3,6
18031680,4,7,9,8,10
18031681,1,2,6,5,11
18031701,8,7,11,3,4
18031702,9,10,5,11,4
18031703,8,9,4,7,10
18031704,4,3,7,2,10
18031705,3,2,7,4,1
18031706,2,7,9,4,11
18031707,11,1,10,3,2
18031708,8,2,5,10,3
18031709,4,6,2,11,10
18031710,9,2,5,4,7
18031711,7,3,4,11,2
18031712,9,5,8,1,10
18031713,5,2,10,8,6
18031714,4,11,6,7,5
18031715,10,4,7,5,6
18031716,5,8,6,1,9
18031717,6,4,5,2,7
18031718,7,6,1,2,8
18031719,1,7,4,3,11
18031720,6,11,8,2,4
18031721,8,10,6,5,7
18031722,5,11,9,6,4
18031723,5,10,4,11,3
18031724,1,3,2,6,9
18031725,2,7,11,1,3
18031726,2,9,11,5,7
18031727,5,1,3,8,4
18031728,8,9,4,11,1
18031729,3,8,10,9,4
18031730,5,11,7,8,6
18031731,5,3,11,1,2
18031732,6,9,4,3,7
18031733,5,10,6,1,7
18031734,4,9,7,8,2
18031735,3,5,11,6,8
18031736,8,1,7,11,6
18031737,8,11,10,3,4
18031738,4,3,10,7,1
18031739,1,3,10,7,6
18031740,3,11,7,2,4
18031741,8,3,4,11,1
18031742,7,11,10,8,1
18031743,11,2,7,8,4
18031744,4,3,6,2,7
18031745,2,6,3,7,8
18031746,1,8,9,2,7
18031747,7,8,1,2,5
18031748,2,8,3,10,5
18031749,7,2,11,4,1
18031750,11,5,8,3,2
18031751,1,9,6,7,2
18031752,1,3,6,5,2
18031753,4,7,9,5,6
18031754,9,5,11,4,10
18031755,1,11,7,10,6
18031756,1,5,7,4,8
18031757,9,4,3,5,1
18031758,7,9,2,3,1
18031759,8,6,4,7,9
18031760,4,1,2,9,8
18031761,9,10,1,4,6
18031762,5,2,3,7,9
18031763,4,9,2,8,1
18031764,10,7,8,9,6
18031765,9,10,3,11,1
18031766,10,5,6,2,4
18031767,10,3,2,5,11
18031768,4,9,6,10,7
18031769,3,7,10,2,5
18031770,8,3,10,2,9
18031771,8,6,5,1,2
18031772,10,11,6,4,8
18031773,6,7,8,3,1
18031774,4,3,5,8,1
18031775,2,8,3,9,4
18031776,2,9,6,11,4
18031777,2,5,9,8,4
18031778,11,7,1,3,8
18031779,9,5,4,2,3
18031780,5,1,9,6,7
18031781,2,4,1,8,11
18031801,2,6,11,10,1
18031802,6,10,1,11,8
18031803,10,4,1,8,6
18031804,3,9,6,7,4
18031805,5,8,6,3,11
18031806,2,4,7,8,6
18031807,10,8,6,7,5
18031808,8,2,4,3,11
18031809,8,4,10,7,11
18031810,11,8,3,10,7
18031811,5,4,6,10,2
18031812,3,2,5,7,11
18031813,4,5,3,2,7
18031814,10,1,4,8,6
18031815,2,11,9,6,4
18031816,2,3,9,8,11
18031817,8,2,1,3,7
18031818,1,8,7,9,3
18031819,4,10,3,8,1
18031820,4,8,3,7,2
18031821,5,4,3,2,10
18031822,9,10,11,5,3
18031823,10,9,8,1,11
18031824,7,8,11,3,10
18031825,7,4,10,6,9
18031826,11,9,6,10,5
18031827,2,10,9,11,5
18031828,7,9,3,2,8
18031829,11,2,10,3,1
18031830,11,9,6,1,5
18031831,6,2,10,3,4
18031832,3,1,8,4,2
18031833,6,8,9,4,5
18031834,4,5,3,9,8
18031835,11,5,7,1,8
18031836,11,7,3,5,10
18031837,11,3,8,6,4
18031838,4,6,7,10,3
18031839,10,1,9,2,11
18031840,6,4,11,9,7
18031841,6,8,10,9,11
18031842,5,3,1,9,6
18031843,11,2,3,9,4
18031844,7,4,10,8,9
18031845,8,7,9,5,6
18031846,4,5,1,2,10
18031847,7,2,11,6,4
18031848,3,1,6,4,2
18031849,4,1,7,8,2
18031850,11,9,7,5,3
18031851,9,11,3,1,2
18031852,8,2,1,7,6
18031853,8,1,9,2,6
18031854,4,7,9,6,8
18031855,11,8,1,4,5
18031856,8,2,11,1,4
18031857,8,4,1,6,9
18031858,11,7,5,8,4
18031859,4,2,1,8,10
18031860,10,6,11,1,5
18031861,4,1,10,5,7
18031862,1,2,8,3,4
18031863,3,10,11,9,6
18031864,6,10,8,1,7
18031865,5,10,8,2,3
18031866,11,8,4,9,5
18031867,6,7,1,5,8
18031868,9,6,2,5,11
18031869,4,9,8,11,5
18031870,3,10,6,7,4
18031871,1,8,9,3,7
18031872,3,8,10,11,4
18031873,9,8,5,4,11
18031874,9,3,11,5,2
18031875,8,2,6,3,4
18031876,5,11,7,2,9
18031877,8,6,4,5,3
18031878,2,7,1,6,10
18031879,4,5,2,8,7
18031880,11,2,3,4,10
18031881,11,10,5,6,2
18031901,2,11,10,4,1
18031902,4,5,8,9,7
18031903,1,6,5,4,9
18031904,1,3,2,7,9
18031905,1,11,4,7,3
18031906,3,4,9,5,2
18031907,8,3,1,10,9
18031908,2,4,7,10,5
18031909,1,6,7,10,5
18031910,10,8,3,11,9
18031911,3,9,2,4,10
18031912,7,6,2,8,3
18031913,5,8,11,2,3
18031914,10,6,8,1,3
18031915,11,2,5,10,7
18031916,2,3,1,10,4
18031917,3,8,11,10,4
18031918,5,6,8,11,1
18031919,4,9,5,10,2
18031920,4,1,2,8,10
18031921,4,3,1,2,11
18031922,1,3,9,5,7
18031923,5,10,1,4,2
18031924,7,1,9,4,6
18031925,11,3,9,2,5
18031926,10,6,3,2,11
18031927,6,1,10,9,8
18031928,11,8,10,6,1
18031929,2,11,4,9,6
18031930,10,1,2,9,3
18031931,6,5,10,1,8
18031932,1,2,5,8,6
18031933,3,6,10,4,8
18031934,4,9,5,3,8
18031935,7,9,4,6,2
18031936,10,3,2,8,9
18031937,11,4,3,8,10
18031938,8,9,11,10,1
18031939,6,5,3,7,9
18031940,1,11,5,9,8
18031941,6,4,7,5,9
18031942,9,11,6,7,10
18031943,9,1,4,8,6
18031944,10,11,7,5,1
18031945,10,7,6,9,3
18031946,10,4,6,11,3
18031947,6,10,11,8,4
18031948,5,3,10,7,1
18031949,4,7,8,6,5
18031950,7,1,6,4,8
18031951,1,7,4,5,8
18031952,6,2,4,3,5
18031953,2,6,10,11,3
18031954,8,5,11,10,1
18031955,9,2,11,3,6
18031956,10,8,1,9,7
18031957,1,2,4,9,11
18031958,11,3,8,5,10
18031959,4,3,10,11,5
18031960,1,3,8,5,2
18031961,9,7,2,11,8
18031962,9,5,6,4,1
18031963,11,8,4,7,10
18031964,5,8,3,10,6
18031965,10,3,2,4,8
18031966,8,1,11,5,10
18031967,4,6,7,1,9
18031968,7,4,2,11,5
18031969,4,5,8,11,7
18031970,6,4,10,3,1
18031971,9,11,8,1,2
18031972,10,11,7,4,3
18031973,11,10,3,5,8
18031974,4,9,10,3,2
18031975,3,2,1,10,4
18031976,10,3,7,8,1
18031977,1,11,10,6,5
18031978,7,6,3,2,11
18031979,4,10,1,11,7
18031980,4,1,5,3,10
18031981,6,5,2,11,1
18032001,11,6,8,7,2
18032002,11,3,8,10,1
18032003,9,4,1,7,10
18032004,7,1,10,2,3
18032005,11,3,9,10,4
18032006,3,9,10,2,4
18032007,2,7,10,3,9
18032008,3,8,1,5,10
18032009,10,6,3,11,7
18032010,2,5,9,6,3
18032011,8,11,5,9,7
18032012,5,7,6,3,4
18032013,6,10,3,11,9
18032014,1,8,6,10,5
18032015,9,11,10,1,7
18032016,6,5,8,10,3
18032017,8,2,1,5,3
18032018,8,6,7,3,4
18032019,5,2,9,8,7
18032020,10,2,6,7,8
18032021,7,5,6,4,8
18032022,8,11,2,7,6
18032023,1,10,11,8,4
18032024,4,6,11,8,3
18032025,8,4,3,10,9
18032026,7,3,1,4,2
18032027,10,1,11,7,6
18032028,1,2,11,3,10
18032029,1,9,4,2,10
18032030,3,10,1,9,6
18032031,6,1,3,8,5
18032032,3,11,8,6,4
18032033,11,7,5,8,6
18032034,3,8,1,10,11
18032035,3,9,11,6,8
18032036,8,7,4,9,2
18032037,6,11,10,2,3
18032038,11,3,1,8,6
18032039,11,10,3,6,2
18032040,11,5,10,4,6
18032041,6,8,4,7,11
18032042,5,4,2,10,1
18032043,9,10,1,6,8
18032044,1,11,6,5,2
18032045,2,7,11,5,10
18032046,7,9,3,5,8
18032047,5,9,7,1,6
18032048,11,6,8,1,5
18032049,1,6,5,2,7
18032050,8,9,6,10,1
18032051,11,4,7,9,6
18032052,11,4,2,1,8
18032053,3,6,11,7,2
18032054,5,2,7,3,11
18032055,8,4,7,10,6
18032056,5,11,10,4,2
18032057,9,8,7,3,5
18032058,8,4,11,9,5
18032059,6,5,11,1,3
18032060,2,6,9,4,10
18032061,5,7,1,8,4
18032062,4,11,5,6,7
18032063,7,10,2,11,8
18032064,3,4,10,1,6
18032065,5,1,11,9,10
18032066,11,2,10,1,6
18032067,5,3,9,1,7
18032068,3,8,9,2,7
18032069,8,10,6,1,3
18032070,8,6,2,11,7
18032071,11,1,3,10,6
18032072,10,6,3,11,8
18032073,6,10,1,4,5
18032074,5,1,10,11,6
18032075,11,2,6,5,3
18032076,4,8,3,6,11
18032077,7,10,6,1,9
18032078,5,7,9,6,1
18032079,1,2,6,3,7
18032080,11,1,10,5,8
18032081,11,10,6,2,7
18032101,7,4,6,1,2
18032102,10,8,4,11,1
18032103,5,3,7,10,6
18032104,6,1,10,4,11
18032105,8,7,10,1,2
18032106,3,10,5,8,4
18032107,6,3,9,11,10
18032108,3,2,8,4,9
18032109,3,7,6,4,5
18032110,2,4,5,8,7
18032111,1,8,10,2,6
18032112,11,5,2,3,7
18032113,3,9,4,8,2
18032114,9,4,5,6,7
18032115,4,2,5,9,3
18032116,5,11,6,7,3
18032117,11,3,10,5,6
18032118,10,3,7,4,2
18032119,1,2,7,9,6
18032120,11,3,1,7,8
18032121,11,9,4,2,8
18032122,7,3,8,5,6
18032123,11,4,5,2,8
18032124,9,6,1,7,8
18032125,3,10,8,1,5
18032126,2,11,1,3,6
18032127,11,8,3,10,6
18032128,1,7,10,11,5
18032129,2,3,8,1,6
18032130,10,8,11,9,4
18032131,5,1,10,3,6
18032132,4,3,9,1,10
18032133,10,9,11,4,5
18032134,5,3,7,1,8
18032135,4,2,5,7,9
18032136,1,5,10,7,11
18032137,1,10,3,11,7
18032138,2,5,1,11,7
18032139,6,3,4,11,5
18032140,11,2,4,5,3
18032141,6,4,8,11,2
18032142,7,3,8,4,10
18032143,2,10,11,1,7
18032144,9,10,11,7,2
18032145,9,2,6,1,3
18032146,8,5,7,11,1
18032147,9,11,4,8,5
18032148,8,2,11,5,6
18032149,7,4,1,10,3
18032150,5,1,7,10,4
18032151,9,11,10,8,2
18032152,9,5,1,2,10
18032153,3,4,11,8,9
18032154,5,7,4,11,9
18032155,2,5,9,7,3
18032156,4,1,5,9,2
18032157,10,2,4,8,5
18032158,5,7,3,10,11
18032159,5,6,4,7,11
18032160,10,2,5,4,11
18032161,10,8,6,3,5
18032162,4,8,9,7,11
18032163,8,5,1,2,7
18032164,1,4,9,3,2
18032165,6,1,8,5,11
18032166,3,4,5,9,2
18032167,1,4,2,10,9
18032168,9,11,4,10,2
18032169,6,9,2,8,1
18032170,2,11,10,5,6
18032171,2,3,6,5,1
18032172,10,6,3,9,7
18032173,2,7,11,5,1
18032174,1,10,7,3,6
18032175,10,8,6,11,3
18032176,10,1,4,11,8
18032177,11,6,2,9,8
18032178,11,7,5,9,6
18032179,2,5,1,10,9
18032180,9,3,4,2,11
18032181,2,10,1,5,9
18032201,4,2,3,8,9
18032202,11,8,2,1,6
18032203,5,10,8,6,7
18032204,5,11,6,2,10
18032205,9,8,5,1,11
18032206,8,4,9,1,11
18032207,9,2,1,10,4
18032208,2,6,8,7,5
18032209,1,6,11,2,4
18032210,2,10,5,6,4
18032211,3,7,5,10,11
18032212,10,5,7,2,9
18032213,11,4,7,3,10
18032214,8,9,5,6,2
18032215,6,5,8,11,1
18032216,2,7,11,3,6
18032217,11,10,3,4,1
18032218,6,1,9,2,7
18032219,8,2,7,6,3
18032220,1,7,9,4,8
18032221,8,11,4,3,7
18032222,7,8,4,6,3
18032223,10,5,7,2,3
18032224,1,7,5,3,4
18032225,6,4,3,10,7
18032226,1,3,5,6,10
18032227,10,9,4,7,3
18032228,11,10,2,5,9
18032229,11,5,1,3,2
18032230,2,10,8,1,5
18032231,8,9,3,2,7
18032232,3,5,9,10,8
18032233,11,9,10,1,5
18032234,5,6,7,9,8
18032235,11,9,4,8,3
18032236,9,2,11,3,7
18032237,8,7,4,6,9
18032238,1,10,6,3,7
18032239,1,6,3,7,9
18032240,5,6,11,10,1
18032241,9,5,1,4,7
18032242,3,4,11,9,8
18032243,3,9,10,11,5
18032244,8,9,11,6,5
18032245,3,4,9,1,11
18032246,9,11,4,1,10
18032247,10,6,4,8,2
18032248,5,7,11,6,1
18032249,1,3,5,9,2
18032250,11,1,7,9,2
18032251,8,7,3,1,5
18032252,6,4,11,2,1
18032253,10,9,4,11,1
18032254,1,7,2,3,6
18032255,5,4,7,6,10
18032256,3,11,6,1,9
18032257,2,3,5,10,7
18032258,8,10,1,6,9
18032259,5,8,4,1,10
18032260,5,2,4,8,10
18032261,3,8,9,10,6
18032262,6,11,5,9,1
18032263,9,5,2,11,3
18032264,2,7,1,9,10
18032265,1,11,2,8,10
18032266,6,11,9,3,10
18032267,11,3,7,1,6
18032268,5,11,4,9,10
18032269,11,1,7,8,3
18032270,11,4,5,9,10
18032271,5,1,10,7,2
18032272,5,1,2,8,10
18032273,9,11,2,8,3
18032274,2,10,8,5,6
18032275,10,6,2,9,7
18032276,2,8,7,5,11
18032277,11,1,4,9,3
18032278,9,11,7,1,4
18032279,1,6,10,9,2
18032280,2,10,11,1,6
18032281,1,7,3,9,6
18032301,9,4,8,7,5
18032302,7,9,2,6,1
18032303,7,4,3,11,10
18032304,2,9,6,1,8
18032305,2,11,6,9,10
18032306,1,9,10,3,2
18032307,8,9,3,6,4
18032308,2,4,5,9,10
18032309,4,9,5,6,11
18032310,6,11,3,5,9
18032311,1,8,5,11,3
18032312,1,10,4,2,11
18032313,5,11,9,8,4
18032314,10,2,6,4,8
18032315,6,10,7,8,2
18032316,5,6,8,1,9
18032317,7,9,11,5,4
18032318,3,4,6,1,7
18032319,10,2,4,9,3
18032320,4,11,8,2,6
18032321,9,7,3,5,11
18032322,10,11,7,4,9
18032323,10,1,2,4,11
18032324,5,10,1,9,3
18032325,5,8,3,2,4
18032326,1,11,7,9,3
18032327,9,1,7,3,5
18032328,8,2,5,7,11
18032329,8,3,10,11,4
18032330,2,5,1,6,8
18032331,10,2,1,8,3
18032332,4,2,1,11,9
18032333,7,2,10,4,11
18032334,2,8,7,3,10
18032335,3,7,6,8,1
18032336,6,7,5,11,8
18032337,9,4,6,10,11
18032338,5,9,4,11,1
18032339,3,2,10,5,1
18032340,2,8,9,1,3
18032341,6,7,4,8,1
18032342,7,8,3,4,2
18032343,4,2,11,10,3
18032344,6,10,7,9,1
18032345,4,2,11,7,10
18032346,11,6,3,9,1
18032347,5,1,2,4,10
18032348,2,11,3,6,9
18032349,11,6,9,3,2
18032350,10,7,4,6,1
18032351,4,8,6,3,2
18032352,3,2,4,6,5
18032353,8,2,1,9,4
18032354,1,9,4,11,7
18032355,5,2,7,11,9
18032356,6,1,10,7,2
18032357,7,2,4,11,10
18032358,1,8,6,10,5
18032359,4,1,8,9,7
18032360,1,3,10,4,9
18032361,4,3,5,8,10
18032362,2,7,10,3,5
18032363,3,1,10,11,6
18032364,1,8,6,11,4
18032365,4,5,1,8,3
18032366,7,5,6,11,8
18032367,2,1,5,6,9
18032368,3,10,1,4,2
18032369,3,7,5,10,8
18032370,6,10,5,7,1
18032371,4,6,8,9,1
18032372,3,11,10,7,5
18032373,2,4,3,8,11
18032374,6,2,3,1,7
18032375,11,6,5,2,4
18032376,11,4,8,10,2
18032377,6,8,9,1,11
18032378,4,5,7,10,8
18032379,2,1,7,5,10
18032380,9,3,10,1,5
18032381,1,7,10,5,11
18032401,8,10,6,9,1
18032402,10,11,1,6,8
18032403,11,2,8,5,4
18032404,4,8,2,7,9
18032405,9,2,7,11,10
18032406,11,5,7,3,8
18032407,3,10,11,8,4
18032408,9,5,3,10,6
18032409,8,4,6,11,5
18032410,1,6,5,4,2
18032411,9,5,10,11,7
18032412,11,7,8,6,3
18032413,7,10,6,8,5
18032414,8,5,11,7,10
18032415,9,11,10,7,1
18032416,11,6,1,5,3
18032417,11,3,4,5,8
18032418,10,11,8,3,2
18032419,7,11,10,4,2
18032420,5,1,2,10,9
18032421,9,10,3,4,5
18032422,10,1,4,6,7
18032423,11,5,1,7,3
18032424,5,10,6,2,11
18032425,5,11,10,4,8
18032426,1,7,6,10,8
18032427,6,9,4,3,11
18032428,2,1,10,3,5
18032429,2,3,8,10,5
18032430,4,5,3,10,2
18032431,11,6,5,7,2
18032432,7,10,3,8,1
18032433,6,4,5,1,11
18032434,4,11,7,9,10
18032435,5,4,10,6,11
18032436,1,6,3,5,10
18032437,2,11,5,7,6
18032438,8,1,9,4,6
18032439,10,1,11,7,3
18032440,6,5,4,2,1
18032441,5,6,4,11,9
18032442,10,1,2,3,5
18032443,5,9,7,4,10
18032444,7,11,9,6,3
18032445,9,3,1,11,4
18032446,1,7,2,3,6
18032447,6,9,5,11,1
18032448,5,6,9,11,3
18032449,2,11,1,10,3
18032450,7,3,10,11,9
18032451,8,9,4,1,3
18032452,6,3,5,4,8
18032453,2,8,3,5,1
18032454,6,8,10,7,4
18032455,5,8,2,10,9
18032456,11,2,7,4,5
18032457,8,6,4,1,5
18032458,8,5,10,9,7
18032459,1,10,7,4,9
18032460,5,8,1,3,6
18032461,8,9,7,2,11
18032462,7,2,11,9,5
18032463,9,1,5,4,3
18032464,3,4,10,8,9
18032465,5,11,9,3,4
18032466,8,4,1,11,9
18032467,8,1,7,5,6
18032468,6,3,1,9,8
18032469,6,7,9,3,5
18032470,6,5,11,9,3
18032471,1,5,8,10,2
18032472,11,5,10,4,3
18032473,6,1,2,5,4
18032474,11,4,7,3,1
18032475,11,10,2,3,7
18032476,11,4,7,5,2
18032477,9,7,8,6,10
18032478,4,8,11,10,6
18032479,8,11,1,4,3
18032480,11,6,4,1,2
18032481,4,10,11,3,9
18032501,6,8,3,5,11
18032502,11,2,10,3,1
18032503,5,1,2,9,6
18032504,3,9,6,8,7
18032505,7,1,2,3,9
18032506,7,9,4,3,2
18032507,6,5,1,10,3
18032508,2,11,3,1,4
18032509,5,3,10,2,9
18032510,7,9,3,5,8
18032511,1,8,2,4,6
18032512,2,9,8,11,5
18032513,5,4,10,3,9
18032514,10,1,6,7,9
18032515,8,3,2,11,5
18032516,4,9,7,3,11
18032517,7,10,9,4,2
18032518,8,1,11,6,5
18032519,11,9,1,3,4
18032520,10,11,7,6,5
18032521,1,11,5,2,4
18032522,9,3,4,7,10
18032523,10,2,8,11,5
18032524,2,9,7,4,6
18032525,9,1,8,3,7
18032526,4,2,6,1,11
18032527,11,5,3,2,7
18032528,6,8,3,10,2
18032529,7,9,1,8,10
18032530,5,3,9,10,8
18032531,5,2,3,1,10
18032532,1,11,7,3,10
18032533,11,6,10,1,9
18032534,5,6,11,2,7
18032535,6,5,2,3,1
18032536,5,9,4,1,8
18032537,7,2,6,9,5
18032538,4,10,5,2,7
18032539,2,1,8,6,3
18032540,3,9,8,2,1
18032541,6,7,11,1,5
18032542,8,9,11,5,7
18032543,2,9,10,3,8
18032544,4,3,10,9,6
18032545,5,2,3,8,1
18032546,11,8,2,7,4
18032547,1,3,4,2,8
18032548,4,8,7,10,2
18032549,4,2,6,10,11
18032550,5,1,11,4,8
18032551,7,11,10,4,6
18032552,5,1,11,7,8
18032553,9,6,7,5,10
18032554,11,6,2,7,1
18032555,2,3,4,8,11
18032556,8,6,11,3,2
18032557,5,10,4,9,6
18032558,5,6,11,8,3
18032559,7,10,11,4,9
18032560,11,3,10,7,9
18032561,10,2,6,5,4
18032562,1,7,11,2,4
18032563,5,1,11,10,3
18032564,8,5,7,9,1
18032565,3,1,8,4,6
18032566,4,5,1,7,11
18032567,3,6,9,1,2
18032568,3,10,5,4,8
18032569,4,8,3,7,9
18032570,7,9,6,4,2
18032571,6,3,4,9,10
18032572,2,4,1,9,11
18032573,7,3,10,5,4
18032574,6,7,4,3,9
18032575,6,4,9,7,11
18032576,9,10,3,2,4
18032577,8,9,5,2,4
18032578,3,6,1,2,7
18032579,8,6,5,7,4
18032580,7,8,1,5,9
18032581,6,3,10,11,5
18032601,2,6,8,9,11
18032602,8,3,6,2,9
18032603,7,11,4,2,1
18032604,4,7,2,1,11
18032605,11,1,10,4,9
18032606,4,1,2,9,8
18032607,7,2,1,11,4
18032608,3,2,6,8,5
18032609,5,3,11,2,6
18032610,4,11,10,8,5
18032611,3,11,7,2,5
18032612,3,4,10,7,11
18032613,5,4,8,9,7
18032614,2,9,5,3,1
18032615,8,3,9,2,4
18032616,9,6,4,1,2
18032617,2,3,7,11,5
18032618,8,6,4,7,10
18032619,6,11,10,5,7
18032620,11,1,7,10,9
18032621,1,10,6,4,7
18032622,4,7,9,3,8
18032623,2,4,7,3,11
18032624,8,9,3,6,7
18032625,6,7,9,4,8
18032626,7,6,10,5,11
18032627,1,3,6,8,2
18032628,1,10,9,4,5
18032629,4,1,3,11,8
18032630,5,8,7,3,2
18032631,2,3,5,7,8
18032632,10,11,8,4,3
18032633,4,8,7,5,6
18032634,3,5,4,7,2
18032635,4,5,9,7,2
18032636,11,8,1,5,3
18032637,11,5,3,4,7
18032638,3,8,6,5,2
18032639,4,8,3,1,6
18032640,5,3,2,7,9
18032641,10,3,11,9,4
18032642,6,1,8,4,7
18032643,1,11,9,10,5
18032644,6,11,9,5,8
18032645,5,7,11,1,10
18032646,10,11,6,7,4
18032647,8,3,5,1,2
18032648,4,2,6,3,8
18032649,5,7,3,1,11
18032650,7,9,11,5,10
18032651,9,5,7,10,4
18032652,7,3,11,8,5
18032653,6,2,1,11,7
18032654,8,1,3,4,11
18032655,9,6,4,10,8
18032656,5,3,7,8,10
18032657,9,11,2,10,7
18032658,3,4,1,5,7
18032659,9,11,3,10,5
18032660,3,1,4,2,10
18032661,8,1,7,4,3
18032662,6,1,5,3,4
18032663,3,1,11,5,6
18032664,7,9,6,8,5
18032665,5,8,1,9,3
18032666,3,8,11,6,5
18032667,9,2,1,11,8
18032668,2,8,4,11,3
18032669,9,2,11,4,5
18032670,6,7,10,5,8
18032671,1,10,4,6,11
18032672,1,8,2,3,4
18032673,1,8,7,10,5
18032674,4,3,1,9,5
18032675,8,9,7,11,10
18032676,7,10,8,6,2
18032677,9,11,7,10,5
18032678,11,1,5,7,4
18032679,1,5,3,7,2
18032680,4,6,2,8,11
18032681,10,7,6,9,5
18032701,8,4,3,7,5
18032702,1,9,2,11,3
18032703,2,6,3,4,10
18032704,7,11,8,1,9
18032705,7,8,10,4,2
18032706,2,11,7,4,10
18032707,1,5,6,11,3
18032708,11,5,9,1,6
18032709,9,10,7,4,11
18032710,2,11,7,3,5
18032711,9,10,5,4,6
18032712,7,6,2,8,11
18032713,10,7,1,11,2
18032714,6,8,1,11,4
18032715,11,3,9,2,7
18032716,11,7,8,9,5
18032717,4,7,8,2,6
18032718,4,9,11,10,7
18032719,8,10,5,7,2
18032720,5,7,6,3,9
18032721,6,3,4,5,2
18032722,7,8,4,2,10
18032723,2,8,6,1,5
18032724,9,2,7,4,5
18032725,5,8,11,10,6
18032726,11,8,1,3,9
18032727,9,8,11,1,4
18032728,6,9,5,4,11
18032729,8,4,2,1,6
18032730,5,10,1,7,8
18032731,5,4,1,7,3
18032732,11,8,3,7,6
18032733,6,3,7,8,11
18032734,7,10,4,5,3
18032735,7,3,11,2,10
18032736,10,1,4,2,6
18032737,2,11,7,6,4
18032738,7,8,9,6,5
18032739,7,11,6,2,8
18032740,11,7,8,6,1
18032741,8,4,10,6,11
18032742,4,1,3,6,9
18032743,1,3,7,9,11
18032744,9,2,6,1,3
18032745,4,1,5,10,2
18032746,10,5,8,4,9
18032747,6,4,5,7,1
18032748,5,3,4,7,8
18032749,6,1,10,4,3
18032750,3,6,8,4,2
18032751,9,11,3,8,7
18032752,9,7,11,4,6
18032753,3,9,11,6,8
18032754,3,9,11,1,5
18032755,11,10,7,2,1
18032756,9,3,4,6,11
18032757,6,9,7,8,1
18032758,7,1,6,11,2
18032759,4,7,3,6,5
18032760,11,9,7,8,4
18032761,11,2,10,9,7
18032762,1,3,11,2,9
18032763,2,10,5,7,11
18032764,2,5,11,8,7
18032765,4,8,7,9,6
18032766,11,4,6,5,9
18032767,2,4,5,9,6
18032768,2,9,7,4,5
18032769,1,5,4,8,2
18032770,4,3,2,7,11
18032771,7,6,8,4,9
18032772,4,7,2,6,1
18032773,9,8,5,3,4
18032774,7,11,4,2,6
18032775,10,3,7,5,2
18032776,3,4,11,10,1
18032777,5,10,8,7,2
18032778,11,4,6,2,8
18032779,2,3,6,9,4
18032780,8,4,11,9,6
18032781,9,8,6,11,7
18032801,1,5,6,2,4
18032802,5,2,1,9,10
18032803,5,9,7,10,4
18032804,7,11,8,1,10
18032805,3,8,9,6,2
18032806,10,11,2,7,5
18032807,3,11,8,1,10
18032808,11,6,10,2,4
18032809,9,5,3,11,7
18032810,10,3,7,6,5
18032811,2,11,7,4,3
18032812,1,2,3,11,4
18032813,3,7,10,11,1
18032814,4,5,2,11,8
18032815,9,2,7,4,10
18032816,8,9,3,2,6
18032817,4,11,8,2,9
18032818,3,4,8,9,6
18032819,9,10,11,5,1
18032820,11,8,6,2,4
18032821,5,4,9,2,7
18032822,3,10,9,1,4
18032823,7,11,5,1,8
18032824,7,8,3,4,11
18032825,5,6,9,1,3
18032826,8,10,3,7,6
18032827,8,3,2,4,5
18032828,2,7,9,10,3
18032829,1,6,7,11,4
18032830,4,10,2,3,5
18032831,5,8,10,6,4
18032832,7,3,9,8,1
18032833,6,4,7,1,2
18032834,11,5,10,9,3
18032835,1,11,3,4,6
18032836,2,3,1,6,7
18032837,1,3,2,4,10
18032838,2,10,9,8,7
18032839,4,1,7,6,11
18032840,4,9,6,10,8
18032841,1,9,3,5,2
18032842,6,8,5,4,10
18032843,8,6,3,4,9
18032844,9,10,1,5,7
18032845,4,1,7,2,6
18032846,6,10,8,4,11
18032847,8,10,4,2,1
18032848,7,9,3,8,6
18032849,9,5,10,1,11
18032850,2,9,10,11,6
18032851,3,1,4,8,7
18032852,5,9,10,4,8
18032853,6,9,2,10,3
18032854,4,11,3,1,7
18032855,10,9,5,11,7
18032856,5,6,3,11,9
18032857,4,1,6,3,9
18032858,2,6,3,10,9
18032859,3,1,4,7,10
18032860,5,7,6,8,2
18032861,9,2,5,3,10
18032862,9,7,5,3,4
18032863,7,10,3,9,8
18032864,4,9,1,3,11
18032865,5,9,4,1,8
18032866,2,3,9,1,5
18032867,8,3,10,9,5
18032868,2,5,3,7,11
18032869,10,4,3,7,1
18032870,4,2,8,7,5
18032871,9,8,10,4,11
18032872,5,6,2,8,3
18032873,7,1,11,2,9
18032874,10,4,6,1,8
18032875,8,5,6,3,1
18032876,4,6,5,1,3
18032877,11,10,1,2,7
18032878,7,11,9,10,6
18032879,6,7,4,10,9
18032880,7,2,4,6,3
18032881,6,2,10,5,11
18032901,8,5,3,1,10
18032902,3,6,8,7,10
18032903,11,3,6,5,1
18032904,1,4,2,3,9
18032905,5,9,1,10,7
18032906,9,8,6,7,1
18032907,6,4,8,9,3
18032908,1,9,11,6,4
18032909,8,11,6,9,7
18032910,8,4,2,6,10
18032911,8,6,3,4,9
18032912,3,6,10,7,4
18032913,5,7,8,9,6
18032914,3,9,8,2,1
18032915,11,2,8,6,1
18032916,5,3,6,11,4
18032917,11,10,8,1,2
18032918,10,11,2,9,1
18032919,10,9,6,7,1
18032920,5,7,4,3,10
18032921,8,7,10,1,2
18032922,2,8,4,7,6
18032923,10,9,11,1,5
18032924,1,9,11,8,4
18032925,6,7,4,11,2
18032926,7,8,5,1,6
18032927,11,9,3,2,10
18032928,8,7,5,10,2
18032929,5,6,9,8,2
18032930,8,9,5,6,3
18032931,3,6,7,5,4
18032932,2,3,8,10,6
18032933,6,2,3,5,4
18032934,3,2,7,10,5
18032935,5,2,1,6,4
18032936,1,6,3,7,4
18032937,4,5,2,1,11
18032938,3,2,5,4,1
18032939,8,6,3,7,5
18032940,11,8,1,5,4
18032941,1,11,3,6,4
18032942,4,1,5,2,11
18032943,4,6,9,8,7
18032944,1,3,8,6,10
18032945,3,1,6,9,10
18032946,7,9,4,11,2
18032947,4,11,3,7,9
18032948,9,11,3,8,2
18032949,11,6,1,5,4
18032950,10,4,5,1,3
18032951,3,1,4,9,8
18032952,7,4,9,8,3
18032953,8,9,1,6,7
18032954,9,11,8,2,6
18032955,4,8,3,7,2
18032956,5,8,1,7,10
18032957,8,1,10,5,3
18032958,9,10,3,7,5
18032959,2,11,3,10,5
18032960,7,2,8,6,4
18032961,1,8,11,4,6
18032962,2,10,1,3,6
18032963,1,6,8,4,11
18032964,1,5,9,11,3
18032965,3,6,10,5,2
18032966,1,2,5,10,3
18032967,2,11,9,10,5
18032968,6,5,2,3,9
18032969,1,2,6,7,5
18032970,8,11,5,6,4
18032971,9,6,3,5,4
18032972,6,4,8,9,11
18032973,11,4,10,9,8
18032974,5,8,2,11,4
18032975,1,8,9,4,2
18032976,8,4,6,3,2
18032977,7,6,9,3,1
18032978,11,2,10,1,7
18032979,4,3,7,8,10
18032980,7,8,9,11,4
18033001,2,10,4,7,8
18033002,2,9,3,7,8
18033003,8,7,10,9,4
18033004,9,6,7,1,3
18033005,10,8,3,9,7
18033006,5,7,6,4,10
18033007,10,3,6,8,9
18033008,1,2,10,3,11
18033009,5,4,11,7,8
18033010,8,7,5,1,10
18033011,8,1,6,5,11
18033012,3,1,11,5,9
18033013,4,2,7,11,1
18033014,10,8,3,1,2
18033015,4,10,8,7,5
18033016,5,8,4,7,9
18033017,11,10,8,7,6
18033018,1,4,5,2,9
18033019,9,4,1,10,5
18033020,8,4,6,11,1
18033021,1,5,9,7,6
18033022,5,7,1,9,10
18033023,11,10,2,7,1
18033024,6,5,4,7,1
18033025,11,4,6,8,9
18033026,8,1,6,2,9
18033027,1,10,9,4,7
18033028,4,2,7,8,5
18033029,7,3,1,4,8
18033030,6,11,5,2,9
18033031,5,4,7,3,6
18033032,9,4,1,7,3
18033033,1,9,4,5,6
18033034,7,9,1,6,10
18033035,8,3,5,2,6
18033036,6,10,5,11,7
18033037,5,3,4,11,10
18033038,7,3,11,10,5
18033039,2,9,4,7,8
18033040,1,2,3,8,5
18033041,9,8,10,5,3
18033042,10,11,5,8,2
18033043,11,8,10,1,5
18033044,7,1,8,5,2
18033045,11,4,7,1,6
18033046,10,4,11,2,5
18033047,6,5,4,9,8
18033048,3,6,10,5,8
18033049,1,11,4,2,5
18033050,4,8,11,10,2
18033051,6,10,5,1,4
18033052,8,2,4,11,5
18033053,3,4,11,1,8
18033054,2,1,5,3,9
18033055,2,1,7,9,11
18033056,5,8,4,7,11
18033057,10,1,2,4,9
18033058,6,9,4,11,8
18033059,9,4,1,11,8
18033060,10,2,1,8,4
18033061,11,6,9,5,10
18033062,1,4,5,3,8
18033063,5,3,1,7,11
18033064,10,7,3,4,5
18033065,7,4,11,1,5
18033066,9,6,8,7,5
18033067,5,3,2,9,6
18033068,11,9,6,10,5
18033069,6,10,1,3,11
18033070,10,1,2,4,8
18033071,7,3,5,4,8
18033072,6,4,9,7,3
18033073,3,1,9,6,10
18033074,7,3,4,11,1
18033075,5,3,1,10,7
18033076,1,10,2,7,8
18033077,4,1,11,6,9
18033078,1,10,7,8,11
18033079,1,10,11,2,9
18033080,5,8,1,3,11
18033101,3,2,11,7,8
18033102,1,6,2,10,8
18033103,3,1,4,6,11
18033104,5,1,3,2,10
18033105,11,2,1,9,5
18033106,7,6,5,3,10
18033107,7,2,11,5,3
18033108,8,2,10,9,5
18033109,8,6,1,5,9
18033110,1,7,9,6,4
18033111,3,6,7,10,5
18033112,7,4,8,11,10
18033113,5,2,9,6,1
18033114,8,4,5,7,6
18033115,1,8,2,5,6
18033116,9,7,6,11,5
18033117,2,11,9,4,3
18033118,10,8,6,11,5
18033119,8,4,11,7,3
18033120,6,1,11,2,3
18033121,8,7,11,4,3
18033122,4,1,2,9,6
18033123,7,4,10,8,6
18033124,5,10,11,3,4
18033125,4,2,5,8,6
18033126,5,3,7,1,10
18033127,8,2,9,11,6
18033128,1,5,11,6,10
18033129,5,6,10,8,4
18033130,8,6,4,5,2
18033131,4,11,5,10,3
18033132,11,3,5,7,8
18033133,2,3,7,11,9
18033134,7,3,9,4,11
18033135,6,1,2,8,5
18033136,10,3,5,6,8
18033137,10,2,11,1,3
18033138,2,8,10,9,7
18033139,5,11,10,7,6
18033140,8,9,7,2,1
18033141,11,8,3,5,6
18033142,6,8,1,3,4
18033143,6,3,5,8,11
18033144,5,4,10,1,6
18033145,6,4,9,5,1
18033146,9,5,7,1,11
18033147,2,5,11,6,4
18033148,9,6,8,4,11
18033149,2,3,9,6,10
18033150,7,10,4,8,3
18033161,11,6,1,8,7
18033162,11,6,1,8,7
18033163,11,6,1,8,7
18033164,11,6,1,8,7
18033165,11,6,1,8,7
18033166,11,6,1,8,7
18033167,11,6,1,8,7
18033168,11,6,1,8,7
18033169,11,6,1,8,7
18033170,1,6,8,2,5
18033171,10,5,2,6,8
18033172,7,2,8,4,10
18033173,8,3,2,1,6
18033174,3,1,11,6,4
18033175,3,5,7,11,8
18033176,6,4,1,2,3
18033177,2,9,5,10,3
18033178,3,11,8,10,7
18033179,2,6,9,3,10
18033180,8,1,10,9,11
18033181,11,7,8,10,5
