20050101,8,4,5,7,3
20050102,5,6,11,3,1
20050103,9,4,1,5,7
20050104,2,10,7,6,3
20050105,4,7,3,1,9
20050106,11,7,10,4,1
20050107,10,3,6,7,8
20050108,8,2,7,11,10
20050109,10,5,7,2,6
20050110,2,8,10,9,4
20050111,4,7,9,5,6
20050112,3,11,5,2,7
20050113,5,3,10,2,11
20050114,9,6,11,7,4
20050115,11,9,5,4,2
20050116,10,11,3,5,8
20050117,7,3,1,11,6
20050118,2,9,6,7,11
20050119,6,11,4,5,9
20050120,6,11,2,7,1
20050121,3,10,6,1,4
20050122,7,4,1,8,10
20050123,8,10,6,4,3
20050124,5,11,7,1,10
20050125,8,6,9,10,1
20050126,6,11,8,5,3
20050127,8,2,6,1,4
20050128,1,10,2,7,6
20050129,9,1,8,4,2
20050130,8,1,10,2,6
20050131,11,4,7,2,9
20050132,9,8,2,1,6
20050133,7,2,5,8,1
20050134,5,4,10,11,1
20050135,7,6,1,3,8
20050136,9,3,6,4,2
20050137,2,9,5,4,3
20050138,2,3,4,8,6
20050139,2,10,9,3,4
20050140,6,10,5,4,9
20050141,5,6,3,4,10
20050142,3,6,2,11,4
20050201,5,4,3,8,10
20050202,5,6,9,2,10
20050203,5,8,10,11,6
20050204,1,8,6,2,9
20050205,7,10,8,4,5
20050206,4,9,1,5,3
20050207,3,8,11,6,10
20050208,6,11,1,5,2
20050209,4,3,7,5,6
20050210,5,4,9,7,1
20050211,6,4,7,1,9
20050212,10,7,2,11,8
20050213,11,10,2,7,9
20050214,4,5,11,6,3
20050215,6,4,3,2,9
20050216,5,10,8,7,11
20050217,9,10,8,5,4
20050218,8,4,10,6,5
20050219,4,8,3,1,10
20050220,6,1,10,2,5
20050221,3,8,5,2,4
20050222,11,4,9,6,2
20050223,2,11,10,3,6
20050224,6,11,4,2,1
20050225,5,11,8,4,2
20050226,9,3,5,11,7
20050227,2,8,4,6,1
20050228,9,5,1,4,3
20050229,6,3,9,5,1
20050230,10,7,6,2,4
20050231,9,2,5,7,1
20050232,4,3,10,11,7
20050233,5,11,8,7,2
20050234,3,4,2,10,5
20050235,7,3,2,1,4
20050236,2,1,9,11,4
20050237,8,10,5,4,3
20050238,1,4,8,3,11
20050239,8,2,7,9,3
20050240,3,8,9,1,10
20050241,8,6,1,9,7
