18050101,4,7,11,1,2
18050102,2,9,8,7,4
18050103,5,7,8,3,10
18050104,8,4,7,5,11
18050105,1,2,9,11,4
18050106,1,11,8,4,6
18050107,2,8,1,11,3
18050108,1,9,8,10,2
18050109,9,11,7,8,5
18050110,10,1,8,3,2
18050111,11,8,7,2,9
18050112,3,2,6,10,1
18050113,10,8,11,7,2
18050114,3,7,10,4,2
18050115,4,7,5,11,6
18050116,2,1,9,6,7
18050117,3,11,8,2,10
18050118,5,10,3,1,4
18050119,8,5,6,4,3
18050120,10,8,3,2,11
18050121,7,1,10,2,3
18050122,2,5,3,10,9
18050123,2,3,10,11,6
18050124,5,7,11,3,8
18050125,11,2,5,7,1
18050126,9,6,4,7,10
18050127,6,1,9,11,10
18050128,2,8,7,11,6
18050129,1,9,7,5,3
18050130,10,5,3,9,7
18050131,1,2,7,5,6
18050132,10,11,3,1,4
18050133,4,7,3,5,6
18050134,10,2,11,6,8
18050135,8,3,6,9,11
18050136,11,6,2,7,4
18050137,6,7,11,10,9
18050138,6,4,7,5,11
18050139,7,2,6,8,4
18050140,8,3,11,10,9
18050141,11,10,7,8,3
18050142,9,6,1,10,5
18050143,8,7,11,3,6
18050144,2,7,9,6,4
18050145,3,6,4,7,8
18050146,5,9,6,8,7
18050147,1,10,4,6,2
18050148,7,9,10,2,1
18050149,6,3,10,5,4
18050150,7,11,5,10,3
18050151,10,2,11,7,3
18050152,8,10,3,6,1
18050153,9,5,8,4,2
18050154,6,3,7,9,5
18050155,6,5,10,11,3
18050156,10,3,11,2,8
18050157,8,7,11,9,5
18050158,1,9,4,8,7
18050159,4,3,11,1,8
18050160,6,7,3,2,10
18050161,9,10,7,11,2
18050162,11,9,8,1,2
18050163,10,1,4,7,2
18050164,4,7,1,5,11
18050165,6,3,1,2,8
18050166,11,1,6,3,7
18050167,3,8,6,10,9
18050168,8,11,1,10,3
18050169,10,7,11,3,2
18050170,4,5,9,3,1
18050171,9,11,10,5,2
18050172,9,10,1,5,11
18050173,8,10,6,2,4
18050174,8,6,2,9,11
18050175,10,5,4,6,3
18050176,4,3,11,2,10
18050177,10,2,3,8,7
18050178,11,6,2,4,9
18050179,1,8,9,10,5
18050180,1,6,9,2,7
18050181,8,10,11,9,4
18050182,4,11,8,10,7
18050183,5,6,10,1,3
18050184,3,6,11,9,4
18050201,8,4,11,5,6
18050202,6,7,4,3,2
18050203,6,2,9,10,8
18050204,5,10,1,4,2
18050205,5,4,3,2,7
18050206,5,3,2,7,4
18050207,10,1,7,11,8
18050208,10,1,4,5,9
18050209,11,3,4,8,7
18050210,1,10,6,2,5
18050211,5,1,6,7,4
18050212,10,4,1,9,6
18050213,6,5,3,8,1
18050214,11,10,4,1,7
18050215,8,1,5,6,7
18050216,6,7,8,2,9
18050217,7,2,3,5,10
18050218,10,11,2,3,7
18050219,4,1,2,6,7
18050220,3,8,2,6,11
18050221,11,3,7,6,9
18050222,9,2,3,4,1
18050223,7,10,5,3,2
18050224,8,5,9,1,2
18050225,1,7,10,6,2
18050226,8,11,5,6,3
18050227,7,9,6,1,3
18050228,9,6,8,4,7
18050229,5,10,11,4,2
18050230,2,1,7,6,10
18050231,1,6,8,3,5
18050232,4,7,9,5,3
18050233,11,9,6,4,8
18050234,9,10,8,1,6
18050235,6,11,2,5,1
18050236,1,6,7,5,2
18050237,11,1,4,8,5
18050238,10,11,3,1,9
18050239,6,10,5,2,11
18050240,6,9,11,2,3
18050241,1,10,2,7,5
18050242,7,6,10,3,5
18050243,6,4,8,1,11
18050244,3,11,6,4,9
18050245,7,5,9,1,10
18050246,6,10,8,11,3
18050247,7,11,2,5,4
18050248,8,7,9,3,1
18050249,6,1,7,5,2
18050250,1,9,2,5,8
18050251,8,7,6,10,3
18050252,5,2,9,3,7
18050253,5,11,9,8,2
18050254,9,11,4,6,8
18050255,11,5,1,2,4
18050256,11,9,7,5,8
18050257,11,5,1,3,7
18050258,1,7,4,11,9
18050259,11,9,10,2,4
18050260,6,4,5,3,8
18050261,8,5,2,10,9
18050262,10,11,1,6,5
18050263,5,2,9,4,8
18050264,11,3,7,9,10
18050265,8,9,10,3,11
18050266,3,7,5,8,9
18050267,1,2,9,6,7
18050268,8,1,7,5,11
18050269,4,1,7,11,5
18050270,3,4,10,8,6
18050271,6,2,8,11,10
18050272,3,7,11,9,6
18050273,4,1,11,6,5
18050274,5,3,10,7,6
18050275,6,5,11,1,8
18050276,7,3,4,10,11
18050277,11,10,1,8,4
18050278,10,5,6,7,1
18050279,11,8,3,2,9
18050280,11,6,5,2,10
18050281,10,2,8,9,3
18050282,7,3,2,11,9
18050283,8,9,2,4,6
18050284,8,7,4,1,10
18050301,8,9,10,3,7
18050302,9,8,4,6,7
18050303,4,1,9,11,7
18050304,3,10,5,4,8
18050305,5,8,4,1,10
18050306,10,3,1,5,4
18050307,7,6,9,5,3
18050308,4,11,8,6,5
18050309,2,1,3,11,5
18050310,2,9,6,11,7
18050311,2,10,9,8,5
18050312,7,1,10,5,6
18050313,2,5,7,9,4
18050314,7,10,9,2,1
18050315,4,9,11,6,3
18050316,7,8,9,2,11
18050317,11,10,3,6,5
18050318,1,6,3,8,11
18050319,2,6,4,3,8
18050320,9,4,11,2,5
18050321,7,5,8,11,1
18050322,1,4,6,11,9
18050323,11,1,8,7,5
18050324,10,6,7,4,3
18050325,3,6,10,11,2
18050326,5,9,3,10,7
18050327,5,8,11,9,1
18050328,5,1,7,9,6
18050329,1,9,7,6,8
18050330,2,10,6,8,3
18050331,1,4,11,9,5
18050332,3,9,11,7,4
18050333,6,1,10,4,5
18050334,2,9,1,3,7
18050335,3,10,11,1,4
18050336,6,5,10,8,9
18050337,10,3,6,8,11
18050338,9,6,7,5,4
18050339,9,11,2,7,8
18050340,3,10,7,5,8
18050341,4,8,3,1,9
18050342,1,2,8,7,11
18050343,8,6,4,11,1
18050344,11,7,10,5,3
18050345,9,4,3,7,1
18050346,11,2,1,9,8
18050347,1,3,11,6,5
18050348,11,6,5,2,10
18050349,1,2,8,11,5
18050350,10,1,5,7,6
18050351,11,8,6,3,1
18050352,5,2,7,1,10
18050353,6,11,5,2,1
18050354,11,3,4,10,7
18050355,9,5,7,8,2
18050356,6,10,1,11,4
18050357,7,2,11,8,6
18050358,6,1,9,3,2
18050359,10,3,11,4,9
18050360,5,7,4,2,10
18050361,5,11,9,3,7
18050362,6,11,2,10,1
18050363,8,5,4,11,3
18050364,11,10,4,2,3
18050365,1,8,5,6,4
18050366,5,4,1,8,10
18050367,2,10,1,4,11
18050368,3,5,8,6,10
18050369,5,7,4,2,1
18050370,4,10,11,9,8
18050371,10,7,5,9,1
18050372,9,7,4,1,5
18050373,3,2,6,7,10
18050374,4,10,11,5,7
18050375,11,5,3,2,1
18050376,6,7,1,11,10
18050377,11,2,6,4,7
18050378,5,8,11,3,9
18050379,4,8,6,2,11
18050380,2,3,6,8,4
18050381,5,11,2,7,6
18050382,6,5,9,7,8
18050383,8,7,2,1,9
18050384,11,3,8,1,6
18050401,11,10,2,6,5
18050402,9,8,6,10,5
18050403,5,3,11,9,8
18050404,9,4,6,10,5
18050405,9,3,5,2,11
18050406,11,10,3,4,2
18050407,1,9,10,8,5
18050408,8,7,6,4,1
18050409,2,6,9,4,5
18050410,3,1,10,8,9
18050411,10,1,5,7,2
18050412,1,4,3,10,11
18050413,11,8,1,7,3
18050414,8,11,5,4,10
18050415,6,9,2,11,10
18050416,1,9,8,6,4
18050417,8,2,4,7,1
18050418,2,8,11,1,9
18050419,7,5,11,3,6
18050420,7,5,6,9,11
18050421,2,11,4,6,10
18050422,9,10,5,2,8
18050423,3,5,6,10,7
18050424,4,9,10,7,8
18050425,3,6,8,9,5
18050426,8,6,2,9,10
18050427,4,10,3,7,6
18050428,4,8,5,2,1
18050429,5,8,2,10,4
18050430,9,11,6,7,5
18050431,5,1,8,3,10
18050432,8,10,4,7,9
18050433,4,8,7,2,5
18050434,2,9,8,1,4
18050435,11,1,4,5,7
18050436,10,9,8,2,3
18050437,1,5,9,10,11
18050438,8,2,6,11,4
18050439,5,8,7,6,2
18050440,10,5,1,8,4
18050441,2,3,6,5,7
18050442,3,6,11,10,1
18050443,1,5,8,6,4
18050444,4,9,11,6,8
18050445,6,9,1,2,7
18050446,7,3,2,1,6
18050447,2,5,6,4,3
18050448,10,9,4,6,3
18050449,10,3,11,5,8
18050450,3,1,9,11,6
18050451,11,9,8,3,6
18050452,11,7,1,4,10
18050453,2,4,5,7,8
18050454,4,9,6,8,10
18050455,5,7,8,4,2
18050456,7,9,8,11,3
18050457,9,2,8,5,3
18050458,3,5,1,10,6
18050459,5,3,8,7,10
18050460,7,9,10,4,3
18050461,9,10,7,5,2
18050462,8,4,10,9,1
18050463,2,6,4,1,5
18050464,11,1,3,7,10
18050465,7,2,9,1,3
18050466,4,1,3,7,8
18050467,1,11,3,7,8
18050468,7,2,1,8,4
18050469,2,10,8,4,5
18050470,2,7,10,8,11
18050471,8,5,4,2,1
18050472,7,8,4,9,5
18050473,4,2,10,11,7
18050474,6,5,9,3,11
18050475,7,10,9,8,2
18050476,8,5,11,2,7
18050477,2,3,11,5,6
18050478,4,7,6,10,1
18050479,7,11,6,1,4
18050480,9,6,1,4,7
18050481,3,8,2,6,10
18050482,7,8,10,6,11
18050483,7,8,10,5,9
18050484,5,3,1,11,4
18050501,10,1,8,11,2
18050502,3,4,7,6,10
18050503,11,9,1,10,4
18050504,2,6,1,3,8
18050505,7,3,8,1,9
18050506,3,2,4,1,6
18050507,3,2,11,1,7
18050508,7,5,11,2,6
18050509,3,6,11,4,9
18050510,6,9,11,7,10
18050511,8,10,2,3,4
18050512,10,11,3,6,4
18050513,11,9,6,10,1
18050514,11,8,10,4,2
18050515,10,6,2,3,8
18050516,6,3,10,5,1
18050517,7,5,8,6,9
18050518,7,3,2,5,11
18050519,8,4,6,11,2
18050520,4,8,10,5,6
18050521,4,1,3,11,10
18050522,5,8,11,6,7
18050523,3,4,9,5,1
18050524,7,4,2,8,1
18050525,8,3,6,4,11
18050526,7,2,11,10,5
18050527,9,8,11,7,6
18050528,11,9,2,7,1
18050529,11,3,9,1,6
18050530,9,8,1,10,11
18050531,11,10,3,1,5
18050532,7,4,9,6,11
18050533,4,7,8,10,9
18050534,6,11,4,9,10
18050535,1,5,2,3,9
18050536,1,11,3,8,2
18050537,11,4,3,2,10
18050538,4,6,11,1,2
18050539,11,3,5,8,9
18050540,7,5,10,2,4
18050541,2,7,1,3,9
18050542,1,11,9,10,6
18050543,8,6,1,9,7
18050544,5,7,1,4,10
18050545,11,9,4,8,3
18050546,2,5,7,6,8
18050547,8,6,5,4,1
18050548,8,2,10,4,6
18050549,6,3,5,7,10
18050550,5,11,7,8,1
18050551,2,4,5,7,6
18050552,9,5,4,2,7
18050553,8,10,5,2,3
18050554,11,9,2,7,4
18050555,2,1,10,6,3
18050556,8,9,4,11,1
18050557,3,7,2,6,4
18050558,8,11,6,4,1
18050559,3,6,7,11,10
18050560,6,5,2,10,4
18050561,10,1,9,2,3
18050562,9,11,1,6,4
18050563,11,3,7,8,1
18050564,4,8,2,9,7
18050565,7,3,2,4,1
18050566,9,6,1,7,3
18050567,1,9,11,6,10
18050568,10,8,1,7,2
18050569,9,3,1,7,10
18050570,9,2,3,11,8
18050571,9,6,5,2,4
18050572,4,7,2,8,5
18050573,8,2,10,3,9
18050574,1,7,4,5,11
18050575,10,3,2,11,9
18050576,3,10,2,5,1
18050577,4,5,9,3,8
18050578,5,8,3,11,1
18050579,9,2,6,1,5
18050580,11,1,9,5,8
18050581,10,9,4,7,8
18050582,8,10,11,2,4
18050583,7,3,8,5,10
18050584,1,11,6,8,3
18050601,4,2,6,3,9
18050602,11,1,3,7,8
18050603,7,3,10,5,4
18050604,6,7,11,8,3
18050605,8,7,1,11,10
18050606,5,11,8,7,10
18050607,5,9,4,6,7
18050608,8,9,3,6,10
18050609,9,7,5,2,3
18050610,6,1,5,10,11
18050611,11,3,10,4,6
18050612,10,5,4,8,6
18050613,5,9,1,3,2
18050614,2,10,7,1,6
18050615,5,4,9,10,3
18050616,3,10,4,6,11
18050617,7,10,11,3,2
18050618,11,1,8,6,3
18050619,1,11,8,10,4
18050620,5,4,8,2,9
18050621,1,4,11,7,9
18050622,4,5,7,9,1
18050623,1,5,11,8,3
18050624,4,11,2,10,6
18050625,1,4,2,11,10
18050626,3,8,5,1,9
18050627,2,8,6,4,10
18050628,7,3,2,6,10
18050629,7,8,3,11,5
18050630,11,10,6,7,8
18050631,7,9,8,10,6
18050632,5,1,2,8,9
18050633,4,8,11,2,1
18050634,2,11,10,4,3
18050635,10,8,2,7,11
18050636,4,9,3,11,8
18050637,3,4,6,1,2
18050638,6,11,1,3,2
18050639,8,6,11,9,3
18050640,6,3,11,7,10
18050641,7,8,4,3,2
18050642,9,7,1,6,10
18050643,2,1,9,6,11
18050644,5,9,8,3,6
18050645,5,3,9,1,4
18050646,9,4,7,1,3
18050647,7,8,9,10,5
18050648,4,1,11,3,6
18050649,4,3,2,6,8
18050650,9,1,7,2,6
18050651,3,11,2,5,4
18050652,11,10,2,6,5
18050653,5,9,11,6,7
18050654,1,3,6,10,5
18050655,6,5,10,9,1
18050656,6,11,5,1,4
18050657,5,2,6,4,11
18050658,6,8,2,3,9
18050659,11,8,6,10,2
18050660,2,5,7,9,10
18050661,10,7,6,2,3
18050662,6,7,2,4,3
18050663,11,8,2,6,10
18050664,5,1,8,7,3
18050665,6,1,4,7,8
18050666,7,1,4,9,2
18050667,9,8,6,10,11
18050668,6,5,11,9,8
18050669,1,3,4,5,9
18050670,6,8,7,10,9
18050671,11,9,7,10,2
18050672,9,8,1,10,6
18050673,3,10,9,11,4
18050674,11,4,8,7,10
18050675,8,1,2,10,3
18050676,9,2,5,10,8
18050677,8,3,5,9,6
18050678,10,9,11,7,1
18050679,3,8,1,11,10
18050680,2,11,9,7,6
18050681,2,5,6,4,10
18050682,6,2,11,3,8
18050683,3,11,9,1,7
18050684,5,8,2,4,6
18050701,10,1,6,8,3
18050702,5,4,10,2,7
18050703,5,1,4,9,10
18050704,8,11,9,4,6
18050705,9,5,7,3,1
18050706,8,7,1,6,4
18050707,8,7,3,10,6
18050708,3,5,2,10,6
18050709,9,3,1,6,10
18050710,9,10,1,4,11
18050711,11,3,6,4,1
18050712,3,10,7,2,5
18050713,1,9,2,7,10
18050714,8,10,6,5,4
18050715,5,7,9,4,2
18050716,7,1,11,3,10
18050717,7,5,4,10,2
18050718,8,4,7,1,3
18050719,9,2,10,1,3
18050720,3,7,5,9,10
18050721,3,6,7,10,5
18050722,10,1,6,11,7
18050723,4,9,1,7,5
18050724,6,2,10,4,5
18050725,6,9,1,11,5
18050726,10,1,4,11,5
18050727,3,9,5,2,6
18050728,11,4,10,8,7
18050729,10,5,8,7,2
18050730,5,3,11,2,6
18050731,8,3,6,10,2
18050732,4,3,5,2,7
18050733,10,9,7,6,3
18050734,6,8,7,9,10
18050735,4,3,5,6,1
18050736,9,8,6,1,4
18050737,8,2,6,1,5
18050738,3,5,1,2,9
18050739,10,5,9,6,1
18050740,7,4,1,10,5
18050741,4,8,7,11,9
18050742,10,7,4,9,3
18050743,3,9,7,2,6
18050744,11,4,8,3,7
18050745,5,11,4,2,9
18050746,9,1,8,7,4
18050747,11,7,9,5,3
18050748,10,9,6,5,7
18050749,4,5,7,2,1
18050750,11,1,5,2,10
18050751,1,5,9,10,8
18050752,10,6,5,9,4
18050753,3,11,5,7,8
18050754,9,1,4,2,6
18050755,1,4,2,3,9
18050756,2,11,1,9,5
18050757,4,3,6,8,1
18050758,8,10,5,9,7
18050759,6,4,1,2,8
18050760,4,11,9,2,8
18050761,1,10,3,4,11
18050762,7,6,9,2,8
18050763,10,2,8,5,11
18050764,10,11,8,9,7
18050765,8,11,7,2,10
18050766,9,2,10,7,5
18050767,1,11,5,4,2
18050768,2,6,10,7,3
18050769,7,5,2,3,10
18050770,3,5,11,10,7
18050771,11,9,10,1,6
18050772,11,2,8,9,6
18050773,2,6,5,8,11
18050774,1,4,7,6,3
18050775,7,11,9,6,4
18050776,10,7,4,1,6
18050777,5,8,9,7,4
18050778,5,11,8,6,4
18050779,11,6,7,8,5
18050780,3,10,8,5,11
18050781,1,4,11,7,9
18050782,11,3,1,10,9
18050783,2,10,3,6,9
18050784,8,3,4,5,2
18050801,10,5,7,3,9
18050802,10,11,5,3,9
18050803,9,7,1,6,10
18050804,9,2,8,7,4
18050805,3,7,11,2,9
18050806,6,2,3,10,7
18050807,10,5,4,1,6
18050808,4,7,1,6,5
18050809,8,10,9,11,5
18050810,6,8,3,7,10
18050811,8,3,5,7,11
18050812,10,6,8,2,3
18050813,7,10,8,11,2
18050814,4,11,1,2,3
18050815,5,2,8,1,3
18050816,3,8,4,9,1
18050817,4,3,2,9,11
18050818,1,6,5,11,3
18050819,6,9,8,7,4
18050820,10,6,2,4,8
18050821,6,3,5,7,10
18050822,4,7,2,5,11
18050823,10,5,6,11,4
18050824,2,3,5,4,6
18050825,9,11,4,6,3
18050826,6,9,5,7,4
18050827,5,2,1,7,9
18050828,1,2,9,10,4
18050829,2,10,1,6,8
18050830,7,8,2,4,5
18050831,1,8,3,5,6
18050832,9,6,1,8,2
18050833,7,3,8,9,11
18050834,9,7,1,5,6
18050835,7,5,2,10,3
18050836,5,11,1,3,8
18050837,1,11,2,5,10
18050838,9,3,2,5,11
18050839,11,7,5,6,3
18050840,9,3,1,6,8
18050841,7,5,1,4,3
18050842,7,3,9,2,6
18050843,4,10,5,3,7
18050844,3,9,5,4,8
18050845,4,5,6,2,1
18050846,4,5,2,8,1
18050847,5,4,6,11,3
18050848,1,2,6,11,7
18050849,3,10,2,4,7
18050850,9,4,7,2,1
18050851,5,2,9,10,11
18050852,2,11,8,9,10
18050853,5,8,2,1,4
18050854,9,3,4,8,11
18050855,6,1,11,9,10
18050856,11,6,8,5,2
18050857,9,1,5,10,11
18050858,3,9,10,11,7
18050859,4,8,1,2,9
18050860,1,2,4,3,7
18050861,3,4,5,6,2
18050862,9,10,3,6,4
18050863,11,6,5,8,3
18050864,6,11,1,7,3
18050865,8,2,9,5,7
18050866,11,8,9,5,3
18050867,10,5,4,9,8
18050868,4,8,9,2,11
18050869,8,3,4,7,2
18050870,7,5,11,10,3
18050871,10,2,9,1,4
18050872,4,2,5,8,1
18050873,4,10,1,6,5
18050874,10,6,7,1,11
18050875,3,8,9,1,4
18050876,6,2,8,1,9
18050877,1,8,9,2,10
18050878,7,1,2,9,4
18050879,7,5,9,6,8
18050880,4,6,11,10,3
18050881,6,1,7,11,2
18050882,7,8,6,9,10
18050883,5,3,9,8,4
18050884,1,7,8,5,11
18050901,5,3,8,6,11
18050902,5,9,2,7,6
18050903,7,10,4,1,6
18050904,5,3,8,11,1
18050905,8,10,5,4,9
18050906,5,8,6,10,9
18050907,11,9,2,10,4
18050908,3,10,7,9,11
18050909,11,6,4,8,9
18050910,4,2,10,1,5
18050911,10,2,4,3,6
18050912,4,10,2,1,7
18050913,2,3,5,6,1
18050914,9,5,6,7,10
18050915,4,3,11,10,1
18050916,4,11,1,8,7
18050917,7,5,8,4,9
18050918,3,9,4,6,1
18050919,10,5,3,1,8
18050920,7,9,11,8,6
18050921,6,9,1,5,4
18050922,9,7,1,5,10
18050923,8,2,7,5,3
18050924,11,6,2,9,7
18050925,4,6,2,11,1
18050926,3,2,4,8,10
18050927,11,6,10,2,8
18050928,10,11,6,7,1
18050929,9,5,3,4,1
18050930,3,2,10,4,7
18050931,9,6,5,8,4
18050932,1,11,9,5,7
18050933,8,11,3,2,6
18050934,2,4,5,9,8
18050935,3,2,9,11,5
18050936,5,9,10,6,7
18050937,1,5,4,10,8
18050938,1,10,3,11,4
18050939,10,6,9,1,7
18050940,1,5,9,4,11
18050941,3,9,7,2,1
18050942,8,9,5,2,6
18050943,7,10,5,2,11
18050944,11,9,8,5,3
18050945,11,9,7,10,2
18050946,2,10,5,1,3
18050947,7,1,2,9,6
18050948,10,2,1,4,5
18050949,3,7,10,5,6
18050950,3,7,6,8,9
18050951,5,2,7,4,10
18050952,5,4,8,3,11
18050953,2,7,6,10,9
18050954,11,10,7,1,3
18050955,11,10,7,8,5
18050956,11,4,5,9,1
18050957,7,11,9,10,4
18050958,9,5,3,2,11
18050959,7,9,11,10,1
18050960,8,2,6,3,1
18050961,3,10,7,5,1
18050962,7,8,9,10,1
18050963,1,3,10,2,5
18050964,10,6,5,4,7
18050965,6,5,3,7,1
18050966,5,1,7,8,4
18050967,2,4,10,6,9
18050968,10,5,1,8,11
18050969,11,6,1,5,9
18050970,1,6,11,8,9
18050971,6,5,8,3,11
18050972,8,5,3,4,9
18050973,8,11,5,9,3
18050974,8,11,2,1,5
18050975,3,7,5,10,11
18050976,9,6,4,10,3
18050977,10,2,3,4,8
18050978,3,5,6,10,7
18050979,4,1,6,5,3
18050980,11,5,7,2,9
18050981,5,2,1,11,7
18050982,7,6,10,2,4
18050983,3,9,5,2,7
18050984,5,8,9,11,3
18051001,7,8,2,10,6
18051002,4,6,2,5,7
18051003,3,7,5,9,11
18051004,6,10,1,9,4
18051005,1,6,2,7,8
18051006,11,8,6,5,9
18051007,4,9,8,7,6
18051008,4,8,5,3,9
18051009,4,2,1,7,8
18051010,9,2,4,5,3
18051011,11,10,9,1,6
18051012,1,7,2,11,3
18051013,11,3,8,7,4
18051014,10,8,3,11,9
18051015,10,6,4,7,5
18051016,10,1,2,11,9
18051017,2,11,4,6,3
18051018,6,5,8,7,10
18051019,3,11,6,10,9
18051020,9,6,7,5,1
18051021,9,1,11,8,2
18051022,9,3,10,1,8
18051023,8,3,10,7,2
18051024,1,5,6,3,7
18051025,4,2,3,9,1
18051026,10,8,5,4,2
18051027,8,1,2,4,9
18051028,10,3,4,6,11
18051029,7,11,6,4,5
18051030,1,5,11,10,7
18051031,5,6,1,2,9
18051032,4,9,11,1,5
18051033,6,1,3,5,8
18051034,5,6,10,9,8
18051035,6,11,4,1,10
18051036,6,5,10,1,7
18051037,11,6,5,1,2
18051038,1,9,7,5,10
18051039,3,1,11,4,8
18051040,5,9,6,7,3
18051041,4,10,2,7,11
18051042,8,6,11,3,9
18051043,9,7,4,8,6
18051044,8,2,10,1,11
18051045,5,6,11,2,8
18051046,5,6,11,10,8
18051047,1,8,10,11,5
18051048,3,7,6,9,5
18051049,7,10,11,1,5
18051050,5,9,8,1,4
18051051,7,8,3,1,2
18051052,1,8,6,5,10
18051053,9,2,5,6,1
18051054,1,5,6,7,8
18051055,2,7,11,10,4
18051056,9,1,6,7,8
18051057,7,9,1,4,3
18051058,3,4,11,9,8
18051059,4,7,8,6,9
18051060,5,8,2,9,10
18051061,3,11,8,6,1
18051062,2,3,11,7,8
18051063,2,1,8,5,7
18051064,11,7,1,3,10
18051065,5,3,8,2,4
18051066,3,8,1,4,11
18051067,5,9,10,8,4
18051068,3,10,6,1,4
18051069,11,1,9,2,8
18051070,7,8,10,5,6
18051071,3,9,5,6,2
18051072,6,3,5,2,8
18051073,5,1,4,7,2
18051074,6,10,2,1,5
18051075,5,10,2,1,6
18051076,3,10,5,7,8
18051077,2,3,11,9,6
18051078,5,3,4,10,11
18051079,10,1,3,4,2
18051080,8,2,1,5,6
18051081,9,6,11,1,7
18051082,3,2,8,7,9
18051083,10,7,6,5,3
18051084,11,4,2,9,7
18051101,3,7,8,1,10
18051102,3,2,4,10,8
18051103,6,9,1,8,3
18051104,4,8,9,3,5
18051105,10,8,3,6,9
18051106,9,2,11,7,6
18051107,7,3,5,1,11
18051108,10,11,8,5,7
18051109,5,1,4,10,3
18051110,2,3,11,1,8
18051111,3,11,1,4,5
18051112,3,7,5,11,6
18051113,8,4,3,6,10
18051114,1,11,3,9,5
18051115,5,2,3,7,4
18051116,8,5,6,4,1
18051117,7,1,11,3,8
18051118,11,7,1,8,9
18051119,8,4,9,2,1
18051120,1,10,6,9,3
18051121,11,4,8,2,3
18051122,9,3,10,5,1
18051123,2,8,9,6,10
18051124,9,5,11,4,6
18051125,9,4,8,1,5
18051126,7,4,8,11,2
18051127,11,8,4,10,7
18051128,9,3,6,7,2
18051129,6,8,1,3,4
18051130,5,1,2,9,6
18051131,2,5,11,8,3
18051132,8,11,1,10,3
18051133,3,8,6,1,2
18051134,9,2,7,11,4
18051135,2,3,9,5,10
18051136,11,8,6,9,4
18051137,11,3,4,5,10
18051138,4,2,8,7,9
18051139,1,9,6,7,4
18051140,7,4,11,6,8
18051141,10,1,5,4,3
18051142,9,4,1,11,3
18051143,1,7,4,3,2
18051144,3,9,1,11,4
18051145,6,3,7,8,9
18051146,3,1,11,9,4
18051147,9,2,7,8,5
18051148,5,1,2,10,4
18051149,9,3,4,6,11
18051150,1,10,9,8,6
18051151,10,9,11,3,4
18051152,7,5,10,1,4
18051153,1,8,5,4,6
18051154,10,3,8,4,2
18051155,7,11,1,10,4
18051156,8,7,6,10,4
18051157,11,6,10,4,3
18051158,11,5,4,9,8
18051159,11,8,10,6,9
18051160,7,9,5,3,11
18051161,10,8,7,6,1
18051162,9,10,7,4,11
18051163,6,1,5,11,9
18051164,9,11,1,7,8
18051165,3,7,2,4,5
18051166,10,8,3,5,6
18051167,7,1,11,9,5
18051168,8,2,6,11,1
18051169,3,7,5,6,8
18051170,9,5,8,7,1
18051171,4,3,2,1,9
18051172,3,8,10,9,1
18051173,8,10,2,11,3
18051174,8,10,9,2,11
18051175,7,4,1,9,11
18051176,8,7,5,11,4
18051177,5,7,4,1,3
18051178,11,7,3,1,8
18051179,2,1,4,11,10
18051180,7,8,9,10,2
18051181,4,6,2,5,11
18051182,2,5,10,11,4
18051183,6,8,4,7,11
18051184,7,4,5,6,8
18051201,2,5,8,9,7
18051202,5,8,1,2,10
18051203,11,1,9,6,8
18051204,11,6,7,4,1
18051205,2,8,5,4,3
18051206,5,6,9,4,7
18051207,3,6,5,11,10
18051208,10,8,11,2,1
18051209,1,8,5,11,10
18051210,4,8,2,3,1
18051211,9,11,3,2,8
18051212,10,8,7,11,4
18051213,8,9,2,4,1
18051214,9,4,5,10,11
18051215,6,2,7,11,4
18051216,4,5,11,8,2
18051217,1,3,10,11,8
18051218,1,11,5,8,7
18051219,1,11,2,9,8
18051220,9,8,3,10,6
18051221,4,10,2,7,8
18051222,9,6,2,3,11
18051223,8,11,6,5,7
18051224,4,6,1,8,7
18051225,11,6,1,7,9
18051226,2,7,5,6,4
18051227,5,3,10,11,2
18051228,5,1,4,10,7
18051229,6,1,2,8,11
18051230,3,6,1,4,5
18051231,11,7,2,4,9
18051232,1,5,2,11,9
18051233,9,2,5,10,8
18051234,1,4,3,6,10
18051235,3,8,10,5,9
18051236,4,5,9,11,10
18051237,8,11,7,6,2
18051238,10,9,11,5,6
18051239,1,11,10,7,5
18051240,9,4,8,6,1
18051241,11,5,7,3,9
18051242,9,5,1,11,8
18051243,9,11,1,8,5
18051244,2,11,4,1,5
18051245,5,1,4,9,7
18051246,9,5,6,7,11
18051247,3,11,6,1,2
18051248,3,1,8,7,5
18051249,9,1,10,11,7
18051250,4,11,8,9,2
18051251,8,9,3,6,4
18051252,8,10,5,9,7
18051253,2,9,5,8,10
18051254,4,3,5,6,2
18051255,1,11,8,9,4
18051256,10,9,2,8,1
18051257,11,2,4,6,8
18051258,3,6,11,10,1
18051259,8,1,7,10,2
18051260,4,6,10,3,7
18051261,8,11,9,3,6
18051262,3,10,5,8,11
18051263,3,11,5,10,7
18051264,5,7,2,11,10
18051265,9,5,11,10,3
18051266,10,6,1,7,9
18051267,11,3,9,10,7
18051268,7,1,11,4,9
18051269,8,9,4,11,7
18051270,9,8,6,10,5
18051271,11,2,7,3,5
18051272,6,10,9,5,3
18051273,5,8,11,10,1
18051274,5,9,7,6,3
18051275,2,3,8,6,11
18051276,3,10,9,7,4
18051277,11,5,1,3,4
18051278,1,3,8,11,2
18051279,8,1,6,4,10
18051280,4,10,7,2,8
18051281,4,2,10,6,8
18051282,2,10,6,9,7
18051283,5,2,11,10,7
18051284,4,3,5,2,10
18051301,4,7,1,10,3
18051302,7,9,11,3,4
18051303,10,6,5,1,11
18051304,2,5,10,3,7
18051305,9,6,4,8,11
18051306,6,9,2,7,1
18051307,6,1,7,2,3
18051308,8,2,11,1,6
18051309,8,4,9,3,7
18051310,9,4,3,6,10
18051311,8,11,2,7,9
18051312,2,4,1,10,6
18051313,6,9,10,8,4
18051314,8,4,10,1,7
18051315,10,9,1,7,2
18051316,10,1,6,4,5
18051317,11,2,3,6,10
18051318,3,10,7,9,8
18051319,2,10,4,7,9
18051320,8,4,6,3,9
18051321,3,1,6,7,4
18051322,9,1,2,4,8
18051323,7,5,3,10,6
18051324,2,7,4,9,10
18051325,8,10,4,3,6
18051326,9,7,3,10,4
18051327,2,4,6,1,10
18051328,9,8,4,3,1
18051329,4,6,1,5,9
18051330,2,1,4,5,7
18051331,11,8,10,1,6
18051332,7,11,10,6,9
18051333,6,2,1,3,5
18051334,6,2,11,1,9
18051335,3,5,6,7,10
18051336,9,4,11,7,8
18051337,1,7,11,2,3
18051338,1,3,9,6,11
18051339,3,1,6,9,11
18051340,7,6,11,10,8
18051341,5,7,2,9,8
18051342,9,11,8,2,7
18051343,11,10,2,3,1
18051344,4,11,5,1,2
18051345,5,2,6,4,1
18051346,8,6,3,5,7
18051347,3,2,8,9,4
18051348,5,10,1,2,8
18051349,6,8,10,9,5
18051350,9,4,3,10,11
18051351,9,3,6,7,1
18051352,9,3,8,4,10
18051353,2,5,9,1,11
18051354,5,4,6,1,2
18051355,5,2,9,1,7
18051356,5,10,8,3,7
18051357,9,1,2,3,4
18051358,5,2,8,10,4
18051359,4,10,1,2,9
18051360,6,9,5,1,11
18051361,4,5,3,6,11
18051362,9,3,7,6,1
18051363,4,2,3,5,6
18051364,9,6,1,11,4
18051365,5,6,3,9,10
18051366,9,1,5,2,3
18051367,3,11,5,8,7
18051368,8,6,9,2,4
18051369,4,11,8,5,9
18051370,3,8,4,10,11
18051371,4,6,2,5,7
18051372,8,4,7,1,9
18051373,8,5,9,1,4
18051374,9,4,2,7,5
18051375,10,9,2,3,8
18051376,5,1,11,2,9
18051377,3,5,1,8,2
18051378,11,6,9,8,5
18051379,8,11,6,2,1
18051380,6,1,8,10,7
18051381,1,8,10,9,2
18051382,3,10,5,7,9
18051383,6,5,10,8,3
18051384,7,3,4,6,5
18051401,11,2,1,5,7
18051402,7,10,9,2,4
18051403,10,8,4,3,2
18051404,1,4,10,6,3
18051405,3,10,6,5,1
18051406,11,9,1,4,3
18051407,11,4,3,6,5
18051408,3,2,5,1,9
18051409,3,8,4,1,9
18051410,1,11,6,7,4
18051411,2,6,8,4,3
18051412,3,9,6,8,2
18051413,5,3,11,2,7
18051414,9,4,6,11,10
18051415,3,4,7,8,5
18051416,2,3,7,11,4
18051417,1,11,7,6,4
18051418,7,2,5,10,6
18051419,1,2,7,9,8
18051420,11,3,4,5,8
18051421,4,11,3,8,9
18051422,8,5,11,7,10
18051423,8,7,5,4,6
18051424,8,5,4,2,7
18051425,5,6,11,9,8
18051426,7,4,9,10,2
18051427,9,8,11,7,2
18051428,11,2,6,7,1
18051429,7,1,9,11,5
18051430,8,10,1,11,2
18051431,9,6,3,1,4
18051432,5,10,11,1,7
18051433,4,9,8,10,2
18051434,11,8,5,4,9
18051435,9,2,8,7,11
18051436,1,9,7,10,11
18051437,8,6,3,5,7
18051438,11,6,2,3,10
18051439,10,3,8,1,4
18051440,7,10,3,5,1
18051441,7,10,6,1,9
18051442,3,10,1,11,7
18051443,4,3,8,10,2
18051444,9,3,4,7,2
18051445,11,5,1,8,7
18051446,4,7,11,6,9
18051447,7,3,1,5,6
18051448,9,11,1,8,7
18051449,11,7,2,1,5
18051450,11,2,6,10,3
18051451,8,7,9,11,4
18051452,10,9,2,1,6
18051453,1,6,5,3,4
18051454,5,3,11,10,9
18051455,7,9,1,3,11
18051456,10,7,9,5,6
18051457,11,5,4,3,9
18051458,1,10,8,9,7
18051459,10,4,2,9,5
18051460,6,8,7,3,9
18051461,1,8,6,3,7
18051462,11,9,2,8,1
18051463,10,1,3,8,9
18051464,3,6,10,2,11
18051465,10,9,5,11,4
18051466,7,3,2,6,10
18051467,1,7,4,6,3
18051468,6,8,10,7,9
18051469,11,10,4,5,8
18051470,9,2,5,8,1
18051471,5,1,8,2,11
18051472,2,11,1,3,7
18051473,2,11,9,6,1
18051474,3,7,8,1,9
18051475,7,1,5,9,8
18051476,10,1,7,8,11
18051477,10,7,2,9,1
18051478,5,7,1,11,2
18051479,5,3,9,2,4
18051480,3,10,4,7,11
18051481,9,4,2,3,6
18051482,7,9,2,8,5
18051483,6,7,5,4,3
18051484,8,2,4,9,10
18051501,4,2,11,8,10
18051502,7,3,2,11,4
18051503,5,10,1,3,11
18051504,1,5,7,10,9
18051505,7,4,8,6,1
18051506,6,7,1,8,2
18051507,5,1,7,10,2
18051508,10,4,5,9,1
18051509,11,7,6,5,2
18051510,8,11,5,7,10
18051511,2,10,7,11,1
18051512,6,1,4,9,3
18051513,5,4,8,7,1
18051514,10,2,6,4,8
18051515,4,7,10,6,1
18051516,4,1,6,9,10
18051517,7,9,3,8,4
18051518,4,6,5,11,10
18051519,11,7,9,5,6
18051520,1,2,8,9,10
18051521,6,7,3,10,1
18051522,1,3,4,10,11
18051523,7,9,3,1,8
18051524,11,6,2,10,7
18051525,11,3,10,7,8
18051526,4,3,10,9,8
18051527,8,7,3,1,5
18051528,2,5,4,9,6
18051529,4,10,2,11,1
18051530,6,11,4,3,7
18051531,2,3,8,7,10
18051532,8,10,3,6,9
18051533,8,10,2,4,1
18051534,4,10,3,6,1
18051535,1,5,11,3,10
18051536,11,5,3,10,8
18051537,10,1,11,4,3
18051538,9,6,7,1,8
18051539,10,6,3,7,8
18051540,9,11,2,7,10
18051541,5,2,6,9,3
18051542,10,4,6,11,9
18051543,2,8,4,5,9
18051544,8,2,4,9,11
18051545,8,11,9,10,6
18051546,3,1,5,8,7
18051547,4,2,1,5,10
18051548,2,7,3,11,6
18051549,11,7,1,3,10
18051550,11,8,6,2,9
18051551,5,2,3,7,10
18051552,11,8,10,9,4
18051553,2,8,11,1,7
18051554,4,3,8,5,9
18051555,8,7,2,5,6
18051556,2,8,4,3,5
18051557,1,4,2,5,7
18051558,11,7,10,8,4
18051559,1,7,5,6,11
18051560,3,7,1,11,6
18051561,1,3,8,4,5
18051562,11,8,7,6,1
18051563,6,5,7,4,8
18051564,9,2,11,7,6
18051565,10,11,1,8,2
18051566,5,4,3,1,7
18051567,8,11,7,9,5
18051568,6,9,4,1,8
18051569,5,8,2,10,6
18051570,3,1,5,9,10
18051571,8,4,7,5,1
18051572,4,1,5,9,2
18051573,7,11,10,6,2
18051574,3,9,7,10,11
18051575,2,10,5,1,8
18051576,4,7,2,10,8
18051577,6,10,1,7,3
18051578,11,3,7,8,10
18051579,10,9,6,4,3
18051580,10,2,6,1,9
18051581,1,3,9,7,8
18051582,5,1,8,10,6
18051583,2,5,8,10,1
18051584,8,10,7,11,6
18051601,8,9,5,3,2
18051602,2,10,4,3,5
18051603,2,6,9,7,10
18051604,5,2,8,7,10
18051605,11,6,9,1,8
18051606,10,7,9,8,1
18051607,5,6,10,11,3
18051608,5,8,4,9,11
18051609,2,7,1,4,3
18051610,9,5,8,7,2
18051611,4,11,10,3,9
18051612,8,1,9,7,3
18051613,5,7,10,6,9
18051614,8,11,2,5,3
18051615,1,7,11,10,4
18051616,10,7,6,3,5
18051617,8,1,10,3,2
18051618,9,1,4,10,3
18051619,1,2,9,4,10
18051620,9,2,7,6,4
18051621,3,7,1,2,9
18051622,1,4,5,8,10
18051623,11,9,7,4,5
18051624,10,9,8,7,11
18051625,2,5,6,10,8
18051626,4,10,1,11,8
18051627,7,4,11,8,5
18051628,5,3,11,6,2
18051629,5,3,2,11,6
18051630,4,7,3,5,8
18051631,7,4,2,5,10
18051632,6,5,2,11,9
18051633,6,4,7,5,3
18051634,9,5,1,8,11
18051635,2,9,7,4,6
18051636,8,11,2,5,10
18051637,8,11,4,7,10
18051638,4,10,11,3,5
18051639,8,10,3,11,6
18051640,3,4,11,5,10
18051641,4,7,1,9,3
18051642,9,10,1,7,2
18051643,4,5,11,8,9
18051644,11,6,8,3,9
18051645,5,8,4,9,10
18051646,4,9,10,3,6
18051647,4,6,8,3,2
18051648,1,6,3,9,5
18051649,3,11,10,8,9
18051650,5,8,3,7,1
18051651,9,5,2,8,1
18051652,4,7,6,1,2
18051653,5,11,3,6,8
18051654,6,1,4,11,8
18051655,8,1,4,3,6
18051656,4,5,10,8,9
18051657,8,11,10,7,9
18051658,2,5,9,6,7
18051659,6,4,2,5,8
18051660,2,5,11,3,6
18051661,6,9,4,5,8
18051662,2,1,6,5,10
18051663,11,3,1,7,2
18051664,11,10,6,9,8
18051665,1,5,9,8,2
18051666,4,9,6,7,5
18051667,9,6,10,1,8
18051668,8,2,1,6,3
18051669,9,11,2,6,1
18051670,4,5,7,8,10
18051671,2,11,9,3,1
18051672,5,11,2,1,10
18051673,3,4,10,2,1
18051674,3,10,1,9,4
18051675,9,7,3,2,6
18051676,6,8,4,11,3
18051677,9,8,2,11,6
18051678,6,7,3,10,2
18051679,1,5,9,6,2
18051680,6,4,11,2,8
18051681,3,9,10,1,4
18051682,1,4,7,9,6
18051683,8,7,2,4,10
18051684,8,1,2,4,7
18051701,4,2,6,1,5
18051702,1,3,5,7,8
18051703,9,10,3,8,11
18051704,6,5,2,7,9
18051705,9,4,10,7,5
18051706,10,4,1,5,8
18051707,5,4,7,8,9
18051708,6,3,5,2,8
18051709,2,8,4,7,6
18051710,8,2,1,7,11
18051711,8,11,4,6,3
18051712,4,1,9,3,7
18051713,6,7,10,11,9
18051714,4,6,5,1,11
18051715,5,6,7,2,10
18051716,4,9,6,11,8
18051717,7,8,10,1,11
18051718,8,3,11,6,2
18051719,9,7,11,8,5
18051720,6,11,4,10,1
18051721,6,2,7,10,3
18051722,2,10,9,3,8
18051723,10,6,11,3,8
18051724,10,8,1,6,4
18051725,10,3,1,7,4
18051726,11,2,5,3,4
18051727,10,7,1,4,5
18051728,4,6,5,9,10
18051729,3,7,5,10,1
18051730,1,2,11,4,7
18051731,10,4,5,1,8
18051732,9,8,11,4,5
18051733,6,11,3,9,5
18051734,11,8,6,4,9
18051735,10,9,4,8,11
18051736,6,7,11,2,10
18051737,7,8,5,6,2
18051738,4,5,11,2,3
18051739,10,7,9,8,6
18051740,6,2,5,1,3
18051741,10,6,7,3,2
18051742,3,8,2,6,11
18051743,1,4,9,5,2
18051744,9,2,10,5,8
18051745,4,1,3,8,5
18051746,7,10,1,4,3
18051747,6,1,8,2,3
18051748,5,1,2,6,8
18051749,4,2,9,3,8
18051750,2,11,7,8,10
18051751,7,5,9,10,8
18051752,6,7,10,11,8
18051753,4,8,10,5,11
18051754,8,7,3,2,11
18051755,5,7,4,3,11
18051756,5,9,1,6,4
18051757,6,8,10,5,2
18051758,11,2,7,1,6
18051759,2,4,3,6,9
18051760,4,8,9,5,6
18051761,4,7,3,1,9
18051762,3,6,2,9,4
18051763,10,11,7,1,3
18051764,6,4,3,2,5
18051765,7,4,3,9,11
18051766,7,2,4,6,10
18051767,5,7,6,10,11
18051768,8,7,2,5,11
18051769,10,2,8,9,5
18051770,3,8,6,11,10
18051771,7,4,9,10,6
18051772,11,10,9,6,3
18051773,6,10,4,9,2
18051774,3,5,4,1,6
18051775,5,8,10,7,3
18051776,8,2,3,11,4
18051777,9,7,6,1,3
18051778,10,5,1,4,6
18051779,3,2,10,9,8
18051780,1,6,3,8,4
18051781,3,6,1,10,9
18051782,7,3,6,2,8
18051783,7,4,8,1,11
18051784,1,7,5,11,6
18051801,8,10,5,11,1
18051802,3,2,5,10,9
18051803,6,10,7,8,11
18051804,1,7,5,11,6
18051805,2,6,9,3,5
18051806,3,6,5,9,4
18051807,1,2,9,7,5
18051808,6,9,5,11,7
18051809,11,5,3,2,6
18051810,9,5,4,11,8
18051811,1,7,11,10,5
18051812,11,3,7,6,1
18051813,6,8,7,5,11
18051814,11,7,5,10,4
18051815,1,8,3,7,6
18051816,6,3,7,11,8
18051817,10,5,6,4,3
18051818,1,11,7,2,5
18051819,10,7,1,11,6
18051820,6,10,8,7,2
18051821,3,5,7,4,9
18051822,8,5,3,4,2
18051823,2,11,3,1,7
18051824,1,11,4,6,8
18051825,2,11,7,10,5
18051826,8,9,3,11,5
18051827,4,3,10,2,1
18051828,8,10,11,3,2
18051829,2,10,7,11,5
18051830,2,7,8,3,9
18051831,3,7,6,11,8
18051832,10,9,7,1,8
18051833,8,3,2,10,4
18051834,6,2,11,9,8
18051835,2,7,6,3,5
18051836,2,10,11,5,6
18051837,7,9,11,3,8
18051838,7,9,11,5,10
18051839,10,2,3,5,11
18051840,7,2,5,1,6
18051841,11,9,8,4,7
18051842,7,4,5,6,2
18051843,7,9,6,8,2
18051844,9,5,3,8,2
18051845,8,2,11,7,10
18051846,5,9,6,4,8
18051847,6,4,8,11,10
18051848,10,7,5,9,8
18051849,11,4,8,6,5
18051850,10,5,2,7,3
18051851,5,7,8,2,4
18051852,4,7,9,6,2
18051853,10,5,11,4,9
18051854,11,6,2,1,4
18051855,2,1,3,11,7
18051856,2,4,10,7,5
18051857,6,2,5,7,9
18051858,6,10,9,7,1
18051859,7,11,8,5,6
18051860,11,1,10,5,4
18051861,8,11,4,1,5
18051862,3,6,10,11,7
18051863,8,9,3,2,6
18051864,11,7,1,3,9
18051865,4,1,11,2,6
18051866,11,10,9,8,6
18051867,7,4,11,1,6
18051868,3,9,4,11,5
18051869,3,10,7,4,5
18051870,2,7,11,5,8
18051871,2,1,9,4,5
18051872,4,9,7,6,3
18051873,10,2,5,11,8
18051874,6,5,8,1,7
18051875,6,11,2,9,4
18051876,2,10,11,6,1
18051877,10,7,11,8,9
18051878,4,7,1,2,11
18051879,4,7,1,2,9
18051880,2,9,11,6,4
18051881,5,1,8,10,4
18051882,8,2,1,4,11
18051883,3,4,10,7,6
18051884,4,10,3,6,1
18051901,4,1,7,2,9
18051902,4,2,9,5,10
18051903,11,3,10,4,1
18051904,3,11,9,8,1
18051905,4,6,9,5,11
18051906,9,4,2,8,5
18051907,10,3,4,9,6
18051908,7,5,8,1,6
18051909,5,6,11,9,4
18051910,1,2,11,8,5
18051911,5,6,9,1,11
18051912,3,11,10,2,6
18051913,3,5,4,11,8
18051914,3,9,1,6,4
18051915,5,10,8,11,6
18051916,5,11,7,4,9
18051917,6,5,10,3,8
18051918,6,3,9,7,8
18051919,6,10,3,11,8
18051920,8,2,6,4,11
18051921,5,8,11,4,9
18051922,9,8,11,3,1
18051923,7,3,4,11,5
18051924,1,10,7,6,9
18051925,2,7,5,9,4
18051926,5,4,3,9,7
18051927,3,9,10,6,1
18051928,3,1,9,2,10
18051929,2,1,3,9,7
18051930,1,7,3,9,11
18051931,7,4,8,9,10
18051932,1,10,4,3,2
18051933,10,11,9,7,2
18051934,8,2,3,6,4
18051935,9,1,6,2,7
18051936,9,8,10,4,1
18051937,11,1,10,7,5
18051938,4,1,6,10,8
18051939,9,3,7,1,5
18051940,9,10,2,4,5
18051941,4,1,7,8,10
18051942,11,1,4,6,10
18051943,5,10,1,2,9
18051944,8,7,2,3,1
18051945,10,9,6,11,1
18051946,7,11,5,8,4
18051947,1,5,7,6,8
18051948,9,5,4,1,8
18051949,2,8,4,5,6
18051950,7,6,9,11,5
18051951,6,10,8,1,3
18051952,10,9,2,1,7
18051953,1,6,3,7,5
18051954,4,8,11,3,7
18051955,5,8,11,1,10
18051956,1,7,11,9,5
18051957,9,8,1,2,3
18051958,7,8,6,3,4
18051959,4,2,7,5,9
18051960,9,4,5,6,8
18051961,6,2,1,9,4
18051962,9,2,10,7,4
18051963,2,6,3,1,7
18051964,9,11,2,6,5
18051965,10,7,2,3,1
18051966,10,5,4,7,8
18051967,3,1,7,6,11
18051968,4,5,9,1,3
18051969,7,1,10,5,3
18051970,11,6,2,5,3
18051971,6,4,11,8,10
18051972,10,7,5,3,4
18051973,2,9,1,8,11
18051974,2,10,7,6,5
18051975,9,7,5,4,2
18051976,8,1,11,2,6
18051977,8,4,5,11,2
18051978,11,2,6,3,1
18051979,10,11,7,8,1
18051980,11,5,7,2,9
18051981,7,5,11,1,6
18051982,3,8,5,9,11
18051983,10,6,1,5,7
18051984,4,10,6,1,8
18052001,1,5,8,7,6
18052002,3,9,2,6,4
18052003,1,11,7,3,2
18052004,8,5,10,2,11
18052005,8,4,3,9,1
18052006,7,11,9,1,5
18052007,8,7,6,4,11
18052008,4,1,6,8,10
18052009,4,8,5,10,1
18052010,11,8,9,6,3
18052011,5,9,7,8,11
18052012,4,6,3,5,11
18052013,11,5,8,1,3
18052014,6,3,5,7,8
18052015,3,1,10,6,8
18052016,7,8,6,4,9
18052017,6,10,8,9,3
18052018,1,3,2,6,4
18052019,4,7,6,3,8
18052020,2,6,1,7,4
18052021,4,11,10,2,8
18052022,9,10,6,3,1
18052023,10,3,2,8,9
18052024,4,1,6,10,3
18052025,10,6,1,8,3
18052026,8,1,11,6,4
18052027,8,2,7,10,9
18052028,2,1,11,8,3
18052029,8,10,7,5,9
18052030,8,6,9,3,1
18052031,11,4,2,10,7
18052032,10,5,11,4,9
18052033,3,11,7,5,10
18052034,4,5,10,11,7
18052035,7,2,10,9,1
18052036,9,8,5,7,4
18052037,3,4,1,6,7
18052038,10,11,4,5,2
18052039,6,10,9,4,5
18052040,3,10,8,7,6
18052041,11,5,9,7,6
18052042,9,4,5,1,10
18052043,3,7,10,4,1
18052044,2,11,9,6,10
18052045,5,6,8,3,11
18052046,9,2,3,10,8
18052047,3,4,11,8,5
18052048,6,4,10,3,1
18052049,5,3,1,4,7
18052050,11,2,9,1,6
18052051,8,5,9,7,6
18052052,3,10,11,4,5
18052053,6,7,4,11,2
18052054,10,5,3,4,11
18052055,10,1,8,11,9
18052056,8,6,2,4,7
18052057,11,10,2,1,5
18052058,9,6,8,4,5
18052059,5,3,8,2,7
18052060,8,10,4,2,11
18052061,11,1,6,10,3
18052062,11,1,3,8,7
18052063,10,5,9,11,8
18052064,4,1,3,5,7
18052065,2,10,8,5,9
18052066,9,1,3,6,5
18052067,9,7,2,1,5
18052068,1,10,11,5,4
18052069,6,3,1,11,10
18052070,7,4,9,2,8
18052071,4,3,6,8,9
18052072,7,8,4,2,1
18052073,6,11,7,10,3
18052074,10,7,2,9,8
18052075,3,8,11,1,10
18052076,7,1,10,4,9
18052077,6,9,2,3,5
18052078,10,11,4,6,8
18052079,10,8,1,6,11
18052080,5,2,6,1,7
18052081,2,6,3,10,8
18052082,8,7,9,4,1
18052083,5,1,11,4,7
18052084,6,1,8,3,11
18052101,5,2,4,10,1
18052102,5,1,7,3,9
18052103,8,11,1,4,7
18052104,1,9,10,8,2
18052105,10,9,6,4,3
18052106,1,7,4,11,8
18052107,5,4,10,1,2
18052108,4,2,9,8,3
18052109,8,2,3,11,9
18052110,9,11,10,2,5
18052111,1,4,8,10,6
18052112,11,5,7,4,2
18052113,9,10,2,7,5
18052114,3,8,4,1,2
18052115,4,6,9,11,8
18052116,1,10,8,4,5
18052117,9,7,3,8,4
18052118,4,5,8,2,6
18052119,11,5,2,9,4
18052120,5,3,9,8,11
18052121,10,11,5,4,3
18052122,6,4,10,2,1
18052123,8,4,3,5,11
18052124,11,1,6,10,4
18052125,7,10,1,3,9
18052126,7,5,10,3,8
18052127,3,9,7,2,11
18052128,9,2,8,10,5
18052129,9,4,6,5,3
18052130,1,11,5,8,7
18052131,11,3,6,1,2
18052132,4,9,7,10,6
18052133,4,5,8,1,2
18052134,11,6,4,9,10
18052135,7,2,5,6,10
18052136,11,6,10,8,7
18052137,5,4,2,9,10
18052138,1,6,5,7,10
18052139,9,5,6,11,7
18052140,4,11,7,3,6
18052141,11,3,8,6,4
18052142,4,2,9,7,11
18052143,2,6,7,3,9
18052144,3,6,1,2,5
18052145,3,5,9,7,11
18052146,2,8,4,7,11
18052147,7,9,3,10,11
18052148,9,7,10,6,11
18052149,10,4,5,11,6
18052150,5,7,1,3,2
18052151,4,8,6,11,10
18052152,3,1,11,6,5
18052153,6,11,10,2,7
18052154,1,9,8,2,7
18052155,1,9,3,7,2
18052156,1,11,2,6,9
18052157,9,3,11,5,4
18052158,6,11,5,7,3
18052159,8,6,9,1,4
18052160,4,6,3,7,1
18052161,11,5,2,7,3
18052162,3,5,4,2,8
18052163,7,1,5,11,6
18052164,4,5,10,11,7
18052165,1,7,10,9,11
18052166,5,2,10,4,9
18052167,1,7,4,10,2
18052168,11,3,9,10,1
18052169,2,1,7,8,3
18052170,11,7,8,1,6
18052171,7,3,11,4,8
18052172,1,6,4,11,3
18052173,1,9,10,3,5
18052174,6,5,4,10,1
18052175,8,7,4,2,3
18052176,3,1,10,6,2
18052177,2,6,1,10,5
18052178,6,3,5,11,4
18052179,3,10,9,6,1
18052180,10,4,5,8,11
18052181,5,2,3,6,7
18052182,9,11,5,10,8
18052183,8,10,2,5,6
18052184,5,3,9,2,7
18052201,7,3,11,8,10
18052202,9,7,3,5,1
18052203,6,8,9,10,2
18052204,5,10,1,3,6
18052205,8,4,2,5,11
18052206,4,9,3,1,2
18052207,8,11,7,3,6
18052208,9,7,6,4,8
18052209,5,1,10,8,4
18052210,10,3,7,8,1
18052211,6,5,11,3,10
18052212,3,11,6,9,8
18052213,5,1,6,10,9
18052214,9,6,1,5,11
18052215,1,3,6,2,4
18052216,6,7,5,8,10
18052217,11,8,6,10,3
18052218,10,4,11,8,1
18052219,2,7,8,5,9
18052220,8,7,10,11,1
18052221,11,10,2,9,3
18052222,5,11,1,8,10
18052223,9,11,8,1,7
18052224,5,9,7,11,2
18052225,7,10,6,4,1
18052226,7,4,3,8,11
18052227,3,5,2,9,4
18052228,2,7,11,1,3
18052229,7,8,2,3,9
18052230,7,9,8,10,4
18052231,6,8,5,2,1
18052232,10,1,4,8,6
18052233,3,6,4,11,2
18052234,9,3,4,7,2
18052235,6,8,10,2,5
18052236,5,4,9,10,7
18052237,7,1,4,6,9
18052238,5,8,9,10,2
18052239,2,4,5,11,8
18052240,8,4,5,11,7
18052241,1,2,11,3,4
18052242,1,11,4,6,2
18052243,5,1,11,7,10
18052244,1,7,5,11,8
18052245,7,5,11,4,6
18052246,3,5,1,4,6
18052247,8,1,9,2,5
18052248,8,7,3,11,5
18052249,4,9,7,5,2
18052250,11,1,10,5,8
18052251,7,10,1,8,9
18052252,3,4,5,11,10
18052253,3,2,8,1,9
18052254,4,6,5,10,11
18052255,5,6,8,9,10
18052256,11,6,10,8,1
18052257,3,5,10,7,2
18052258,2,4,7,3,5
18052259,2,9,6,1,7
18052260,5,2,1,11,10
18052261,9,4,11,1,5
18052262,10,2,5,7,1
18052263,5,9,2,1,10
18052264,9,10,5,4,3
18052265,10,3,7,1,11
18052266,6,9,1,5,7
18052267,2,10,6,8,11
18052268,3,8,4,1,2
18052269,9,8,4,7,10
18052270,7,1,8,4,3
18052271,4,3,9,2,11
18052272,10,1,2,6,4
18052273,3,7,8,9,4
18052274,3,9,8,2,7
18052275,11,9,1,3,4
18052276,8,7,9,3,1
18052277,10,9,5,11,8
18052278,2,5,6,1,3
18052279,5,2,10,8,11
18052280,6,8,10,9,11
18052281,5,10,2,11,3
18052282,7,5,9,10,4
18052283,4,10,5,2,11
18052284,11,7,6,1,5
18052301,3,2,11,5,8
18052302,9,10,8,5,6
18052303,7,11,2,4,6
18052304,8,5,9,7,2
18052305,7,3,6,4,8
18052306,3,4,2,11,7
18052307,9,10,5,11,4
18052308,6,2,10,5,3
18052309,4,5,8,9,6
18052310,9,6,2,3,1
18052311,3,5,2,11,6
18052312,5,11,4,8,2
18052313,4,6,8,9,3
18052314,1,10,2,11,4
18052315,1,8,6,2,7
18052316,10,4,2,7,5
18052317,9,8,3,5,6
18052318,1,6,7,4,10
18052319,11,8,6,4,7
18052320,10,5,1,6,4
18052321,6,11,9,4,8
18052322,10,7,6,4,9
18052323,8,11,3,5,4
18052324,6,1,2,3,9
18052325,11,6,2,4,8
18052326,9,6,4,7,3
18052327,10,6,7,11,1
18052328,8,2,6,3,9
18052329,6,3,9,5,1
18052330,5,2,11,9,3
18052331,5,8,7,10,4
18052332,7,8,4,6,5
18052333,1,10,11,3,5
18052334,5,8,10,9,2
18052335,11,4,6,3,1
18052336,11,9,4,1,5
18052337,5,8,7,9,10
18052338,6,9,7,4,3
18052339,3,2,5,4,1
18052340,9,5,11,10,6
18052341,11,1,2,5,10
18052342,4,6,11,8,9
18052343,7,3,8,6,5
18052344,1,4,5,7,11
18052345,11,8,5,7,10
18052346,7,6,11,1,4
18052347,2,5,9,3,1
18052348,6,11,3,4,10
18052349,9,5,11,2,3
18052350,8,9,7,1,2
18052351,6,5,1,8,4
18052352,8,7,4,6,3
18052353,3,4,5,6,7
18052354,5,11,2,10,9
18052355,6,4,1,8,5
18052356,6,10,1,11,5
18052357,5,8,6,4,3
18052358,5,9,11,6,3
18052359,4,10,1,3,8
18052360,9,2,8,5,11
18052361,1,7,6,2,11
18052362,3,8,10,4,6
18052363,7,1,6,8,5
18052364,6,8,7,11,3
18052365,10,4,6,7,9
18052366,6,9,3,11,4
18052367,8,4,1,5,7
18052368,5,7,3,2,8
18052369,6,7,3,9,2
18052370,9,10,11,3,5
18052371,11,8,1,4,10
18052372,10,7,4,3,8
18052373,2,3,9,6,1
18052374,6,1,4,2,9
18052375,9,11,10,8,6
18052376,5,3,2,11,8
18052377,2,10,7,3,1
18052378,9,11,1,6,8
18052379,10,7,9,5,11
18052380,7,11,10,3,2
18052381,5,6,3,2,1
18052382,8,5,3,7,10
18052383,5,9,8,1,7
18052384,6,8,10,3,2
18052401,6,10,3,5,7
18052402,11,9,5,1,6
18052403,2,1,9,7,8
18052404,11,7,2,1,4
18052405,8,1,3,7,2
18052406,1,9,11,2,10
18052407,8,10,4,6,5
18052408,11,5,3,4,2
18052409,3,10,2,5,4
18052410,6,2,1,9,3
18052411,2,10,6,9,1
18052412,9,2,10,8,7
18052413,11,8,10,6,1
18052414,1,9,4,11,3
18052415,11,5,6,10,3
18052416,7,4,9,6,1
18052417,9,7,10,5,6
18052418,7,4,5,6,10
18052419,1,6,8,4,7
18052420,6,4,7,10,2
18052421,3,5,7,1,9
18052422,5,6,2,7,9
18052423,4,7,5,11,2
18052424,9,3,7,11,1
18052425,6,5,3,9,7
18052426,8,11,10,1,6
18052427,11,7,1,10,5
18052428,11,7,9,10,2
18052429,4,7,10,9,6
18052430,1,4,9,2,6
18052431,1,3,5,7,9
18052432,10,4,5,6,1
18052433,5,3,7,10,1
18052434,1,11,3,6,10
18052435,4,10,1,6,2
18052436,2,7,5,1,9
18052437,1,11,3,2,7
18052438,11,10,8,4,7
18052439,5,9,2,3,1
18052440,3,7,9,2,8
18052441,9,4,10,8,6
18052442,2,3,10,11,6
18052443,7,9,2,11,6
18052444,9,2,7,5,3
18052445,2,6,10,11,5
18052446,6,9,5,2,11
18052447,10,9,4,7,8
18052448,10,5,1,3,8
18052449,8,9,4,5,7
18052450,9,2,3,7,11
18052451,3,5,7,2,6
18052452,3,6,9,5,11
18052453,7,5,6,1,10
18052454,9,8,10,7,2
18052455,9,3,6,2,11
18052456,7,1,9,2,10
18052457,10,3,5,7,6
18052458,9,11,5,1,8
18052459,2,10,11,3,1
18052460,9,2,7,6,8
18052461,7,3,1,5,2
18052462,9,8,1,7,4
18052463,9,10,5,7,6
18052464,4,3,1,2,6
18052465,10,6,8,11,9
18052466,8,10,6,4,1
18052467,4,10,7,3,11
18052468,3,11,6,1,7
18052469,8,3,7,5,4
18052470,5,4,6,2,8
18052471,1,10,7,9,8
18052472,8,1,7,3,9
18052473,2,8,1,5,6
18052474,6,3,9,11,5
18052475,5,7,11,10,9
18052476,10,2,1,8,5
18052477,4,5,1,11,9
18052478,1,11,6,3,5
18052479,9,3,7,6,2
18052480,3,6,1,7,10
18052481,6,11,7,9,10
18052482,7,9,10,2,8
18052483,9,10,3,1,2
18052484,4,3,8,1,6
18052501,3,1,5,8,9
18052502,4,1,5,11,6
18052503,5,11,6,4,7
18052504,8,1,9,11,4
18052505,10,8,11,6,7
18052506,1,7,2,11,5
18052507,8,9,10,4,7
18052508,3,8,10,4,6
18052509,9,3,6,4,10
18052510,5,4,7,8,2
18052511,4,1,5,6,10
18052512,6,8,2,10,5
18052513,3,2,9,11,8
18052514,5,1,11,8,3
18052515,1,9,3,8,2
18052516,8,9,6,5,10
18052517,4,5,1,3,8
18052518,5,1,3,10,2
18052519,1,5,9,6,2
18052520,9,10,11,6,4
18052521,6,11,3,9,1
18052522,11,9,5,7,2
18052523,3,5,8,7,9
18052524,11,9,6,7,1
18052525,4,11,6,10,3
18052526,11,9,10,1,4
18052527,5,9,7,4,8
18052528,10,1,2,4,6
18052529,5,9,10,6,4
18052530,11,10,9,3,2
18052531,7,6,11,2,4
18052532,7,10,5,3,9
18052533,7,4,6,5,8
18052534,11,8,7,1,3
18052535,7,11,6,3,9
18052536,9,3,7,6,10
18052537,2,1,6,7,11
18052538,9,6,10,2,1
18052539,10,1,5,3,2
18052540,6,7,2,5,9
18052541,3,9,7,10,2
18052542,1,5,2,6,9
18052543,9,8,3,6,10
18052544,9,11,7,8,6
18052545,1,8,6,3,7
18052546,8,6,5,7,4
18052547,1,8,3,11,10
18052548,10,3,7,4,1
18052549,6,5,3,8,10
18052550,11,2,6,8,1
18052551,4,5,7,1,9
18052552,9,10,7,2,1
18052553,8,9,1,10,3
18052554,7,4,6,5,3
18052555,3,11,9,4,2
18052556,3,8,9,7,10
18052557,9,10,4,1,3
18052558,6,7,5,9,4
18052559,5,2,10,9,8
18052560,7,3,9,5,10
18052561,9,8,6,7,1
18052562,5,1,10,7,9
18052563,9,6,2,11,8
18052564,4,6,8,9,7
18052565,9,8,2,6,11
18052566,1,10,6,11,4
18052567,11,4,9,8,5
18052568,11,4,3,5,2
18052569,6,8,9,2,11
18052570,3,6,5,7,10
18052571,2,5,1,9,6
18052572,7,1,2,4,9
18052573,6,1,7,9,2
18052574,4,11,2,1,7
18052575,6,7,2,9,8
18052576,11,10,3,6,4
18052577,9,11,3,8,1
18052578,7,4,9,5,1
18052579,4,6,5,7,1
18052580,6,11,3,9,4
18052581,1,8,2,9,3
18052582,10,6,3,9,11
18052583,2,6,1,11,5
18052584,9,5,2,8,1
18052601,11,9,1,7,10
18052602,4,10,7,11,8
18052603,4,9,8,5,2
18052604,1,4,5,6,7
18052605,4,6,3,11,1
18052606,11,6,5,2,9
18052607,2,5,11,4,9
18052608,3,8,2,11,4
18052609,2,4,6,3,8
18052610,1,3,11,10,6
18052611,7,1,11,9,4
18052612,2,4,9,6,11
18052613,3,1,2,5,11
18052614,5,9,1,7,2
18052615,7,2,5,8,1
18052616,4,1,7,2,3
18052617,9,8,10,3,1
18052618,5,9,3,6,4
18052619,4,2,10,9,1
18052620,3,10,4,1,11
18052621,1,9,4,11,6
18052622,7,3,10,4,1
18052623,7,3,1,5,2
18052624,3,6,9,1,10
18052625,2,3,11,4,10
18052626,9,11,2,1,10
18052627,5,11,8,9,4
18052628,2,1,6,7,9
18052629,9,6,1,2,4
18052630,7,6,8,1,9
18052631,8,4,10,7,9
18052632,5,7,4,2,11
18052633,10,8,4,11,1
18052634,7,3,10,5,8
18052635,6,1,2,11,3
18052636,3,6,11,5,1
18052637,3,10,5,1,8
18052638,3,2,4,6,7
18052639,4,7,8,2,11
18052640,3,10,8,5,4
18052641,1,6,8,3,9
18052642,10,1,11,3,8
18052643,7,5,8,11,10
18052644,9,10,7,3,6
18052645,7,10,9,11,8
18052646,2,9,10,4,6
18052647,8,4,3,2,9
18052648,3,4,9,2,10
18052649,5,4,9,2,3
18052650,10,9,6,5,1
18052651,10,2,1,4,5
18052652,10,9,5,1,7
18052653,3,8,9,5,6
18052654,5,9,6,7,3
18052655,9,1,7,2,6
18052656,7,5,9,6,10
18052657,6,7,9,2,1
18052658,8,6,5,2,4
18052659,9,10,11,7,5
18052660,7,6,10,3,1
18052661,2,11,10,6,9
18052662,11,9,1,8,10
18052663,2,9,3,10,11
18052664,7,1,4,9,6
18052665,11,9,5,7,3
18052666,10,4,8,2,5
18052667,1,11,4,10,2
18052668,4,8,7,6,3
18052669,2,1,5,9,4
18052670,3,10,7,11,9
18052671,10,6,5,8,9
18052672,5,8,1,6,3
18052673,4,2,1,6,10
18052674,10,5,4,3,7
18052675,7,3,10,11,9
18052676,4,6,1,8,3
18052677,9,8,7,4,5
18052678,8,9,6,1,2
18052679,8,7,6,9,11
18052680,5,6,8,11,4
18052681,8,1,6,2,7
18052682,8,7,5,11,2
18052683,11,8,5,4,9
18052684,7,10,4,8,3
18052701,5,6,4,10,1
18052702,7,2,4,5,8
18052703,2,4,10,8,1
18052704,9,10,3,4,7
18052705,5,7,1,11,8
18052706,3,5,7,1,11
18052707,6,7,4,1,5
18052708,6,8,9,2,11
18052709,3,7,4,1,2
18052710,3,2,1,5,7
18052711,6,11,1,3,10
18052712,8,3,9,2,6
18052713,1,7,11,8,3
18052714,1,7,5,3,8
18052715,3,4,7,11,10
18052716,5,10,3,2,11
18052717,4,9,3,2,6
18052718,11,10,7,2,9
18052719,6,9,10,3,5
18052720,11,6,3,1,4
18052721,9,6,8,10,4
18052722,11,6,8,7,9
18052723,7,11,6,2,4
18052724,1,6,3,10,4
18052725,8,7,2,3,5
18052726,7,10,1,11,9
18052727,7,5,4,9,1
18052728,4,11,2,7,3
18052729,11,4,8,1,5
18052730,11,7,5,10,8
18052731,7,8,10,2,6
18052732,3,5,11,10,4
18052733,2,7,4,10,11
18052734,7,8,10,11,1
18052735,3,8,1,5,7
18052736,5,1,3,10,9
18052737,1,6,4,5,7
18052738,2,11,10,9,7
18052739,4,10,8,6,1
18052740,8,5,6,1,7
18052741,7,6,1,11,3
18052742,6,7,3,8,4
18052743,8,11,4,10,9
18052744,7,9,1,8,6
18052745,11,5,10,8,1
18052746,2,8,6,7,3
18052747,2,10,5,3,1
18052748,11,10,3,1,5
18052749,11,4,9,3,1
18052750,9,11,6,5,3
18052751,11,2,6,3,4
18052752,10,3,1,11,7
18052753,9,10,6,3,11
18052754,8,6,1,4,5
18052755,6,5,1,2,10
18052756,5,6,11,7,8
18052757,4,1,7,2,6
18052758,4,9,10,6,5
18052759,9,5,2,1,11
18052760,4,9,1,2,7
18052761,9,8,6,3,7
18052762,9,11,8,5,6
18052763,5,8,11,9,4
18052764,5,10,6,3,8
18052765,10,2,5,3,6
18052766,6,8,11,2,3
18052767,10,9,4,1,11
18052768,3,11,4,1,7
18052769,6,10,1,7,9
18052770,1,2,9,4,7
18052771,2,8,7,1,10
18052772,9,11,3,2,7
18052773,10,1,7,2,4
18052774,10,3,2,7,5
18052775,1,6,7,8,3
18052776,9,10,7,11,8
18052777,7,8,10,6,4
18052778,7,6,10,3,2
18052779,8,5,3,4,11
18052780,9,7,5,11,6
18052781,2,5,4,6,7
18052782,8,6,3,9,10
18052783,2,10,3,8,9
18052784,1,6,3,4,7
18052801,8,3,9,1,6
18052802,6,1,2,5,8
18052803,7,8,9,1,4
18052804,5,2,6,9,10
18052805,9,8,10,7,5
18052806,3,6,4,7,8
18052807,5,6,10,4,1
18052808,8,2,1,9,7
18052809,4,3,7,6,11
18052810,9,1,8,7,11
18052811,6,2,10,3,1
18052812,2,8,10,5,9
18052813,9,11,3,5,4
18052814,5,8,9,11,3
18052815,4,6,9,2,10
18052816,2,9,4,3,10
18052817,3,1,7,10,5
18052818,4,8,7,11,2
18052819,2,4,1,3,10
18052820,2,6,7,9,5
18052821,5,2,11,4,8
18052822,2,11,7,4,5
18052823,8,11,3,7,9
18052824,3,9,2,5,4
18052825,9,11,6,3,2
18052826,2,11,7,10,6
18052827,9,10,2,11,1
18052828,9,3,4,2,11
18052829,11,9,5,7,10
18052830,7,1,4,8,11
18052831,3,1,7,9,8
18052832,2,6,8,11,5
18052833,7,5,3,6,4
18052834,4,5,7,6,9
18052835,6,2,8,10,9
18052836,11,2,8,4,9
18052837,2,1,11,8,7
18052838,9,1,6,3,5
18052839,11,6,5,9,10
18052840,11,6,7,4,1
18052841,1,5,2,6,10
18052842,5,4,8,11,3
18052843,10,9,3,11,2
18052844,6,4,8,3,11
18052845,11,2,3,8,10
18052846,2,4,1,7,10
18052847,2,8,6,4,5
18052848,6,10,1,7,8
18052849,6,10,4,9,1
18052850,10,5,6,4,3
18052851,4,6,9,7,2
18052852,3,7,4,11,5
18052853,11,10,4,5,6
18052854,3,5,7,11,2
18052855,10,7,6,8,3
18052856,3,5,4,9,6
18052857,2,8,7,9,5
18052858,4,5,8,1,6
18052859,7,5,6,3,10
18052860,4,10,1,9,8
18052861,4,10,9,2,6
18052862,10,6,11,5,4
18052863,8,1,10,7,4
18052864,4,5,7,3,1
18052865,9,10,1,6,4
18052866,11,3,2,7,8
18052867,1,6,7,4,2
18052868,6,5,11,8,1
18052869,5,7,2,11,1
18052870,3,1,8,10,2
18052871,9,2,11,10,5
18052872,4,2,5,7,10
18052873,1,4,11,3,5
18052874,8,10,2,3,5
18052875,1,4,7,6,11
18052876,1,10,4,3,7
18052877,8,6,9,3,5
18052878,6,10,8,4,5
18052879,8,10,2,6,7
18052880,5,2,11,8,1
18052881,2,7,10,4,5
18052882,10,7,9,4,1
18052883,5,9,10,6,8
18052884,2,11,9,7,10
18052901,6,1,9,3,4
18052902,11,4,1,8,5
18052903,1,11,5,2,7
18052904,2,4,10,11,3
18052905,7,11,4,2,1
18052906,3,5,4,10,1
18052907,2,1,9,6,10
18052908,10,8,5,2,1
18052909,6,10,7,5,9
18052910,5,1,11,2,10
18052911,2,8,10,6,4
18052912,8,3,4,9,5
18052913,5,1,7,3,8
18052914,3,2,8,9,11
18052915,6,4,8,3,11
18052916,8,4,2,9,10
18052917,11,9,5,3,6
18052918,6,4,10,3,7
18052919,9,3,4,10,1
18052920,9,3,8,2,7
18052921,3,6,11,1,9
18052922,5,6,1,2,7
18052923,3,5,7,1,6
18052924,9,8,7,1,10
18052925,10,7,5,1,2
18052926,3,6,11,1,7
18052927,10,5,9,7,6
18052928,8,6,2,7,1
18052929,5,8,4,10,3
18052930,11,8,2,7,4
18052931,5,10,4,7,3
18052932,2,10,6,1,8
18052933,8,7,11,10,1
18052934,9,2,4,5,6
18052935,9,3,2,11,6
18052936,2,7,8,4,6
18052937,8,7,1,3,2
18052938,8,9,4,7,11
18052939,7,6,9,1,10
18052940,3,10,11,9,1
18052941,11,6,3,7,9
18052942,7,10,3,9,1
18052943,4,11,8,3,2
18052944,7,10,11,1,6
18052945,5,7,11,1,6
18052946,9,8,1,5,7
18052947,6,10,11,5,4
18052948,4,6,2,11,5
18052949,4,10,1,2,11
18052950,3,1,4,8,5
18052951,4,9,10,7,2
18052952,11,6,5,1,4
18052953,5,8,4,10,11
18052954,4,1,11,9,8
18052955,2,3,5,4,1
18052956,6,11,9,7,5
18052957,11,5,3,10,8
18052958,10,4,11,5,8
18052959,9,8,3,7,11
18052960,3,6,2,7,11
18052961,10,5,4,1,9
18052962,2,6,4,1,5
18052963,8,9,7,10,3
18052964,11,1,3,6,2
18052965,11,6,7,3,8
18052966,3,4,1,5,7
18052967,8,3,7,5,9
18052968,6,10,5,7,8
18052969,9,5,4,2,7
18052970,10,4,11,6,7
18052971,2,10,9,3,4
18052972,9,1,10,6,2
18052973,10,9,8,1,3
18052974,8,11,9,1,3
18052975,7,11,2,5,9
18052976,8,10,7,3,6
18052977,9,2,7,8,1
18052978,5,11,6,9,1
18052979,3,5,4,11,1
18052980,3,11,2,10,7
18052981,7,2,8,9,3
18052982,8,2,1,11,5
18052983,4,7,2,3,8
18052984,5,3,6,2,9
18053001,6,9,2,10,11
18053002,10,3,2,1,7
18053003,7,3,8,9,6
18053004,7,2,1,4,8
18053005,9,1,8,4,6
18053006,7,3,2,9,6
18053007,7,2,3,6,1
18053008,8,10,6,4,3
18053009,5,1,7,3,9
18053010,8,3,1,10,9
18053011,6,5,10,8,3
18053012,4,1,11,8,5
18053013,4,7,6,5,2
18053014,6,5,4,7,8
18053015,5,4,3,6,11
18053016,1,9,7,4,8
18053017,2,4,5,1,10
18053018,9,11,2,8,7
18053019,9,11,2,10,4
18053020,5,9,10,6,2
18053021,11,1,10,5,4
18053022,9,10,1,4,8
18053023,6,7,10,1,2
18053024,3,11,6,2,9
18053025,10,5,3,7,11
18053026,8,4,11,1,5
18053027,4,5,6,2,7
18053028,5,10,9,6,7
18053029,8,1,2,6,5
18053030,10,3,1,2,5
18053031,10,9,7,5,6
18053032,9,5,10,8,1
18053033,10,5,11,4,3
18053034,8,5,11,4,9
18053035,11,10,4,8,7
18053036,2,4,6,8,1
18053037,3,10,4,8,7
18053038,5,9,8,10,3
18053039,1,10,7,4,9
18053040,8,1,6,2,3
18053041,1,7,8,4,3
18053042,4,10,9,2,11
18053043,10,8,1,6,7
18053044,10,1,3,7,4
18053045,8,3,9,5,1
18053046,4,5,1,2,8
18053047,9,1,8,4,2
18053048,7,2,5,8,11
18053049,1,7,4,2,5
18053050,9,10,5,6,4
18053051,6,1,10,11,9
18053052,10,2,1,7,6
18053053,8,5,1,9,10
18053054,1,5,3,2,6
18053055,11,1,5,7,8
18053056,6,4,11,5,10
18053057,1,3,8,5,6
18053058,7,10,3,4,5
18053059,5,2,11,9,4
18053060,9,4,6,5,8
18053061,11,10,2,4,9
18053062,4,7,5,8,1
18053063,10,3,1,11,6
18053064,2,10,6,9,11
18053065,8,2,11,3,7
18053066,3,5,8,2,9
18053067,4,9,2,1,11
18053068,2,9,8,11,10
18053069,6,7,5,9,11
18053070,7,6,2,1,5
18053071,1,7,6,11,2
18053072,8,10,9,6,4
18053073,1,9,2,3,8
18053074,7,11,5,8,10
18053075,5,9,3,4,11
18053076,5,2,11,6,1
18053077,10,1,8,7,11
18053078,1,9,10,7,2
18053079,4,1,10,9,6
18053080,1,11,7,9,8
18053081,4,11,10,3,7
18053082,4,7,2,5,1
18053083,7,11,10,6,3
18053084,4,7,6,2,1
18053101,11,10,5,8,1
18053102,8,4,10,1,7
18053103,7,6,11,1,10
18053104,8,3,7,9,10
18053105,7,11,6,10,8
18053106,6,1,5,9,3
18053107,8,11,7,1,9
18053108,11,4,10,3,6
18053109,3,10,5,2,8
18053110,3,10,11,7,5
18053111,3,11,6,1,10
18053112,6,9,4,11,5
18053113,7,10,4,8,5
18053114,10,4,7,1,5
18053115,8,9,10,5,1
18053116,3,1,6,10,4
18053117,10,8,9,5,6
18053118,3,7,9,4,8
18053119,1,2,8,7,4
18053120,7,9,11,5,6
18053121,8,3,7,10,1
18053122,3,5,10,7,6
18053123,6,7,2,1,4
18053124,4,9,2,10,3
18053125,8,7,1,11,10
18053126,10,4,6,11,2
18053127,1,3,10,9,4
18053128,10,1,5,4,9
18053129,3,11,10,8,9
18053130,5,1,3,8,10
18053131,9,5,8,3,1
18053132,2,10,11,1,9
18053133,10,11,4,2,5
18053134,10,11,4,6,8
18053135,8,1,3,9,4
18053136,4,7,10,6,3
18053137,8,1,4,2,10
18053138,10,3,11,5,6
18053139,8,11,4,1,10
18053140,1,7,4,9,10
18053141,3,5,7,10,6
18053142,2,8,5,4,11
18053143,8,9,2,4,5
18053144,8,4,7,10,2
18053145,10,7,11,1,5
18053146,9,8,5,10,7
18053147,2,11,4,3,10
18053148,1,11,10,4,9
18053149,6,1,7,11,9
18053150,7,8,6,3,4
18053151,10,8,3,1,11
18053152,10,9,7,4,11
18053153,9,4,8,2,7
18053154,3,7,11,6,8
18053155,7,4,10,9,5
18053156,6,11,5,4,10
18053157,3,7,1,8,5
18053158,8,11,7,6,2
18053159,1,6,3,8,10
18053160,6,1,11,3,7
18053161,5,6,11,9,7
18053162,9,8,11,4,5
18053163,7,2,1,3,4
18053164,10,7,5,3,9
18053165,8,10,6,11,3
18053166,3,10,9,7,6
18053167,3,10,2,8,9
18053168,8,6,1,10,7
18053169,6,1,5,8,4
18053170,4,10,11,8,3
18053171,3,1,10,2,8
18053172,2,8,7,11,6
18053173,11,10,9,5,8
18053174,5,7,1,4,6
18053175,3,6,10,1,5
18053176,6,5,11,7,1
18053177,8,10,4,1,2
18053178,10,9,3,5,8
18053179,9,1,11,5,4
18053180,11,2,5,3,6
18053181,3,2,7,1,9
18053182,10,1,2,6,5
18053183,6,4,9,2,7
18053184,10,6,1,4,3
