18040101,10,9,7,1,3
18040102,1,3,9,4,2
18040103,6,7,1,3,10
18040104,7,3,4,2,11
18040105,8,2,1,7,4
18040106,1,5,11,3,4
18040107,10,4,5,11,7
18040108,3,8,4,6,7
18040109,1,5,3,8,2
18040110,6,5,11,9,8
18040111,10,2,4,1,6
18040112,5,1,11,4,9
18040113,9,2,8,7,6
18040114,11,1,5,6,2
18040115,10,1,9,4,11
18040116,4,3,1,6,8
18040117,8,4,1,9,7
18040118,3,1,11,9,10
18040119,7,6,9,1,10
18040120,5,2,8,7,9
18040121,7,5,4,8,3
18040122,1,7,8,5,11
18040123,9,11,10,4,5
18040124,11,3,4,5,9
18040125,10,8,9,11,7
18040126,10,4,3,2,1
18040127,4,5,11,9,3
18040128,1,11,5,3,9
18040129,5,11,1,4,2
18040130,11,1,4,5,10
18040131,9,5,7,11,4
18040132,7,1,3,6,9
18040133,7,11,10,5,4
18040134,6,2,9,8,10
18040135,4,9,7,8,10
18040136,7,9,1,10,4
18040137,4,3,1,5,11
18040138,9,8,5,4,10
18040139,1,4,7,10,3
18040140,4,2,6,7,5
18040141,11,9,1,5,2
18040142,5,7,4,8,3
18040143,5,3,10,11,8
18040144,5,11,7,9,10
18040145,6,8,10,3,11
18040146,2,3,1,10,7
18040147,6,8,2,3,9
18040148,6,4,1,2,10
18040149,10,8,9,6,3
18040150,10,5,8,7,3
18040151,11,7,6,4,1
18040152,3,7,4,11,6
18040153,9,11,6,4,1
18040154,7,1,10,5,3
18040155,7,9,10,4,8
18040156,11,8,5,10,7
18040157,6,7,10,5,8
18040158,9,6,8,2,3
18040159,3,1,9,5,4
18040160,3,6,1,9,2
18040161,7,11,3,10,6
18040162,11,8,3,6,7
18040163,9,4,10,7,1
18040164,6,4,1,5,3
18040165,9,10,5,2,8
18040166,9,10,2,1,5
18040167,3,4,10,9,5
18040168,10,5,6,8,9
18040169,11,2,3,4,6
18040170,9,10,7,6,8
18040171,7,11,4,10,9
18040172,2,9,7,8,5
18040173,4,10,11,1,5
18040174,10,7,3,5,11
18040175,2,7,9,1,10
18040176,2,7,3,1,6
18040177,2,11,6,10,8
18040178,3,1,5,8,7
18040179,3,6,7,8,10
18040180,8,2,9,7,4
18040181,5,7,9,10,8
18040182,11,9,8,7,2
18040183,7,4,9,3,6
18040184,1,5,11,2,10
18040201,11,1,6,3,10
18040202,3,2,1,8,11
18040203,9,11,7,6,8
18040204,8,11,1,6,4
18040205,5,2,4,10,8
18040206,2,5,7,9,3
18040207,10,8,4,11,3
18040208,10,8,5,2,1
18040209,10,8,3,7,6
18040210,5,7,9,8,11
18040211,3,4,9,8,11
18040212,4,9,7,8,11
18040213,4,6,5,11,9
18040214,3,6,11,7,10
18040215,1,8,4,10,11
18040216,10,3,9,7,4
18040217,8,7,3,11,5
18040218,9,2,5,4,6
18040219,9,4,7,11,2
18040220,8,6,3,4,1
18040221,10,11,1,7,8
18040222,10,3,4,5,1
18040223,4,2,10,1,3
18040224,3,9,5,8,4
18040225,10,8,2,9,3
18040226,10,5,9,8,6
18040227,3,8,7,5,11
18040228,9,4,1,7,3
18040229,5,7,3,4,6
18040230,8,5,1,10,3
18040231,8,7,2,1,11
18040232,9,3,8,1,2
18040233,4,5,10,9,11
18040234,11,8,6,4,7
18040235,9,3,5,2,10
18040236,4,11,1,2,6
18040237,11,1,3,7,10
18040238,4,9,6,8,5
18040239,7,9,10,3,4
18040240,3,7,11,8,5
18040241,6,3,4,2,7
18040242,10,9,3,7,4
18040243,10,4,3,7,2
18040244,9,8,10,7,2
18040245,10,9,2,7,1
18040246,4,5,9,6,8
18040247,9,2,5,8,1
18040248,10,3,5,6,1
18040249,11,9,7,2,4
18040250,3,7,8,10,9
18040251,1,2,11,4,5
18040252,1,9,3,7,8
18040253,7,9,6,1,5
18040254,6,3,8,10,1
18040255,2,6,11,9,1
18040256,9,7,4,10,8
18040257,8,10,3,4,11
18040258,9,2,3,8,7
18040259,9,10,6,1,11
18040260,1,3,9,8,6
18040261,5,8,1,7,9
18040262,3,9,1,8,6
18040263,9,1,2,5,10
18040264,10,5,3,2,11
18040265,4,8,6,10,2
18040266,7,2,4,6,11
18040267,8,6,9,3,5
18040268,8,5,4,1,2
18040269,11,3,1,8,2
18040270,10,4,9,7,1
18040271,6,8,9,11,5
18040272,5,1,6,2,10
18040273,7,3,11,9,1
18040274,7,10,2,3,9
18040275,2,9,3,7,1
18040276,6,5,2,11,7
18040277,4,11,5,9,2
18040278,6,9,1,7,5
18040279,1,4,2,10,8
18040280,5,2,8,4,9
18040281,5,2,9,10,1
18040282,11,3,9,2,4
18040283,10,11,8,7,1
18040284,4,2,5,1,11
18040301,6,11,10,4,7
18040302,10,2,8,7,1
18040303,8,3,11,1,6
18040304,9,10,3,5,2
18040305,10,9,1,3,11
18040306,1,3,10,7,8
18040307,6,1,7,11,5
18040308,8,11,5,6,2
18040309,11,5,8,2,10
18040310,3,8,7,4,10
18040311,10,7,8,5,2
18040312,11,5,8,2,9
18040313,4,1,2,10,5
18040314,5,2,7,1,10
18040315,10,3,2,5,11
18040316,3,5,1,9,10
18040317,3,1,7,4,8
18040318,5,7,2,11,1
18040319,2,4,6,1,5
18040320,10,4,9,8,11
18040321,3,8,5,7,9
18040322,9,11,5,1,8
18040323,1,4,6,10,11
18040324,4,2,8,9,11
18040325,11,6,2,5,1
18040326,8,10,2,11,5
18040327,6,11,8,4,10
18040328,1,2,9,8,7
18040329,6,11,5,8,7
18040330,7,2,4,11,10
18040331,8,7,6,1,2
18040332,10,3,1,2,5
18040333,5,10,6,3,4
18040334,7,1,2,4,11
18040335,2,7,8,11,6
18040336,6,3,8,5,1
18040337,9,10,3,8,7
18040338,4,9,6,11,7
18040339,8,1,2,3,6
18040340,2,8,11,4,10
18040341,3,8,5,11,9
18040342,3,9,6,7,10
18040343,11,10,3,2,1
18040344,1,4,3,5,2
18040345,1,3,8,4,7
18040346,10,11,6,3,4
18040347,8,4,5,3,9
18040348,1,5,4,6,7
18040349,8,5,9,1,11
18040350,4,7,11,6,3
18040351,10,11,3,4,1
18040352,5,10,11,9,3
18040353,1,11,5,10,8
18040354,7,8,10,5,11
18040355,8,1,4,5,3
18040356,6,5,10,3,9
18040357,6,11,1,10,7
18040358,7,10,5,9,6
18040359,4,7,3,2,1
18040360,5,1,10,7,2
18040361,6,5,9,1,4
18040362,10,7,6,1,4
18040363,7,8,4,10,9
18040364,3,10,9,6,5
18040365,2,4,6,11,5
18040366,10,8,7,4,6
18040367,2,4,10,5,8
18040368,1,2,11,5,7
18040369,8,11,7,9,10
18040370,8,1,11,5,7
18040371,6,11,10,9,7
18040372,8,4,1,9,3
18040373,8,2,1,7,10
18040374,11,5,1,8,7
18040375,10,7,3,6,9
18040376,10,2,1,3,9
18040377,4,3,6,10,8
18040378,2,1,10,8,11
18040379,1,11,6,10,5
18040380,2,4,10,7,8
18040381,11,6,7,5,8
18040382,9,6,5,4,8
18040383,1,4,10,3,7
18040384,2,4,8,7,9
18040401,3,2,7,5,9
18040402,4,10,11,8,3
18040403,7,9,5,3,10
18040404,11,3,10,7,1
18040405,7,6,10,5,4
18040406,6,1,5,2,7
18040407,8,11,4,5,6
18040408,7,3,8,5,11
18040409,6,8,9,3,4
18040410,6,7,4,11,1
18040411,4,3,8,2,5
18040412,9,10,3,7,2
18040413,8,6,2,4,11
18040414,11,10,4,3,2
18040415,2,7,11,9,10
18040416,8,2,7,1,6
18040417,4,3,11,1,9
18040418,8,5,4,3,6
18040419,8,1,10,6,11
18040420,3,6,8,1,2
18040421,9,5,1,2,6
18040422,11,5,1,4,3
18040423,9,1,6,3,7
18040424,11,9,10,3,4
18040425,9,3,1,2,8
18040426,11,3,5,10,1
18040427,1,4,8,11,3
18040428,7,1,4,3,11
18040429,10,6,7,2,11
18040430,4,10,7,5,2
18040431,10,4,7,6,8
18040432,3,6,7,4,11
18040433,7,8,10,4,9
18040434,9,2,5,6,8
18040435,5,4,10,1,9
18040436,3,4,8,5,2
18040437,8,3,10,1,5
18040438,4,9,7,8,1
18040439,3,4,5,7,2
18040440,6,10,5,3,11
18040441,1,5,3,6,7
18040442,1,5,4,6,8
18040443,2,10,9,1,4
18040444,10,9,8,5,3
18040445,1,6,4,3,2
18040446,4,2,11,9,1
18040447,4,1,2,5,6
18040448,2,5,11,8,7
18040449,11,4,1,8,5
18040450,9,3,2,1,5
18040451,1,4,11,9,7
18040452,8,7,11,4,10
18040453,4,1,3,9,7
18040454,2,4,9,7,11
18040455,5,1,11,4,8
18040456,2,11,7,3,5
18040457,2,9,8,3,11
18040458,10,4,5,2,6
18040459,1,11,5,7,9
18040460,10,8,9,6,5
18040461,10,2,6,1,4
18040462,9,7,6,8,4
18040463,4,9,11,2,3
18040464,3,7,8,5,9
18040465,5,10,11,7,6
18040466,1,8,11,6,3
18040467,8,7,9,6,4
18040468,10,11,4,2,8
18040469,9,2,6,5,11
18040470,10,11,8,4,9
18040471,2,11,4,1,8
18040472,10,6,1,7,3
18040473,8,5,2,11,1
18040474,9,8,10,11,5
18040475,10,7,8,9,3
18040476,6,11,2,7,10
18040477,4,6,10,11,7
18040478,4,2,8,11,7
18040479,3,8,10,6,7
18040480,8,7,1,4,10
18040481,4,10,9,3,1
18040482,7,8,11,1,4
18040483,11,3,5,1,4
18040484,6,9,8,5,2
18040501,7,10,11,2,8
18040502,2,4,11,9,1
18040503,9,7,2,4,8
18040504,4,6,2,9,11
18040505,2,4,10,9,5
18040506,1,11,8,9,7
18040507,9,3,5,6,4
18040508,1,8,11,7,10
18040509,7,5,1,10,2
18040510,2,10,11,8,1
18040511,8,9,11,2,10
18040512,11,5,4,10,6
18040513,2,1,9,3,6
18040514,2,5,10,7,9
18040515,4,3,10,7,8
18040516,10,7,4,9,1
18040517,9,7,2,6,3
18040518,6,8,7,2,1
18040519,3,9,5,2,6
18040520,3,8,10,5,2
18040521,4,1,10,5,2
18040522,1,2,11,10,4
18040523,8,4,5,2,11
18040524,8,7,5,9,10
18040525,1,8,10,5,9
18040526,9,4,7,10,1
18040527,10,1,5,11,4
18040528,11,4,6,7,8
18040529,2,9,6,3,8
18040530,5,6,1,2,8
18040531,6,3,4,8,7
18040532,7,8,9,5,4
18040533,2,5,8,10,4
18040534,8,3,7,4,1
18040535,1,3,4,7,6
18040536,11,8,1,3,10
18040537,2,4,10,11,6
18040538,3,6,5,11,2
18040539,10,1,8,3,6
18040540,8,7,2,11,9
18040541,3,6,5,2,8
18040542,8,10,11,4,3
18040543,3,4,7,2,5
18040544,3,7,6,8,10
18040545,1,7,6,10,3
18040546,6,5,9,8,1
18040547,3,9,11,6,10
18040548,6,11,2,10,9
18040549,8,5,11,4,3
18040550,7,10,5,3,6
18040551,6,7,11,3,9
18040552,1,5,3,4,11
18040553,2,8,5,7,11
18040554,8,3,11,6,7
18040555,9,5,10,7,4
18040556,7,6,3,8,10
18040557,8,1,10,4,2
18040558,2,5,9,3,11
18040559,5,2,3,1,4
18040560,3,8,11,10,2
18040561,1,3,7,8,2
18040562,3,11,4,9,8
18040563,6,11,9,2,5
18040564,7,2,1,3,4
18040565,11,9,8,3,1
18040566,10,3,6,5,7
18040567,11,8,1,6,9
18040568,8,11,7,5,4
18040569,3,4,2,6,9
18040570,9,8,11,3,1
18040571,7,1,9,3,2
18040572,8,7,10,2,6
18040573,6,1,3,8,2
18040574,9,4,11,3,8
18040575,3,8,7,4,1
18040576,11,2,8,4,9
18040577,6,5,3,9,10
18040578,5,7,2,11,4
18040579,4,5,1,2,8
18040580,3,9,6,7,2
18040581,1,5,6,2,4
18040582,8,11,9,7,5
18040583,7,8,3,11,5
18040584,3,4,8,9,5
18040601,8,6,5,7,9
18040602,8,5,2,6,1
18040603,6,10,8,7,3
18040604,7,2,11,8,6
18040605,2,4,1,11,3
18040606,4,2,10,9,5
18040607,5,8,4,3,7
18040608,3,5,4,8,1
18040609,6,11,9,4,2
18040610,1,3,5,6,11
18040611,11,6,7,9,3
18040612,11,1,4,2,10
18040613,4,2,8,9,3
18040614,6,5,7,11,10
18040615,7,3,6,8,1
18040616,3,1,5,11,9
18040617,8,6,11,1,10
18040618,1,4,9,7,2
18040619,9,1,3,6,7
18040620,8,2,11,10,7
18040621,1,8,9,6,7
18040622,5,10,11,4,7
18040623,5,4,9,6,3
18040624,1,4,11,9,8
18040625,11,9,6,10,5
18040626,1,5,6,8,2
18040627,9,7,10,4,8
18040628,5,7,6,9,10
18040629,11,8,10,1,2
18040630,1,3,8,4,6
18040631,5,4,2,11,9
18040632,10,2,11,8,6
18040633,6,8,7,1,4
18040634,7,2,5,3,9
18040635,10,8,1,4,7
18040636,11,5,10,1,7
18040637,2,7,5,9,8
18040638,7,9,8,11,5
18040639,11,7,5,4,1
18040640,1,7,11,3,10
18040641,1,7,10,11,8
18040642,2,8,4,3,9
18040643,2,9,3,11,10
18040644,11,5,7,3,8
18040645,1,3,4,2,9
18040646,4,5,9,3,11
18040647,11,3,9,2,10
18040648,8,7,3,11,5
18040649,11,1,4,3,8
18040650,10,6,9,8,2
18040651,4,11,3,10,2
18040652,11,2,4,10,8
18040653,6,11,7,2,1
18040654,8,3,9,1,7
18040655,5,6,1,10,7
18040656,8,6,7,1,4
18040657,9,8,6,1,5
18040658,6,2,4,7,11
18040659,7,2,6,5,8
18040660,8,9,1,7,10
18040661,7,9,5,11,8
18040662,1,7,5,11,9
18040663,5,1,9,6,7
18040664,11,2,7,10,9
18040665,11,10,5,8,2
18040666,5,4,6,1,8
18040667,5,4,9,10,11
18040668,4,11,2,9,3
18040669,10,2,3,1,5
18040670,1,5,11,10,7
18040671,5,1,9,3,4
18040672,6,9,5,8,10
18040673,4,1,10,3,8
18040674,5,6,1,4,2
18040675,4,10,2,6,3
18040676,6,2,7,11,1
18040677,5,8,2,7,4
18040678,5,2,11,3,8
18040679,8,6,10,7,2
18040680,11,2,8,5,3
18040681,3,7,6,4,9
18040682,5,11,10,3,6
18040683,11,10,6,9,2
18040684,3,9,10,7,4
18040701,1,8,3,5,10
18040702,5,8,10,6,9
18040703,1,9,5,11,10
18040704,8,4,9,1,7
18040705,5,6,8,2,11
18040706,3,6,1,7,4
18040707,10,11,3,9,4
18040708,11,6,8,10,1
18040709,11,9,1,3,5
18040710,4,3,6,11,2
18040711,1,11,8,7,2
18040712,1,5,3,7,6
18040713,1,2,6,11,3
18040714,4,10,11,6,7
18040715,10,5,3,8,6
18040716,6,9,10,11,7
18040717,1,9,11,6,5
18040718,11,2,4,8,9
18040719,1,5,6,2,7
18040720,9,8,1,5,4
18040721,2,8,6,9,3
18040722,8,3,4,9,6
18040723,3,9,6,7,2
18040724,2,8,11,4,3
18040725,6,8,10,11,4
18040726,7,9,1,10,8
18040727,3,9,4,8,6
18040728,4,2,7,5,8
18040729,6,5,10,3,11
18040730,7,11,3,10,1
18040731,3,11,7,9,1
18040732,4,6,7,2,10
18040733,4,7,1,11,10
18040734,2,9,1,8,3
18040735,11,5,4,1,8
18040736,10,11,3,2,7
18040737,1,11,6,7,3
18040738,4,7,9,5,6
18040739,7,1,9,8,2
18040740,7,1,8,6,9
18040741,10,6,7,4,1
18040742,8,11,7,10,4
18040743,11,8,10,9,4
18040744,6,4,3,11,10
18040745,11,1,9,5,4
18040746,2,3,7,8,11
18040747,8,7,5,10,2
18040748,7,6,9,2,3
18040749,2,4,8,5,1
18040750,4,3,11,9,10
18040751,3,10,8,5,7
18040752,11,8,6,9,10
18040753,9,3,5,11,8
18040754,7,5,1,9,3
18040755,6,10,2,1,9
18040756,2,9,7,10,8
18040757,4,1,3,7,6
18040758,7,8,5,1,9
18040759,10,1,4,2,5
18040760,5,10,7,8,3
18040761,8,6,1,9,3
18040762,5,1,10,3,4
18040763,1,10,11,8,7
18040764,5,8,11,7,6
18040765,9,2,1,8,11
18040766,7,8,5,11,2
18040767,9,4,11,2,10
18040768,2,9,5,10,7
18040769,1,8,9,6,3
18040770,11,7,2,10,9
18040771,10,7,11,8,5
18040772,3,2,11,6,8
18040773,10,1,2,6,9
18040774,11,2,6,8,4
18040775,7,6,4,5,9
18040776,4,2,7,6,11
18040777,10,11,2,3,5
18040778,2,7,6,4,10
18040779,11,9,7,6,10
18040780,4,6,7,9,8
18040781,8,11,3,10,5
18040782,10,9,4,6,7
18040783,8,2,5,11,10
18040784,9,8,1,3,7
18040801,9,11,8,6,2
18040802,6,11,8,2,9
18040803,2,7,4,8,5
18040804,1,7,10,3,2
18040805,5,10,2,6,9
18040806,2,11,1,10,3
18040807,11,8,4,5,2
18040808,6,7,9,3,10
18040809,1,9,8,5,3
18040810,8,2,3,7,11
18040811,2,5,4,1,3
18040812,6,5,3,1,2
18040813,7,6,4,10,11
18040814,8,9,10,2,1
18040815,10,2,11,1,3
18040816,11,7,1,4,10
18040817,7,1,9,11,3
18040818,3,2,9,7,5
18040819,5,2,8,1,6
18040820,2,10,9,7,3
18040821,10,7,11,3,2
18040822,9,2,10,4,11
18040823,7,2,10,9,8
18040824,4,10,2,9,5
18040825,3,7,4,10,5
18040826,11,3,5,7,1
18040827,3,11,6,7,8
18040828,10,6,1,3,4
18040829,8,3,7,2,9
18040830,7,3,2,8,10
18040831,6,7,3,5,8
18040832,1,5,9,2,7
18040833,11,2,10,8,6
18040834,6,7,1,2,11
18040835,2,4,6,7,11
18040836,9,1,2,6,8
18040837,7,3,8,5,1
18040838,2,6,3,8,11
18040839,5,11,10,2,6
18040840,10,4,11,2,3
18040841,4,3,1,6,10
18040842,10,8,11,9,7
18040843,6,4,9,10,3
18040844,11,9,3,6,7
18040845,10,3,7,8,4
18040846,7,1,5,9,4
18040847,5,4,9,2,10
18040848,8,3,11,7,9
18040849,3,9,1,4,2
18040850,11,5,3,9,2
18040851,1,7,10,11,5
18040852,1,10,4,3,8
18040853,9,11,6,3,7
18040854,3,9,5,11,7
18040855,4,1,6,7,9
18040856,2,8,6,11,1
18040857,7,9,4,11,5
18040858,7,11,8,10,6
18040859,3,11,4,5,8
18040860,11,5,6,1,3
18040861,10,6,4,9,7
18040862,8,6,5,1,10
18040863,2,9,3,10,6
18040864,8,7,5,1,9
18040865,6,1,11,5,9
18040866,1,5,9,3,8
18040867,6,7,1,5,8
18040868,8,10,1,6,9
18040869,7,8,2,5,6
18040870,8,5,10,3,4
18040871,4,11,3,8,6
18040872,2,3,9,8,5
18040873,6,9,1,5,10
18040874,10,8,9,3,5
18040875,3,6,2,11,8
18040876,9,3,4,11,10
18040877,1,11,9,10,6
18040878,10,6,8,9,7
18040879,4,5,11,2,10
18040880,8,5,6,4,1
18040881,4,2,7,3,8
18040882,1,2,3,5,9
18040883,5,9,7,10,6
18040884,1,5,11,3,8
18040901,7,9,10,2,5
18040902,8,4,5,9,3
18040903,11,4,5,6,9
18040904,11,1,6,2,4
18040905,7,3,6,9,5
18040906,10,4,1,11,8
18040907,11,2,5,8,4
18040908,11,5,3,7,9
18040909,1,3,7,8,6
18040910,7,11,10,2,9
18040911,5,2,7,10,4
18040912,5,3,9,11,8
18040913,7,4,6,10,5
18040914,7,11,10,2,5
18040915,7,8,10,3,1
18040916,9,2,11,10,7
18040917,7,6,5,4,1
18040918,11,9,8,4,10
18040919,8,10,7,4,3
18040920,9,7,6,8,5
18040921,5,7,10,6,3
18040922,2,3,7,5,8
18040923,4,9,11,3,10
18040924,3,4,6,10,7
18040925,8,7,3,6,4
18040926,7,9,11,6,2
18040927,11,9,2,3,4
18040928,3,6,1,5,4
18040929,9,7,11,3,4
18040930,8,10,9,5,7
18040931,7,3,5,10,9
18040932,2,7,6,5,1
18040933,7,10,3,1,4
18040934,3,5,10,6,4
18040935,8,7,1,5,2
18040936,9,1,10,8,2
18040937,6,9,1,4,8
18040938,10,5,7,1,3
18040939,2,7,3,4,1
18040940,2,4,10,5,8
18040941,11,1,3,10,8
18040942,10,7,2,4,6
18040943,3,6,11,9,2
18040944,11,3,5,8,1
18040945,3,8,2,11,10
18040946,3,7,10,5,1
18040947,7,2,9,10,8
18040948,2,1,7,5,11
18040949,4,1,3,11,5
18040950,3,9,8,7,2
18040951,2,3,7,8,5
18040952,5,11,4,3,8
18040953,4,3,8,9,6
18040954,1,3,6,9,11
18040955,6,2,8,3,10
18040956,1,5,7,2,9
18040957,1,8,3,9,5
18040958,8,6,11,7,9
18040959,9,3,4,6,5
18040960,7,5,8,6,1
18040961,6,11,7,2,8
18040962,5,8,10,11,6
18040963,2,4,5,7,11
18040964,11,6,9,4,5
18040965,3,9,7,1,2
18040966,9,6,4,10,8
18040967,6,10,4,9,11
18040968,5,8,9,2,6
18040969,6,5,7,10,2
18040970,4,7,6,1,3
18040971,5,9,2,8,1
18040972,9,7,10,8,5
18040973,4,7,11,5,6
18040974,4,9,7,2,11
18040975,5,6,11,4,10
18040976,5,8,1,7,2
18040977,3,7,6,5,10
18040978,2,11,10,9,6
18040979,3,1,5,11,10
18040980,4,3,1,7,11
18040981,8,11,3,5,6
18040982,8,9,1,5,3
18040983,5,8,11,10,9
18040984,3,1,2,6,11
18041001,8,2,6,4,3
18041002,3,5,7,2,4
18041003,10,6,2,5,9
18041004,4,10,3,7,6
18041005,4,8,7,2,6
18041006,7,11,5,1,3
18041007,8,9,2,11,7
18041008,5,1,9,2,11
18041009,11,2,3,6,5
18041010,9,3,2,10,5
18041011,6,5,8,9,4
18041012,11,7,9,8,4
18041013,5,3,8,11,2
18041014,10,6,2,4,5
18041015,11,4,8,1,2
18041016,8,11,4,2,3
18041017,9,5,8,6,2
18041018,9,4,6,3,1
18041019,11,5,4,8,3
18041020,7,9,5,1,6
18041021,5,10,9,1,11
18041022,9,4,1,6,2
18041023,8,10,1,9,11
18041024,4,3,1,9,7
18041025,1,9,10,3,4
18041026,6,5,10,9,1
18041027,6,11,3,7,4
18041028,3,2,11,6,9
18041029,9,1,5,8,4
18041030,4,3,1,7,2
18041031,5,8,7,1,3
18041032,6,4,1,2,10
18041033,5,10,3,8,11
18041034,6,3,5,11,7
18041035,2,9,4,6,5
18041036,3,7,1,8,9
18041037,1,7,8,4,11
18041038,2,1,3,8,10
18041039,4,11,10,5,3
18041040,7,6,9,2,10
18041041,9,10,3,8,11
18041042,8,6,9,3,7
18041043,8,6,7,1,11
18041044,7,9,2,6,5
18041045,6,8,2,5,10
18041046,1,6,5,2,8
18041047,2,1,11,10,5
18041048,10,5,11,3,4
18041049,10,1,4,3,11
18041050,2,6,4,10,3
18041051,3,11,4,6,1
18041052,2,10,9,1,5
18041053,7,5,11,9,10
18041054,2,10,9,3,5
18041055,3,4,2,5,11
18041056,6,7,5,11,2
18041057,6,5,3,11,10
18041058,4,3,11,7,6
18041059,5,8,11,1,9
18041060,2,11,6,7,3
18041061,11,5,2,8,7
18041062,9,1,7,3,11
18041063,10,9,8,2,6
18041064,7,8,6,2,10
18041065,6,7,9,3,10
18041066,8,7,6,10,1
18041067,8,10,4,5,9
18041068,3,7,6,11,1
18041069,4,8,6,11,1
18041070,7,6,8,5,3
18041071,10,6,5,11,1
18041072,5,9,3,1,4
18041073,8,4,5,11,7
18041074,8,9,7,5,1
18041075,7,6,11,3,4
18041076,9,11,4,10,8
18041077,11,9,3,10,1
18041078,3,7,5,8,2
18041079,7,6,4,1,8
18041080,6,8,4,10,5
18041081,3,2,8,6,5
18041082,10,5,7,11,4
18041083,7,9,2,4,6
18041084,10,8,2,7,1
18041101,3,5,1,2,11
18041102,4,9,10,11,7
18041103,8,6,3,11,10
18041104,9,4,3,2,1
18041105,7,2,5,10,6
18041106,4,8,7,5,2
18041107,5,8,3,2,4
18041108,11,1,5,4,9
18041109,7,5,10,8,9
18041110,3,6,1,11,5
18041111,11,10,1,7,5
18041112,9,6,5,11,1
18041113,6,11,3,8,7
18041114,5,2,8,1,9
18041115,6,5,3,4,2
18041116,11,1,5,4,2
18041117,5,3,1,10,4
18041118,9,1,11,8,3
18041119,2,9,1,4,8
18041120,7,3,4,1,8
18041121,10,2,11,7,9
18041122,3,6,1,9,8
18041123,1,9,4,2,7
18041124,1,3,11,4,2
18041125,8,2,9,1,7
18041126,4,7,2,5,10
18041127,5,4,2,10,8
18041128,7,1,4,5,11
18041129,4,3,6,10,8
18041130,9,4,8,3,10
18041131,11,6,3,7,2
18041132,6,3,5,11,8
18041133,10,1,2,11,8
18041134,11,8,2,7,10
18041135,1,10,7,5,2
18041136,10,3,9,6,5
18041137,1,4,8,5,7
18041138,4,10,11,8,1
18041139,6,2,5,7,8
18041140,9,11,6,4,1
18041141,7,10,5,6,9
18041142,10,5,2,8,7
18041143,6,1,8,2,10
18041144,8,3,1,11,10
18041145,2,10,6,8,4
18041146,3,9,4,10,6
18041147,2,9,4,11,5
18041148,6,8,7,1,9
18041149,5,4,6,8,3
18041150,9,3,4,1,2
18041151,9,2,10,1,11
18041152,8,2,1,4,6
18041153,6,8,10,3,1
18041154,1,5,3,8,10
18041155,5,10,11,4,2
18041156,4,8,1,7,3
18041157,2,9,10,11,5
18041158,5,6,11,8,4
18041159,5,1,6,9,3
18041160,9,10,6,3,7
18041161,5,1,10,3,7
18041162,10,7,5,9,4
18041163,11,9,6,10,2
18041164,10,9,4,5,3
18041165,9,5,11,2,6
18041166,11,10,2,3,9
18041167,5,8,11,9,2
18041168,6,7,3,11,9
18041169,11,8,9,1,5
18041170,5,1,3,6,10
18041171,9,5,1,8,3
18041172,9,11,3,2,1
18041173,9,5,11,1,10
18041174,7,10,8,4,11
18041175,2,6,10,11,7
18041176,3,2,4,11,5
18041177,8,1,4,11,6
18041178,6,4,7,11,2
18041179,5,7,2,3,8
18041180,2,6,3,5,8
18041181,6,3,2,11,1
18041182,11,3,10,2,6
18041183,7,5,8,1,2
18041184,9,3,2,7,4
18041201,10,2,1,9,4
18041202,8,2,10,5,6
18041203,1,6,9,7,3
18041204,1,6,3,2,10
18041205,6,1,11,2,4
18041206,7,8,1,11,9
18041207,5,7,1,3,4
18041208,1,6,11,9,5
18041209,7,11,1,2,9
18041210,3,4,11,9,6
18041211,3,4,1,5,7
18041212,2,9,10,8,7
18041213,4,2,1,3,5
18041214,2,3,6,4,11
18041215,3,5,8,11,1
18041216,9,11,8,7,6
18041217,6,1,8,5,3
18041218,6,1,11,3,7
18041219,5,10,4,11,6
18041220,10,2,3,7,4
18041221,5,11,7,2,8
18041222,4,2,5,11,9
18041223,3,8,2,7,6
18041224,6,1,2,3,11
18041225,9,3,7,4,11
18041226,11,4,8,1,3
18041227,8,4,9,3,10
18041228,4,6,1,5,3
18041229,8,9,6,11,7
18041230,8,5,2,7,10
18041231,7,6,3,4,9
18041232,8,1,5,10,6
18041233,3,8,10,6,2
18041234,5,11,1,7,6
18041235,9,1,5,8,7
18041236,10,6,7,8,3
18041237,7,10,8,3,2
18041238,2,1,8,5,11
18041239,4,8,5,6,10
18041240,11,1,8,6,7
18041241,6,3,11,7,4
18041242,10,6,11,5,3
18041243,10,8,2,6,5
18041244,6,9,3,4,7
18041245,4,1,7,11,8
18041246,11,8,7,3,1
18041247,4,10,1,9,11
18041248,8,3,6,1,2
18041249,8,4,3,10,2
18041250,1,7,10,5,11
18041251,10,3,5,7,9
18041252,4,2,3,10,5
18041253,1,4,9,8,5
18041254,11,9,6,1,5
18041255,1,10,9,3,7
18041256,4,10,8,5,1
18041257,7,3,5,8,6
18041258,2,5,6,8,4
18041259,10,5,11,8,6
18041260,2,10,9,8,11
18041261,9,5,6,4,7
18041262,1,11,5,2,10
18041263,8,4,7,1,2
18041264,5,3,6,4,7
18041265,4,8,6,3,2
18041266,4,1,5,3,11
18041267,5,2,6,10,3
18041268,3,4,9,5,2
18041269,8,10,1,11,3
18041270,3,5,6,4,7
18041271,6,7,3,11,4
18041272,7,5,4,6,9
18041273,4,1,3,6,10
18041274,4,8,10,1,5
18041275,2,4,3,6,7
18041276,5,4,2,8,9
18041277,2,11,1,3,5
18041278,1,3,2,6,9
18041279,3,10,11,6,2
18041280,5,9,2,3,8
18041281,7,8,6,3,4
18041282,4,9,6,7,8
18041283,7,4,9,10,3
18041284,4,9,1,8,3
18041301,3,7,9,1,8
18041302,9,4,3,11,2
18041303,1,6,2,4,9
18041304,5,8,3,10,7
18041305,1,9,10,6,7
18041306,10,7,11,9,6
18041307,1,11,4,6,10
18041308,11,7,5,1,10
18041309,7,2,8,11,10
18041310,9,3,11,7,6
18041311,7,4,3,5,2
18041312,4,6,3,10,2
18041313,11,6,1,10,2
18041314,10,7,3,2,9
18041315,3,8,1,2,6
18041316,6,8,4,5,10
18041317,4,1,8,7,5
18041318,10,6,8,11,3
18041319,2,10,4,6,8
18041320,2,6,5,1,10
18041321,10,7,6,11,1
18041322,8,11,10,6,5
18041323,11,9,6,2,4
18041324,11,7,3,5,9
18041325,1,9,4,2,11
18041326,3,11,5,4,9
18041327,8,6,7,11,1
18041328,7,2,1,6,5
18041329,5,6,1,10,4
18041330,10,3,5,1,2
18041331,2,10,8,6,4
18041332,10,4,5,7,2
18041333,6,7,9,4,10
18041334,5,7,11,10,2
18041335,1,8,10,4,11
18041336,2,9,6,8,1
18041337,1,5,9,7,6
18041338,4,5,11,2,8
18041339,7,8,3,4,5
18041340,11,5,8,4,1
18041341,1,6,10,2,7
18041342,2,7,10,3,8
18041343,1,10,9,8,2
18041344,6,5,8,9,7
18041345,5,3,10,9,1
18041346,6,4,5,8,3
18041347,11,4,10,3,2
18041348,6,1,8,5,10
18041349,9,6,10,3,4
18041350,2,8,7,6,5
18041351,10,6,11,7,2
18041352,4,9,10,7,3
18041353,6,4,7,8,10
18041354,10,6,11,3,8
18041355,9,1,6,8,3
18041356,10,4,11,2,1
18041357,11,4,2,5,7
18041358,1,10,6,8,7
18041359,2,9,11,7,4
18041360,11,2,1,8,10
18041361,10,1,9,8,4
18041362,9,8,5,10,2
18041363,8,10,2,1,3
18041364,9,7,3,5,1
18041365,4,11,9,3,8
18041366,3,5,1,11,4
18041367,11,6,4,8,3
18041368,3,11,5,8,9
18041369,8,2,9,6,10
18041370,6,4,8,9,5
18041371,11,6,8,4,3
18041372,1,6,7,4,10
18041373,6,10,7,3,1
18041374,7,11,2,1,9
18041375,4,5,7,6,9
18041376,1,6,9,11,2
18041377,10,11,9,7,4
18041378,11,1,7,6,5
18041379,7,4,8,6,9
18041380,4,2,1,10,8
18041381,2,1,9,4,8
18041382,2,4,5,3,10
18041383,7,10,6,4,9
18041384,9,10,8,2,1
18041401,6,10,4,3,8
18041402,4,6,8,1,7
18041403,11,8,7,10,1
18041404,3,6,9,4,11
18041405,10,3,5,6,7
18041406,4,11,10,9,8
18041407,3,1,7,10,11
18041408,7,2,6,5,10
18041409,10,6,2,8,3
18041410,7,5,6,3,9
18041411,6,1,9,3,8
18041412,8,3,11,7,4
18041413,11,6,4,5,7
18041414,9,10,1,5,3
18041415,6,7,1,4,5
18041416,5,10,6,7,4
18041417,7,5,6,11,1
18041418,11,7,10,2,5
18041419,1,3,8,2,11
18041420,4,5,11,7,3
18041421,3,4,5,7,10
18041422,2,10,3,11,6
18041423,10,6,4,1,5
18041424,1,5,7,8,2
18041425,4,2,11,6,8
18041426,9,1,2,10,8
18041427,11,8,4,3,1
18041428,7,5,3,4,2
18041429,11,4,3,1,7
18041430,2,10,5,3,6
18041431,4,6,10,1,9
18041432,5,10,11,8,4
18041433,1,11,6,8,2
18041434,6,11,10,8,2
18041435,9,7,6,3,1
18041436,9,3,11,10,4
18041437,11,4,5,8,7
18041438,9,6,7,5,10
18041439,8,11,6,9,10
18041440,7,1,10,8,4
18041441,5,9,4,10,7
18041442,1,4,2,11,8
18041443,9,7,10,8,6
18041444,10,2,11,9,1
18041445,6,11,7,3,8
18041446,10,8,1,9,3
18041447,8,9,4,11,7
18041448,10,2,7,4,3
18041449,3,4,2,8,11
18041450,5,7,3,4,6
18041451,7,9,1,11,6
18041452,8,3,6,1,10
18041453,3,8,9,2,10
18041454,1,3,6,8,11
18041455,5,11,9,4,7
18041456,8,2,10,3,11
18041457,2,5,4,9,8
18041458,2,10,6,7,5
18041459,9,6,3,7,2
18041460,6,1,10,5,4
18041461,1,2,7,5,6
18041462,4,2,9,1,8
18041463,10,11,8,1,3
18041464,7,4,9,5,1
18041465,5,8,9,6,11
18041466,7,8,11,3,10
18041467,5,8,11,6,3
18041468,4,5,11,8,3
18041469,1,11,9,10,7
18041470,2,11,1,9,6
18041471,11,2,9,5,3
18041472,5,7,9,3,10
18041473,2,11,5,7,1
18041474,3,8,6,9,2
18041475,1,7,3,10,8
18041476,2,6,9,7,8
18041477,8,3,2,10,9
18041478,11,2,3,6,8
18041479,1,3,2,8,5
18041480,1,11,3,4,2
18041481,9,6,8,11,5
18041482,5,4,11,9,6
18041483,8,7,2,11,6
18041484,9,8,7,2,3
18041501,3,4,5,7,10
18041502,3,2,5,7,4
18041503,2,7,11,3,5
18041504,10,8,5,3,2
18041505,4,11,6,9,10
18041506,8,1,11,4,6
18041507,5,11,2,9,1
18041508,6,4,2,11,7
18041509,10,5,6,1,7
18041510,4,8,5,11,10
18041511,10,5,11,9,7
18041512,6,4,11,5,1
18041513,7,10,9,1,4
18041514,7,1,8,11,3
18041515,8,7,10,4,6
18041516,1,2,11,5,3
18041517,5,8,11,2,1
18041518,11,10,9,8,6
18041519,11,9,10,1,2
18041520,4,3,1,9,2
18041521,1,6,9,10,2
18041522,8,7,4,3,6
18041523,5,1,6,2,7
18041524,8,2,11,4,7
18041525,7,10,6,9,5
18041526,3,8,10,5,2
18041527,8,2,6,4,10
18041528,1,2,9,8,5
18041529,11,3,8,4,6
18041530,7,8,1,10,3
18041531,10,7,3,2,9
18041532,4,5,6,8,7
18041533,9,1,10,5,3
18041534,11,3,6,1,7
18041535,4,9,5,11,3
18041536,5,9,6,3,4
18041537,7,10,1,4,9
18041538,8,3,5,11,6
18041539,3,9,8,5,10
18041540,9,4,8,7,5
18041541,10,2,3,1,4
18041542,3,10,4,1,7
18041543,9,2,6,3,1
18041544,3,1,6,4,11
18041545,10,3,8,1,7
18041546,6,11,7,8,1
18041547,4,11,5,9,10
18041548,1,9,5,4,7
18041549,4,2,9,7,1
18041550,3,10,4,7,1
18041551,1,9,2,4,3
18041552,3,10,7,2,6
18041553,11,7,5,4,6
18041554,10,9,6,1,8
18041555,1,8,7,11,4
18041556,5,1,3,4,9
18041557,10,1,6,7,5
18041558,5,2,10,7,4
18041559,1,11,7,3,5
18041560,7,4,9,8,3
18041561,8,10,7,11,4
18041562,10,7,8,1,11
18041563,7,6,10,8,1
18041564,6,2,9,11,4
18041565,5,4,9,10,6
18041566,11,1,7,3,10
18041567,3,6,9,2,7
18041568,5,3,10,9,1
18041569,11,6,10,3,5
18041570,6,9,7,8,5
18041571,5,9,8,11,6
18041572,4,6,1,5,10
18041573,6,5,9,2,4
18041574,9,1,3,11,10
18041575,10,2,9,1,8
18041576,8,11,2,1,9
18041577,7,8,5,10,6
18041578,7,2,11,3,5
18041579,6,5,4,9,1
18041580,8,2,11,5,6
18041581,5,3,11,2,1
18041582,4,7,6,1,3
18041583,2,5,7,9,6
18041584,5,7,11,9,8
18041601,6,1,8,7,3
18041602,3,10,2,8,9
18041603,2,8,9,6,5
18041604,4,3,11,9,8
18041605,10,3,7,8,2
18041606,4,5,2,11,8
18041607,5,10,1,4,6
18041608,6,5,9,3,2
18041609,4,8,11,5,3
18041610,11,2,7,4,10
18041611,11,6,9,10,3
18041612,5,6,11,4,1
18041613,7,2,9,6,11
18041614,9,6,4,7,8
18041615,4,10,2,8,7
18041616,7,5,11,2,8
18041617,3,10,6,7,8
18041618,4,5,9,10,2
18041619,7,5,10,9,3
18041620,9,3,10,8,4
18041621,1,9,2,11,7
18041622,3,10,2,6,1
18041623,9,8,4,2,5
18041624,6,1,10,11,5
18041625,5,10,3,2,1
18041626,8,7,4,2,10
18041627,8,1,9,4,6
18041628,5,3,11,10,7
18041629,4,2,9,7,6
18041630,5,3,6,10,8
18041631,8,5,7,10,4
18041632,7,11,8,3,4
18041633,5,10,2,4,9
18041634,10,9,5,8,6
18041635,5,4,7,10,1
18041636,4,10,5,1,6
18041637,10,6,7,1,8
18041638,4,2,8,6,9
18041639,8,11,1,4,5
18041640,9,4,3,6,1
18041641,11,9,3,8,4
18041642,7,3,11,2,8
18041643,1,6,7,9,2
18041644,8,7,9,11,10
18041645,7,5,10,1,8
18041646,10,5,3,9,1
18041647,9,11,7,10,1
18041648,5,6,8,7,9
18041649,11,8,7,1,5
18041650,10,1,2,3,5
18041651,6,1,3,4,8
18041652,4,6,7,5,3
18041653,5,11,8,2,7
18041654,3,6,10,8,5
18041655,6,3,2,1,7
18041656,11,4,8,7,2
18041657,2,6,5,1,10
18041658,10,8,2,4,11
18041659,10,8,11,6,2
18041660,4,5,10,11,7
18041661,10,7,4,3,11
18041662,11,6,2,1,7
18041663,7,11,8,10,6
18041664,9,11,7,10,6
18041665,3,8,2,7,10
18041666,10,9,3,2,5
18041667,11,5,3,9,2
18041668,10,3,1,4,11
18041669,4,1,2,3,10
18041670,4,11,6,5,1
18041671,5,2,6,11,7
18041672,10,2,7,4,1
18041673,1,10,5,6,4
18041674,4,9,8,11,10
18041675,10,3,6,9,11
18041676,2,10,11,7,9
18041677,7,8,4,2,5
18041678,4,7,2,6,10
18041679,5,10,1,8,6
18041680,9,4,8,6,5
18041681,11,9,2,7,6
18041682,1,5,10,8,3
18041683,7,4,9,1,5
18041684,4,9,5,3,11
18041701,3,4,1,7,6
18041702,4,7,11,8,10
18041703,6,7,11,1,9
18041704,8,10,5,3,6
18041705,1,5,4,6,9
18041706,8,10,2,6,5
18041707,11,4,9,3,6
18041708,8,3,11,7,5
18041709,2,7,9,1,11
18041710,6,10,4,1,5
18041711,2,6,3,11,7
18041712,4,2,7,8,6
18041713,1,8,2,5,3
18041714,9,2,11,5,7
18041715,8,7,10,5,6
18041716,1,6,4,3,9
18041717,2,7,4,8,11
18041718,6,3,5,1,9
18041719,6,5,9,3,8
18041720,2,11,3,10,5
18041721,8,7,5,4,10
18041722,2,4,3,11,5
18041723,1,4,5,11,6
18041724,2,4,3,5,9
18041725,11,7,2,6,1
18041726,10,1,9,3,11
18041727,9,11,1,6,7
18041728,1,4,2,11,5
18041729,11,6,1,10,5
18041730,9,2,1,3,11
18041731,1,8,3,11,7
18041732,1,5,9,8,6
18041733,2,4,7,10,5
18041734,7,11,3,6,5
18041735,3,7,9,6,2
18041736,3,8,2,6,1
18041737,1,3,9,4,5
18041738,5,1,6,2,7
18041739,10,2,7,6,4
18041740,6,3,4,9,1
18041741,7,6,1,11,2
18041742,3,9,1,5,6
18041743,5,2,4,7,8
18041744,11,1,5,4,6
18041745,4,7,9,10,3
18041746,2,10,4,8,11
18041747,7,2,11,6,8
18041748,5,3,6,7,1
18041749,11,8,4,2,9
18041750,9,10,5,7,1
18041751,10,6,1,5,4
18041752,9,2,8,7,4
18041753,2,1,8,3,7
18041754,7,3,10,11,9
18041755,1,3,8,11,7
18041756,8,3,5,6,9
18041757,6,2,3,1,10
18041758,7,5,6,3,8
18041759,9,4,11,6,8
18041760,1,2,5,6,9
18041761,11,4,2,8,9
18041762,1,8,9,4,5
18041763,8,10,3,11,4
18041764,10,8,11,6,1
18041765,4,7,9,11,10
18041766,9,6,4,5,8
18041767,11,9,7,4,8
18041768,1,11,6,3,9
18041769,5,1,11,2,3
18041770,11,8,7,2,4
18041771,11,8,9,2,7
18041772,11,3,7,1,9
18041773,9,5,8,1,2
18041774,4,8,3,6,10
18041775,4,10,11,1,9
18041776,1,3,10,5,2
18041777,2,8,1,3,7
18041778,11,3,10,2,9
18041779,2,10,6,4,1
18041780,8,7,11,5,9
18041781,3,9,11,2,5
18041782,3,9,2,6,5
18041783,10,3,6,4,8
18041784,3,10,5,4,6
18041801,11,4,2,6,9
18041802,3,1,9,4,11
18041803,5,10,7,8,4
18041804,11,1,8,5,9
18041805,2,6,11,10,3
18041806,7,9,5,11,1
18041807,11,9,1,4,8
18041808,3,6,10,11,1
18041809,11,10,5,6,9
18041810,1,9,3,4,6
18041811,3,8,4,6,7
18041812,9,1,4,3,10
18041813,6,9,7,5,11
18041814,2,1,7,10,3
18041815,2,4,8,1,3
18041816,5,7,1,9,6
18041817,9,7,6,1,3
18041818,3,9,10,6,11
18041819,8,7,10,4,9
18041820,6,2,11,7,3
18041821,1,6,9,3,10
18041822,5,10,11,6,9
18041823,4,10,11,5,8
18041824,2,11,4,1,5
18041825,5,8,3,9,1
18041826,9,11,4,2,3
18041827,5,2,4,6,8
18041828,7,4,9,2,1
18041829,6,4,10,9,8
18041830,6,10,11,9,3
18041831,6,9,1,11,5
18041832,1,10,9,8,7
18041833,11,7,10,4,3
18041834,11,8,6,4,9
18041835,1,9,10,7,4
18041836,4,8,10,2,5
18041837,3,4,10,7,11
18041838,11,2,5,7,4
18041839,4,5,11,1,9
18041840,3,1,7,6,4
18041841,3,2,9,8,10
18041842,5,9,2,4,8
18041843,7,9,4,2,11
18041844,10,1,5,9,6
18041845,9,8,1,4,3
18041846,11,10,9,8,5
18041847,3,8,1,5,6
18041848,4,10,7,9,6
18041849,1,8,4,11,6
18041850,11,6,3,2,7
18041851,1,10,3,7,2
18041852,9,11,8,6,10
18041853,8,2,11,3,9
18041854,4,3,1,11,8
18041855,3,7,6,2,11
18041856,1,5,9,11,6
18041857,10,1,3,4,8
18041858,10,2,9,1,11
18041859,5,8,11,4,10
18041860,7,6,8,11,10
18041861,4,1,9,10,11
18041862,9,11,1,8,7
18041863,2,11,4,6,9
18041864,6,8,4,7,1
18041865,10,5,8,4,6
18041866,3,5,6,1,4
18041867,3,1,10,9,5
18041868,6,5,7,2,9
18041869,9,6,7,10,1
18041870,6,7,9,11,2
18041871,8,9,7,11,5
18041872,3,5,7,8,9
18041873,1,4,11,2,9
18041874,10,8,5,1,2
18041875,10,6,1,4,5
18041876,5,7,3,11,6
18041877,4,5,8,1,9
18041878,6,2,5,8,7
18041879,2,4,7,8,6
18041880,8,4,3,2,11
18041881,7,5,11,3,8
18041882,5,1,7,11,9
18041883,6,1,8,7,5
18041884,8,11,2,7,9
18041901,11,10,6,4,3
18041902,1,2,3,9,6
18041903,1,5,6,9,7
18041904,4,5,1,7,6
18041905,5,10,6,3,4
18041906,2,3,11,1,7
18041907,4,3,7,8,1
18041908,9,10,11,1,8
18041909,7,11,6,8,5
18041910,10,9,3,11,4
18041911,10,7,6,5,2
18041912,11,4,7,3,10
18041913,8,3,2,4,5
18041914,4,9,11,2,10
18041915,8,2,3,4,10
18041916,4,5,7,10,8
18041917,4,8,7,1,10
18041918,9,6,1,7,4
18041919,6,3,8,9,7
18041920,6,1,2,4,5
18041921,7,6,4,1,11
18041922,7,10,5,8,9
18041923,6,11,10,3,8
18041924,4,7,8,11,5
18041925,9,10,6,3,4
18041926,7,3,5,9,8
18041927,1,7,8,10,9
18041928,8,5,11,3,6
18041929,1,9,7,10,4
18041930,2,3,7,6,11
18041931,2,7,10,6,4
18041932,5,1,8,4,2
18041933,4,8,6,7,10
18041934,9,3,4,8,2
18041935,11,4,6,9,3
18041936,5,9,8,1,7
18041937,6,9,11,10,7
18041938,9,10,6,5,3
18041939,5,6,9,10,1
18041940,2,11,3,5,1
18041941,10,3,8,7,11
18041942,4,3,11,1,6
18041943,5,10,8,9,11
18041944,9,1,7,11,6
18041945,2,5,4,6,11
18041946,3,1,4,9,11
18041947,7,4,2,3,9
18041948,5,8,3,1,6
18041949,3,2,7,4,11
18041950,10,11,8,3,4
18041951,4,7,3,5,9
18041952,6,11,9,8,3
18041953,4,5,9,7,10
18041954,8,1,5,9,3
18041955,8,6,5,4,7
18041956,3,1,11,9,10
18041957,6,9,11,2,10
18041958,6,4,7,10,11
18041959,11,6,2,3,4
18041960,6,1,4,7,8
18041961,3,1,11,2,5
18041962,8,10,7,11,4
18041963,5,11,8,4,2
18041964,1,11,5,7,10
18041965,3,6,11,10,1
18041966,10,5,7,1,8
18041967,9,8,2,5,7
18041968,6,1,9,10,2
18041969,2,7,3,11,6
18041970,4,7,10,5,3
18041971,7,10,3,4,8
18041972,7,5,2,8,6
18041973,8,2,10,11,9
18041974,5,7,9,3,2
18041975,2,4,6,10,11
18041976,9,7,3,10,4
18041977,6,2,4,11,10
18041978,5,8,2,3,6
18041979,6,4,3,9,11
18041980,7,11,10,1,9
18041981,11,2,5,6,7
18041982,6,4,7,8,11
18041983,9,11,5,7,8
18041984,9,4,1,5,10
18042001,7,3,4,2,11
18042002,5,11,2,6,10
18042003,9,8,5,10,2
18042004,6,5,11,7,8
18042005,9,2,10,11,7
18042006,9,1,5,10,11
18042007,9,2,5,11,10
18042008,8,9,10,2,5
18042009,5,10,4,2,11
18042010,4,2,6,5,10
18042011,11,7,5,2,10
18042012,1,8,2,11,10
18042013,3,1,9,5,6
18042014,10,6,2,8,11
18042015,4,8,11,7,5
18042016,4,1,7,11,6
18042017,8,1,5,11,3
18042018,11,4,5,6,9
18042019,10,8,3,9,1
18042020,8,9,4,5,7
18042021,5,4,3,6,2
18042022,8,10,6,1,2
18042023,4,1,3,8,5
18042024,2,5,8,9,4
18042025,8,6,5,10,9
18042026,11,7,3,8,10
18042027,5,1,6,2,7
18042028,8,7,3,9,2
18042029,6,7,2,4,9
18042030,7,6,9,3,10
18042031,7,8,5,6,1
18042032,1,4,5,10,8
18042033,7,4,9,5,8
18042034,4,7,11,3,6
18042035,5,7,10,11,4
18042036,9,8,10,6,2
18042037,8,10,6,1,2
18042038,4,5,3,1,10
18042039,1,5,4,3,6
18042040,9,6,7,8,3
18042041,10,11,6,7,4
18042042,8,1,10,6,3
18042043,8,2,10,9,4
18042044,10,1,9,11,7
18042045,8,6,1,11,3
18042046,7,10,11,3,1
18042047,9,5,8,2,10
18042048,8,3,11,2,6
18042049,8,11,1,2,3
18042050,11,7,10,1,9
18042051,7,3,6,4,9
18042052,1,11,5,3,2
18042053,2,4,3,7,10
18042054,10,1,9,7,11
18042055,8,2,6,7,11
18042056,8,11,6,3,2
18042057,9,8,1,5,3
18042058,11,8,4,6,10
18042059,6,10,8,4,1
18042060,10,9,2,5,8
18042061,4,2,11,6,5
18042062,6,11,5,9,2
18042063,5,10,9,3,8
18042064,1,3,4,5,9
18042065,6,11,8,4,2
18042066,6,4,7,3,10
18042067,4,2,9,6,1
18042068,7,9,3,10,8
18042069,8,4,2,9,5
18042070,8,4,11,1,7
18042071,5,3,1,8,2
18042072,5,10,3,6,2
18042073,11,7,6,10,8
18042074,10,3,2,7,5
18042075,11,7,9,6,10
18042076,3,2,10,4,6
18042077,4,6,9,1,11
18042078,1,2,5,9,3
18042079,8,6,3,7,9
18042080,3,7,11,5,2
18042081,7,8,5,10,6
18042082,8,5,6,4,1
18042083,4,2,11,6,3
18042084,6,1,9,5,11
18042101,10,4,3,9,2
18042102,6,4,9,11,3
18042103,3,2,11,10,5
18042104,11,7,4,9,6
18042105,11,10,1,4,2
18042106,1,3,9,4,5
18042107,6,8,11,2,10
18042108,4,1,5,2,8
18042109,1,10,5,7,3
18042110,9,6,1,8,5
18042111,3,9,1,6,8
18042112,5,3,8,7,4
18042113,9,11,3,1,2
18042114,1,6,7,4,5
18042115,3,9,8,7,4
18042116,10,9,2,7,8
18042117,1,9,7,10,6
18042118,5,6,4,10,2
18042119,3,8,7,2,6
18042120,10,4,6,7,8
18042121,2,8,1,4,9
18042122,6,4,7,3,11
18042123,4,1,6,8,11
18042124,10,6,11,3,4
18042125,3,7,2,9,5
18042126,10,9,11,3,2
18042127,8,3,9,10,5
18042128,8,6,3,1,9
18042129,1,10,9,11,5
18042130,8,6,2,10,11
18042131,2,6,1,5,10
18042132,3,4,5,1,2
18042133,11,5,7,10,6
18042134,8,5,10,7,3
18042135,7,11,9,1,2
18042136,2,5,7,11,3
18042137,5,1,3,7,10
18042138,8,5,6,4,3
18042139,4,5,9,10,2
18042140,8,1,7,3,5
18042141,9,11,2,4,5
18042142,11,1,7,4,9
18042143,5,9,8,7,11
18042144,3,8,7,4,1
18042145,1,8,7,9,5
18042146,6,10,9,8,5
18042147,7,10,3,1,8
18042148,5,8,9,11,10
18042149,6,10,5,11,8
18042150,8,10,5,4,6
18042151,8,11,10,6,3
18042152,6,2,3,4,11
18042153,1,4,2,8,11
18042154,8,4,6,11,7
18042155,3,9,5,1,2
18042156,3,11,5,7,2
18042157,1,11,2,6,7
18042158,5,1,11,10,9
18042159,4,6,1,3,11
18042160,1,11,5,7,9
18042161,10,2,5,7,4
18042162,6,3,1,9,4
18042163,4,9,5,2,7
18042164,5,11,3,1,9
18042165,10,9,5,8,4
18042166,2,11,3,8,7
18042167,1,11,4,3,5
18042168,6,2,4,11,5
18042169,3,6,9,8,5
18042170,6,4,10,1,8
18042171,7,3,10,9,5
18042172,1,2,3,5,6
18042173,7,9,4,6,5
18042174,11,1,7,6,9
18042175,7,3,6,10,9
18042176,2,1,4,9,10
18042177,4,10,1,5,9
18042178,4,5,1,3,10
18042179,11,10,3,9,5
18042180,6,2,5,3,8
18042181,3,11,1,4,7
18042182,6,5,4,9,3
18042183,1,4,10,2,5
18042184,6,4,9,10,7
18042201,9,11,5,8,1
18042202,3,8,5,11,1
18042203,4,7,2,5,1
18042204,4,1,6,8,11
18042205,2,3,5,10,9
18042206,2,7,4,11,3
18042207,2,7,6,4,5
18042208,1,8,7,4,9
18042209,10,3,2,5,9
18042210,2,6,11,3,7
18042211,5,8,10,1,7
18042212,10,11,1,8,9
18042213,9,1,8,5,3
18042214,6,2,1,4,9
18042215,3,9,11,1,10
18042216,6,2,11,4,3
18042217,6,11,2,5,1
18042218,10,9,6,11,2
18042219,4,10,2,6,5
18042220,1,5,10,2,3
18042221,9,3,6,5,4
18042222,7,5,3,10,11
18042223,6,1,8,11,3
18042224,4,2,5,10,11
18042225,2,8,4,6,5
18042226,11,7,3,6,2
18042227,7,4,8,1,3
18042228,4,6,8,11,3
18042229,9,11,5,2,3
18042230,6,1,11,9,4
18042231,1,5,2,10,8
18042232,2,4,5,8,7
18042233,3,10,8,4,11
18042234,4,2,5,10,11
18042235,6,1,10,9,8
18042236,3,9,7,8,11
18042237,7,10,4,5,6
18042238,8,4,5,3,10
18042239,8,10,7,3,5
18042240,2,5,8,9,4
18042241,3,1,6,10,2
18042242,9,8,10,3,5
18042243,2,7,9,3,10
18042244,4,10,11,2,9
18042245,11,2,8,3,4
18042246,1,3,11,5,6
18042247,5,1,9,10,3
18042248,3,7,4,8,1
18042249,9,2,1,4,7
18042250,8,9,4,7,10
18042251,8,5,11,6,2
18042252,10,9,11,8,6
18042253,11,9,4,3,5
18042254,1,11,3,8,9
18042255,9,4,10,3,11
18042256,3,8,6,11,7
18042257,2,6,10,8,9
18042258,8,11,7,6,10
18042259,11,7,4,1,9
18042260,9,5,11,2,4
18042261,8,6,3,11,2
18042262,11,4,1,9,2
18042263,7,4,2,3,5
18042264,7,5,3,2,10
18042265,3,4,8,7,6
18042266,9,4,11,1,3
18042267,10,9,1,4,6
18042268,11,4,5,6,9
18042269,9,5,1,7,11
18042270,2,5,11,7,1
18042271,11,9,2,7,3
18042272,3,4,7,2,11
18042273,2,1,8,6,3
18042274,7,11,9,6,1
18042275,7,5,1,11,6
18042276,5,4,8,11,1
18042277,11,6,5,3,9
18042278,3,7,9,1,10
18042279,3,4,1,11,2
18042280,9,8,7,6,1
18042281,4,10,7,8,1
18042282,3,5,1,10,2
18042283,4,2,6,8,11
18042284,5,7,9,1,6
18042301,9,5,10,8,11
18042302,6,2,5,11,3
18042303,4,3,1,9,6
18042304,9,7,8,3,5
18042305,11,2,6,9,5
18042306,6,5,9,4,7
18042307,1,9,7,2,6
18042308,8,5,2,6,4
18042309,7,11,9,10,5
18042310,8,7,6,1,4
18042311,9,8,1,10,3
18042312,3,2,1,8,7
18042313,2,8,6,9,7
18042314,9,5,1,11,7
18042315,2,1,9,11,5
18042316,4,6,7,1,8
18042317,3,9,6,8,2
18042318,6,2,5,1,4
18042319,10,11,2,6,4
18042320,9,2,11,1,4
18042321,8,1,5,3,4
18042322,6,5,2,3,9
18042323,1,9,10,4,2
18042324,2,9,7,4,6
18042325,7,6,4,8,1
18042326,1,3,2,7,5
18042327,2,1,11,7,5
18042328,3,4,2,6,1
18042329,5,3,9,10,11
18042330,7,5,2,9,6
18042331,10,4,2,6,11
18042332,4,1,8,5,10
18042333,11,6,5,4,2
18042334,3,6,7,9,11
18042335,6,10,1,5,7
18042336,6,7,10,11,3
18042337,4,9,6,8,11
18042338,5,10,2,1,6
18042339,10,8,5,11,1
18042340,6,10,8,4,7
18042341,7,10,3,1,9
18042342,9,3,11,4,1
18042343,2,5,8,3,4
18042344,8,7,4,6,10
18042345,7,4,2,11,5
18042346,10,6,2,11,7
18042347,6,9,3,1,10
18042348,11,9,5,6,10
18042349,4,1,10,6,8
18042350,4,8,9,6,2
18042351,2,3,9,1,8
18042352,10,8,4,3,7
18042353,1,10,9,7,6
18042354,5,3,1,4,11
18042355,1,10,2,3,6
18042356,10,9,11,2,4
18042357,8,2,6,11,1
18042358,11,3,10,4,2
18042359,5,11,1,9,8
18042360,5,3,7,8,11
18042361,4,6,10,5,3
18042362,3,4,11,8,6
18042363,1,8,2,10,3
18042364,6,10,2,3,7
18042365,4,10,6,11,8
18042366,8,5,10,9,3
18042367,7,2,9,1,3
18042368,4,7,9,3,8
18042369,1,11,5,9,8
18042370,4,3,9,11,7
18042371,8,4,6,9,10
18042372,6,7,1,11,10
18042373,10,2,11,7,6
18042374,10,2,1,3,11
18042375,6,11,1,8,4
18042376,9,3,8,1,7
18042377,8,9,11,6,2
18042378,6,9,7,1,2
18042379,4,1,8,2,10
18042380,8,5,3,6,2
18042381,9,1,2,8,6
18042382,4,3,9,7,6
18042383,4,8,10,9,3
18042384,3,5,7,8,11
18042401,6,7,10,8,11
18042402,8,4,6,11,3
18042403,11,3,7,10,4
18042404,4,10,6,1,3
18042405,8,10,5,1,3
18042406,3,6,7,8,9
18042407,5,7,6,3,8
18042408,8,10,1,3,5
18042409,3,9,2,11,7
18042410,8,11,7,9,3
18042411,8,6,10,7,11
18042412,9,8,1,11,4
18042413,7,5,1,10,2
18042414,2,3,7,11,6
18042415,11,7,6,9,4
18042416,2,4,3,1,9
18042417,1,2,3,6,8
18042418,2,5,9,1,11
18042419,2,11,8,4,7
18042420,8,2,4,1,9
18042421,2,1,11,6,3
18042422,2,3,4,11,6
18042423,6,5,8,11,2
18042424,1,7,6,9,11
18042425,8,7,6,9,2
18042426,8,7,6,11,5
18042427,7,8,10,11,5
18042428,1,7,2,4,5
18042429,3,7,10,5,8
18042430,10,6,2,7,8
18042431,7,6,1,3,10
18042432,7,3,2,5,4
18042433,3,11,8,6,1
18042434,10,2,7,3,1
18042435,9,2,4,3,1
18042436,11,5,8,2,9
18042437,3,2,1,8,7
18042438,2,1,7,11,8
18042439,4,3,6,10,5
18042440,8,9,1,5,3
18042441,10,4,7,11,3
18042442,8,10,4,2,5
18042443,8,1,2,5,7
18042444,3,9,11,4,7
18042445,4,7,6,11,2
18042446,4,3,5,2,9
18042447,4,2,5,3,6
18042448,10,8,1,5,6
18042449,2,4,6,8,7
18042450,11,6,9,5,2
18042451,4,6,5,10,1
18042452,8,6,9,2,4
18042453,4,3,6,2,10
18042454,6,5,11,2,9
18042455,7,6,3,10,11
18042456,3,2,7,9,11
18042457,2,3,10,4,8
18042458,5,2,1,7,9
18042459,1,10,3,6,8
18042460,8,9,10,7,4
18042461,9,6,5,1,3
18042462,7,6,10,8,4
18042463,9,8,3,7,11
18042464,9,1,11,2,4
18042465,4,3,9,5,8
18042466,3,6,1,7,9
18042467,2,6,8,7,10
18042468,7,2,1,8,6
18042469,8,4,2,3,9
18042470,1,10,9,2,5
18042471,9,1,2,4,5
18042472,9,8,4,2,6
18042473,10,11,5,2,9
18042474,1,9,11,8,3
18042475,3,10,6,7,8
18042476,11,3,10,2,4
18042477,5,1,3,9,7
18042478,1,8,3,7,11
18042479,1,7,2,3,10
18042480,7,5,11,10,3
18042481,2,9,1,3,6
18042482,5,1,8,10,3
18042483,5,1,9,3,7
18042484,8,7,9,1,3
18042501,1,9,3,10,11
18042502,5,6,8,7,10
18042503,8,9,7,4,11
18042504,10,9,4,3,1
18042505,3,5,8,11,9
18042506,3,9,6,5,8
18042507,7,1,9,2,11
18042508,3,8,1,10,2
18042509,7,4,8,5,9
18042510,2,7,3,1,4
18042511,2,10,4,1,7
18042512,11,7,9,4,10
18042513,5,10,1,9,4
18042514,9,1,11,8,2
18042515,4,10,7,1,8
18042516,5,1,2,4,9
18042517,10,3,5,1,6
18042518,9,4,10,11,1
18042519,5,7,1,6,10
18042520,5,10,2,4,7
18042521,7,10,11,8,2
18042522,4,1,3,6,10
18042523,9,10,8,4,5
18042524,1,3,8,5,9
18042525,10,1,3,5,7
18042526,8,11,6,2,9
18042527,3,10,6,1,4
18042528,8,1,10,7,5
18042529,4,7,6,11,5
18042530,4,5,2,11,10
18042531,7,3,4,11,9
18042532,2,9,10,4,1
18042533,3,9,2,8,11
18042534,8,11,1,5,6
18042535,11,1,6,9,10
18042536,8,2,1,9,10
18042537,9,6,8,7,4
18042538,11,2,9,1,7
18042539,2,6,4,1,8
18042540,5,1,6,4,11
18042541,11,3,7,9,2
18042542,5,3,8,9,2
18042543,5,7,2,6,11
18042544,10,8,3,4,5
18042545,5,7,8,4,2
18042546,9,10,4,8,5
18042547,1,10,2,7,6
18042548,9,4,5,2,8
18042549,7,6,5,1,10
18042550,2,5,7,3,10
18042551,11,5,1,2,4
18042552,4,10,9,7,5
18042553,3,1,8,9,5
18042554,9,2,3,6,7
18042555,2,8,9,7,6
18042556,10,7,3,4,2
18042557,3,7,11,6,4
18042558,5,7,1,11,8
18042559,9,1,3,10,11
18042560,11,6,2,8,7
18042561,6,1,10,7,9
18042562,8,2,9,5,10
18042563,2,11,4,5,1
18042564,6,3,4,11,2
18042565,5,1,11,2,6
18042566,3,4,1,10,8
18042567,10,3,8,1,11
18042568,8,10,5,9,11
18042569,4,10,11,9,5
18042570,6,10,2,4,11
18042571,8,7,11,3,6
18042572,3,5,7,8,4
18042573,10,1,5,7,11
18042574,6,11,5,10,8
18042575,2,3,5,11,9
18042576,10,7,2,8,1
18042577,9,5,1,11,4
18042578,2,3,9,8,5
18042579,5,4,7,9,11
18042580,9,10,8,4,6
18042581,9,2,3,7,4
18042582,2,10,5,3,6
18042583,4,10,6,5,9
18042584,9,6,4,2,1
18042601,2,6,11,1,7
18042602,7,5,4,10,1
18042603,4,3,7,6,1
18042604,1,7,3,11,5
18042605,2,3,9,1,11
18042606,9,7,1,4,10
18042607,6,11,9,4,10
18042608,8,2,3,4,1
18042609,10,1,2,11,3
18042610,1,11,4,10,2
18042611,6,7,4,2,9
18042612,10,9,4,11,7
18042613,9,10,8,3,11
18042614,2,8,11,6,7
18042615,8,6,9,10,1
18042616,7,8,1,4,6
18042617,6,2,10,11,1
18042618,9,2,1,10,11
18042619,1,2,3,9,4
18042620,11,10,5,8,1
18042621,10,4,11,1,2
18042622,3,4,7,2,5
18042623,2,6,5,8,9
18042624,3,9,7,6,8
18042625,11,8,5,4,2
18042626,4,1,2,5,6
18042627,9,11,1,2,3
18042628,1,7,3,4,6
18042629,1,9,6,8,2
18042630,7,11,3,6,2
18042631,7,4,5,10,6
18042632,10,3,11,5,9
18042633,4,1,2,11,8
18042634,2,1,8,5,7
18042635,8,10,11,6,3
18042636,9,10,6,8,7
18042637,9,2,6,1,3
18042638,8,10,6,1,2
18042639,6,4,5,2,1
18042640,3,7,2,9,11
18042641,9,4,8,3,10
18042642,6,7,2,3,4
18042643,5,3,6,11,8
18042644,3,4,6,10,7
18042645,3,4,1,7,5
18042646,6,1,11,8,7
18042647,5,7,10,4,11
18042648,9,3,2,10,1
18042649,5,10,8,4,6
18042650,5,4,7,9,1
18042651,1,6,8,5,3
18042652,8,9,1,7,4
18042653,4,9,6,3,10
18042654,7,2,4,1,8
18042655,3,5,9,6,1
18042656,3,8,11,4,1
18042657,10,5,9,11,2
18042658,2,10,7,8,5
18042659,2,10,7,6,5
18042660,9,10,5,11,8
18042661,6,5,7,9,1
18042662,5,9,8,1,3
18042663,4,1,11,3,10
18042664,6,10,5,2,11
18042665,7,6,1,4,2
18042666,8,10,3,7,2
18042667,10,11,9,1,4
18042668,2,3,7,8,5
18042669,8,11,4,7,3
18042670,8,10,4,6,5
18042671,5,2,7,6,1
18042672,6,4,9,7,5
18042673,9,1,5,2,8
18042674,4,1,5,7,3
18042675,4,2,9,10,5
18042676,8,10,6,7,11
18042677,9,8,5,3,11
18042678,2,4,1,5,6
18042679,5,6,7,9,10
18042680,4,1,10,6,3
18042681,9,6,8,11,5
18042682,10,8,7,4,6
18042683,6,4,9,8,1
18042684,1,6,9,5,3
18042701,5,6,9,7,4
18042702,10,7,11,2,3
18042703,9,8,7,11,2
18042704,11,7,6,3,9
18042705,8,7,1,3,11
18042706,3,7,9,11,4
18042707,4,9,6,11,10
18042708,10,11,1,5,4
18042709,8,7,10,2,3
18042710,6,8,7,4,5
18042711,10,9,1,4,8
18042712,3,1,7,9,11
18042713,1,6,2,9,10
18042714,7,10,6,8,9
18042715,6,8,11,4,10
18042716,2,11,8,1,6
18042717,4,5,8,7,3
18042718,9,4,5,8,10
18042719,7,4,11,2,3
18042720,2,4,9,7,10
18042721,7,5,2,6,3
18042722,9,7,10,5,1
18042723,2,5,1,6,9
18042724,11,5,1,6,9
18042725,2,10,6,4,7
18042726,2,5,3,6,7
18042727,5,6,9,4,7
18042728,2,4,3,5,6
18042729,8,1,9,7,10
18042730,1,4,3,8,7
18042731,5,11,7,8,6
18042732,2,11,7,5,1
18042733,1,9,11,2,3
18042734,10,9,11,8,6
18042735,10,4,1,6,9
18042736,5,8,4,2,6
18042737,1,5,8,6,7
18042738,11,1,7,3,8
18042739,4,11,7,2,10
18042740,11,2,7,3,4
18042741,10,7,4,11,9
18042742,4,1,5,10,2
18042743,7,8,10,4,6
18042744,2,1,5,10,9
18042745,1,8,9,6,5
18042746,9,5,8,7,11
18042747,3,1,4,7,10
18042748,1,5,9,8,4
18042749,6,4,2,3,7
18042750,4,8,5,2,11
18042751,2,3,4,11,10
18042752,5,10,3,11,2
18042753,6,11,2,5,1
18042754,5,10,4,2,1
18042755,5,2,7,9,4
18042756,8,2,3,5,1
18042757,3,4,2,1,6
18042758,4,2,11,8,5
18042759,5,6,3,11,4
18042760,1,3,6,9,5
18042761,3,8,2,9,1
18042762,9,4,7,6,8
18042763,4,8,11,10,6
18042764,11,2,5,4,6
18042765,8,11,3,10,6
18042766,8,1,5,9,2
18042767,7,3,4,11,1
18042768,4,1,11,5,2
18042769,5,8,3,9,1
18042770,1,8,7,5,2
18042771,4,10,3,7,11
18042772,10,3,7,11,1
18042773,2,11,4,6,8
18042774,2,7,6,1,8
18042775,8,11,3,5,10
18042776,9,11,5,6,8
18042777,7,2,6,11,4
18042778,9,8,7,3,5
18042779,2,3,6,5,1
18042780,4,3,11,7,5
18042781,11,2,5,4,1
18042782,5,11,7,2,4
18042783,9,8,2,5,7
18042784,4,5,7,8,11
18042801,2,8,3,9,4
18042802,6,9,2,1,7
18042803,5,6,11,10,7
18042804,2,9,6,1,10
18042805,4,2,5,10,8
18042806,10,6,5,2,3
18042807,5,3,7,6,8
18042808,1,9,3,7,6
18042809,8,6,5,3,9
18042810,4,8,5,7,6
18042811,8,10,5,4,3
18042812,8,7,4,2,1
18042813,9,4,11,3,1
18042814,9,3,2,11,5
18042815,3,11,2,7,9
18042816,9,3,5,10,11
18042817,10,9,7,1,8
18042818,2,5,8,4,11
18042819,2,5,9,10,8
18042820,7,6,1,11,5
18042821,7,1,6,9,5
18042822,10,9,6,1,3
18042823,5,11,9,6,4
18042824,11,5,4,10,3
18042825,9,2,7,1,6
18042826,7,11,3,9,5
18042827,2,9,10,8,11
18042828,9,3,6,1,2
18042829,11,2,1,10,4
18042830,2,10,8,6,11
18042831,5,2,9,7,4
18042832,3,4,7,10,9
18042833,4,11,9,2,3
18042834,3,7,11,1,2
18042835,3,1,4,11,8
18042836,5,3,4,6,11
18042837,1,4,10,11,5
18042838,7,4,2,3,10
18042839,4,3,11,6,8
18042840,5,7,6,1,8
18042841,2,6,4,9,5
18042842,6,4,5,9,10
18042843,8,1,2,10,5
18042844,2,8,6,10,5
18042845,9,7,4,11,1
18042846,2,6,5,7,9
18042847,10,3,6,8,9
18042848,10,11,7,4,6
18042849,10,9,6,1,8
18042850,9,10,11,6,2
18042851,7,4,1,10,8
18042852,1,7,3,10,9
18042853,6,10,8,9,2
18042854,5,9,11,3,4
18042855,10,11,8,1,4
18042856,11,5,2,6,8
18042857,8,2,3,5,10
18042858,10,7,3,4,1
18042859,2,10,11,9,1
18042860,7,9,5,3,11
18042861,10,9,11,3,4
18042862,2,3,7,10,5
18042863,11,4,9,8,5
18042864,8,2,6,9,10
18042865,2,9,5,6,8
18042866,1,8,4,3,10
18042867,1,11,6,7,10
18042868,7,4,10,5,2
18042869,6,8,9,10,5
18042870,8,11,9,5,1
18042871,11,8,10,3,9
18042872,6,4,7,1,3
18042873,6,11,8,2,7
18042874,5,2,4,6,1
18042875,9,11,2,10,7
18042876,2,1,4,10,7
18042877,1,9,5,2,3
18042878,10,5,3,1,4
18042879,3,2,9,11,10
18042880,10,1,9,5,2
18042881,10,5,7,2,1
18042882,3,4,7,10,8
18042883,8,6,7,3,1
18042884,10,8,4,6,7
18042901,5,10,9,3,4
18042902,3,1,4,11,9
18042903,1,2,7,4,6
18042904,9,7,3,2,11
18042905,2,3,8,9,7
18042906,11,1,5,8,3
18042907,9,4,3,5,8
18042908,5,7,10,11,4
18042909,2,8,5,11,1
18042910,4,2,10,8,9
18042911,9,6,5,11,1
18042912,10,1,2,3,6
18042913,9,6,10,2,3
18042914,11,7,8,9,6
18042915,7,6,10,5,11
18042916,4,10,5,11,7
18042917,6,2,8,11,3
18042918,3,10,4,6,2
18042919,7,3,9,2,4
18042920,2,1,7,10,8
18042921,1,7,3,6,8
18042922,7,6,11,9,8
18042923,6,2,9,11,5
18042924,2,8,1,6,5
18042925,6,11,5,2,8
18042926,1,5,6,11,4
18042927,4,6,7,2,11
18042928,2,3,7,9,5
18042929,7,11,1,8,9
18042930,8,5,10,9,7
18042931,4,10,11,2,1
18042932,7,1,4,2,9
18042933,4,9,7,6,3
18042934,4,11,5,1,6
18042935,7,3,10,9,4
18042936,6,4,9,1,11
18042937,10,8,4,5,3
18042938,6,11,1,2,9
18042939,4,7,3,6,9
18042940,5,2,11,8,4
18042941,9,1,2,3,7
18042942,9,4,6,11,10
18042943,5,7,10,4,11
18042944,1,9,8,4,6
18042945,2,3,5,7,4
18042946,4,1,7,10,9
18042947,5,10,4,3,9
18042948,8,5,9,7,4
18042949,8,10,2,7,6
18042950,1,2,3,7,9
18042951,4,10,6,3,8
18042952,8,1,2,11,10
18042953,7,2,4,9,3
18042954,4,5,3,7,10
18042955,3,7,8,9,2
18042956,11,9,3,7,5
18042957,4,10,11,1,5
18042958,4,11,5,8,7
18042959,11,2,7,8,9
18042960,5,8,4,9,6
18042961,2,10,1,4,3
18042962,9,6,3,8,5
18042963,7,8,9,4,11
18042964,10,5,4,11,3
18042965,2,10,5,3,7
18042966,2,7,10,11,3
18042967,7,6,2,11,4
18042968,8,10,9,2,6
18042969,11,6,7,4,10
18042970,2,7,5,9,1
18042971,11,7,2,1,8
18042972,4,9,8,10,6
18042973,10,7,3,8,1
18042974,5,11,4,9,8
18042975,5,10,7,11,1
18042976,4,3,7,5,11
18042977,4,10,9,3,2
18042978,3,11,1,8,7
18042979,11,9,3,5,1
18042980,1,5,4,2,8
18042981,3,2,1,11,6
18042982,9,7,1,10,8
18042983,3,9,2,6,10
18042984,6,2,3,10,7
18043001,3,8,9,6,10
18043002,6,8,9,10,5
18043003,3,10,7,9,11
18043004,5,9,3,2,7
18043005,8,11,3,10,7
18043006,2,9,3,5,6
18043007,3,8,7,6,11
18043008,3,2,1,11,9
18043009,6,2,7,1,5
18043010,8,3,5,2,9
18043011,4,6,2,9,11
18043012,7,8,3,1,2
18043013,9,7,11,5,8
18043014,10,9,6,7,5
18043015,1,2,11,4,10
18043016,9,11,2,3,7
18043017,1,2,4,11,9
18043018,3,7,1,5,6
18043019,10,8,3,6,11
18043020,2,3,4,6,11
18043021,2,10,5,11,4
18043022,9,1,8,4,3
18043023,4,8,7,9,2
18043024,8,7,4,3,5
18043025,1,10,4,9,2
18043026,4,1,3,8,6
18043027,2,11,3,9,1
18043028,7,11,6,2,9
18043029,6,10,9,5,11
18043030,6,9,3,7,5
18043031,9,3,4,6,10
18043032,1,11,7,8,5
18043033,10,7,6,4,9
18043034,10,8,11,2,1
18043035,9,10,8,2,1
18043036,8,10,6,5,1
18043037,3,5,2,8,7
18043038,4,5,9,10,8
18043039,11,2,9,8,4
18043040,8,6,4,2,9
18043041,4,1,6,10,5
18043042,10,5,7,2,9
18043043,11,9,6,4,1
18043044,10,5,6,9,3
18043045,4,9,6,10,2
18043046,2,6,1,7,8
18043047,3,10,9,5,4
18043048,1,8,5,3,2
18043049,11,9,7,10,4
18043050,7,4,5,10,1
18043051,5,10,8,1,3
18043052,5,11,2,10,6
18043053,2,5,7,3,6
18043054,10,8,6,5,3
18043055,4,1,7,5,6
18043056,4,10,3,6,11
18043057,4,3,1,10,5
18043058,9,3,11,2,1
18043059,9,4,5,6,11
18043060,9,5,11,10,1
18043061,1,8,9,11,2
18043062,10,1,3,9,2
18043063,11,2,1,6,5
18043064,7,6,4,2,3
18043065,9,11,1,5,8
18043066,7,6,9,4,2
18043067,4,9,10,8,3
18043068,2,4,9,6,3
18043069,2,5,3,9,7
18043070,6,3,9,2,10
18043071,9,1,11,8,10
18043072,8,2,4,9,6
18043073,4,2,6,11,8
18043074,11,9,5,8,1
18043075,10,2,5,3,8
18043076,9,4,6,3,10
18043077,4,2,10,6,8
18043078,7,1,11,4,3
18043079,10,7,2,4,1
18043080,10,7,2,3,4
18043081,4,3,11,2,10
18043082,7,2,5,11,8
18043083,9,8,6,3,11
18043084,1,2,11,4,8
