18120101,4,2,8,9,1
18120102,10,5,6,7,11
18120103,7,4,9,3,5
18120104,5,4,7,9,11
18120105,3,7,9,1,5
18120106,3,10,2,4,5
18120107,4,6,3,10,2
18120108,10,5,3,6,9
18120109,7,1,3,10,5
18120110,1,4,5,10,8
18120111,4,3,6,9,7
18120112,7,2,3,9,6
18120113,7,1,11,10,9
18120114,7,8,11,2,3
18120115,10,3,6,11,9
18120116,3,6,1,7,2
18120117,8,5,9,4,11
18120118,6,3,4,10,2
18120119,1,2,6,8,9
18120120,11,6,4,10,9
18120121,7,11,6,8,3
18120122,6,2,3,7,9
18120123,7,10,1,4,6
18120124,1,5,2,10,8
18120125,6,4,10,8,5
18120126,9,11,10,5,3
18120127,5,8,11,10,4
18120128,3,8,4,10,5
18120129,1,7,10,3,5
18120130,9,10,8,1,6
18120131,9,2,8,11,7
18120132,3,8,10,11,2
18120133,2,10,7,8,3
18120134,7,1,11,10,6
18120135,2,1,10,4,7
18120136,11,1,9,3,4
18120137,2,9,5,3,11
18120138,8,11,3,10,9
18120139,11,3,4,1,7
18120140,9,3,5,11,6
18120141,8,5,11,6,4
18120142,2,7,6,3,11
18120143,8,9,6,1,2
18120144,2,8,6,10,1
18120145,5,1,6,2,7
18120146,7,2,10,8,3
18120147,1,7,5,11,6
18120148,5,3,7,6,11
18120149,10,4,9,6,7
18120150,11,8,2,1,5
18120151,9,10,4,6,5
18120152,11,9,2,7,3
18120153,5,4,7,11,3
18120154,5,9,3,1,11
18120155,6,10,4,11,7
18120156,5,9,3,1,2
18120157,9,4,1,2,3
18120158,8,1,7,11,2
18120159,4,11,6,8,9
18120160,1,8,2,6,11
18120161,3,4,9,11,2
18120162,5,7,11,2,9
18120163,5,7,1,9,6
18120164,8,10,7,3,5
18120165,1,9,4,10,6
18120166,11,1,5,3,8
18120167,7,9,10,1,4
18120168,1,4,6,7,10
18120169,5,2,9,11,3
18120170,3,2,1,10,7
18120171,3,10,7,5,9
18120172,11,5,6,8,10
18120173,3,8,9,4,2
18120174,6,3,1,10,11
18120175,3,4,5,2,7
18120176,7,6,5,4,2
18120177,10,8,7,1,9
18120178,5,7,10,11,9
18120179,3,10,6,7,8
18120180,8,7,11,6,9
18120181,8,2,3,5,10
18120182,9,3,10,4,11
18120183,7,4,11,8,9
18120184,8,9,5,6,4
18120301,6,3,4,9,5
18120302,6,5,1,7,11
18120303,11,3,4,5,1
18120304,7,6,4,8,1
18120305,8,5,3,6,2
18120306,4,8,2,1,5
18120307,5,1,8,7,10
18120308,1,2,5,4,9
18120309,1,5,2,9,4
18120310,5,11,4,2,1
18120311,8,4,10,7,5
18120312,8,2,3,4,10
18120313,7,3,10,1,9
18120314,11,5,3,1,6
18120315,7,3,11,6,5
18120316,3,11,5,8,6
18120317,3,4,7,10,11
18120318,6,9,4,2,3
18120319,7,8,10,11,4
18120320,4,8,7,5,10
18120321,8,9,3,11,7
18120322,2,6,10,7,1
18120323,5,7,6,9,10
18120324,11,3,2,4,1
18120325,10,6,4,9,8
18120326,10,4,2,9,5
18120327,3,5,8,10,2
18120328,4,6,1,10,8
18120329,6,5,3,4,11
18120330,4,9,1,2,11
18120331,6,1,2,7,9
18120332,5,2,4,11,7
18120333,7,8,11,9,10
18120334,7,6,9,11,4
18120335,1,11,9,7,6
18120336,6,10,3,5,1
18120337,4,8,11,6,10
18120338,2,8,3,7,1
18120339,1,5,8,4,7
18120340,2,8,9,6,4
18120341,7,4,6,5,3
18120342,4,11,5,10,2
18120343,9,5,8,11,4
18120344,10,4,8,1,6
18120345,5,2,7,6,4
18120346,5,1,9,2,3
18120347,6,7,9,11,10
18120348,3,9,8,4,2
18120349,9,11,7,10,1
18120350,11,4,5,9,1
18120351,8,3,1,5,4
18120352,7,9,5,2,6
18120353,4,8,5,7,1
18120354,7,6,3,10,1
18120355,9,6,2,1,7
18120356,3,8,4,5,1
18120357,3,2,1,8,10
18120358,8,3,1,4,11
18120359,9,11,8,4,5
18120360,9,3,8,7,10
18120361,11,1,8,2,7
18120362,3,8,2,11,1
18120363,10,7,1,9,11
18120364,11,2,10,8,5
18120365,8,4,6,5,10
18120366,4,5,10,3,7
18120367,2,9,3,5,7
18120368,6,9,1,4,2
18120369,11,8,4,6,10
18120370,11,3,9,1,2
18120371,7,4,9,2,6
18120372,8,5,3,2,6
18120373,9,1,6,4,11
18120374,4,7,1,3,8
18120375,10,9,6,2,8
18120376,4,7,3,1,11
18120377,6,1,3,7,5
18120378,7,3,1,6,4
18120379,2,6,1,3,5
18120380,7,5,4,2,1
18120381,5,11,9,6,2
18120382,5,1,9,4,8
18120383,6,5,7,2,10
18120384,7,10,4,9,2
18120401,9,10,5,4,7
18120402,8,6,5,10,3
18120403,9,3,2,6,1
18120404,1,11,9,4,8
18120405,8,6,1,2,5
18120406,6,4,3,11,10
18120407,3,8,5,9,2
18120408,9,3,5,11,7
18120409,8,3,1,6,5
18120410,3,6,5,1,8
18120411,10,4,2,9,7
18120412,11,2,7,3,1
18120413,8,9,7,6,5
18120414,11,6,8,1,9
18120415,3,5,8,7,4
18120416,6,8,7,9,10
18120417,3,9,8,4,10
18120418,6,5,2,1,9
18120419,7,8,1,11,4
18120420,7,9,2,6,10
18120421,8,11,10,7,1
18120422,4,7,6,9,3
18120423,11,6,8,5,2
18120424,9,10,4,1,8
18120425,5,9,10,8,2
18120426,3,1,4,5,7
18120427,3,7,8,5,11
18120428,7,5,11,6,1
18120429,3,7,10,4,9
18120430,4,2,11,6,5
18120431,5,6,9,10,8
18120432,1,11,10,2,9
18120433,2,9,10,1,11
18120434,3,5,7,10,2
18120435,4,2,11,7,8
18120436,9,6,1,7,2
18120437,7,9,4,11,1
18120438,1,5,8,10,4
18120439,8,10,7,2,3
18120440,3,11,10,2,1
18120441,7,8,3,4,9
18120442,7,11,5,4,10
18120443,3,10,4,9,1
18120444,4,7,6,9,5
18120445,4,3,11,5,9
18120446,7,1,3,4,11
18120447,3,2,5,10,7
18120448,11,1,5,9,8
18120449,2,11,5,1,4
18120450,5,10,3,9,1
18120451,4,5,7,8,3
18120452,5,3,7,6,10
18120453,3,4,11,1,2
18120454,5,9,11,10,2
18120455,9,3,6,11,1
18120456,3,4,5,7,11
18120457,11,2,1,10,9
18120458,5,9,10,11,7
18120459,4,3,5,7,9
18120460,11,8,9,6,10
18120461,2,7,10,11,8
18120462,5,2,7,1,3
18120463,8,6,11,9,10
18120464,1,7,4,5,6
18120465,6,9,11,5,7
18120466,1,2,6,8,5
18120467,10,3,9,4,1
18120468,11,8,2,3,9
18120469,9,11,6,1,2
18120470,11,4,7,8,2
18120471,6,7,9,11,2
18120472,2,11,6,1,7
18120473,6,1,8,11,4
18120474,4,6,5,3,1
18120475,6,9,11,4,2
18120476,2,9,10,3,11
18120477,6,4,1,11,3
18120478,8,11,9,2,6
18120479,7,2,11,3,10
18120480,10,11,3,1,2
18120481,5,11,3,1,7
18120482,5,3,2,10,1
18120483,2,5,7,6,8
18120484,6,10,7,4,3
18120501,9,7,2,10,11
18120502,6,11,1,2,5
18120503,10,2,11,1,5
18120504,9,3,8,6,7
18120505,6,1,11,7,5
18120506,11,9,6,4,10
18120507,7,8,4,5,1
18120508,9,11,7,10,8
18120509,3,7,10,8,11
18120510,4,10,1,8,2
18120511,10,8,6,1,7
18120512,5,6,1,9,7
18120513,7,3,5,10,1
18120514,8,3,5,1,4
18120515,5,9,2,3,1
18120516,3,4,2,6,10
18120517,3,2,9,1,6
18120518,1,5,4,10,9
18120519,4,11,1,3,6
18120520,1,10,7,6,2
18120521,3,7,9,6,10
18120522,6,3,5,9,1
18120523,2,1,7,11,6
18120524,7,8,9,11,3
18120525,10,6,5,4,3
18120526,10,5,1,4,6
18120527,2,10,1,9,7
18120528,8,7,5,11,9
18120529,7,11,9,10,5
18120530,9,6,11,3,2
18120531,5,3,9,2,4
18120532,5,11,9,3,1
18120533,5,9,7,2,10
18120534,6,4,8,3,9
18120535,1,10,2,3,8
18120536,6,7,11,5,10
18120537,10,1,7,11,3
18120538,1,6,10,3,7
18120539,1,11,3,2,10
18120540,2,5,4,1,3
18120541,3,5,11,1,4
18120542,2,9,3,10,6
18120543,1,5,3,4,2
18120544,1,2,9,4,11
18120545,2,4,11,9,5
18120546,6,5,9,2,7
18120547,9,10,11,8,1
18120548,1,5,8,7,9
18120549,6,11,8,7,9
18120550,8,10,11,7,4
18120551,4,11,2,10,9
18120552,10,3,7,8,6
18120553,3,6,5,11,10
18120554,3,7,1,5,6
18120555,4,9,5,2,6
18120556,7,9,1,6,5
18120557,9,3,7,4,1
18120558,11,6,8,5,10
18120559,2,1,3,10,8
18120560,5,8,10,4,7
18120561,6,2,7,9,8
18120562,5,2,7,4,3
18120563,9,1,5,2,6
18120564,3,10,1,7,5
18120565,4,2,5,11,7
18120566,2,1,5,9,7
18120567,6,8,2,10,5
18120568,5,1,3,11,9
18120569,11,1,6,8,2
18120570,10,5,7,6,1
18120571,5,9,10,3,2
18120572,2,3,7,9,10
18120573,7,10,11,3,1
18120574,6,3,5,7,11
18120575,8,7,9,4,11
18120576,3,8,4,2,11
18120577,4,10,8,6,5
18120578,3,11,1,7,10
18120579,2,10,8,5,3
18120580,11,7,4,10,2
18120581,7,1,4,6,8
18120582,9,7,2,1,11
18120583,7,9,1,10,4
18120584,7,8,10,11,5
18120601,5,1,8,4,9
18120602,1,11,2,3,9
18120603,5,2,10,8,11
18120604,6,9,7,5,8
18120605,10,2,7,8,5
18120606,5,1,8,6,11
18120607,5,3,4,1,6
18120608,2,7,9,6,10
18120609,4,8,2,11,5
18120610,11,6,5,1,4
18120611,9,11,2,10,1
18120612,11,4,1,9,2
18120613,2,6,8,5,7
18120614,6,1,2,8,5
18120615,9,11,2,7,6
18120616,10,1,7,5,6
18120617,8,1,7,4,2
18120618,9,3,4,7,1
18120619,11,10,8,5,4
18120620,11,8,3,1,5
18120621,7,5,4,6,3
18120622,6,5,11,3,7
18120623,10,1,3,6,9
18120624,7,2,4,11,1
18120625,10,4,6,2,3
18120626,9,7,1,2,11
18120627,3,2,7,9,10
18120628,7,10,5,8,2
18120629,6,7,9,10,3
18120630,3,1,4,11,9
18120631,10,2,7,6,4
18120632,7,6,5,1,2
18120633,8,10,3,9,6
18120634,9,1,8,5,4
18120635,4,6,8,9,3
18120636,1,6,2,5,11
18120637,9,2,10,4,11
18120638,1,11,5,2,9
18120639,4,6,8,1,9
18120640,1,2,10,7,8
18120641,3,7,6,11,1
18120642,9,1,8,6,7
18120643,2,8,3,6,4
18120644,8,9,11,2,4
18120645,11,3,2,8,4
18120646,3,2,8,4,7
18120647,5,4,8,10,6
18120648,7,3,11,10,8
18120649,7,4,10,6,2
18120650,4,1,5,7,6
18120651,2,7,6,4,3
18120652,11,6,7,8,2
18120653,1,6,10,11,5
18120654,10,6,2,8,5
18120655,4,10,5,11,2
18120656,2,1,8,10,6
18120657,1,9,4,10,7
18120658,2,3,5,11,6
18120659,11,1,9,4,8
18120660,6,1,10,5,3
18120661,10,1,7,9,2
18120662,10,3,8,7,2
18120663,7,3,10,1,5
18120664,7,2,11,9,10
18120665,7,11,2,1,5
18120666,4,1,10,5,7
18120667,6,5,2,1,10
18120668,6,5,4,7,8
18120669,9,10,7,3,5
18120670,7,6,8,11,4
18120671,6,1,4,10,9
18120672,4,5,2,7,8
18120673,7,2,3,8,5
18120674,5,1,4,6,11
18120675,3,6,7,10,8
18120676,10,1,7,2,9
18120677,4,2,8,11,6
18120678,6,9,1,11,7
18120679,5,10,6,1,11
18120680,6,3,1,8,2
18120681,11,2,3,4,1
18120682,7,10,6,1,11
18120683,4,7,2,11,6
18120684,10,3,8,4,5
18120701,9,7,6,4,8
18120702,4,1,10,11,6
18120703,9,11,4,2,5
18120704,8,11,4,3,5
18120705,2,6,7,10,5
18120706,9,11,3,4,6
18120707,3,11,7,4,5
18120708,11,1,6,10,2
18120709,4,6,7,10,11
18120710,7,9,2,4,3
18120711,9,11,4,5,3
18120712,5,8,9,3,10
18120713,8,4,1,9,7
18120714,9,1,7,8,5
18120715,4,11,6,1,5
18120716,10,3,9,7,1
18120717,5,2,3,1,8
18120718,9,2,7,11,5
18120719,7,5,3,10,8
18120720,1,4,11,7,3
18120721,1,6,8,5,3
18120722,8,4,6,5,7
18120723,5,10,1,6,9
18120724,8,1,11,4,6
18120725,6,9,8,1,3
18120726,5,10,11,4,8
18120727,7,4,5,1,9
18120728,11,4,3,5,10
18120729,8,11,7,4,10
18120730,9,8,10,5,2
18120731,10,8,3,6,4
18120732,11,2,3,5,6
18120733,6,9,1,10,4
18120734,8,5,3,10,6
18120735,2,8,3,7,11
18120736,11,10,7,4,1
18120737,8,11,10,6,9
18120738,9,2,3,1,8
18120739,7,3,2,4,1
18120740,7,2,3,9,1
18120741,2,3,6,5,11
18120742,11,8,6,7,10
18120743,9,3,1,4,6
18120744,9,10,6,7,2
18120745,2,11,3,9,8
18120746,7,5,2,10,11
18120747,7,2,4,11,9
18120748,1,8,5,7,4
18120749,9,10,8,11,1
18120750,4,11,2,10,8
18120751,8,1,6,2,4
18120752,9,3,7,11,5
18120753,9,5,6,3,8
18120754,7,6,2,10,8
18120755,3,6,2,10,8
18120756,4,11,10,5,7
18120757,11,8,3,5,10
18120758,1,7,3,11,9
18120759,2,10,9,5,1
18120760,5,2,11,7,8
18120761,6,9,1,2,11
18120762,4,8,11,1,7
18120763,2,5,4,11,8
18120764,11,10,1,4,5
18120765,7,9,2,3,1
18120766,4,6,3,7,10
18120767,10,4,9,7,1
18120768,3,8,6,5,4
18120769,4,6,5,8,10
18120770,3,7,8,6,1
18120771,9,6,7,4,5
18120772,10,9,1,8,7
18120773,4,6,7,1,9
18120774,10,11,3,1,8
18120775,2,9,11,5,4
18120776,8,7,11,5,2
18120777,6,2,7,8,9
18120778,8,1,9,3,10
18120779,4,5,3,10,6
18120780,9,4,8,6,11
18120781,9,11,6,4,1
18120782,2,7,10,8,5
18120783,10,1,11,2,6
18120784,4,9,10,7,11
18120801,6,11,4,7,2
18120802,1,10,11,8,7
18120803,9,5,6,10,4
18120804,11,6,4,7,3
18120805,7,11,5,3,4
18120806,7,4,5,2,11
18120807,6,11,5,7,1
18120808,2,8,4,6,10
18120809,4,1,3,5,11
18120810,3,2,4,7,8
18120811,2,10,5,9,8
18120812,10,5,4,11,9
18120813,4,11,9,1,6
18120814,5,3,10,2,1
18120815,2,11,10,4,3
18120816,7,6,11,9,4
18120817,8,3,6,10,2
18120818,5,10,4,11,1
18120819,6,2,7,4,11
18120820,3,10,11,7,8
18120821,1,6,4,2,11
18120822,4,7,2,10,5
18120823,6,8,7,5,9
18120824,5,2,6,10,9
18120825,6,10,5,4,2
18120826,4,10,5,11,2
18120827,3,7,1,10,8
18120828,9,1,11,7,5
18120829,11,4,7,8,3
18120830,4,11,1,5,7
18120831,1,6,9,5,11
18120832,2,6,9,3,5
18120833,9,5,4,6,2
18120834,9,5,3,1,4
18120835,10,9,6,2,4
18120836,11,10,4,1,2
18120837,7,9,6,1,11
18120838,9,4,5,10,3
18120839,10,4,8,11,3
18120840,4,8,11,3,6
18120841,9,6,11,7,5
18120842,4,3,7,5,6
18120843,7,2,6,5,9
18120844,5,10,7,9,2
18120845,10,9,8,6,5
18120846,1,11,7,9,3
18120847,3,7,1,6,8
18120848,9,6,2,10,8
18120849,3,5,4,8,6
18120850,2,9,8,3,11
18120851,9,8,11,4,1
18120852,2,9,5,4,3
18120853,10,3,4,8,11
18120854,1,7,3,9,10
18120855,2,5,10,3,7
18120856,5,3,2,10,6
18120857,9,3,11,6,10
18120858,4,11,5,6,10
18120859,2,5,11,3,8
18120860,3,7,5,8,10
18120861,2,9,10,8,11
18120862,4,5,7,11,6
18120863,5,11,9,6,7
18120864,1,4,6,3,5
18120865,2,4,9,6,5
18120866,3,8,6,9,4
18120867,11,7,9,1,4
18120868,6,10,7,8,2
18120869,7,3,1,4,11
18120870,2,8,4,7,1
18120871,7,4,10,1,5
18120872,2,6,3,1,9
18120873,1,8,9,4,3
18120874,7,8,9,3,5
18120875,3,9,5,4,6
18120876,11,8,1,10,2
18120877,5,4,3,2,8
18120878,8,3,6,10,1
18120879,2,5,4,11,1
18120880,4,5,7,6,3
18120881,6,5,9,1,11
18120882,2,7,6,1,10
18120883,9,5,4,8,1
18120884,8,9,3,1,4
18120901,10,8,11,4,1
18120902,10,6,8,1,5
18120903,9,6,4,8,2
18120904,4,3,1,6,9
18120905,5,6,3,9,11
18120906,2,7,10,1,3
18120907,8,4,11,10,3
18120908,7,2,11,4,9
18120909,1,11,6,2,7
18120910,3,4,7,9,6
18120911,8,5,3,1,2
18120912,7,4,5,8,3
18120913,6,11,8,7,1
18120914,7,10,8,11,3
18120915,8,3,9,7,11
18120916,9,5,7,6,3
18120917,6,1,3,2,11
18120918,7,11,2,4,3
18120919,11,7,8,1,6
18120920,9,3,11,7,5
18120921,6,2,1,5,10
18120922,4,1,9,11,6
18120923,10,5,7,3,6
18120924,5,6,10,1,11
18120925,3,11,6,2,7
18120926,9,4,3,6,1
18120927,10,7,6,2,3
18120928,1,8,5,6,7
18120929,7,4,6,11,1
18120930,7,10,8,11,9
18120931,2,9,6,5,3
18120932,10,7,3,1,4
18120933,7,1,10,3,6
18120934,7,4,10,5,3
18120935,10,6,11,7,3
18120936,9,6,8,2,7
18120937,11,8,1,7,4
18120938,5,6,11,9,2
18120939,11,9,4,2,8
18120940,7,8,10,3,6
18120941,4,10,5,8,11
18120942,3,1,4,8,7
18120943,3,4,6,5,7
18120944,2,9,11,4,8
18120945,8,6,1,10,3
18120946,11,4,6,8,2
18120947,6,5,3,7,8
18120948,1,7,3,9,8
18120949,2,11,5,10,1
18120950,8,1,7,6,2
18120951,2,4,11,7,3
18120952,5,1,6,2,4
18120953,11,3,7,8,4
18120954,6,4,7,5,9
18120955,6,2,4,11,5
18120956,8,5,11,1,7
18120957,3,8,2,7,9
18120958,4,3,10,6,7
18120959,10,9,6,4,1
18120960,7,6,4,3,1
18120961,9,6,7,2,8
18120962,1,2,5,10,6
18120963,2,7,8,11,4
18120964,7,8,6,5,10
18120965,8,9,10,1,7
18120966,3,8,7,4,1
18120967,2,3,10,9,1
18120968,2,8,5,11,9
18120969,7,4,1,11,8
18120970,9,2,7,5,8
18120971,9,5,7,8,11
18120972,9,6,8,11,10
18120973,2,4,6,11,3
18120974,6,7,8,5,10
18120975,10,11,5,3,2
18120976,8,2,3,11,7
18120977,5,10,9,7,4
18120978,1,2,6,3,7
18120979,3,1,7,2,9
18120980,5,6,11,8,1
18120981,3,1,5,2,8
18120982,6,3,2,5,10
18120983,3,8,2,7,4
18120984,1,6,2,3,5
18121001,6,1,5,7,9
18121002,5,8,7,1,9
18121003,4,7,8,2,9
18121004,6,4,5,1,8
18121005,7,5,11,8,9
18121006,4,10,7,1,9
18121007,8,7,6,4,10
18121008,1,10,3,6,5
18121009,10,9,6,3,7
18121010,3,10,4,5,7
18121011,11,2,5,7,10
18121012,7,4,9,3,5
18121013,10,7,6,9,3
18121014,2,3,5,11,8
18121015,5,6,2,3,1
18121016,2,1,7,6,5
18121017,3,2,4,6,8
18121018,7,10,2,5,9
18121019,9,2,8,7,4
18121020,9,6,10,5,11
18121021,3,1,9,5,10
18121022,7,10,1,5,9
18121023,1,5,3,9,4
18121024,4,1,6,7,3
18121025,10,1,6,2,11
18121026,2,8,11,6,1
18121027,4,9,10,6,2
18121028,4,2,10,5,7
18121029,8,7,3,4,5
18121030,5,7,10,6,8
18121031,5,9,4,1,10
18121032,2,1,7,8,5
18121033,1,2,8,9,5
18121034,11,6,3,5,2
18121035,8,3,1,4,7
18121036,10,5,8,3,9
18121037,4,10,3,7,9
18121038,1,3,2,7,6
18121039,8,6,3,5,2
18121040,1,10,8,3,5
18121041,1,9,2,10,11
18121042,11,2,1,4,9
18121043,9,5,8,1,2
18121044,4,11,1,9,7
18121045,4,5,3,2,6
18121046,8,5,4,1,9
18121047,3,7,6,8,4
18121048,6,11,1,3,7
18121049,6,10,3,1,7
18121050,5,2,9,4,11
18121051,11,1,6,8,2
18121052,11,8,7,1,3
18121053,10,2,1,8,9
18121054,9,4,7,11,5
18121055,2,11,10,3,8
18121056,7,2,6,8,4
18121057,9,7,5,10,6
18121058,9,6,8,11,4
18121059,3,10,8,7,5
18121060,11,10,9,7,3
18121061,7,8,9,1,11
18121062,5,2,4,11,3
18121063,1,4,9,3,5
18121064,7,3,8,2,6
18121065,5,6,4,7,1
18121066,7,1,3,5,9
18121067,7,4,8,9,5
18121068,8,2,9,6,1
18121069,7,11,8,6,5
18121070,2,6,5,7,1
18121071,2,3,11,4,6
18121072,11,2,1,7,9
18121073,11,8,3,7,9
18121074,8,7,6,2,10
18121075,5,10,11,4,7
18121076,7,11,8,6,9
18121077,5,11,3,7,6
18121078,11,9,5,3,7
18121079,2,5,8,10,3
18121080,9,5,10,1,7
18121081,5,4,8,7,3
18121082,6,3,9,7,11
18121083,10,8,5,4,11
18121084,5,3,6,9,4
18121101,2,9,1,4,5
18121102,8,1,11,7,4
18121103,1,6,4,8,2
18121104,3,9,11,8,7
18121105,5,9,4,3,6
18121106,8,10,7,4,2
18121107,4,5,3,1,11
18121108,7,2,11,1,6
18121109,8,4,10,7,11
18121110,7,1,6,11,4
18121111,6,9,3,5,4
18121112,6,1,4,10,7
18121113,5,10,2,8,1
18121114,10,5,2,6,11
18121115,11,6,1,5,7
18121116,5,4,6,11,7
18121117,6,2,9,4,10
18121118,5,6,4,1,8
18121119,11,4,2,10,6
18121120,1,2,3,5,11
18121121,8,6,7,5,9
18121122,1,7,8,5,2
18121123,2,10,3,11,5
18121124,4,6,8,5,10
18121125,3,7,10,5,8
18121126,2,5,10,9,7
18121127,7,3,5,4,1
18121128,3,10,6,8,9
18121129,7,10,2,8,9
18121130,6,5,10,9,11
18121131,1,2,7,8,5
18121132,9,7,3,4,8
18121133,3,1,10,2,11
18121134,2,10,5,8,6
18121135,9,6,1,7,8
18121136,11,6,3,1,10
18121137,7,8,1,6,10
18121138,10,3,1,11,2
18121139,3,10,5,7,2
18121140,6,8,7,9,5
18121141,10,3,11,8,2
18121142,5,7,8,11,1
18121143,2,10,9,1,3
18121144,1,2,3,10,4
18121145,9,5,8,7,2
18121146,2,4,11,7,5
18121147,4,5,11,7,3
18121148,2,4,10,9,8
18121149,1,3,4,7,11
18121150,2,7,8,5,1
18121151,3,7,8,4,9
18121152,8,4,9,5,10
18121153,3,5,11,6,4
18121154,1,9,7,2,8
18121155,8,5,10,6,1
18121156,9,2,5,11,1
18121157,8,11,10,4,9
18121158,10,4,6,3,2
18121159,3,4,6,2,1
18121160,3,2,10,1,7
18121161,7,2,3,4,6
18121162,5,1,7,3,8
18121163,1,6,5,7,4
18121164,8,10,9,6,7
18121165,4,6,3,8,7
18121166,1,3,4,11,7
18121167,3,4,9,8,10
18121168,10,6,3,2,5
18121169,1,10,6,8,3
18121170,9,5,11,7,1
18121171,2,10,7,9,5
18121172,10,2,4,8,5
18121173,8,3,11,10,9
18121174,5,6,10,4,9
18121175,10,9,6,3,8
18121176,7,8,1,4,2
18121177,7,1,2,6,5
18121178,8,3,11,6,10
18121179,1,3,9,10,4
18121180,5,10,7,1,2
18121181,4,3,11,1,2
18121182,11,1,10,8,5
18121183,7,4,11,5,9
18121184,8,6,9,4,11
18121201,5,2,9,11,1
18121202,1,10,9,4,5
18121203,1,7,3,9,11
18121204,8,7,5,3,1
18121205,10,4,1,3,7
18121206,9,10,7,6,3
18121207,9,2,11,5,6
18121208,1,4,2,5,8
18121209,5,8,7,2,1
18121210,11,2,10,6,3
18121211,10,5,9,1,2
18121212,8,10,6,3,1
18121213,2,8,4,3,5
18121214,1,9,6,7,2
18121215,5,6,3,9,2
18121216,9,8,3,2,5
18121217,11,1,10,3,8
18121218,8,9,11,6,10
18121219,5,3,2,7,6
18121220,11,1,2,10,4
18121221,10,4,1,3,11
18121222,3,4,1,2,10
18121223,5,6,10,1,7
18121224,11,7,3,1,5
18121225,11,1,6,8,3
18121226,6,1,5,8,7
18121227,5,1,10,7,4
18121228,4,1,5,3,6
18121229,7,8,9,6,2
18121230,11,8,4,6,7
18121231,3,10,2,9,5
18121232,3,9,1,4,5
18121233,6,5,1,9,7
18121234,2,7,4,6,11
18121235,2,8,11,3,6
18121236,5,3,9,6,7
18121237,5,6,8,11,10
18121238,4,7,6,1,9
18121239,10,8,1,3,9
18121240,9,3,8,10,1
18121241,8,2,6,5,10
18121242,8,7,6,4,1
18121243,5,11,4,7,3
18121244,3,6,1,7,5
18121245,3,9,7,11,4
18121246,8,3,11,7,6
18121247,6,8,2,11,1
18121248,6,11,3,9,2
18121249,10,5,1,2,4
18121250,6,1,2,3,11
18121251,6,2,3,10,1
18121252,8,9,7,11,1
18121253,10,5,4,9,7
18121254,10,5,9,4,7
18121255,3,5,4,1,9
18121256,5,3,8,6,2
18121257,1,10,8,5,3
18121258,2,11,8,1,6
18121259,9,8,5,6,2
18121260,2,11,4,3,10
18121261,7,3,5,10,1
18121262,8,9,6,1,2
18121263,6,2,10,3,1
18121264,1,6,8,7,2
18121265,2,9,6,1,3
18121266,3,9,11,4,1
18121267,7,5,3,4,6
18121268,4,3,10,6,2
18121269,10,6,11,8,7
18121270,9,1,5,3,4
18121271,3,8,5,1,9
18121272,7,10,6,5,8
18121273,10,6,4,3,9
18121274,1,5,6,10,11
18121275,6,7,4,11,9
18121276,1,8,9,7,5
18121277,3,8,4,2,11
18121278,1,5,6,3,4
18121279,4,1,5,11,7
18121280,11,9,7,6,8
18121281,8,6,7,10,9
18121282,1,2,7,4,9
18121283,10,2,4,11,6
18121284,5,2,3,1,9
18121301,1,5,9,7,10
18121302,11,10,1,4,6
18121303,7,1,4,10,6
18121304,5,8,4,9,1
18121305,6,5,7,4,8
18121306,11,1,3,7,4
18121307,10,4,11,2,7
18121308,7,1,9,10,2
18121309,10,1,4,11,2
18121310,4,9,7,8,11
18121311,2,1,10,3,8
18121312,10,1,9,4,7
18121313,7,8,2,10,3
18121314,5,8,9,3,6
18121315,6,2,1,5,10
18121316,3,4,5,6,7
18121317,9,1,3,8,10
18121318,6,9,10,2,5
18121319,1,4,9,8,3
18121320,5,2,7,4,9
18121321,11,9,2,1,10
18121322,5,1,8,7,3
18121323,4,8,10,9,5
18121324,1,9,6,2,7
18121325,2,1,3,4,5
18121326,2,1,7,11,3
18121327,9,4,5,8,1
18121328,6,7,11,2,3
18121329,3,5,11,6,2
18121330,11,9,3,8,4
18121331,10,6,5,1,3
18121332,1,8,7,4,6
18121333,8,10,2,6,5
18121334,10,5,2,9,6
18121335,4,8,1,2,7
18121336,2,7,11,3,10
18121337,2,11,10,5,6
18121338,3,10,9,6,11
18121339,5,8,3,11,6
18121340,6,2,10,3,5
18121341,10,5,11,1,6
18121342,5,9,1,8,3
18121343,1,8,6,7,2
18121344,3,10,7,1,5
18121345,8,6,10,9,1
18121346,5,3,4,9,8
18121347,3,8,6,11,2
18121348,2,4,11,10,7
18121349,7,1,4,8,5
18121350,9,3,7,1,11
18121351,1,2,6,4,8
18121352,6,1,10,5,8
18121353,2,5,4,8,11
18121354,2,6,7,5,8
18121355,2,7,9,6,1
18121356,7,4,1,9,8
18121357,3,5,6,1,2
18121358,5,4,7,6,2
18121359,10,5,4,3,2
18121360,7,3,8,5,4
18121361,11,6,4,5,1
18121362,4,1,11,6,3
18121363,3,8,11,10,2
18121364,3,2,6,5,7
18121365,9,11,3,6,8
18121366,2,10,3,8,5
18121367,7,5,9,3,8
18121368,3,9,10,1,5
18121369,5,2,8,10,3
18121370,3,9,7,5,11
18121371,6,9,3,5,8
18121372,4,10,8,5,7
18121373,8,1,2,11,5
18121374,11,1,5,2,6
18121375,10,9,2,11,5
18121376,5,11,4,6,9
18121377,8,6,11,5,9
18121378,1,3,7,2,8
18121379,6,1,9,10,3
18121380,6,5,2,3,4
18121381,8,5,3,9,10
18121382,1,11,10,7,3
18121383,8,5,10,2,4
18121384,10,5,1,4,11
18121401,3,5,10,7,4
18121402,10,3,11,4,9
18121403,9,4,7,11,1
18121404,11,1,5,4,8
18121405,2,3,6,4,7
18121406,7,1,9,8,2
18121407,7,11,1,9,10
18121408,3,5,7,2,9
18121409,4,2,5,7,9
18121410,3,8,4,5,11
18121411,10,5,7,11,9
18121412,5,6,8,11,9
18121413,11,1,4,2,3
18121414,2,11,8,10,7
18121415,1,6,5,2,10
18121416,5,6,3,11,1
18121417,2,7,10,1,9
18121418,8,9,6,5,10
18121419,1,3,7,6,11
18121420,7,4,10,11,1
18121421,1,3,5,11,8
18121422,2,10,11,8,5
18121423,6,9,1,4,8
18121424,8,2,9,7,10
18121425,10,11,6,9,4
18121426,6,3,4,5,8
18121427,6,3,7,2,5
18121428,4,11,1,7,3
18121429,3,6,10,2,5
18121430,5,7,9,4,2
18121431,9,6,7,1,8
18121432,1,5,11,9,6
18121433,6,3,11,7,10
18121434,8,11,1,7,3
18121435,5,6,7,2,8
18121436,6,4,7,3,5
18121437,6,1,10,2,7
18121438,10,7,1,2,8
18121439,3,2,4,9,10
18121440,7,11,10,5,1
18121441,2,3,5,11,8
18121442,8,7,11,5,10
18121443,1,9,5,2,3
18121444,2,11,8,10,5
18121445,10,2,6,7,1
18121446,8,11,1,2,5
18121447,4,2,8,10,5
18121448,3,11,7,1,2
18121449,2,5,9,11,10
18121450,9,6,7,11,1
18121451,6,10,9,3,8
18121452,6,4,5,11,8
18121453,10,3,1,2,9
18121454,4,9,1,5,10
18121455,11,5,4,3,2
18121456,11,8,6,2,5
18121457,3,11,7,2,10
18121458,8,1,3,5,9
18121459,5,10,9,2,11
18121460,9,3,8,2,10
18121461,6,10,4,2,1
18121462,8,5,3,9,4
18121463,5,1,11,3,2
18121464,7,1,4,10,8
18121465,2,7,10,9,3
18121466,7,4,2,3,11
18121467,4,6,11,5,7
18121468,1,8,7,5,9
18121469,6,3,7,11,10
18121470,5,11,6,1,9
18121471,1,8,11,7,2
18121472,9,4,8,2,3
18121473,9,8,1,3,10
18121474,6,1,2,7,8
18121475,11,4,8,1,5
18121476,11,1,10,2,6
18121477,8,10,4,7,11
18121478,11,7,2,8,5
18121479,3,8,6,2,11
18121480,5,2,8,1,10
18121481,9,3,2,7,8
18121482,2,3,11,4,8
18121483,1,10,8,5,2
18121484,2,6,9,3,5
18121501,7,10,4,9,3
18121502,8,6,2,9,1
18121503,7,3,2,1,9
18121504,8,6,10,3,5
18121505,9,10,7,5,3
18121506,10,3,6,11,1
18121507,3,5,10,1,8
18121508,4,6,9,10,7
18121509,10,11,4,2,3
18121510,3,7,1,6,8
18121511,5,7,3,6,1
18121512,7,10,6,11,2
18121513,11,1,10,4,9
18121514,2,7,11,10,1
18121515,10,1,8,7,2
18121516,5,6,3,4,11
18121517,5,11,9,8,1
18121518,1,10,4,3,5
18121519,10,6,5,4,1
18121520,4,10,5,1,8
18121521,7,8,4,1,3
18121522,7,2,11,10,5
18121523,2,5,11,9,10
18121524,5,1,8,9,11
18121525,9,1,11,2,6
18121526,11,7,1,2,6
18121527,3,11,5,8,6
18121528,6,4,10,8,3
18121529,6,7,11,2,3
18121530,4,2,11,6,5
18121531,1,3,6,5,10
18121532,7,10,4,2,1
18121533,11,9,5,6,7
18121534,8,10,6,2,3
18121535,1,11,3,5,7
18121536,1,6,4,5,3
18121537,2,6,7,3,5
18121538,8,2,7,3,10
18121539,9,7,6,3,2
18121540,9,6,3,11,10
18121541,7,11,10,6,8
18121542,10,6,5,2,1
18121543,10,9,11,5,3
18121544,10,4,1,2,6
18121545,1,3,11,5,2
18121546,4,10,1,5,9
18121547,3,9,4,7,11
18121548,10,9,5,11,2
18121549,9,7,8,2,1
18121550,5,11,8,10,4
18121551,7,4,2,5,6
18121552,10,9,1,11,3
18121553,3,7,11,8,1
18121554,4,1,8,5,9
18121555,3,7,11,8,4
18121556,11,4,1,3,6
18121557,7,9,6,3,5
18121558,6,4,10,5,8
18121559,7,4,5,3,6
18121560,7,9,6,2,10
18121561,4,8,10,6,7
18121562,9,10,5,4,1
18121563,2,7,3,6,11
18121564,2,4,8,1,5
18121565,4,6,2,11,9
18121566,5,10,11,9,1
18121567,5,7,3,2,11
18121568,10,4,11,3,9
18121569,3,8,5,10,6
18121570,6,4,1,3,5
18121571,7,6,9,5,8
18121572,2,1,8,6,9
18121573,7,2,9,3,6
18121574,8,2,6,1,9
18121575,6,11,1,5,7
18121576,2,11,5,1,10
18121577,11,5,10,7,1
18121578,10,4,5,3,1
18121579,7,8,9,6,10
18121580,11,9,6,8,10
18121581,8,6,1,2,9
18121582,5,7,11,6,10
18121583,9,6,7,11,8
18121584,3,10,8,5,1
18121601,7,1,11,10,9
18121602,4,8,7,11,2
18121603,2,6,3,1,8
18121604,2,6,9,4,11
18121605,10,3,1,9,5
18121606,6,3,5,4,2
18121607,1,9,8,4,5
18121608,5,1,9,3,6
18121609,5,8,4,11,3
18121610,3,7,11,1,2
18121611,11,4,2,8,5
18121612,2,5,10,6,11
18121613,10,7,2,3,9
18121614,2,5,7,8,6
18121615,11,4,6,10,8
18121616,3,8,10,11,9
18121617,7,11,3,1,2
18121618,3,5,9,10,7
18121619,5,10,11,3,7
18121620,4,5,6,7,9
18121621,7,11,10,1,9
18121622,2,11,1,3,7
18121623,5,6,9,4,11
18121624,5,11,2,6,4
18121625,9,6,1,8,7
18121626,2,5,8,9,3
18121627,10,8,1,2,4
18121628,8,6,2,4,9
18121629,11,3,6,7,10
18121630,8,6,10,5,4
18121631,11,3,10,2,6
18121632,3,1,2,5,11
18121633,7,4,3,1,5
18121634,4,3,5,6,1
18121635,7,11,4,1,6
18121636,1,10,9,4,5
18121637,5,4,9,10,2
18121638,7,1,4,11,5
18121639,9,1,4,6,7
18121640,1,6,4,9,7
18121641,8,1,10,3,7
18121642,1,5,8,9,7
18121643,7,5,9,6,2
18121644,2,4,1,3,11
18121645,2,4,5,1,6
18121646,7,6,8,5,2
18121647,4,3,9,8,5
18121648,5,1,7,9,3
18121649,8,2,10,11,3
18121650,6,9,7,11,8
18121651,2,8,7,3,9
18121652,2,7,6,3,4
18121653,9,11,1,8,3
18121654,3,6,1,10,5
18121655,8,10,2,9,7
18121656,4,3,11,5,7
18121657,1,8,3,2,6
18121658,6,11,2,10,3
18121659,5,4,7,9,1
18121660,6,10,4,2,1
18121661,1,5,7,3,10
18121662,5,4,6,9,3
18121663,11,6,4,2,8
18121664,5,2,6,10,11
18121665,7,3,10,8,5
18121666,10,5,9,2,11
18121667,4,1,2,3,10
18121668,10,3,1,2,8
18121669,3,11,4,6,7
18121670,11,9,1,10,7
18121671,10,6,7,11,2
18121672,8,1,7,4,5
18121673,10,8,6,4,1
18121674,5,10,2,6,9
18121675,8,11,7,6,9
18121676,4,2,8,7,1
18121677,3,10,6,5,8
18121678,7,2,10,9,1
18121679,1,9,5,4,6
18121680,7,8,4,3,11
18121681,3,10,7,5,2
18121682,8,2,1,7,3
18121683,8,5,4,7,3
18121684,7,2,11,10,9
18121701,10,6,7,8,2
18121702,8,7,6,5,2
18121703,11,5,4,10,7
18121704,6,8,11,9,2
18121705,6,11,1,8,10
18121706,6,7,1,9,10
18121707,9,2,6,11,10
18121708,9,10,6,1,8
18121709,5,1,8,3,4
18121710,3,5,7,6,2
18121711,11,8,4,5,3
18121712,6,11,9,2,10
18121713,11,3,5,10,7
18121714,11,3,8,9,5
18121715,1,4,7,6,9
18121716,2,6,11,5,7
18121717,4,11,5,7,2
18121718,10,7,8,2,6
18121719,9,6,1,5,11
18121720,7,1,9,6,8
18121721,10,2,6,3,4
18121722,11,1,4,6,2
18121723,8,9,7,2,6
18121724,1,8,9,6,4
18121725,8,5,6,1,11
18121726,2,1,11,10,3
18121727,2,8,9,1,6
18121728,5,4,1,9,7
18121729,11,10,2,4,1
18121730,9,1,2,11,3
18121731,3,5,2,6,7
18121732,2,4,9,6,8
18121733,4,5,6,8,9
18121734,7,4,9,5,3
18121735,9,3,5,4,10
18121736,11,8,2,1,6
18121737,11,9,10,4,1
18121738,1,11,8,10,5
18121739,6,8,1,5,11
18121740,7,8,1,9,5
18121741,3,1,10,9,4
18121742,2,11,6,5,3
18121743,10,7,8,3,6
18121744,6,4,9,5,11
18121745,6,4,11,3,1
18121746,1,3,2,11,8
18121747,10,1,5,2,3
18121748,5,11,6,2,8
18121749,2,11,10,9,7
18121750,10,6,5,2,3
18121751,6,9,5,7,3
18121752,11,4,7,3,2
18121753,4,6,1,5,10
18121754,6,9,5,2,3
18121755,3,5,4,9,1
18121756,10,5,7,4,11
18121757,1,2,4,5,8
18121758,8,4,10,6,1
18121759,7,11,10,2,8
18121760,1,8,4,9,6
18121761,9,8,7,11,2
18121762,10,6,5,2,4
18121763,8,4,9,5,11
18121764,10,9,11,6,7
18121765,4,3,1,7,9
18121766,6,9,3,1,11
18121767,9,8,11,6,5
18121768,10,5,6,2,7
18121769,2,4,3,6,1
18121770,9,7,11,4,10
18121771,4,8,11,5,7
18121772,1,11,9,3,10
18121773,1,4,3,7,6
18121774,2,4,11,9,8
18121775,11,9,8,2,5
18121776,11,6,3,8,1
18121777,10,8,4,9,2
18121778,2,6,7,11,9
18121779,10,8,1,7,4
18121780,4,3,2,5,8
18121781,4,1,3,10,7
18121782,1,9,4,3,7
18121783,8,10,3,4,6
18121784,7,9,3,8,6
18121801,4,1,5,11,3
18121802,8,6,5,10,11
18121803,11,8,9,6,5
18121804,2,10,5,8,4
18121805,6,2,8,7,4
18121806,5,6,1,11,9
18121807,1,2,4,10,5
18121808,1,8,7,4,5
18121809,4,3,10,6,11
18121810,10,3,8,1,11
18121811,8,7,3,5,6
18121812,3,5,11,9,2
18121813,2,4,6,7,1
18121814,6,11,1,4,7
18121815,7,9,10,3,5
18121816,1,8,5,7,11
18121817,3,11,9,5,8
18121818,6,1,3,2,11
18121819,3,4,1,10,2
18121820,4,3,10,5,1
18121821,1,2,8,9,7
18121822,8,7,10,9,1
18121823,6,4,8,1,11
18121824,5,9,10,8,3
18121825,10,1,9,2,7
18121826,9,8,1,4,7
18121827,6,7,4,9,2
18121828,1,8,5,9,2
18121829,8,4,11,2,9
18121830,11,3,6,9,2
18121831,3,8,5,11,6
18121832,8,7,2,3,6
18121833,1,11,10,7,3
18121834,8,4,3,6,10
18121835,1,5,9,2,8
18121836,9,1,3,11,2
18121837,1,5,2,10,4
18121838,5,3,7,9,11
18121839,5,4,9,2,11
18121840,9,3,1,2,5
18121841,2,5,3,1,9
18121842,2,5,3,1,4
18121843,10,6,3,5,8
18121844,3,11,7,1,8
18121845,6,3,2,9,7
18121846,4,7,10,1,9
18121847,10,6,3,9,5
18121848,10,4,1,6,11
18121849,3,1,8,2,6
18121850,4,3,6,10,9
18121851,4,8,10,9,11
18121852,4,1,8,9,6
18121853,2,10,8,9,5
18121854,3,1,2,7,11
18121855,7,1,5,10,6
18121856,10,7,8,11,3
18121857,10,3,9,5,4
18121858,7,9,5,11,3
18121859,1,5,11,7,9
18121860,9,5,8,1,11
18121861,8,3,10,5,4
18121862,3,9,1,8,6
18121863,5,9,1,11,3
18121864,7,9,10,1,5
18121865,2,10,11,9,4
18121866,9,8,6,7,3
18121867,6,3,8,4,2
18121868,2,9,3,7,10
18121869,11,3,2,6,4
18121870,6,7,5,3,4
18121871,6,10,5,9,2
18121872,8,6,1,10,4
18121873,5,10,2,1,11
18121874,4,11,10,7,2
18121875,2,8,7,3,5
18121876,4,11,9,1,7
18121877,11,6,5,8,1
18121878,1,10,9,2,6
18121879,7,9,11,2,3
18121880,3,8,5,4,2
18121881,8,2,6,3,4
18121882,6,5,8,2,11
18121883,5,1,6,2,7
18121884,8,11,4,6,7
18121901,9,10,5,1,3
18121902,3,7,1,11,5
18121903,8,4,9,1,5
18121904,4,9,3,1,11
18121905,6,3,10,7,9
18121906,1,4,9,6,3
18121907,8,6,9,3,1
18121908,1,6,3,5,4
18121909,8,6,7,2,10
18121910,5,1,3,11,2
18121911,5,1,11,7,3
18121912,3,1,2,7,5
18121913,2,6,3,7,11
18121914,9,1,11,5,4
18121915,7,5,4,2,8
18121916,5,1,4,2,8
18121917,4,5,9,10,3
18121918,6,5,9,1,11
18121919,2,4,8,10,9
18121920,9,1,6,7,3
18121921,4,3,1,7,2
18121922,8,4,10,6,3
18121923,6,2,5,1,7
18121924,7,2,4,10,8
18121925,6,2,7,1,4
18121926,7,9,3,1,4
18121927,11,4,9,8,1
18121928,2,3,5,8,7
18121929,2,11,8,10,1
18121930,5,7,1,4,11
18121931,7,10,4,9,6
18121932,3,11,9,6,4
18121933,4,1,5,6,3
18121934,11,6,8,7,9
18121935,7,2,10,6,4
18121936,3,1,8,9,4
18121937,11,5,10,8,1
18121938,7,3,9,2,10
18121939,4,2,11,6,8
18121940,1,5,4,10,9
18121941,2,4,6,9,10
18121942,5,4,10,6,3
18121943,7,4,5,11,1
18121944,11,7,9,5,2
18121945,2,6,4,10,5
18121946,1,6,5,9,3
18121947,9,11,5,4,8
18121948,4,11,1,2,3
18121949,4,3,1,5,11
18121950,1,11,6,5,2
18121951,5,10,4,1,7
18121952,8,3,9,4,7
18121953,2,9,10,3,5
18121954,10,4,8,9,7
18121955,7,5,6,11,9
18121956,4,5,7,1,3
18121957,6,5,1,10,7
18121958,8,1,6,3,4
18121959,3,5,6,1,7
18121960,3,10,4,7,5
18121961,3,6,8,1,4
18121962,1,7,4,10,3
18121963,5,2,4,6,7
18121964,1,7,11,3,2
18121965,2,10,1,6,5
18121966,5,7,8,11,1
18121967,3,1,7,4,11
18121968,4,3,5,9,8
18121969,7,11,3,6,8
18121970,7,2,9,5,4
18121971,7,6,11,4,9
18121972,5,2,8,4,7
18121973,5,4,1,7,3
18121974,1,10,5,2,8
18121975,10,11,7,5,3
18121976,6,11,7,2,1
18121977,8,9,4,6,3
18121978,11,8,4,6,5
18121979,4,8,10,5,9
18121980,5,8,4,9,2
18121981,8,11,5,9,3
18121982,1,4,7,9,2
18121983,5,1,11,9,6
18121984,4,1,8,9,10
18122001,9,8,6,4,2
18122002,3,9,11,7,6
18122003,5,2,9,11,6
18122004,1,9,6,8,5
18122005,8,4,10,5,9
18122006,5,4,6,9,8
18122007,5,10,11,3,7
18122008,1,11,3,10,4
18122009,8,7,9,2,11
18122010,4,9,3,6,7
18122011,11,10,6,3,4
18122012,10,3,5,9,1
18122013,6,4,5,1,11
18122014,1,10,9,2,5
18122015,4,8,1,7,2
18122016,6,10,2,5,3
18122017,2,8,7,5,3
18122018,6,2,1,8,9
18122019,2,5,6,7,9
18122020,11,3,2,5,6
18122021,9,2,6,8,11
18122022,9,8,4,6,2
18122023,7,2,3,10,6
18122024,11,6,5,3,2
18122025,4,9,1,3,11
18122026,2,7,9,3,10
18122027,9,3,7,5,1
18122028,5,6,10,2,3
18122029,6,1,10,8,11
18122030,7,8,5,3,6
18122031,11,7,6,2,3
18122032,4,8,6,3,2
18122033,11,1,8,5,6
18122034,5,7,4,9,10
18122035,7,4,5,11,10
18122036,10,6,2,8,3
18122037,9,3,2,7,11
18122038,10,8,1,7,3
18122039,10,1,6,5,8
18122040,3,5,10,7,2
18122041,8,2,1,4,3
18122042,1,10,9,11,8
18122043,1,8,4,9,6
18122044,6,11,7,5,2
18122045,9,3,7,4,5
18122046,5,7,8,6,1
18122047,9,8,4,7,5
18122048,6,11,9,2,8
18122049,9,10,6,11,3
18122050,8,10,4,3,6
18122051,3,9,7,4,11
18122052,8,4,10,9,2
18122053,9,3,5,4,11
18122054,3,10,8,9,5
18122055,10,6,8,4,9
18122056,3,4,2,11,5
18122057,6,9,8,3,11
18122058,8,4,11,10,7
18122059,9,10,4,7,8
18122060,7,5,4,2,1
18122061,5,4,10,6,8
18122062,2,1,6,11,4
18122063,1,10,4,7,5
18122064,4,11,1,9,8
18122065,5,6,1,4,7
18122066,2,3,1,6,4
18122067,6,8,4,3,10
18122068,8,11,2,5,3
18122069,3,5,1,6,11
18122070,6,7,5,8,3
18122071,8,10,5,11,4
18122072,8,6,3,1,4
18122073,1,10,6,9,5
18122074,7,4,9,6,5
18122075,9,4,2,10,1
18122076,5,1,2,6,9
18122077,9,3,6,4,7
18122078,4,7,9,5,3
18122079,11,1,5,6,8
18122080,8,11,3,1,4
18122081,3,4,6,8,10
18122082,11,2,8,3,4
18122083,2,1,7,8,3
18122084,5,6,4,3,1
18122101,10,7,2,6,3
18122102,7,10,9,11,3
18122103,5,11,9,6,1
18122104,3,11,2,6,7
18122105,6,5,3,8,11
18122106,4,8,11,10,3
18122107,4,7,5,3,8
18122108,3,10,6,1,9
18122109,6,8,2,4,10
18122110,2,8,5,10,7
18122111,6,7,5,9,8
18122112,8,3,10,9,5
18122113,4,5,11,3,1
18122114,5,11,3,9,2
18122115,1,3,6,10,9
18122116,10,9,8,6,5
18122117,7,5,8,2,4
18122118,7,10,5,3,6
18122119,8,4,2,11,7
18122120,9,8,10,5,6
18122121,10,5,3,2,11
18122122,4,7,2,6,10
18122123,10,4,7,11,1
18122124,10,5,2,8,3
18122125,5,10,11,1,4
18122126,6,4,2,7,11
18122127,11,9,4,1,8
18122128,7,2,9,1,8
18122129,5,3,8,9,11
18122130,9,4,3,11,2
18122131,5,1,2,4,8
18122132,2,1,9,6,10
18122133,5,4,3,8,7
18122134,2,11,6,8,3
18122135,7,4,2,5,1
18122136,6,3,4,1,11
18122137,4,1,5,3,2
18122138,5,10,9,1,3
18122139,9,5,10,1,8
18122140,1,11,10,7,3
18122141,4,6,2,3,1
18122142,9,4,6,10,8
18122143,9,3,7,5,10
18122144,7,5,10,3,4
18122145,10,8,11,3,2
18122146,4,2,11,7,10
18122147,6,4,11,7,1
18122148,4,8,5,2,7
18122149,6,7,2,10,9
18122150,4,9,7,11,2
18122151,1,6,5,8,3
18122152,11,3,7,2,9
18122153,6,5,10,7,2
18122154,6,5,7,9,11
18122155,10,1,3,8,4
18122156,2,1,4,3,5
18122157,2,10,5,1,4
18122158,8,3,2,1,7
18122159,8,11,9,6,3
18122160,3,9,5,6,4
18122161,6,3,7,10,8
18122162,2,9,8,4,6
18122163,3,2,10,11,9
18122164,2,9,7,6,5
18122165,6,11,1,3,8
18122166,4,11,8,7,9
18122167,3,8,1,5,7
18122168,9,2,6,4,5
18122169,1,5,4,3,2
18122170,1,2,4,11,7
18122171,10,4,5,7,2
18122172,3,11,5,10,7
18122173,3,4,9,5,8
18122174,4,7,5,6,8
18122175,9,1,7,8,10
18122176,1,9,5,3,8
18122177,8,5,9,2,6
18122178,7,1,2,11,4
18122179,5,8,1,11,7
18122180,1,2,4,9,6
18122181,8,1,3,6,9
18122182,11,5,1,6,4
18122183,4,8,9,3,11
18122184,3,8,4,10,6
18122201,5,7,3,1,4
18122202,1,5,4,7,3
18122203,8,6,7,10,1
18122204,11,7,6,1,2
18122205,1,5,7,9,8
18122206,5,1,10,4,2
18122207,5,7,11,3,10
18122208,11,3,1,7,8
18122209,2,5,6,3,7
18122210,6,2,8,1,4
18122211,5,4,11,2,1
18122212,6,7,8,3,11
18122213,8,7,4,9,10
18122214,11,9,2,3,6
18122215,9,7,3,11,6
18122216,6,8,3,5,7
18122217,9,1,8,2,7
18122218,9,6,5,3,7
18122219,8,2,6,3,4
18122220,4,10,3,8,1
18122221,11,6,3,7,9
18122222,11,10,1,7,6
18122223,8,11,9,2,6
18122224,6,9,11,10,3
18122225,3,6,7,1,4
18122226,2,11,6,3,9
18122227,2,5,6,9,10
18122228,3,5,2,11,8
18122229,6,7,2,3,1
18122230,3,2,5,1,10
18122231,7,10,3,4,1
18122232,4,8,7,6,1
18122233,10,5,8,6,2
18122234,10,11,9,8,2
18122235,5,3,4,8,10
18122236,1,5,8,6,9
18122237,1,6,4,7,2
18122238,8,7,4,11,6
18122239,8,9,11,10,7
18122240,2,6,10,7,5
18122241,8,6,5,3,7
18122242,2,6,1,3,8
18122243,8,3,7,2,5
18122244,3,11,5,1,9
18122245,1,10,3,6,7
18122246,2,6,7,10,8
18122247,8,2,4,10,6
18122248,2,7,1,3,5
18122249,11,4,8,1,6
18122250,10,2,7,1,6
18122251,1,5,10,7,11
18122252,4,5,8,11,3
18122253,7,3,4,9,2
18122254,5,4,9,10,8
18122255,1,5,7,8,6
18122256,11,9,3,5,6
18122257,2,9,5,6,7
18122258,7,11,8,10,2
18122259,1,10,9,7,11
18122260,5,9,11,8,1
18122261,9,4,2,11,5
18122262,4,10,11,8,2
18122263,9,5,2,8,11
18122264,6,9,3,8,10
18122265,1,3,10,7,2
18122266,6,5,8,11,3
18122267,7,10,1,5,9
18122268,1,4,7,3,11
18122269,10,7,9,8,11
18122270,6,5,11,1,8
18122271,3,1,9,10,6
18122272,9,8,7,10,1
18122273,10,7,8,3,11
18122274,1,2,10,3,6
18122275,4,6,9,10,1
18122276,4,1,3,5,7
18122277,3,10,1,8,7
18122278,1,11,7,5,3
18122279,1,3,6,9,4
18122280,5,9,11,7,1
18122281,9,4,10,1,3
18122282,5,7,6,1,4
18122283,5,6,8,1,7
18122284,6,10,1,7,9
18122301,7,5,1,2,11
18122302,3,7,2,5,1
18122303,4,3,2,6,8
18122304,4,10,2,8,6
18122305,10,4,6,11,1
18122306,6,4,11,2,10
18122307,3,10,5,4,2
18122308,5,7,1,2,9
18122309,10,7,4,1,11
18122310,2,9,5,6,1
18122311,9,1,11,7,3
18122312,9,5,2,11,3
18122313,9,7,10,5,8
18122314,3,11,2,1,7
18122315,8,6,4,9,10
18122316,2,6,1,10,11
18122317,11,3,7,5,6
18122318,5,9,11,3,7
18122319,8,4,7,9,2
18122320,11,9,2,1,5
18122321,9,5,11,3,2
18122322,2,11,5,10,1
18122323,8,3,1,11,4
18122324,6,2,10,7,9
18122325,4,7,6,3,2
18122326,5,6,9,2,8
18122327,8,10,5,9,3
18122328,8,10,4,6,2
18122329,3,8,11,1,4
18122330,11,3,2,7,8
18122331,9,8,2,7,3
18122332,1,4,7,11,2
18122333,7,9,10,3,4
18122334,1,6,9,7,3
18122335,2,6,5,10,8
18122336,11,1,6,10,8
18122337,8,7,5,4,3
18122338,4,7,3,5,6
18122339,2,7,1,3,6
18122340,5,7,1,2,11
18122341,11,8,3,5,4
18122342,6,7,3,2,1
18122343,7,2,8,10,5
18122344,7,4,1,3,11
18122345,9,1,5,3,6
18122346,6,8,2,4,1
18122347,10,8,4,6,3
18122348,10,11,2,6,3
18122349,8,11,5,7,2
18122350,8,9,6,11,2
18122351,5,4,2,6,11
18122352,9,6,1,4,11
18122353,5,10,1,9,7
18122354,5,1,7,11,8
18122355,2,9,1,6,10
18122356,3,1,7,2,4
18122357,7,5,3,2,10
18122358,11,2,6,1,9
18122359,2,4,6,3,9
18122360,3,9,5,6,10
18122361,9,11,10,4,1
18122362,1,5,2,8,9
18122363,7,9,11,4,6
18122364,11,3,10,6,5
18122365,3,1,11,7,10
18122366,6,8,7,5,11
18122367,6,8,9,3,7
18122368,3,8,1,9,7
18122369,7,10,8,1,6
18122370,9,6,5,2,4
18122371,4,11,5,2,9
18122372,1,10,5,3,8
18122373,6,11,1,8,7
18122374,7,8,3,4,2
18122375,1,10,11,3,4
18122376,5,7,8,10,6
18122377,3,6,8,4,1
18122378,9,7,1,6,2
18122379,5,3,11,8,6
18122380,8,10,2,1,4
18122381,2,7,9,10,8
18122382,9,10,2,3,7
18122383,2,1,6,4,9
18122384,10,8,4,6,7
18122401,3,1,5,2,8
18122402,4,9,1,5,10
18122403,3,11,5,9,4
18122404,8,3,10,11,2
18122405,4,7,3,1,9
18122406,11,3,7,9,10
18122407,7,2,11,5,4
18122408,2,9,4,10,7
18122409,2,3,9,11,5
18122410,1,8,5,4,9
18122411,9,7,5,2,8
18122412,3,5,2,9,4
18122413,5,7,3,10,9
18122414,9,4,8,11,6
18122415,11,4,8,3,1
18122416,6,2,8,4,1
18122417,8,4,11,6,9
18122418,2,6,7,8,3
18122419,8,10,7,5,2
18122420,9,5,8,6,3
18122421,8,9,11,7,1
18122422,8,7,10,9,3
18122423,5,1,3,2,7
18122424,1,7,3,4,10
18122425,2,1,7,3,4
18122426,1,3,5,4,2
18122427,5,3,11,10,9
18122428,1,5,9,8,3
18122429,7,5,9,8,6
18122430,6,3,10,4,1
18122431,1,3,2,9,4
18122432,2,6,3,7,5
18122433,5,7,1,2,9
18122434,6,4,5,1,10
18122435,5,2,4,3,9
18122436,5,2,6,10,4
18122437,8,3,11,7,5
18122438,2,5,8,7,4
18122439,1,5,10,4,3
18122440,4,6,7,3,8
18122441,4,9,1,7,2
18122442,3,5,11,8,9
18122443,10,5,11,9,8
18122444,6,1,7,10,8
18122445,11,5,4,3,1
18122446,6,3,8,4,11
18122447,2,9,11,5,10
18122448,9,1,4,10,11
18122449,11,9,5,4,8
18122450,2,3,6,10,4
18122451,8,7,11,6,4
18122452,9,10,5,2,6
18122453,2,1,4,10,5
18122454,5,6,9,7,11
18122455,6,5,1,7,11
18122456,7,1,3,8,11
18122457,11,8,1,5,9
18122458,6,3,1,2,5
18122459,6,9,10,2,11
18122460,11,10,1,8,4
18122461,10,4,9,1,3
18122462,9,5,4,1,11
18122463,1,2,6,5,10
18122464,4,1,7,3,6
18122465,6,1,10,3,7
18122466,3,10,5,1,7
18122467,10,9,11,7,6
18122468,1,6,10,3,4
18122469,7,6,3,10,1
18122470,11,4,5,6,3
18122471,2,8,5,4,3
18122472,8,9,2,3,4
18122473,7,11,1,4,6
18122474,8,3,4,1,6
18122475,10,11,9,8,4
18122476,5,4,1,10,11
18122477,7,6,5,1,9
18122478,6,7,5,3,4
18122479,10,11,4,7,5
18122480,1,2,7,5,4
18122481,10,6,9,8,7
18122482,6,7,10,2,5
18122483,8,4,1,5,6
18122484,3,11,10,4,7
18122501,10,4,6,7,1
18122502,9,8,10,7,4
18122503,5,3,4,8,6
18122504,10,9,3,6,4
18122505,5,2,8,3,4
18122506,8,3,7,1,5
18122507,8,9,4,6,1
18122508,11,5,2,8,7
18122509,10,3,4,1,9
18122510,1,7,10,6,2
18122511,4,9,7,11,1
18122512,4,2,9,6,10
18122513,4,2,9,7,5
18122514,4,11,2,6,7
18122515,8,4,6,1,3
18122516,1,4,5,8,10
18122517,2,6,8,11,7
18122518,11,4,6,2,9
18122519,10,6,1,3,9
18122520,3,2,9,8,7
18122521,7,6,9,8,11
18122522,11,6,2,4,10
18122523,6,9,8,5,1
18122524,1,2,10,8,11
18122525,7,2,4,3,10
18122526,5,4,10,11,7
18122527,6,2,3,11,5
18122528,6,2,7,11,1
18122529,9,8,5,3,6
18122530,8,9,7,3,11
18122531,4,6,11,9,10
18122532,5,7,1,8,6
18122533,6,2,1,5,9
18122534,5,7,1,9,3
18122535,7,6,11,1,9
18122536,1,8,3,6,5
18122537,7,3,2,11,4
18122538,4,10,5,11,3
18122539,10,9,4,1,2
18122540,5,8,10,2,7
18122541,3,5,6,1,7
18122542,5,8,1,2,11
18122543,1,6,10,7,11
18122544,10,8,3,6,9
18122545,3,8,2,11,1
18122546,11,9,10,2,3
18122547,8,6,9,3,5
18122548,8,11,9,4,2
18122549,8,7,2,3,6
18122550,8,1,6,7,9
18122551,7,6,9,1,10
18122552,1,6,9,5,10
18122553,5,1,9,4,6
18122554,10,5,1,3,11
18122555,7,4,8,5,11
18122556,3,7,9,5,11
18122557,11,6,9,5,2
18122558,7,10,8,5,4
18122559,8,3,5,4,6
18122560,10,7,3,2,9
18122561,5,8,3,7,9
18122562,9,1,7,2,11
18122563,5,9,6,1,4
18122564,2,5,10,1,6
18122565,1,4,3,6,11
18122566,9,6,4,10,5
18122567,2,11,7,9,1
18122568,1,7,2,3,5
18122569,8,9,3,10,6
18122570,9,2,7,1,4
18122571,9,7,8,11,6
18122572,3,10,7,4,9
18122573,6,9,1,8,11
18122574,11,3,9,8,4
18122575,2,5,8,9,6
18122576,3,1,9,11,5
18122577,2,8,11,4,7
18122578,9,2,6,8,10
18122579,1,7,4,2,5
18122580,9,8,11,7,10
18122581,11,2,10,6,9
18122582,4,1,10,9,11
18122583,7,9,1,8,2
18122584,2,3,4,6,10
18122601,2,3,4,6,1
18122602,10,6,8,5,3
18122603,8,7,2,4,5
18122604,1,11,3,7,6
18122605,2,7,9,5,8
18122606,11,5,8,9,10
18122607,11,2,6,10,5
18122608,4,9,3,10,11
18122609,5,1,4,11,3
18122610,4,3,8,5,7
18122611,4,6,11,7,2
18122612,8,7,6,1,11
18122613,10,5,6,9,3
18122614,6,3,1,10,2
18122615,3,2,10,6,7
18122616,1,3,10,7,4
18122617,5,3,6,9,11
18122618,8,2,10,9,6
18122619,1,8,2,10,3
18122620,4,2,6,8,3
18122621,10,6,2,1,11
18122622,1,10,2,9,4
18122623,9,1,8,6,3
18122624,4,8,1,6,3
18122625,8,4,9,3,7
18122626,4,11,6,8,7
18122627,1,7,5,8,2
18122628,3,6,5,4,9
18122629,2,7,9,3,10
18122630,5,7,6,11,4
18122631,5,6,8,10,9
18122632,8,10,5,3,2
18122633,3,5,11,7,10
18122634,4,3,11,2,9
18122635,10,11,8,3,6
18122636,4,5,9,3,8
18122637,6,5,11,7,2
18122638,5,1,9,10,6
18122639,11,2,8,9,5
18122640,11,8,4,7,2
18122641,9,11,10,1,2
18122642,3,1,11,2,7
18122643,9,6,4,5,1
18122644,4,2,3,9,1
18122645,11,10,7,5,6
18122646,3,1,8,10,9
18122647,10,11,4,8,1
18122648,10,4,9,5,7
18122649,7,10,6,3,5
18122650,9,1,6,3,4
18122651,3,8,1,4,9
18122652,4,1,9,7,6
18122653,8,6,11,5,2
18122654,8,2,1,7,6
18122655,4,2,8,7,1
18122656,3,10,11,2,4
18122657,1,3,8,5,2
18122658,8,3,9,1,4
18122659,6,3,7,1,8
18122660,10,6,8,2,7
18122661,5,3,6,2,11
18122662,5,4,10,8,1
18122663,2,11,8,5,9
18122664,8,3,7,6,9
18122665,8,10,5,9,4
18122666,6,11,8,3,4
18122667,11,7,5,6,10
18122668,7,1,5,3,4
18122669,5,3,1,11,2
18122670,3,8,7,5,9
18122671,11,1,7,4,5
18122672,11,9,3,7,5
18122673,6,3,8,7,4
18122674,6,4,7,2,8
18122675,10,4,5,8,3
18122676,1,3,2,6,11
18122677,7,1,8,11,6
18122678,10,3,6,8,9
18122679,4,7,5,8,1
18122680,8,6,3,4,10
18122681,2,5,11,10,1
18122682,11,5,9,7,1
18122683,6,3,2,5,11
18122684,2,6,11,10,5
18122701,2,9,6,11,10
18122702,10,6,7,8,5
18122703,3,10,7,2,4
18122704,6,7,8,9,2
18122705,6,8,11,10,5
18122706,4,7,3,9,2
18122707,8,11,4,10,5
18122708,5,10,4,2,7
18122709,3,5,8,9,11
18122710,1,6,4,5,8
18122711,9,8,4,5,3
18122712,5,4,8,1,3
18122713,3,11,10,1,4
18122714,9,10,1,6,2
18122715,2,5,9,6,8
18122716,8,6,4,9,2
18122717,7,6,5,11,1
18122718,11,6,7,4,9
18122719,10,11,9,7,3
18122720,10,4,7,1,3
18122721,2,8,5,1,11
18122722,10,6,1,4,9
18122723,8,4,3,2,9
18122724,1,8,11,9,4
18122725,5,2,1,3,4
18122726,2,5,7,8,3
18122727,2,9,5,4,1
18122728,2,4,1,5,3
18122729,5,6,9,4,10
18122730,10,2,5,8,4
18122731,5,3,9,7,8
18122732,3,5,2,7,10
18122733,5,2,1,11,8
18122734,3,6,11,10,1
18122735,2,6,11,9,3
18122736,8,2,6,7,1
18122737,3,5,10,7,1
18122738,5,3,2,1,9
18122739,3,8,9,5,7
18122740,5,3,2,1,9
18122741,3,9,2,6,11
18122742,7,8,5,3,4
18122743,10,1,11,5,3
18122744,3,6,4,11,1
18122745,5,4,10,3,8
18122746,8,3,7,6,9
18122747,1,5,6,11,4
18122748,5,11,4,2,1
18122749,11,8,3,2,9
18122750,5,2,7,9,6
18122751,1,8,4,10,6
18122752,11,3,6,2,8
18122753,5,10,3,4,6
18122754,7,10,3,8,5
18122755,10,6,8,11,2
18122756,10,11,4,2,5
18122757,11,9,3,5,8
18122758,7,10,5,8,2
18122759,7,3,8,10,1
18122760,1,3,9,8,10
18122761,5,9,7,3,6
18122762,1,10,5,7,9
18122763,10,3,1,9,5
18122764,6,5,2,1,3
18122765,5,7,9,8,4
18122766,10,6,8,3,4
18122767,3,11,4,7,6
18122768,10,1,9,6,5
18122769,6,4,5,11,9
18122770,9,8,1,6,10
18122771,8,5,9,6,4
18122772,10,3,2,1,8
18122773,4,10,6,7,2
18122774,1,3,5,11,8
18122775,7,3,1,8,2
18122776,9,5,3,11,4
18122777,9,10,6,8,3
18122778,8,11,2,3,10
18122779,8,3,2,1,7
18122780,1,4,5,9,6
18122781,7,5,2,11,3
18122782,6,1,2,9,5
18122783,1,6,4,7,5
18122784,3,10,2,9,4
18122801,8,7,10,3,6
18122802,1,6,10,7,4
18122803,2,1,10,8,6
18122804,11,2,10,4,6
18122805,3,8,4,6,5
18122806,8,3,9,7,6
18122807,1,8,11,3,9
18122808,5,8,6,9,10
18122809,4,11,6,9,7
18122810,7,4,5,10,6
18122811,3,7,6,8,2
18122812,10,6,3,8,1
18122813,8,7,6,5,11
18122814,9,5,3,7,11
18122815,7,4,8,6,11
18122816,2,5,10,3,1
18122817,11,1,3,7,6
18122818,5,9,6,8,11
18122819,1,10,3,6,7
18122820,4,10,5,7,1
18122821,11,3,5,2,7
18122822,6,5,4,1,8
18122823,6,11,7,8,5
18122824,1,3,10,2,11
18122825,5,9,4,3,10
18122826,4,11,9,1,3
18122827,4,6,5,11,3
18122828,1,2,8,5,4
18122829,5,6,1,7,2
18122830,7,10,9,3,8
18122831,11,5,7,10,1
18122832,5,11,7,6,2
18122833,4,3,10,1,8
18122834,1,5,3,10,6
18122835,2,5,8,6,1
18122836,4,6,9,3,5
18122837,7,4,2,10,1
18122838,11,6,5,10,1
18122839,1,9,4,11,3
18122840,9,8,4,2,10
18122841,4,9,11,2,10
18122842,9,10,11,2,8
18122843,6,5,9,7,10
18122844,10,9,4,7,8
18122845,6,4,10,1,3
18122846,7,4,8,3,6
18122847,6,8,2,4,3
18122848,11,8,2,5,1
18122849,7,4,8,10,5
18122850,11,4,9,7,1
18122851,5,9,10,4,1
18122852,10,2,9,6,5
18122853,11,4,9,1,2
18122854,2,11,5,4,1
18122855,10,9,5,4,1
18122856,11,8,5,4,9
18122857,8,5,2,1,9
18122858,8,3,6,2,9
18122859,4,8,1,7,6
18122860,4,5,2,6,11
18122861,7,4,5,10,3
18122862,7,4,3,10,8
18122863,1,3,11,8,5
18122864,9,4,6,5,8
18122865,6,1,2,10,11
18122866,5,3,11,9,1
18122867,7,6,11,2,5
18122868,4,3,5,8,1
18122869,7,11,10,5,8
18122870,3,10,11,2,4
18122871,2,9,7,4,8
18122872,10,3,11,7,2
18122873,5,1,9,6,11
18122874,6,8,1,5,7
18122875,8,6,11,4,1
18122876,2,3,7,10,9
18122877,3,5,7,4,8
18122878,8,11,3,1,10
18122879,8,2,10,4,5
18122880,8,3,4,6,9
18122881,3,2,5,4,7
18122882,8,4,5,11,9
18122883,8,7,4,3,6
18122884,1,5,2,7,4
18122901,2,5,7,3,10
18122902,4,10,2,3,1
18122903,9,6,8,10,11
18122904,7,9,4,5,8
18122905,10,3,4,8,1
18122906,11,4,7,5,3
18122907,10,2,3,11,8
18122908,3,8,10,6,9
18122909,6,9,3,1,8
18122910,3,10,2,5,7
18122911,4,7,10,11,9
18122912,4,2,9,5,11
18122913,5,4,9,6,1
18122914,11,9,10,1,3
18122915,4,11,9,8,10
18122916,2,1,3,9,6
18122917,3,11,10,5,4
18122918,1,3,2,8,10
18122919,3,2,8,1,11
18122920,9,1,3,2,7
18122921,7,4,8,2,3
18122922,1,9,4,11,8
18122923,7,4,6,5,9
18122924,6,9,5,11,8
18122925,6,4,1,2,3
18122926,9,5,11,7,6
18122927,11,10,8,3,9
18122928,3,9,8,10,1
18122929,3,6,9,5,10
18122930,3,9,11,4,2
18122931,2,9,8,5,10
18122932,8,2,3,11,9
18122933,2,5,11,8,7
18122934,4,10,8,5,1
18122935,9,10,8,11,2
18122936,11,4,3,2,5
18122937,9,7,1,6,11
18122938,11,6,7,5,9
18122939,7,1,11,6,4
18122940,9,2,5,11,3
18122941,7,4,9,5,3
18122942,7,1,10,4,3
18122943,9,7,4,3,5
18122944,11,4,8,2,3
18122945,3,6,9,1,8
18122946,7,9,4,3,8
18122947,7,2,11,6,9
18122948,9,2,4,8,3
18122949,11,9,5,1,3
18122950,2,7,1,11,10
18122951,9,6,3,1,8
18122952,3,7,10,6,2
18122953,3,2,8,1,7
18122954,10,8,5,11,1
18122955,6,4,3,2,8
18122956,10,4,11,7,6
18122957,5,3,2,11,10
18122958,5,11,4,6,2
18122959,11,7,3,10,1
18122960,6,3,8,2,10
18122961,5,3,10,9,2
18122962,6,7,4,10,11
18122963,1,11,6,7,3
18122964,9,7,5,6,4
18122965,3,5,4,9,11
18122966,6,2,4,8,9
18122967,1,6,7,4,11
18122968,7,6,5,10,3
18122969,10,11,2,4,5
18122970,7,3,4,1,11
18122971,8,1,9,7,10
18122972,11,9,7,8,1
18122973,11,5,1,8,6
18122974,11,3,8,2,7
18122975,10,4,8,11,9
18122976,5,1,2,6,7
18122977,1,11,2,6,8
18122978,10,8,3,9,5
18122979,3,9,4,11,10
18122980,4,9,1,6,8
18122981,2,3,10,7,1
18122982,11,1,5,8,2
18122983,6,10,2,7,1
18122984,6,11,10,4,3
18123001,10,1,3,9,8
18123002,8,1,7,6,3
18123003,6,7,4,8,10
18123004,6,8,1,4,10
18123005,4,2,5,1,8
18123006,7,1,8,4,11
18123007,8,5,11,1,4
18123008,1,5,4,11,9
18123009,6,10,8,5,1
18123010,3,1,4,6,11
18123011,1,11,10,2,3
18123012,3,7,2,6,8
18123013,11,8,7,1,10
18123014,9,8,3,4,6
18123015,5,1,11,9,8
18123016,10,9,8,1,5
18123017,6,9,5,7,8
18123018,6,2,11,1,9
18123019,4,11,5,10,2
18123020,6,4,8,5,11
18123021,3,6,10,1,2
18123022,4,5,11,3,6
18123023,4,8,7,2,5
18123024,9,7,3,6,11
18123025,10,2,11,3,7
18123026,11,3,1,9,2
18123027,3,9,11,7,8
18123028,10,9,1,6,5
18123029,10,1,4,2,9
18123030,9,10,3,2,1
18123031,7,5,6,2,3
18123032,8,3,5,2,11
18123033,6,5,3,7,8
18123034,10,5,2,7,1
18123035,9,8,1,7,4
18123036,8,11,1,4,2
18123037,10,8,4,6,5
18123038,11,6,5,2,4
18123039,11,9,4,6,8
18123040,2,9,8,3,4
18123041,11,2,7,8,9
18123042,9,8,4,7,1
18123043,4,8,3,10,6
18123044,5,7,1,11,8
18123045,3,9,10,2,7
18123046,8,11,9,4,10
18123047,8,1,10,11,7
18123048,1,2,9,6,8
18123049,10,3,2,7,4
18123050,7,11,9,4,1
18123051,7,3,11,10,1
18123052,8,3,5,6,9
18123053,10,2,5,6,7
18123054,3,11,8,6,4
18123055,10,8,4,2,9
18123056,11,5,3,4,9
18123057,4,1,2,10,11
18123058,11,3,8,10,9
18123059,3,11,2,7,1
18123060,5,10,3,7,2
18123061,10,3,6,11,1
18123062,9,2,11,3,7
18123063,10,8,7,4,11
18123064,10,1,9,5,11
18123065,9,8,4,11,7
18123066,5,2,9,7,4
18123067,5,1,10,9,6
18123068,5,6,8,9,11
18123069,7,9,10,1,8
18123070,6,4,11,3,9
18123071,2,7,1,4,5
18123072,1,11,3,6,2
18123073,11,7,3,1,6
18123074,7,1,8,5,6
18123075,10,5,7,3,8
18123076,4,7,11,8,6
18123077,10,4,2,5,9
18123078,3,2,5,1,11
18123079,7,2,8,3,1
18123080,5,2,3,1,8
18123081,3,8,10,6,2
18123082,8,6,9,3,4
18123083,10,6,7,5,4
18123084,9,11,10,8,3
18123101,7,9,4,2,11
18123102,7,9,6,10,3
18123103,5,8,10,9,1
18123104,10,1,6,11,7
18123105,11,1,10,7,3
18123106,7,11,3,8,2
18123107,1,2,7,10,8
18123108,1,10,11,5,6
18123109,2,10,9,11,7
18123110,6,4,5,2,7
18123111,5,6,7,10,4
18123112,7,1,2,10,6
18123113,11,4,1,5,9
18123114,8,7,9,2,3
18123115,6,1,7,9,10
18123116,10,7,9,8,6
18123117,6,5,1,11,8
18123118,2,1,8,5,4
18123119,8,2,5,6,4
18123120,5,6,3,4,10
18123121,1,7,5,11,3
18123122,7,3,1,4,9
18123123,4,1,5,3,2
18123124,4,5,2,1,7
18123125,1,8,11,6,7
18123126,6,10,5,3,4
18123127,2,5,1,6,3
18123128,7,2,6,3,9
18123129,4,10,9,3,7
18123130,5,4,1,8,9
18123131,1,11,3,6,4
18123132,8,5,1,4,9
18123133,8,6,9,5,1
18123134,4,3,5,8,2
18123135,4,2,11,5,10
18123136,1,2,5,4,3
18123137,4,2,1,7,8
18123138,5,9,7,3,11
18123139,3,6,5,9,10
18123140,9,7,10,1,5
18123141,3,10,8,4,5
18123142,3,9,2,6,4
18123143,6,7,8,2,3
18123144,11,6,10,7,5
18123145,1,6,3,10,11
18123146,3,1,10,8,5
18123147,9,1,11,5,10
18123148,4,10,3,11,6
18123149,5,2,6,4,10
18123150,1,7,2,11,8
18123151,1,6,5,2,3
18123152,4,2,11,9,7
18123153,9,4,1,5,11
18123154,8,1,2,9,4
18123155,3,9,2,1,11
18123156,1,8,11,4,5
18123157,4,2,9,8,6
18123158,9,7,11,10,3
18123159,11,2,8,3,6
18123160,4,3,9,2,8
18123161,8,5,6,1,9
18123162,8,9,2,6,1
18123163,2,6,3,11,4
18123164,6,4,2,3,9
18123165,9,8,6,1,11
18123166,4,7,6,1,5
18123167,8,6,3,5,7
18123168,7,11,9,5,4
18123169,6,2,5,11,7
18123170,3,8,2,9,1
18123171,11,7,5,8,4
18123172,10,1,11,3,4
18123173,1,5,9,4,8
18123174,6,9,1,2,3
18123175,10,3,1,6,9
18123176,6,7,10,4,9
18123177,7,11,6,10,5
18123178,9,5,6,10,3
18123179,9,10,2,8,6
18123180,9,8,11,3,5
18123181,5,11,7,8,6
18123182,6,9,11,8,2
18123183,11,7,9,1,10
18123184,9,2,3,11,10
