18100101,1,10,6,5,2
18100102,4,8,10,9,5
18100103,6,9,3,4,1
18100104,1,5,8,2,9
18100105,9,4,7,6,3
18100106,1,2,4,9,6
18100107,2,10,9,7,1
18100108,3,10,5,9,11
18100109,8,7,2,5,11
18100110,9,10,6,2,4
18100111,8,10,3,11,5
18100112,8,5,10,2,1
18100113,9,10,7,8,2
18100114,8,11,7,6,3
18100115,4,3,2,1,11
18100116,1,9,6,5,8
18100117,3,5,6,11,4
18100118,7,10,4,9,1
18100119,11,5,9,2,4
18100120,3,4,6,10,5
18100121,8,3,2,5,10
18100122,9,4,2,10,5
18100123,10,4,5,1,7
18100124,7,3,10,8,2
18100125,2,5,11,3,8
18100126,9,11,6,10,1
18100127,4,2,1,3,11
18100128,4,8,9,3,1
18100129,10,7,11,5,4
18100130,10,11,5,8,9
18100131,6,4,8,1,2
18100132,8,4,10,7,2
18100133,3,9,11,4,6
18100134,8,7,2,4,3
18100135,7,5,11,6,8
18100136,10,3,6,4,7
18100137,10,9,5,6,2
18100138,7,10,4,6,2
18100139,10,8,4,11,1
18100140,6,4,7,2,1
18100141,7,3,11,4,9
18100142,5,11,1,10,3
18100143,9,1,3,10,6
18100144,10,8,9,5,3
18100145,6,1,8,4,5
18100146,5,2,7,6,9
18100147,3,1,4,9,2
18100148,4,7,11,5,1
18100149,9,8,11,2,10
18100150,2,9,1,10,5
18100151,8,2,9,6,3
18100152,5,7,11,3,9
18100153,10,9,11,2,4
18100154,10,7,8,4,9
18100155,7,1,4,5,6
18100156,5,4,2,8,7
18100157,8,1,6,7,5
18100158,9,7,3,2,5
18100159,2,4,7,6,11
18100160,11,8,4,2,10
18100161,3,4,2,8,10
18100162,5,2,3,8,9
18100163,11,5,9,6,1
18100164,6,9,8,11,1
18100165,8,4,1,5,10
18100166,11,2,3,1,4
18100167,2,8,1,11,9
18100168,9,1,7,8,4
18100169,3,9,11,4,7
18100170,8,10,9,4,5
18100171,10,3,4,8,6
18100172,3,5,10,6,2
18100173,10,7,9,4,1
18100174,6,11,7,10,8
18100175,2,8,9,3,6
18100176,5,3,8,7,9
18100177,10,9,6,8,1
18100178,8,7,9,6,2
18100179,5,8,2,3,11
18100180,9,8,4,6,2
18100181,9,10,5,4,11
18100182,2,1,4,8,5
18100183,6,3,2,9,4
18100184,3,11,1,10,9
18100201,3,10,2,6,4
18100202,5,4,11,6,1
18100203,10,6,11,3,4
18100204,9,5,8,6,2
18100205,9,4,11,3,10
18100206,2,7,1,5,4
18100207,9,10,5,6,3
18100208,9,7,1,3,11
18100209,9,8,3,5,2
18100210,10,2,4,8,3
18100211,3,9,10,2,7
18100212,4,2,7,3,11
18100213,1,3,10,5,4
18100214,1,7,2,9,3
18100215,11,1,9,8,3
18100216,1,6,5,3,10
18100217,2,6,10,8,7
18100218,2,3,1,10,4
18100219,10,2,5,6,1
18100220,8,3,6,1,2
18100221,10,9,7,6,11
18100222,2,3,11,1,8
18100223,3,2,10,11,1
18100224,7,6,10,9,3
18100225,5,1,6,10,4
18100226,8,1,2,3,10
18100227,3,10,6,5,4
18100228,3,7,2,6,8
18100229,5,8,10,4,3
18100230,4,7,8,2,10
18100231,2,9,5,11,7
18100232,5,6,4,2,3
18100233,4,9,8,5,1
18100234,11,1,7,4,9
18100235,1,7,2,11,9
18100236,4,11,1,5,8
18100237,1,2,9,5,6
18100238,2,1,10,5,9
18100239,1,3,11,6,4
18100240,6,10,8,3,9
18100241,4,9,11,8,2
18100242,7,11,4,9,6
18100243,2,10,8,6,11
18100244,4,10,5,11,8
18100245,3,5,10,11,9
18100246,7,11,3,2,8
18100247,2,10,6,3,9
18100248,3,6,4,1,7
18100249,9,1,3,6,11
18100250,2,1,5,8,4
18100251,3,7,11,5,2
18100252,1,10,8,7,11
18100253,11,1,3,7,6
18100254,11,5,10,4,2
18100255,2,1,10,3,6
18100256,9,11,1,5,4
18100257,1,4,8,3,2
18100258,1,10,2,7,6
18100259,5,8,1,3,6
18100260,7,11,4,5,3
18100261,3,8,11,4,1
18100262,1,7,10,11,4
18100263,2,9,6,5,4
18100264,11,1,10,7,8
18100265,11,2,10,9,5
18100266,11,8,5,10,2
18100267,5,4,9,6,8
18100268,7,2,10,1,4
18100269,5,7,3,4,2
18100270,4,3,2,5,9
18100271,4,2,5,11,3
18100272,3,5,4,8,10
18100273,2,1,9,11,4
18100274,10,1,3,4,11
18100275,3,10,9,11,7
18100276,3,5,8,11,9
18100277,1,5,10,9,11
18100278,7,5,9,10,4
18100279,4,11,8,1,5
18100280,3,8,10,5,9
18100281,4,11,5,7,6
18100282,7,10,2,9,8
18100283,8,10,1,11,6
18100284,5,11,2,9,4
18100301,3,10,11,5,8
18100302,3,11,4,2,5
18100303,7,9,1,4,6
18100304,4,9,8,7,6
18100305,3,4,10,7,6
18100306,5,9,6,10,1
18100307,8,3,6,1,5
18100308,11,8,6,3,5
18100309,8,4,9,6,7
18100310,9,10,4,3,5
18100311,1,5,4,8,11
18100312,5,11,6,4,10
18100313,10,2,6,11,8
18100314,5,2,9,8,3
18100315,1,11,2,5,3
18100316,10,4,11,6,1
18100317,7,11,5,9,2
18100318,6,3,7,5,1
18100319,10,9,4,5,8
18100320,9,4,7,1,11
18100321,3,7,9,8,1
18100322,8,9,7,5,4
18100323,7,8,5,1,2
18100324,2,6,5,3,8
18100325,8,9,11,5,1
18100326,11,4,6,7,9
18100327,3,8,7,9,10
18100328,7,2,10,6,1
18100329,11,9,5,4,2
18100330,10,9,4,2,3
18100331,4,2,9,1,5
18100332,8,6,2,9,11
18100333,1,9,11,5,10
18100334,2,11,7,1,6
18100335,2,5,4,9,6
18100336,8,11,3,5,6
18100337,3,10,7,4,8
18100338,3,10,1,7,4
18100339,7,10,6,8,4
18100340,6,2,4,3,11
18100341,8,2,10,1,3
18100342,1,9,3,7,2
18100343,3,5,6,11,10
18100344,4,10,2,6,5
18100345,7,8,1,3,11
18100346,2,1,7,3,6
18100347,3,4,5,11,1
18100348,11,7,8,4,10
18100349,4,10,8,11,7
18100350,9,8,10,7,4
18100351,3,6,2,7,11
18100352,6,9,10,7,3
18100353,10,8,7,9,2
18100354,11,10,8,5,3
18100355,5,6,7,4,3
18100356,11,2,1,10,6
18100357,4,5,2,10,9
18100358,6,5,9,8,1
18100359,3,2,11,6,8
18100360,7,9,2,6,1
18100361,3,5,7,6,8
18100362,2,10,7,6,3
18100363,6,11,9,1,3
18100364,8,3,1,5,10
18100365,9,11,10,3,5
18100366,3,10,11,7,4
18100367,9,7,6,1,8
18100368,9,3,4,7,11
18100369,7,3,10,6,1
18100370,5,3,1,9,10
18100371,6,11,2,5,10
18100372,1,2,6,11,10
18100373,2,9,10,8,6
18100374,3,8,7,2,1
18100375,3,4,10,9,2
18100376,6,8,9,11,5
18100377,3,2,4,10,8
18100378,3,10,2,5,11
18100379,9,6,11,3,8
18100380,7,4,1,3,10
18100381,2,6,10,3,5
18100382,3,4,1,7,8
18100383,2,8,7,6,4
18100384,8,10,7,4,3
18100401,3,4,6,2,5
18100402,7,1,5,3,9
18100403,3,11,4,8,10
18100404,2,10,7,1,3
18100405,3,6,2,7,8
18100406,10,2,9,4,5
18100407,6,7,8,10,1
18100408,6,9,5,10,7
18100409,11,10,8,9,4
18100410,3,6,11,9,4
18100411,7,5,3,2,8
18100412,11,6,1,3,5
18100413,3,2,1,7,5
18100414,7,1,11,8,5
18100415,3,10,4,6,2
18100416,1,7,10,3,8
18100417,1,3,2,5,10
18100418,1,10,6,3,9
18100419,7,4,8,3,10
18100420,9,4,10,1,7
18100421,9,1,6,3,7
18100422,5,4,2,9,6
18100423,1,7,4,5,11
18100424,4,10,11,3,9
18100425,10,1,11,9,6
18100426,6,4,11,1,2
18100427,11,4,2,1,7
18100428,4,5,9,11,1
18100429,4,2,8,3,1
18100430,5,4,9,7,11
18100431,4,2,3,1,11
18100432,11,5,7,6,3
18100433,3,7,10,9,2
18100434,2,3,4,1,5
18100435,7,9,4,10,8
18100436,11,4,9,7,10
18100437,3,9,11,1,10
18100438,2,1,3,5,11
18100439,9,8,11,3,1
18100440,3,9,2,5,11
18100441,10,3,5,2,8
18100442,3,10,1,8,2
18100443,8,9,11,7,1
18100444,1,11,4,8,2
18100445,8,5,9,2,7
18100446,5,2,11,4,1
18100447,2,1,8,11,4
18100448,4,8,2,7,10
18100449,2,6,8,4,11
18100450,10,3,8,9,6
18100451,10,3,9,5,6
18100452,8,5,9,3,6
18100453,8,6,5,11,10
18100454,6,2,4,5,3
18100455,5,9,11,3,2
18100456,5,2,9,3,6
18100457,8,1,6,5,4
18100458,9,2,3,11,6
18100459,1,8,11,7,4
18100460,8,9,1,4,3
18100461,8,9,7,4,5
18100462,4,1,3,10,9
18100463,2,3,7,8,5
18100464,6,4,7,1,8
18100465,4,1,3,11,2
18100466,5,1,8,4,10
18100467,10,5,6,4,2
18100468,1,10,8,7,4
18100469,5,3,11,2,4
18100470,9,7,4,11,3
18100471,5,1,8,6,4
18100472,1,3,8,7,2
18100473,11,7,3,1,2
18100474,2,5,11,3,10
18100475,8,3,2,5,9
18100476,3,9,11,1,2
18100477,3,8,2,9,6
18100478,8,6,4,5,7
18100479,10,4,6,3,5
18100480,3,5,8,1,6
18100481,5,2,1,3,4
18100482,10,2,11,1,6
18100483,5,7,1,9,10
18100484,8,6,3,9,4
18100501,4,2,9,8,7
18100502,11,7,9,2,4
18100503,7,2,8,3,11
18100504,1,7,9,10,5
18100505,2,11,5,1,6
18100506,1,6,11,2,3
18100507,2,3,9,5,6
18100508,6,4,5,8,11
18100509,11,6,7,4,5
18100510,9,1,3,6,8
18100511,11,5,9,10,4
18100512,6,1,8,9,7
18100513,5,8,2,3,7
18100514,11,3,7,6,1
18100515,11,8,3,7,5
18100516,4,10,9,1,3
18100517,4,2,5,3,8
18100518,6,8,7,2,1
18100519,3,9,5,7,4
18100520,2,3,8,6,4
18100521,11,9,8,2,10
18100522,10,8,7,3,5
18100523,1,3,8,7,4
18100524,4,11,9,7,5
18100525,2,11,10,9,1
18100526,3,5,6,7,8
18100527,7,1,5,9,11
18100528,4,9,10,7,5
18100529,1,8,5,3,7
18100530,5,4,9,7,3
18100531,9,3,6,5,10
18100532,1,10,2,11,5
18100533,3,5,1,10,2
18100534,1,3,11,2,8
18100535,11,4,5,3,1
18100536,10,3,2,6,4
18100537,2,7,3,4,11
18100538,6,1,5,10,3
18100539,4,11,7,3,10
18100540,5,4,11,7,3
18100541,1,7,6,3,10
18100542,5,6,10,8,7
18100543,5,3,2,1,9
18100544,3,4,6,5,11
18100545,8,7,11,6,2
18100546,1,2,9,11,7
18100547,10,3,7,6,4
18100548,4,5,6,1,7
18100549,3,2,11,4,6
18100550,11,7,2,10,6
18100551,11,3,8,6,1
18100552,5,8,3,4,1
18100553,2,9,8,1,11
18100554,1,2,3,8,11
18100555,6,10,5,3,4
18100556,1,6,11,7,3
18100557,4,7,10,6,2
18100558,1,4,6,9,11
18100559,8,7,6,11,10
18100560,7,11,6,10,1
18100561,8,11,3,5,9
18100562,8,2,1,6,10
18100563,11,10,3,9,1
18100564,5,9,8,1,3
18100565,6,10,9,1,8
18100566,8,10,1,3,6
18100567,5,3,9,10,11
18100568,2,8,11,9,10
18100569,5,9,11,6,1
18100570,10,5,4,7,8
18100571,7,11,4,5,10
18100572,11,2,6,8,1
18100573,9,8,10,2,7
18100574,7,10,1,3,6
18100575,1,9,10,7,5
18100576,5,9,1,11,10
18100577,2,5,8,9,7
18100578,4,9,11,3,7
18100579,6,10,7,9,3
18100580,6,1,7,11,3
18100581,11,3,10,1,2
18100582,10,7,4,9,8
18100583,7,8,11,6,5
18100584,11,6,5,7,1
18100601,7,2,3,4,11
18100602,10,8,3,9,2
18100603,1,9,7,3,2
18100604,11,10,5,3,8
18100605,11,5,3,8,9
18100606,4,2,11,1,9
18100607,2,1,9,8,11
18100608,4,7,1,3,9
18100609,7,10,11,1,5
18100610,5,2,3,4,8
18100611,8,3,4,6,1
18100612,5,11,6,2,10
18100613,7,8,5,2,4
18100614,10,5,8,3,7
18100615,10,8,4,5,7
18100616,5,9,8,11,6
18100617,10,4,1,3,2
18100618,9,10,8,11,2
18100619,4,9,6,2,7
18100620,9,3,8,11,2
18100621,2,8,11,5,6
18100622,2,8,3,11,4
18100623,7,10,5,11,8
18100624,1,5,8,11,9
18100625,6,9,11,8,1
18100626,11,10,4,8,1
18100627,3,11,1,5,6
18100628,2,10,1,7,9
18100629,8,2,5,6,10
18100630,7,9,6,5,11
18100631,4,7,8,2,1
18100632,5,11,9,3,1
18100633,9,6,5,11,8
18100634,5,3,10,2,9
18100635,3,8,5,10,9
18100636,10,2,4,9,6
18100637,1,4,11,3,8
18100638,5,10,8,2,7
18100639,11,4,2,7,6
18100640,2,10,9,4,5
18100641,7,1,3,4,8
18100642,4,2,7,6,9
18100643,8,1,7,5,6
18100644,7,11,8,5,10
18100645,5,3,7,2,9
18100646,6,2,5,4,10
18100647,3,10,1,7,6
18100648,7,3,10,1,5
18100649,10,8,9,3,4
18100650,11,3,10,1,4
18100651,7,9,2,4,6
18100652,3,5,1,2,11
18100653,2,1,7,9,4
18100654,1,9,2,6,4
18100655,11,7,8,3,10
18100656,7,11,10,9,2
18100657,6,11,1,4,10
18100658,2,8,11,10,4
18100659,10,4,3,5,2
18100660,4,11,3,10,9
18100661,4,11,8,1,2
18100662,2,10,6,3,11
18100663,10,8,3,2,6
18100664,9,6,10,1,11
18100665,10,6,3,8,7
18100666,6,10,9,7,1
18100667,1,10,7,9,11
18100668,9,11,1,6,3
18100669,11,6,10,4,8
18100670,1,10,8,9,6
18100671,2,11,9,8,3
18100672,1,5,7,2,11
18100673,7,11,5,4,3
18100674,5,8,9,6,10
18100675,9,7,10,5,4
18100676,4,2,3,6,9
18100677,9,4,1,7,2
18100678,11,2,6,4,8
18100679,2,4,5,8,10
18100680,7,10,11,9,1
18100681,6,10,1,4,9
18100682,9,7,8,10,11
18100683,1,9,7,11,4
18100684,1,2,6,8,4
18100701,6,11,5,1,9
18100702,9,6,1,8,11
18100703,7,11,6,5,2
18100704,1,10,9,6,2
18100705,11,4,8,1,2
18100706,6,3,10,2,9
18100707,1,8,2,3,9
18100708,7,11,3,4,1
18100709,3,5,9,4,10
18100710,3,10,8,11,6
18100711,2,4,6,9,10
18100712,9,7,5,2,11
18100713,2,1,8,10,11
18100714,4,7,3,8,10
18100715,9,8,6,1,3
18100716,4,2,5,8,6
18100717,4,9,10,6,3
18100718,6,9,8,4,7
18100719,2,6,3,11,1
18100720,5,7,8,3,4
18100721,7,3,11,9,5
18100722,5,1,9,7,10
18100723,11,3,4,2,7
18100724,7,4,8,5,11
18100725,2,11,8,1,3
18100726,2,9,4,8,1
18100727,10,4,3,9,7
18100728,2,3,9,10,1
18100729,8,9,1,3,4
18100730,4,7,1,9,2
18100731,11,9,6,3,8
18100732,1,2,8,7,5
18100733,1,3,11,5,2
18100734,4,11,1,6,9
18100735,2,3,7,4,8
18100736,11,5,8,1,9
18100737,4,11,5,6,3
18100738,5,3,11,10,6
18100739,10,1,2,3,5
18100740,5,4,3,8,10
18100741,11,4,6,7,2
18100742,1,2,11,4,3
18100743,10,4,1,8,11
18100744,9,11,5,10,7
18100745,2,5,9,3,1
18100746,7,4,3,11,6
18100747,10,2,4,3,6
18100748,7,6,8,10,4
18100749,1,11,8,5,10
18100750,1,6,2,3,10
18100751,11,2,4,6,1
18100752,6,3,10,7,9
18100753,4,11,3,5,2
18100754,5,6,10,3,11
18100755,9,4,2,11,5
18100756,2,11,10,1,9
18100757,4,9,3,11,6
18100758,5,11,7,9,8
18100759,5,2,1,11,3
18100760,11,6,4,10,7
18100761,5,4,7,9,3
18100762,7,11,6,8,9
18100763,9,11,8,2,4
18100764,1,6,3,8,4
18100765,7,8,9,3,6
18100766,10,2,1,9,8
18100767,6,5,8,1,7
18100768,2,10,4,1,5
18100769,11,9,1,3,4
18100770,9,5,11,10,6
18100771,4,7,6,3,1
18100772,3,7,8,9,11
18100773,6,9,11,2,1
18100774,5,10,1,8,11
18100775,11,7,8,10,3
18100776,2,5,4,7,1
18100777,1,7,11,2,3
18100778,5,10,7,11,9
18100779,6,2,8,7,3
18100780,4,3,10,6,7
18100781,8,6,11,5,2
18100782,6,9,11,1,5
18100783,3,6,1,11,10
18100784,4,3,11,5,6
18100801,10,2,6,7,8
18100802,4,5,3,2,6
18100803,3,1,2,10,6
18100804,6,3,5,9,10
18100805,11,10,7,9,6
18100806,5,10,1,4,6
18100807,1,7,6,8,2
18100808,11,9,7,10,4
18100809,9,10,5,3,2
18100810,11,5,9,2,7
18100811,2,4,10,3,7
18100812,11,7,3,9,6
18100813,9,5,10,6,11
18100814,2,8,3,1,5
18100815,2,1,5,7,9
18100816,11,3,10,7,6
18100817,10,7,6,11,8
18100818,9,11,5,1,10
18100819,6,11,3,10,7
18100820,3,2,9,5,7
18100821,10,7,3,4,1
18100822,8,6,7,3,1
18100823,3,10,4,8,9
18100824,2,7,8,3,10
18100825,9,1,2,5,7
18100826,8,10,9,3,1
18100827,9,7,8,6,3
18100828,6,5,1,4,2
18100829,1,6,3,10,2
18100830,1,10,7,4,5
18100831,1,7,6,3,5
18100832,3,7,9,5,2
18100833,4,6,7,5,3
18100834,11,4,6,3,1
18100835,1,9,3,6,8
18100836,2,10,4,8,5
18100837,11,4,6,2,1
18100838,9,10,1,4,6
18100839,3,10,6,9,8
18100840,10,3,11,2,6
18100841,7,3,1,2,10
18100842,5,4,7,3,10
18100843,7,4,3,11,10
18100844,10,11,1,9,4
18100845,9,8,5,2,7
18100846,11,8,1,2,10
18100847,10,9,11,8,5
18100848,3,6,7,2,9
18100849,3,5,6,11,8
18100850,1,10,3,7,11
18100851,8,5,2,10,6
18100852,6,2,1,3,4
18100853,2,7,11,6,3
18100854,7,3,11,2,8
18100855,4,1,7,5,2
18100856,5,3,10,2,11
18100857,4,11,2,5,10
18100858,10,3,5,4,8
18100859,3,7,8,5,2
18100860,9,7,1,10,5
18100861,8,5,2,9,10
18100862,11,1,6,4,10
18100863,11,3,2,7,1
18100864,10,4,7,5,11
18100865,5,8,9,11,1
18100866,3,8,2,11,10
18100867,3,5,4,2,7
18100868,1,3,6,11,7
18100869,5,10,3,8,11
18100870,6,10,1,11,5
18100871,7,5,8,2,9
18100872,1,3,11,7,10
18100873,3,1,6,11,8
18100874,4,8,3,7,11
18100875,3,1,7,4,5
18100876,8,11,10,5,7
18100877,3,2,8,4,9
18100878,5,6,10,2,11
18100879,1,4,3,6,11
18100880,2,11,5,10,8
18100881,8,6,7,2,4
18100882,6,4,8,3,7
18100883,1,7,6,3,2
18100884,9,2,7,8,1
18100901,4,7,8,10,5
18100902,8,1,10,5,3
18100903,6,8,10,5,3
18100904,3,4,5,9,1
18100905,1,6,2,7,3
18100906,1,6,2,9,7
18100907,5,9,10,4,6
18100908,11,8,3,4,2
18100909,4,11,8,9,6
18100910,7,6,3,4,10
18100911,10,6,9,11,4
18100912,1,2,7,11,6
18100913,2,11,9,6,4
18100914,9,11,4,7,10
18100915,7,3,1,8,6
18100916,10,9,3,7,11
18100917,1,3,11,9,7
18100918,2,9,4,8,5
18100919,3,7,5,1,9
18100920,1,4,10,5,9
18100921,1,2,6,4,9
18100922,1,9,10,4,3
18100923,5,4,1,6,11
18100924,7,4,6,11,1
18100925,5,1,8,4,10
18100926,10,6,2,4,9
18100927,6,8,10,5,3
18100928,4,9,7,8,5
18100929,9,11,4,3,8
18100930,2,1,8,3,5
18100931,5,6,2,3,4
18100932,9,11,4,2,5
18100933,4,1,8,2,7
18100934,9,3,2,5,4
18100935,3,11,8,7,9
18100936,6,1,4,8,7
18100937,11,3,4,1,9
18100938,3,6,1,9,2
18100939,2,7,11,9,6
18100940,5,1,6,10,8
18100941,11,1,6,2,9
18100942,8,6,11,7,3
18100943,8,10,7,3,4
18100944,3,7,2,9,6
18100945,9,2,3,5,4
18100946,5,10,8,4,1
18100947,9,7,4,10,1
18100948,4,7,1,3,10
18100949,3,9,10,5,2
18100950,1,4,3,8,10
18100951,3,7,2,5,6
18100952,6,9,8,5,4
18100953,11,8,9,1,3
18100954,7,9,8,3,10
18100955,11,8,9,5,4
18100956,10,2,7,6,4
18100957,2,9,1,8,4
18100958,4,1,2,3,5
18100959,1,2,7,4,3
18100960,3,9,5,6,10
18100961,7,10,4,11,6
18100962,11,10,6,2,9
18100963,10,1,6,7,11
18100964,11,1,9,2,6
18100965,4,7,9,5,11
18100966,11,8,2,10,9
18100967,11,9,5,10,8
18100968,2,1,4,9,3
18100969,5,11,9,6,2
18100970,4,5,10,2,7
18100971,4,5,11,6,2
18100972,6,8,4,11,5
18100973,7,6,4,9,10
18100974,4,7,5,2,11
18100975,8,4,7,2,5
18100976,8,9,11,5,6
18100977,11,4,8,10,9
18100978,8,10,4,9,6
18100979,7,10,6,4,11
18100980,9,4,7,5,11
18100981,2,4,8,5,1
18100982,11,1,4,6,2
18100983,3,5,9,1,7
18100984,2,6,10,9,5
18101001,6,2,7,10,9
18101002,8,5,4,6,9
18101003,5,10,1,11,2
18101004,1,6,3,2,5
18101005,10,3,6,11,4
18101006,9,7,2,5,8
18101007,4,11,2,7,8
18101008,6,3,5,7,10
18101009,2,10,9,8,1
18101010,8,10,2,5,6
18101011,6,7,10,2,4
18101012,5,9,7,6,3
18101013,8,1,3,6,5
18101014,6,7,3,8,4
18101015,5,8,3,1,7
18101016,8,1,4,3,10
18101017,6,11,7,2,10
18101018,3,9,11,8,5
18101019,3,10,5,9,7
18101020,2,8,9,3,10
18101021,3,8,1,5,4
18101022,1,3,2,7,6
18101023,4,6,1,5,11
18101024,5,3,7,11,10
18101025,5,11,7,6,3
18101026,3,6,7,5,2
18101027,5,7,4,10,3
18101028,1,9,7,10,8
18101029,4,8,1,3,5
18101030,2,5,7,10,6
18101031,5,7,4,1,6
18101032,10,2,5,11,1
18101033,4,7,5,8,10
18101034,6,10,2,1,9
18101035,9,3,7,6,1
18101036,9,2,4,7,11
18101037,4,7,1,10,9
18101038,10,4,6,2,1
18101039,8,5,11,10,2
18101040,9,10,5,11,8
18101041,6,1,3,7,4
18101042,9,7,5,2,6
18101043,7,3,2,6,8
18101044,8,9,2,10,7
18101045,6,1,7,5,9
18101046,8,10,2,5,9
18101047,1,5,9,7,10
18101048,1,4,5,7,11
18101049,6,7,3,9,2
18101050,11,7,5,3,8
18101051,3,5,9,8,4
18101052,9,7,1,3,6
18101053,10,8,7,3,11
18101054,10,2,6,9,3
18101055,1,10,5,3,4
18101056,11,3,8,6,7
18101057,1,11,2,9,7
18101058,9,4,2,8,1
18101059,8,4,6,9,11
18101060,9,4,6,11,8
18101061,7,4,9,10,1
18101062,8,6,2,7,3
18101063,6,9,11,1,3
18101064,3,5,2,9,8
18101065,1,7,11,9,6
18101066,3,1,10,7,5
18101067,7,4,9,2,5
18101068,3,1,4,2,11
18101069,3,5,8,11,6
18101070,9,4,2,10,8
18101071,4,5,8,10,3
18101072,7,4,9,1,11
18101073,4,10,5,7,6
18101074,6,9,1,8,7
18101075,7,9,5,10,2
18101076,10,3,6,4,2
18101077,8,6,4,11,3
18101078,7,2,11,3,1
18101079,9,5,8,3,1
18101080,1,6,2,10,8
18101081,6,4,1,7,9
18101082,8,1,3,4,11
18101083,11,6,9,1,4
18101084,8,6,3,11,4
18101101,9,2,11,4,5
18101102,2,8,7,6,1
18101103,9,2,3,11,7
18101104,7,4,5,10,11
18101105,5,4,3,1,8
18101106,8,11,2,7,5
18101107,2,4,6,8,9
18101108,10,6,9,8,3
18101109,11,4,2,6,10
18101110,8,9,5,2,7
18101111,6,1,4,7,9
18101112,8,7,10,4,3
18101113,5,1,10,7,9
18101114,5,8,11,1,4
18101115,8,4,9,2,5
18101116,7,8,9,5,2
18101117,5,6,8,10,1
18101118,5,6,4,3,2
18101119,3,8,1,7,5
18101120,9,4,6,2,5
18101121,10,4,9,6,3
18101122,5,2,4,1,9
18101123,4,6,8,5,7
18101124,6,3,4,1,9
18101125,1,2,9,3,4
18101126,9,3,10,4,8
18101127,2,3,5,7,11
18101128,8,1,3,2,7
18101129,10,5,7,9,1
18101130,6,10,5,11,8
18101131,1,11,2,9,8
18101132,9,3,5,4,11
18101133,10,9,7,11,6
18101134,10,9,1,6,11
18101135,4,2,5,10,9
18101136,9,4,10,6,11
18101137,5,10,11,1,6
18101138,6,10,9,8,3
18101139,9,10,1,5,4
18101140,10,6,5,9,7
18101141,9,6,11,3,1
18101142,4,5,7,3,11
18101143,3,11,2,8,1
18101144,5,4,8,2,7
18101145,8,1,6,4,5
18101146,4,6,9,11,1
18101147,6,5,4,2,11
18101148,7,8,4,11,6
18101149,9,1,3,2,6
18101150,1,5,2,8,7
18101151,5,9,8,6,2
18101152,11,6,2,9,4
18101153,5,9,2,7,3
18101154,11,9,10,5,4
18101155,8,7,4,3,9
18101156,3,8,5,6,4
18101157,11,2,6,10,5
18101158,9,8,4,3,6
18101159,8,11,10,3,7
18101160,10,4,3,11,5
18101161,9,4,7,5,10
18101162,5,1,4,2,6
18101163,9,1,11,8,7
18101164,3,6,2,8,1
18101165,6,2,9,8,5
18101166,4,2,7,10,5
18101167,1,4,6,2,5
18101168,7,9,5,3,6
18101169,5,8,10,7,11
18101170,8,10,7,1,9
18101171,5,7,8,1,3
18101172,4,2,8,11,10
18101173,6,7,5,4,8
18101174,8,4,11,5,2
18101175,5,9,6,10,3
18101176,2,7,11,9,8
18101177,6,10,11,3,8
18101178,3,10,5,8,4
18101179,1,7,10,11,4
18101180,9,7,4,3,8
18101181,2,7,6,8,5
18101182,6,8,3,4,7
18101183,7,1,5,10,4
18101184,6,11,8,4,2
18101201,3,4,11,10,7
18101202,1,9,5,7,3
18101203,7,9,6,3,5
18101204,2,6,7,10,8
18101205,5,2,10,7,4
18101206,5,4,1,7,9
18101207,11,5,10,4,8
18101208,7,3,2,11,1
18101209,2,5,6,11,8
18101210,11,6,1,8,10
18101211,7,3,2,6,1
18101212,9,7,2,4,1
18101213,4,8,3,7,6
18101214,3,11,6,2,4
18101215,1,8,2,7,10
18101216,6,8,11,4,5
18101217,3,11,2,7,6
18101218,10,5,4,8,2
18101219,2,7,11,6,3
18101220,9,2,1,7,10
18101221,5,9,2,8,11
18101222,8,4,9,5,1
18101223,11,2,3,5,10
18101224,11,9,8,3,6
18101225,10,2,1,3,9
18101226,7,10,8,1,6
18101227,9,11,5,3,6
18101228,10,2,3,7,4
18101229,8,2,7,10,5
18101230,11,1,6,8,4
18101231,3,2,8,10,9
18101232,2,3,11,4,9
18101233,3,9,11,1,4
18101234,11,7,10,9,2
18101235,8,2,9,1,7
18101236,1,3,4,5,2
18101237,6,2,11,7,4
18101238,2,6,8,7,9
18101239,5,4,2,9,1
18101240,1,2,5,4,6
18101241,3,1,4,6,8
18101242,10,2,4,11,3
18101243,4,6,2,1,10
18101244,1,2,4,3,7
18101245,3,8,4,9,1
18101246,1,5,4,2,11
18101247,4,1,2,7,6
18101248,2,5,1,11,7
18101249,7,10,5,3,2
18101250,5,3,1,11,6
18101251,1,2,10,9,11
18101252,6,11,3,4,10
18101253,9,11,7,8,3
18101254,11,6,4,2,1
18101255,6,4,7,5,10
18101256,7,1,9,5,11
18101257,9,11,7,8,1
18101258,3,1,4,11,9
18101259,10,2,7,6,4
18101260,2,4,7,3,5
18101261,10,8,9,1,11
18101262,10,9,3,2,7
18101263,4,7,8,5,6
18101264,1,5,8,6,2
18101265,11,9,8,1,5
18101266,5,6,2,8,11
18101267,1,4,6,11,8
18101268,7,1,5,11,2
18101269,9,8,1,4,7
18101270,4,9,10,6,5
18101271,11,2,6,3,10
18101272,11,5,3,4,6
18101273,7,1,2,8,5
18101274,10,11,3,9,8
18101275,6,7,3,2,9
18101276,4,11,9,8,10
18101277,10,4,9,1,5
18101278,4,10,8,7,3
18101279,4,9,10,6,8
18101280,8,10,4,5,7
18101281,10,7,6,11,1
18101282,7,9,10,5,6
18101283,5,10,4,11,7
18101284,10,2,5,1,4
18101301,3,10,9,11,5
18101302,4,10,2,1,7
18101303,5,9,2,10,6
18101304,6,8,10,4,9
18101305,6,9,5,1,10
18101306,3,1,6,11,7
18101307,5,8,3,6,10
18101308,3,7,1,8,10
18101309,2,3,9,11,8
18101310,5,1,7,4,3
18101311,6,2,1,10,7
18101312,2,4,11,9,5
18101313,5,7,6,10,4
18101314,5,1,3,10,8
18101315,9,5,6,4,7
18101316,7,3,4,11,9
18101317,7,8,6,2,4
18101318,5,6,4,1,8
18101319,11,4,1,3,10
18101320,9,1,11,4,5
18101321,1,5,7,6,4
18101322,5,1,3,4,11
18101323,7,9,1,6,3
18101324,7,8,6,5,4
18101325,3,5,8,6,10
18101326,5,4,1,3,7
18101327,2,4,9,11,5
18101328,10,2,7,8,5
18101329,4,8,5,1,11
18101330,10,3,1,6,9
18101331,3,10,2,11,7
18101332,6,2,7,4,8
18101333,5,3,10,8,6
18101334,8,10,4,9,2
18101335,10,7,9,8,1
18101336,1,10,8,5,9
18101337,9,1,8,3,2
18101338,8,9,5,10,11
18101339,10,3,6,9,7
18101340,6,7,5,9,11
18101341,4,3,2,9,1
18101342,10,8,9,2,1
18101343,7,10,11,3,4
18101344,10,5,9,7,2
18101345,6,1,8,5,10
18101346,3,7,1,4,10
18101347,3,6,2,4,5
18101348,6,11,4,7,2
18101349,5,2,3,1,6
18101350,11,4,6,2,10
18101351,6,8,5,4,9
18101352,10,11,3,7,9
18101353,6,1,7,9,2
18101354,11,3,5,8,1
18101355,6,9,8,1,3
18101356,6,1,7,4,11
18101357,5,3,4,7,6
18101358,3,4,1,2,9
18101359,1,11,5,7,10
18101360,1,7,9,11,10
18101361,9,2,8,7,11
18101362,8,9,11,6,4
18101363,5,2,8,11,1
18101364,11,3,2,10,5
18101365,8,4,1,2,5
18101366,6,4,8,11,3
18101367,7,8,5,1,10
18101368,2,10,6,1,5
18101369,1,2,7,10,9
18101370,2,4,6,8,1
18101371,2,6,8,9,1
18101372,7,4,11,2,10
18101373,8,11,4,10,6
18101374,2,8,6,4,10
18101375,7,1,10,5,9
18101376,9,6,1,11,8
18101377,10,8,9,7,5
18101378,5,9,6,4,1
18101379,9,10,6,11,2
18101380,2,8,6,10,9
18101381,5,1,11,9,7
18101382,5,3,4,9,10
18101383,9,5,2,3,1
18101384,2,10,8,6,4
18101401,5,8,3,7,4
18101402,7,4,2,5,10
18101403,4,8,6,3,7
18101404,4,7,1,8,9
18101405,5,8,4,10,7
18101406,1,11,3,2,4
18101407,5,6,7,9,4
18101408,2,10,7,5,11
18101409,2,8,7,1,6
18101410,8,1,9,5,6
18101411,4,2,5,7,10
18101412,3,10,9,5,11
18101413,4,11,1,5,10
18101414,5,8,6,10,4
18101415,5,10,8,2,4
18101416,2,9,11,7,4
18101417,1,8,2,10,4
18101418,9,1,11,3,4
18101419,11,1,10,7,2
18101420,10,7,11,9,6
18101421,9,8,11,2,10
18101422,2,8,10,3,4
18101423,2,10,7,4,11
18101424,4,8,9,2,6
18101425,8,11,5,10,9
18101426,10,2,8,4,5
18101427,2,9,5,1,8
18101428,11,4,8,3,10
18101429,7,2,11,3,6
18101430,11,7,1,5,4
18101431,6,7,2,4,1
18101432,8,6,9,10,2
18101433,8,6,10,2,3
18101434,4,11,1,2,8
18101435,4,3,6,7,8
18101436,10,3,11,1,9
18101437,2,5,9,7,4
18101438,2,3,6,9,8
18101439,5,8,11,10,2
18101440,9,4,2,10,7
18101441,2,3,9,5,7
18101442,6,5,2,3,10
18101443,10,7,6,8,4
18101444,1,8,2,11,4
18101445,9,8,7,2,3
18101446,2,6,8,5,4
18101447,2,11,4,8,6
18101448,11,9,10,2,5
18101449,4,9,1,5,10
18101450,4,2,5,8,1
18101451,10,2,6,5,4
18101452,2,9,3,7,1
18101453,10,3,6,5,11
18101454,5,3,9,2,7
18101455,1,6,5,3,4
18101456,1,11,6,10,3
18101457,4,3,2,5,7
18101458,7,8,10,5,1
18101459,3,7,8,5,11
18101460,2,10,8,1,11
18101461,2,10,6,1,4
18101462,6,11,1,10,7
18101463,4,6,8,3,10
18101464,9,10,2,4,6
18101465,6,10,8,3,7
18101466,11,6,5,9,8
18101467,1,6,5,11,3
18101468,3,2,6,9,11
18101469,3,5,4,6,10
18101470,10,4,6,7,1
18101471,7,4,2,3,5
18101472,4,3,1,6,7
18101473,11,4,6,2,9
18101474,8,10,11,1,6
18101475,5,1,3,6,8
18101476,2,9,4,1,5
18101477,4,1,6,11,5
18101478,8,6,7,4,3
18101479,3,2,11,5,4
18101480,9,3,11,2,6
18101481,1,3,9,11,4
18101482,11,3,10,8,1
18101483,5,3,2,11,9
18101484,11,6,10,3,4
18101501,9,6,4,1,3
18101502,8,5,1,9,4
18101503,11,1,9,6,4
18101504,2,7,10,1,6
18101505,8,11,10,5,9
18101506,3,9,2,8,1
18101507,11,7,3,9,2
18101508,5,8,9,3,2
18101509,11,5,1,10,8
18101510,7,9,2,11,8
18101511,9,10,4,6,3
18101512,6,9,7,3,10
18101513,10,2,1,7,11
18101514,11,4,3,7,5
18101515,11,1,3,10,6
18101516,4,3,1,2,9
18101517,6,5,3,2,11
18101518,2,6,5,3,10
18101519,4,5,3,11,10
18101520,1,11,3,9,4
18101521,1,2,6,10,11
18101522,3,10,4,2,9
18101523,7,6,5,3,1
18101524,2,11,1,3,10
18101525,4,1,7,6,2
18101526,9,8,6,1,5
18101527,10,5,11,3,9
18101528,5,9,11,3,4
18101529,10,8,3,6,9
18101530,6,11,8,2,9
18101531,11,5,2,3,4
18101532,6,3,4,2,10
18101533,11,4,8,2,5
18101534,6,2,9,7,10
18101535,5,4,6,2,11
18101536,8,3,6,11,4
18101537,4,9,7,5,8
18101538,11,1,4,5,9
18101539,1,2,5,7,10
18101540,3,5,10,11,1
18101541,3,9,11,4,5
18101542,9,5,1,2,7
18101543,5,9,2,8,4
18101544,9,7,8,11,5
18101545,8,2,4,11,9
18101546,9,5,11,7,8
18101547,10,4,5,8,3
18101548,5,8,7,11,1
18101549,7,11,2,8,9
18101550,9,4,7,3,10
18101551,5,2,9,10,4
18101552,9,8,10,1,4
18101553,8,9,4,10,1
18101554,6,9,10,3,1
18101555,8,6,1,10,2
18101556,5,7,4,6,10
18101557,1,6,9,11,2
18101558,1,4,8,3,10
18101559,7,4,9,11,8
18101560,11,8,5,1,9
18101561,2,5,6,10,1
18101562,3,9,1,7,6
18101563,5,4,10,2,7
18101564,8,5,2,11,3
18101565,2,8,10,11,9
18101566,10,9,2,4,7
18101567,2,11,9,1,10
18101568,1,11,5,4,7
18101569,7,4,2,3,8
18101570,3,6,10,8,9
18101571,6,1,3,8,10
18101572,2,7,3,4,9
18101573,1,6,2,9,5
18101574,10,4,5,6,8
18101575,3,2,8,6,4
18101576,3,6,9,2,7
18101577,11,1,4,6,3
18101578,1,8,5,10,4
18101579,5,6,8,9,3
18101580,3,10,8,5,1
18101581,11,6,1,8,4
18101582,9,10,11,2,6
18101583,9,5,2,11,10
18101584,11,4,10,1,7
18101601,1,5,10,8,9
18101602,7,6,10,9,3
18101603,6,2,3,10,7
18101604,4,6,11,8,10
18101605,1,4,9,5,6
18101606,1,7,6,8,4
18101607,11,9,3,10,5
18101608,9,10,2,6,7
18101609,8,2,9,11,5
18101610,6,5,8,3,10
18101611,2,10,9,3,11
18101612,10,5,9,7,4
18101613,1,7,6,11,9
18101614,6,9,10,1,7
18101615,7,8,9,4,3
18101616,1,4,7,10,9
18101617,3,9,11,6,1
18101618,2,5,3,9,1
18101619,1,11,5,10,8
18101620,1,7,9,8,5
18101621,1,6,11,3,9
18101622,7,1,5,3,9
18101623,9,2,11,1,6
18101624,1,8,3,10,7
18101625,6,7,1,11,4
18101626,8,5,3,2,11
18101627,5,9,11,6,2
18101628,11,4,6,8,5
18101629,9,2,11,5,10
18101630,10,11,8,4,9
18101631,4,3,9,10,1
18101632,10,8,11,6,9
18101633,8,7,4,9,11
18101634,11,9,5,1,3
18101635,2,4,6,5,7
18101636,9,11,3,6,5
18101637,4,11,3,10,5
18101638,8,4,5,3,11
18101639,3,11,6,9,1
18101640,9,6,11,4,8
18101641,2,3,5,1,11
18101642,9,1,10,4,3
18101643,5,9,1,7,10
18101644,1,8,10,9,5
18101645,9,4,2,11,3
18101646,11,5,10,1,4
18101647,1,4,11,3,9
18101648,8,9,10,5,3
18101649,10,3,2,1,7
18101650,10,5,11,3,2
18101651,2,1,5,8,9
18101652,3,6,7,5,11
18101653,9,2,10,1,5
18101654,3,8,5,2,10
18101655,8,1,6,11,5
18101656,9,10,8,11,3
18101657,7,11,6,3,10
18101658,2,4,5,9,10
18101659,2,11,8,5,1
18101660,9,1,5,4,8
18101661,3,11,5,1,10
18101662,3,7,10,1,8
18101663,8,6,2,10,9
18101664,4,5,10,1,2
18101665,9,3,5,6,7
18101666,3,5,11,4,10
18101667,10,4,9,2,7
18101668,2,1,7,5,9
18101669,5,1,4,6,11
18101670,10,1,5,2,8
18101671,3,5,8,1,6
18101672,4,10,2,3,8
18101673,5,8,10,11,9
18101674,11,7,5,4,9
18101675,5,10,4,8,1
18101676,5,7,4,1,3
18101677,11,9,1,3,5
18101678,1,8,2,10,3
18101679,10,2,4,8,1
18101680,3,1,7,10,9
18101681,4,9,10,6,5
18101682,9,3,7,11,5
18101683,1,5,6,10,8
18101684,5,7,9,8,10
18101701,5,10,6,8,11
18101702,7,6,5,1,11
18101703,5,4,1,7,2
18101704,6,2,1,9,10
18101705,6,8,7,11,3
18101706,1,7,9,4,6
18101707,2,3,10,1,6
18101708,1,2,9,7,10
18101709,2,6,9,11,1
18101710,1,3,6,9,8
18101711,5,11,10,1,6
18101712,2,10,4,1,7
18101713,9,2,7,5,8
18101714,4,10,11,2,5
18101715,11,5,3,2,7
18101716,8,3,11,6,9
18101717,8,1,11,3,2
18101718,7,6,2,5,3
18101719,3,2,10,6,11
18101720,8,9,6,7,11
18101721,9,6,11,5,1
18101722,2,6,4,3,1
18101723,1,4,8,9,2
18101724,9,2,3,8,7
18101725,4,5,10,1,3
18101726,10,4,9,5,3
18101727,5,10,8,3,11
18101728,6,9,8,11,7
18101729,9,5,1,6,11
18101730,5,2,11,9,7
18101731,5,6,4,10,2
18101732,10,1,2,9,6
18101733,8,11,6,9,5
18101734,7,5,9,3,2
18101735,4,10,5,1,7
18101736,4,9,7,10,1
18101737,5,11,6,2,1
18101738,9,7,1,3,8
18101739,5,10,1,6,8
18101740,5,3,7,11,1
18101741,4,10,8,3,6
18101742,7,3,4,8,1
18101743,10,9,8,11,5
18101744,7,8,6,1,10
18101745,6,10,7,3,1
18101746,1,3,8,7,4
18101747,5,8,4,3,9
18101748,3,11,6,4,2
18101749,9,7,6,3,1
18101750,5,4,1,8,7
18101751,3,5,10,8,6
18101752,7,5,10,4,1
18101753,10,5,3,8,7
18101754,11,4,5,1,9
18101755,5,8,9,11,3
18101756,11,6,10,9,8
18101757,8,11,10,4,7
18101758,1,9,11,2,3
18101759,1,3,4,8,11
18101760,7,9,10,11,2
18101761,6,9,1,8,7
18101762,4,9,6,1,8
18101763,5,10,7,1,9
18101764,2,11,1,3,4
18101765,5,2,6,4,10
18101766,9,1,4,7,10
18101767,5,9,8,3,7
18101768,3,6,11,7,9
18101769,4,5,2,9,8
18101770,10,6,2,8,7
18101771,11,10,3,6,1
18101772,2,9,8,11,4
18101773,6,11,10,1,8
18101774,5,1,2,8,7
18101775,1,2,4,11,9
18101776,3,4,7,11,2
18101777,8,9,3,6,7
18101778,3,9,11,1,6
18101779,2,8,4,3,6
18101780,9,7,11,1,6
18101781,2,4,3,7,11
18101782,9,7,10,1,8
18101783,5,9,1,11,8
18101784,11,9,1,8,3
18101801,4,2,11,6,9
18101802,2,10,3,5,6
18101803,4,1,2,10,11
18101804,7,5,1,3,9
18101805,7,4,9,11,1
18101806,4,11,1,10,6
18101807,7,6,4,2,5
18101808,2,6,3,8,7
18101809,3,10,6,2,11
18101810,2,5,4,1,10
18101811,11,10,8,2,5
18101812,6,4,3,7,8
18101813,2,9,1,4,10
18101814,6,11,1,8,7
18101815,1,10,2,11,3
18101816,2,9,3,5,4
18101817,4,6,10,9,3
18101818,1,7,8,3,6
18101819,9,1,2,3,8
18101820,11,9,5,7,4
18101821,8,11,2,6,9
18101822,11,6,10,5,8
18101823,8,6,5,11,2
18101824,5,3,8,9,4
18101825,4,10,2,3,1
18101826,11,2,9,3,4
18101827,11,9,10,7,3
18101828,1,8,2,5,4
18101829,1,3,6,9,7
18101830,5,10,2,7,11
18101831,8,4,6,10,5
18101832,6,8,3,11,5
18101833,4,6,3,5,2
18101834,7,3,10,4,9
18101835,1,8,5,4,3
18101836,3,2,9,5,6
18101837,4,5,1,2,6
18101838,5,7,6,3,10
18101839,8,1,2,3,9
18101840,2,10,1,4,5
18101841,8,4,2,7,3
18101842,3,8,10,1,6
18101843,9,1,11,6,10
18101844,2,11,1,9,5
18101845,1,8,9,11,10
18101846,10,9,8,3,2
18101847,2,10,1,11,5
18101848,2,11,3,7,4
18101849,4,6,5,3,11
18101850,1,2,8,9,3
18101851,5,3,4,7,1
18101852,11,3,7,4,10
18101853,1,6,8,11,3
18101854,1,9,3,2,5
18101855,10,1,4,2,3
18101856,10,3,5,8,9
18101857,2,3,8,7,6
18101858,5,10,2,8,9
18101859,10,5,7,9,3
18101860,4,1,8,7,10
18101861,1,5,10,2,4
18101862,10,1,4,6,3
18101863,6,9,2,3,11
18101864,11,2,7,10,4
18101865,7,11,8,9,3
18101866,8,9,10,2,1
18101867,6,10,8,7,9
18101868,2,9,11,10,6
18101869,3,8,9,6,11
18101870,2,5,3,8,4
18101871,3,8,7,1,2
18101872,11,10,6,1,8
18101873,11,10,7,1,9
18101874,6,5,2,9,10
18101875,8,5,7,1,2
18101876,7,4,3,6,1
18101877,9,6,5,7,11
18101878,4,9,6,5,2
18101879,4,3,9,11,1
18101880,8,6,5,7,10
18101881,4,11,7,9,8
18101882,6,1,7,9,10
18101883,10,4,2,1,6
18101884,3,11,4,1,6
18101901,8,1,2,11,10
18101902,11,6,8,4,9
18101903,11,9,6,3,1
18101904,3,6,10,7,4
18101905,5,7,8,4,2
18101906,5,4,6,10,11
18101907,4,1,11,5,7
18101908,9,10,4,2,5
18101909,3,10,6,1,9
18101910,3,7,10,6,2
18101911,1,10,4,2,9
18101912,6,11,3,7,10
18101913,9,6,8,10,7
18101914,11,9,5,8,6
18101915,10,9,2,8,5
18101916,1,8,6,4,11
18101917,10,11,3,6,1
18101918,5,1,4,8,9
18101919,9,1,2,3,10
18101920,7,11,1,2,6
18101921,7,5,3,10,4
18101922,5,9,2,6,11
18101923,9,2,5,11,4
18101924,1,11,8,5,3
18101925,10,5,6,7,3
18101926,1,2,7,3,5
18101927,5,2,6,11,4
18101928,4,11,2,6,8
18101929,7,8,3,9,2
18101930,10,7,11,4,9
18101931,8,3,11,1,2
18101932,3,1,2,7,5
18101933,7,3,9,2,1
18101934,8,2,4,1,3
18101935,4,3,11,6,9
18101936,6,9,2,1,11
18101937,4,5,9,3,10
18101938,2,8,7,6,10
18101939,5,8,6,9,11
18101940,5,8,2,9,1
18101941,2,10,6,11,4
18101942,11,4,8,1,10
18101943,8,6,5,11,9
18101944,4,7,5,9,6
18101945,10,4,6,9,3
18101946,6,11,2,1,3
18101947,5,6,4,8,9
18101948,2,7,11,10,1
18101949,11,5,9,1,10
18101950,5,4,6,11,7
18101951,6,7,4,2,3
18101952,2,7,10,5,3
18101953,9,6,3,2,7
18101954,6,5,2,1,4
18101955,3,6,5,4,10
18101956,2,11,10,9,8
18101957,4,7,1,5,9
18101958,11,4,5,9,7
18101959,7,10,11,3,1
18101960,2,6,5,9,11
18101961,2,4,11,8,6
18101962,11,3,2,6,10
18101963,8,1,7,6,9
18101964,11,6,4,7,1
18101965,6,11,5,1,8
18101966,4,2,10,1,11
18101967,4,11,5,7,8
18101968,10,1,4,11,7
18101969,8,9,2,6,7
18101970,2,6,9,7,5
18101971,3,8,4,10,6
18101972,4,9,8,5,7
18101973,1,5,7,9,10
18101974,4,1,11,6,9
18101975,9,6,7,5,8
18101976,11,1,2,8,5
18101977,7,3,11,4,2
18101978,3,1,7,10,8
18101979,2,3,8,9,10
18101980,5,8,10,9,2
18101981,10,4,6,8,3
18101982,10,9,2,6,11
18101983,10,2,7,3,9
18101984,8,3,9,4,11
18102001,1,2,3,8,7
18102002,3,8,1,10,7
18102003,10,5,3,7,2
18102004,8,7,4,11,3
18102005,5,7,2,9,10
18102006,10,6,4,9,5
18102007,9,4,11,10,8
18102008,5,8,9,1,11
18102009,11,3,7,6,8
18102010,6,11,10,5,8
18102011,5,3,11,6,8
18102012,7,3,1,11,5
18102013,11,5,6,1,2
18102014,4,2,6,8,11
18102015,6,11,8,3,7
18102016,11,9,1,4,8
18102017,1,5,6,3,7
18102018,5,1,7,8,6
18102019,10,2,5,1,6
18102020,11,10,7,9,6
18102021,3,6,10,1,7
18102022,5,7,9,4,11
18102023,6,10,1,5,9
18102024,6,9,3,4,10
18102025,1,7,8,4,9
18102026,8,9,10,11,2
18102027,8,11,1,4,9
18102028,10,9,5,8,6
18102029,11,3,7,6,8
18102030,3,4,11,6,9
18102031,7,10,4,9,1
18102032,7,10,11,5,6
18102033,2,6,11,9,5
18102034,9,3,8,7,6
18102035,1,9,7,4,11
18102036,1,9,2,4,11
18102037,9,2,7,4,3
18102038,5,4,1,10,7
18102039,3,11,1,10,7
18102040,3,2,11,10,4
18102041,3,9,8,4,11
18102042,1,2,4,9,6
18102043,8,4,3,1,10
18102044,7,2,8,3,6
18102045,4,10,11,5,2
18102046,6,2,9,5,8
18102047,4,10,1,11,6
18102048,3,7,2,6,10
18102049,11,3,4,2,9
18102050,10,3,2,4,7
18102051,1,9,2,11,6
18102052,3,10,4,7,9
18102053,4,8,3,7,2
18102054,1,4,6,3,5
18102055,6,3,11,4,7
18102056,6,4,5,3,11
18102057,3,7,9,11,1
18102058,9,7,11,6,4
18102059,1,9,10,2,4
18102060,4,8,6,2,5
18102061,7,2,5,3,10
18102062,3,8,7,9,11
18102063,4,8,9,11,5
18102064,1,2,5,10,11
18102065,11,9,7,4,6
18102066,5,2,8,4,3
18102067,3,7,4,6,11
18102068,8,10,6,1,9
18102069,3,9,4,10,6
18102070,6,10,3,8,11
18102071,1,7,3,10,9
18102072,10,6,2,5,7
18102073,3,7,4,6,8
18102074,1,8,7,10,3
18102075,10,4,6,8,11
18102076,9,7,6,3,2
18102077,4,1,7,10,2
18102078,6,10,5,9,2
18102079,6,1,10,7,8
18102080,2,3,11,10,9
18102081,1,9,2,7,6
18102082,3,5,8,6,9
18102083,8,5,10,11,3
18102084,6,2,3,11,5
18102101,4,7,2,9,6
18102102,8,11,6,2,5
18102103,2,8,6,1,3
18102104,4,11,8,7,2
18102105,2,3,7,1,4
18102106,3,9,8,1,5
18102107,10,7,2,3,6
18102108,10,8,9,4,6
18102109,3,10,1,4,6
18102110,2,6,4,9,5
18102111,6,7,4,1,5
18102112,6,1,5,9,11
18102113,1,2,6,11,5
18102114,11,2,4,1,8
18102115,4,3,1,6,10
18102116,4,5,11,2,6
18102117,9,5,8,6,4
18102118,1,2,8,3,6
18102119,1,3,8,7,5
18102120,5,1,10,11,4
18102121,3,7,1,2,11
18102122,10,7,5,6,1
18102123,3,9,8,2,11
18102124,4,5,7,1,11
18102125,11,1,5,10,4
18102126,1,3,9,10,7
18102127,5,9,11,4,1
18102128,11,7,9,5,4
18102129,4,6,7,11,3
18102130,8,4,6,2,5
18102131,11,8,6,9,2
18102132,10,5,4,1,2
18102133,11,5,4,7,8
18102134,8,11,6,7,9
18102135,6,10,5,9,7
18102136,5,9,3,7,11
18102137,3,5,4,11,6
18102138,3,9,8,1,7
18102139,4,2,9,10,3
18102140,4,7,6,1,5
18102141,10,3,9,7,5
18102142,2,1,10,6,8
18102143,9,7,4,10,11
18102144,8,3,10,7,6
18102145,11,1,5,6,7
18102146,10,2,4,11,5
18102147,2,9,1,7,10
18102148,4,1,11,6,9
18102149,3,1,2,11,10
18102150,3,6,8,7,9
18102151,1,10,2,11,8
18102152,4,6,10,8,3
18102153,9,4,3,1,7
18102154,6,7,11,10,8
18102155,11,3,7,4,1
18102156,5,6,3,8,1
18102157,3,9,7,11,6
18102158,2,11,8,3,9
18102159,3,4,2,9,5
18102160,4,6,10,7,5
18102161,9,3,5,6,8
18102162,3,1,7,4,2
18102163,3,5,1,2,6
18102164,3,1,9,8,4
18102165,11,1,8,10,3
18102166,6,7,5,10,8
18102167,7,8,10,11,2
18102168,9,3,1,6,5
18102169,6,4,8,5,11
18102170,1,11,3,6,5
18102171,1,5,7,3,9
18102172,9,5,10,3,11
18102173,2,4,5,9,11
18102174,5,6,4,11,10
18102175,2,6,4,8,1
18102176,5,10,8,9,4
18102177,8,3,11,5,7
18102178,6,5,3,11,4
18102179,11,3,2,7,1
18102180,10,5,6,1,8
18102181,9,2,5,7,6
18102182,5,6,11,1,2
18102183,3,6,1,2,7
18102184,3,9,6,1,2
18102201,7,1,8,2,5
18102202,7,3,11,5,6
18102203,3,10,5,4,9
18102204,8,7,6,10,11
18102205,10,2,1,6,3
18102206,8,4,7,10,1
18102207,2,3,5,10,1
18102208,2,11,5,3,4
18102209,1,9,5,4,2
18102210,8,9,5,7,10
18102211,1,9,3,2,4
18102212,2,6,10,5,7
18102213,8,4,5,10,9
18102214,11,1,4,8,9
18102215,7,11,5,4,9
18102216,7,6,2,5,11
18102217,3,5,8,2,10
18102218,6,11,5,8,4
18102219,4,3,9,5,1
18102220,7,11,5,1,4
18102221,6,5,9,8,11
18102222,10,2,11,7,4
18102223,10,2,11,8,5
18102224,1,11,9,7,4
18102225,6,1,8,2,10
18102226,8,7,1,5,9
18102227,9,3,10,11,6
18102228,10,5,2,4,8
18102229,4,2,6,8,9
18102230,4,5,8,1,6
18102231,3,10,4,2,1
18102232,10,2,6,11,3
18102233,1,7,4,2,6
18102234,6,11,10,5,3
18102235,5,3,1,4,7
18102236,8,11,9,1,7
18102237,9,1,2,10,5
18102238,9,10,3,7,1
18102239,5,1,7,8,4
18102240,10,6,7,9,5
18102241,7,3,10,8,4
18102242,9,11,2,1,7
18102243,4,3,11,7,8
18102244,3,5,1,7,10
18102245,2,10,4,1,8
18102246,8,6,7,10,4
18102247,5,11,4,7,3
18102248,5,6,4,3,2
18102249,5,2,4,7,11
18102250,1,6,8,7,10
18102251,6,2,10,9,8
18102252,7,3,4,10,5
18102253,2,1,3,11,4
18102254,6,10,8,5,9
18102255,9,8,5,10,3
18102256,5,1,10,8,11
18102257,10,5,3,2,11
18102258,5,10,4,2,7
18102259,7,9,11,6,1
18102260,1,6,5,3,2
18102261,3,5,6,7,1
18102262,10,6,7,5,3
18102263,11,1,8,10,5
18102264,5,8,3,6,4
18102265,5,8,6,11,2
18102266,10,6,7,4,8
18102267,1,9,10,6,8
18102268,10,8,2,9,1
18102269,2,4,10,8,1
18102270,8,6,3,11,7
18102271,4,8,7,10,11
18102272,5,7,1,3,11
18102273,9,1,10,7,4
18102274,5,6,3,4,2
18102275,4,6,11,3,2
18102276,1,3,2,10,5
18102277,11,8,4,6,2
18102278,5,10,2,11,1
18102279,1,8,3,5,7
18102280,5,2,1,7,6
18102281,8,5,6,11,1
18102282,7,3,4,6,2
18102283,8,6,7,11,10
18102284,2,11,4,9,3
18102301,6,3,8,5,9
18102302,6,3,1,11,10
18102303,9,10,2,4,11
18102304,2,3,7,1,10
18102305,1,7,5,6,8
18102306,3,2,9,7,4
18102307,8,3,6,11,2
18102308,5,6,2,8,1
18102309,7,8,10,9,2
18102310,11,9,6,7,5
18102311,4,5,1,9,8
18102312,4,5,1,3,9
18102313,7,5,1,2,6
18102314,7,4,6,9,3
18102315,7,2,8,6,4
18102316,11,1,7,6,5
18102317,6,5,2,11,1
18102318,3,11,7,5,6
18102319,11,4,10,2,8
18102320,2,10,11,9,7
18102321,6,4,5,7,11
18102322,4,10,9,11,1
18102323,3,7,2,5,9
18102324,1,6,3,9,7
18102325,1,2,4,5,3
18102326,4,10,3,2,1
18102327,10,3,8,9,11
18102328,1,9,7,8,10
18102329,3,11,8,9,7
18102330,10,7,5,3,11
18102331,2,6,5,9,8
18102332,4,1,6,5,8
18102333,5,11,8,9,3
18102334,2,6,10,7,3
18102335,6,1,9,3,7
18102336,1,6,10,7,9
18102337,10,2,1,3,8
18102338,10,3,6,4,9
18102339,9,5,7,1,4
18102340,5,7,1,11,3
18102341,7,10,2,4,6
18102342,3,11,10,7,4
18102343,1,9,2,5,10
18102344,6,4,8,5,10
18102345,4,10,8,7,5
18102346,9,10,2,4,8
18102347,1,11,8,9,4
18102348,11,8,3,1,4
18102349,5,11,9,6,10
18102350,2,3,4,10,5
18102351,5,7,1,8,2
18102352,10,6,8,9,2
18102353,6,8,3,1,5
18102354,10,9,3,7,5
18102355,7,8,5,6,11
18102356,2,9,10,5,8
18102357,7,4,1,2,9
18102358,1,10,7,3,5
18102359,8,7,9,1,5
18102360,9,10,2,3,7
18102361,10,8,5,7,1
18102362,11,3,5,4,9
18102363,6,5,9,11,10
18102364,6,3,8,9,4
18102365,10,8,6,1,5
18102366,9,4,7,6,1
18102367,11,5,2,10,1
18102368,8,3,11,5,4
18102369,3,4,2,10,7
18102370,2,10,11,7,8
18102371,4,8,6,9,3
18102372,10,11,4,7,1
18102373,8,5,1,3,9
18102374,9,4,1,8,5
18102375,2,4,3,7,6
18102376,5,10,2,1,6
18102377,3,7,6,4,10
18102378,9,8,1,11,10
18102379,8,7,3,5,9
18102380,6,4,10,5,3
18102381,9,6,11,7,10
18102382,8,2,4,5,6
18102383,5,3,9,7,6
18102384,3,7,1,6,8
18102401,10,11,6,7,3
18102402,4,10,5,2,6
18102403,5,11,4,6,8
18102404,1,8,3,5,9
18102405,10,1,3,4,9
18102406,8,9,10,7,6
18102407,4,5,7,2,8
18102408,2,8,4,1,10
18102409,10,6,5,11,3
18102410,3,2,1,5,11
18102411,2,1,10,6,11
18102412,5,3,2,6,7
18102413,7,5,2,6,8
18102414,10,1,9,4,6
18102415,2,4,9,5,7
18102416,9,2,10,6,4
18102417,3,2,9,8,7
18102418,1,5,4,3,9
18102419,7,2,4,9,11
18102420,11,9,6,2,1
18102421,11,1,6,5,8
18102422,11,2,9,4,5
18102423,2,5,6,3,8
18102424,9,2,7,4,3
18102425,8,11,1,2,6
18102426,2,4,8,1,6
18102427,5,1,11,3,6
18102428,11,10,7,9,2
18102429,5,1,6,10,3
18102430,10,3,8,5,9
18102431,7,10,1,2,4
18102432,4,5,8,7,1
18102433,10,2,9,6,3
18102434,9,6,7,8,10
18102435,1,8,2,5,7
18102436,10,9,5,2,3
18102437,8,1,11,5,10
18102438,11,10,1,7,8
18102439,2,10,8,9,11
18102440,6,8,3,9,1
18102441,10,4,9,11,2
18102442,9,4,5,2,3
18102443,3,1,7,9,2
18102444,3,8,9,4,5
18102445,10,2,11,5,8
18102446,5,11,8,7,10
18102447,6,11,10,1,4
18102448,4,2,3,5,10
18102449,7,9,3,8,5
18102450,1,10,2,4,7
18102451,7,10,4,11,2
18102452,10,8,3,2,6
18102453,10,7,2,4,11
18102454,4,5,6,11,9
18102455,7,5,8,9,3
18102456,4,6,1,2,3
18102457,9,8,11,10,3
18102458,4,1,5,7,2
18102459,11,8,1,6,7
18102460,6,10,8,4,9
18102461,4,7,10,2,8
18102462,7,10,11,9,2
18102463,9,11,4,1,10
18102464,2,10,11,6,4
18102465,10,1,6,4,9
18102466,6,3,7,11,5
18102467,10,4,8,9,3
18102468,1,4,2,3,5
18102469,8,2,3,4,11
18102470,7,1,11,9,4
18102471,11,1,9,7,5
18102472,4,6,2,10,1
18102473,4,10,8,3,9
18102474,2,8,4,6,5
18102475,6,9,4,7,2
18102476,6,4,9,11,5
18102477,7,3,6,9,10
18102478,10,7,4,11,8
18102479,3,6,11,4,8
18102480,3,10,6,9,5
18102481,6,10,1,5,11
18102482,8,1,6,2,7
18102483,2,5,3,1,6
18102484,9,2,1,11,7
18102501,9,5,10,3,4
18102502,9,6,8,11,10
18102503,8,3,1,4,2
18102504,3,4,11,1,6
18102505,11,9,5,10,7
18102506,5,7,9,8,2
18102507,8,11,7,5,4
18102508,2,9,10,1,5
18102509,8,9,10,11,2
18102510,6,1,5,3,4
18102511,11,10,9,6,2
18102512,8,2,9,1,4
18102513,11,3,10,8,4
18102514,2,6,11,1,5
18102515,8,5,1,10,9
18102516,3,10,6,2,11
18102517,5,7,6,3,2
18102518,8,3,10,9,2
18102519,10,8,7,4,5
18102520,10,4,9,5,1
18102521,1,7,6,8,5
18102522,7,6,2,3,9
18102523,7,5,1,6,9
18102524,6,9,10,3,7
18102525,5,6,7,1,10
18102526,5,3,8,7,11
18102527,6,2,7,9,3
18102528,2,8,4,3,11
18102529,9,1,8,2,3
18102530,1,5,7,8,3
18102531,1,4,2,11,8
18102532,7,11,6,4,9
18102533,7,4,5,2,10
18102534,11,1,6,10,9
18102535,2,8,7,5,9
18102536,6,1,11,4,7
18102537,8,4,3,1,7
18102538,1,7,2,4,3
18102539,6,3,7,9,11
18102540,10,1,11,8,5
18102541,3,5,1,10,8
18102542,2,8,3,7,4
18102543,5,10,11,9,1
18102544,6,10,1,3,8
18102545,1,11,10,8,2
18102546,3,10,11,8,4
18102547,11,1,7,4,10
18102548,8,5,10,4,9
18102549,3,6,7,10,11
18102550,10,2,9,5,7
18102551,8,4,11,2,7
18102552,9,4,2,5,11
18102553,8,1,7,3,10
18102554,4,6,10,2,11
18102555,8,7,5,11,4
18102556,3,5,4,10,9
18102557,9,5,2,8,4
18102558,3,1,10,6,9
18102559,1,5,7,8,6
18102560,3,5,9,10,11
18102561,11,4,9,2,3
18102562,10,6,7,8,1
18102563,2,7,11,8,10
18102564,5,2,9,8,4
18102565,8,11,1,7,10
18102566,4,9,2,8,11
18102567,4,9,5,1,2
18102568,8,6,3,7,9
18102569,5,7,10,2,3
18102570,11,3,8,5,4
18102571,9,3,1,5,7
18102572,11,1,5,4,8
18102573,3,11,9,8,10
18102574,2,5,3,7,1
18102575,1,8,6,2,4
18102576,6,1,3,7,4
18102577,3,2,8,6,10
18102578,11,4,5,8,2
18102579,8,9,6,4,11
18102580,6,10,5,2,1
18102581,6,1,7,9,2
18102582,4,9,1,11,6
18102583,3,7,1,8,9
18102584,11,2,7,10,1
18102601,10,2,7,6,3
18102602,10,11,9,4,1
18102603,10,1,3,11,8
18102604,5,10,6,2,7
18102605,1,6,9,4,7
18102606,3,2,8,6,4
18102607,9,3,8,5,2
18102608,4,8,10,2,9
18102609,1,5,10,11,3
18102610,10,2,4,9,7
18102611,7,6,11,9,2
18102612,9,2,4,1,10
18102613,7,10,11,6,1
18102614,1,10,3,6,7
18102615,7,10,6,11,1
18102616,11,10,7,2,8
18102617,2,6,7,3,11
18102618,1,3,11,2,9
18102619,5,3,7,2,4
18102620,9,7,1,10,11
18102621,6,7,2,3,1
18102622,2,11,10,8,5
18102623,3,9,11,2,8
18102624,3,6,7,1,2
18102625,1,11,2,7,3
18102626,10,7,4,2,1
18102627,9,4,2,5,3
18102628,11,9,1,2,8
18102629,8,10,6,1,3
18102630,3,4,5,2,6
18102631,6,2,4,10,9
18102632,9,6,10,4,11
18102633,11,5,2,6,8
18102634,11,6,9,3,5
18102635,2,1,3,8,5
18102636,10,6,9,7,4
18102637,2,3,8,1,5
18102638,9,11,7,1,8
18102639,2,7,8,6,11
18102640,3,7,10,1,11
18102641,5,3,11,2,1
18102642,11,5,9,6,3
18102643,4,2,3,10,11
18102644,2,1,5,6,7
18102645,2,3,1,5,7
18102646,5,2,10,11,3
18102647,9,7,4,3,1
18102648,3,5,10,8,11
18102649,6,5,4,10,2
18102650,3,5,1,11,9
18102651,7,9,4,5,10
18102652,3,8,2,5,1
18102653,9,4,6,3,5
18102654,3,9,6,1,10
18102655,9,7,5,2,11
18102656,7,5,4,3,6
18102657,10,3,5,2,7
18102658,6,3,1,2,7
18102659,1,8,3,6,7
18102660,7,5,11,1,8
18102661,1,6,5,10,11
18102662,11,8,6,9,10
18102663,2,8,7,6,4
18102664,9,10,6,4,11
18102665,4,9,11,8,3
18102666,4,3,5,2,7
18102667,1,2,11,4,5
18102668,2,10,1,3,5
18102669,11,10,4,2,6
18102670,11,3,8,4,5
18102671,9,1,5,6,7
18102672,11,7,9,6,8
18102673,9,6,10,7,4
18102674,7,10,3,5,9
18102675,1,8,2,11,10
18102676,5,1,2,11,4
18102677,4,9,10,11,5
18102678,5,8,9,10,7
18102679,5,7,8,11,2
18102680,1,11,5,3,2
18102681,1,9,10,8,4
18102682,8,10,4,2,9
18102683,7,5,1,6,8
18102684,2,9,4,8,5
18102701,6,9,7,2,1
18102702,11,3,6,2,9
18102703,6,10,1,5,11
18102704,4,6,1,5,7
18102705,2,11,10,3,7
18102706,4,3,11,2,6
18102707,10,1,9,2,5
18102708,4,10,5,6,9
18102709,2,1,8,4,11
18102710,3,4,8,5,2
18102711,9,11,2,4,1
18102712,6,9,3,4,7
18102713,2,3,7,8,4
18102714,11,1,6,3,2
18102715,4,7,10,1,8
18102716,7,9,4,11,10
18102717,1,2,5,9,4
18102718,3,2,6,1,7
18102719,10,4,5,8,6
18102720,7,5,3,1,2
18102721,11,6,10,3,2
18102722,4,3,2,10,6
18102723,9,10,4,3,8
18102724,2,4,5,9,7
18102725,7,3,5,8,2
18102726,9,3,7,11,8
18102727,1,10,2,4,3
18102728,7,1,3,10,6
18102729,1,11,3,4,6
18102730,6,7,10,8,5
18102731,7,6,1,4,8
18102732,10,3,5,6,11
18102733,2,10,6,4,9
18102734,10,11,8,3,2
18102735,4,5,9,2,8
18102736,8,1,9,4,3
18102737,11,1,8,7,3
18102738,4,7,6,8,11
18102739,5,7,6,1,4
18102740,7,6,5,1,10
18102741,8,9,1,3,6
18102742,2,1,3,4,7
18102743,11,2,4,9,1
18102744,6,3,9,10,1
18102745,4,5,11,10,1
18102746,2,6,10,5,4
18102747,5,10,8,11,2
18102748,4,11,1,10,2
18102749,8,10,6,2,5
18102750,9,5,1,8,4
18102751,9,2,3,7,4
18102752,11,10,4,9,1
18102753,3,9,4,6,8
18102754,7,9,2,4,10
18102755,4,8,6,9,5
18102756,3,2,10,5,1
18102757,2,8,10,3,1
18102758,11,2,6,7,9
18102759,2,6,11,1,10
18102760,2,9,10,7,5
18102761,5,11,1,9,10
18102762,3,1,7,8,11
18102763,10,1,2,11,3
18102764,10,1,9,3,7
18102765,2,1,5,10,6
18102766,2,9,10,8,7
18102767,7,11,5,2,8
18102768,9,7,10,2,6
18102769,7,3,4,10,5
18102770,8,10,1,11,4
18102771,11,10,5,2,3
18102772,3,10,7,2,8
18102773,8,10,1,6,4
18102774,4,9,11,10,8
18102775,8,4,7,5,9
18102776,1,7,8,2,5
18102777,1,7,2,4,11
18102778,7,9,6,8,5
18102779,4,7,8,1,6
18102780,7,9,6,11,5
18102781,3,4,9,6,10
18102782,7,6,5,9,3
18102783,4,9,11,10,3
18102784,3,8,7,6,9
18102801,1,3,8,6,4
18102802,11,6,9,8,7
18102803,10,11,5,4,3
18102804,1,2,7,4,8
18102805,3,1,5,9,2
18102806,11,5,3,2,1
18102807,2,5,6,1,8
18102808,8,9,6,10,5
18102809,8,10,1,4,7
18102810,10,3,11,1,2
18102811,6,11,8,3,9
18102812,10,11,3,7,2
18102813,1,7,6,2,10
18102814,10,5,4,7,1
18102815,2,7,9,1,6
18102816,4,2,10,7,11
18102817,3,9,8,7,11
18102818,1,4,7,3,6
18102819,10,1,9,8,3
18102820,9,5,11,4,8
18102821,10,8,7,3,4
18102822,8,10,2,6,7
18102823,8,3,9,2,4
18102824,4,8,7,3,6
18102825,6,7,1,3,10
18102826,2,1,9,5,3
18102827,10,8,6,9,11
18102828,9,11,2,10,4
18102829,7,4,8,5,2
18102830,3,2,8,10,6
18102831,1,6,10,8,3
18102832,6,7,3,1,11
18102833,8,10,6,2,5
18102834,6,9,11,2,10
18102835,3,7,10,8,5
18102836,9,7,5,3,11
18102837,7,6,11,4,8
18102838,1,8,11,4,7
18102839,6,4,1,5,2
18102840,11,9,6,8,2
18102841,7,5,10,8,4
18102842,9,6,7,8,10
18102843,5,7,9,10,11
18102844,10,4,5,11,2
18102845,1,9,5,7,4
18102846,1,7,5,9,4
18102847,11,10,2,9,5
18102848,4,9,5,2,7
18102849,3,2,8,7,6
18102850,4,3,8,6,10
18102851,11,9,1,6,3
18102852,1,6,11,9,2
18102853,1,2,11,5,8
18102854,3,5,10,4,8
18102855,8,7,9,2,5
18102856,11,9,5,4,7
18102857,4,2,7,8,11
18102858,10,8,7,11,4
18102859,8,4,1,6,5
18102860,2,7,5,9,8
18102861,2,8,10,7,1
18102862,4,11,6,7,2
18102863,11,1,9,7,4
18102864,4,8,2,6,7
18102865,5,10,7,11,9
18102866,8,1,7,9,3
18102867,2,4,10,5,9
18102868,3,1,7,9,5
18102869,5,8,2,4,9
18102870,1,7,2,4,3
18102871,9,7,5,2,11
18102872,1,11,8,7,3
18102873,8,6,5,3,7
18102874,4,5,9,6,2
18102875,11,8,5,1,9
18102876,6,2,9,3,4
18102877,5,7,11,2,3
18102878,11,10,7,4,1
18102879,10,5,11,3,6
18102880,10,6,9,2,7
18102881,7,4,8,10,6
18102882,2,1,10,6,4
18102883,1,4,2,7,10
18102884,11,10,3,7,2
18102901,8,7,4,5,2
18102902,6,10,7,11,5
18102903,8,10,3,7,5
18102904,9,7,11,1,3
18102905,9,7,1,8,6
18102906,5,7,3,11,4
18102907,9,11,3,7,2
18102908,1,5,4,3,10
18102909,11,7,1,10,3
18102910,10,1,8,5,7
18102911,10,3,7,1,6
18102912,5,1,10,4,7
18102913,8,1,7,2,5
18102914,6,2,7,11,8
18102915,3,4,1,6,2
18102916,7,9,11,2,4
18102917,11,2,3,4,10
18102918,2,8,1,5,9
18102919,10,8,6,4,7
18102920,10,1,7,3,9
18102921,8,4,5,7,2
18102922,2,10,3,6,5
18102923,8,2,10,6,4
18102924,7,9,1,5,11
18102925,10,6,3,4,8
18102926,4,7,9,8,11
18102927,11,5,9,10,4
18102928,11,8,3,6,4
18102929,7,9,1,6,10
18102930,10,2,6,5,9
18102931,3,1,9,11,5
18102932,4,6,5,3,1
18102933,8,11,6,7,4
18102934,8,11,9,1,4
18102935,5,10,6,2,1
18102936,11,4,7,10,9
18102937,9,1,8,11,10
18102938,7,11,6,4,1
18102939,1,10,9,6,4
18102940,10,8,6,2,5
18102941,1,2,6,3,7
18102942,11,1,8,7,2
18102943,11,9,1,2,6
18102944,6,1,3,4,9
18102945,10,8,7,3,11
18102946,7,10,5,3,11
18102947,3,8,1,7,11
18102948,11,1,4,8,7
18102949,5,11,9,3,2
18102950,3,11,5,1,2
18102951,5,3,4,6,11
18102952,1,7,3,4,11
18102953,6,3,2,11,5
18102954,9,2,7,3,5
18102955,8,6,7,2,10
18102956,8,1,9,6,3
18102957,5,11,6,3,2
18102958,2,6,3,9,8
18102959,9,5,6,11,1
18102960,1,4,7,2,11
18102961,11,7,4,5,9
18102962,9,1,10,11,8
18102963,11,7,1,3,4
18102964,9,4,2,7,5
18102965,10,2,8,9,6
18102966,9,11,1,5,6
18102967,8,9,3,6,2
18102968,11,8,5,10,9
18102969,6,1,5,7,9
18102970,3,7,11,8,10
18102971,3,11,7,6,4
18102972,3,7,11,1,5
18102973,4,3,10,5,7
18102974,4,8,11,9,6
18102975,5,10,1,4,2
18102976,3,5,11,10,2
18102977,7,3,1,8,6
18102978,10,1,7,6,2
18102979,9,6,11,1,5
18102980,11,4,9,1,2
18102981,9,3,8,11,4
18102982,5,7,3,8,1
18102983,9,11,3,4,2
18102984,3,11,7,2,5
18103001,1,6,5,11,8
18103002,9,11,5,3,7
18103003,11,2,6,8,3
18103004,3,9,4,11,10
18103005,7,5,6,1,8
18103006,7,1,3,11,10
18103007,4,9,2,6,3
18103008,3,10,6,5,11
18103009,3,8,11,5,9
18103010,2,6,3,7,11
18103011,4,7,6,9,8
18103012,7,6,3,8,4
18103013,5,3,8,9,4
18103014,10,3,11,9,5
18103015,1,4,5,7,9
18103016,6,11,3,7,1
18103017,2,9,7,6,10
18103018,2,7,9,3,11
18103019,1,4,2,10,8
18103020,4,11,5,8,2
18103021,3,2,6,1,9
18103022,10,3,1,5,6
18103023,8,7,11,9,1
18103024,1,5,11,6,3
18103025,4,8,11,6,3
18103026,7,8,6,5,9
18103027,10,11,4,1,6
18103028,7,9,3,11,1
18103029,3,5,4,11,7
18103030,7,6,10,2,8
18103031,4,6,3,7,10
18103032,7,4,11,2,3
18103033,9,3,8,5,7
18103034,4,2,10,6,11
18103035,3,4,5,1,7
18103036,5,2,4,3,1
18103037,9,8,6,7,5
18103038,1,7,10,5,6
18103039,10,6,1,11,8
18103040,7,9,6,2,5
18103041,8,7,10,9,3
18103042,4,7,6,10,2
18103043,3,1,2,10,4
18103044,11,4,6,8,10
18103045,11,10,7,1,2
18103046,8,7,11,10,9
18103047,10,1,6,2,5
18103048,1,6,7,9,5
18103049,9,7,6,8,1
18103050,7,5,4,11,2
18103051,9,8,5,2,7
18103052,5,9,4,8,2
18103053,5,8,4,11,7
18103054,1,9,2,3,11
18103055,10,4,2,7,8
18103056,1,2,8,5,10
18103057,9,1,8,11,5
18103058,9,7,1,10,5
18103059,4,5,9,7,6
18103060,2,6,4,8,7
18103061,7,10,9,11,1
18103062,1,2,4,11,10
18103063,4,11,3,10,8
18103064,10,1,11,9,3
18103065,7,11,1,5,2
18103066,11,8,4,9,2
18103067,6,5,8,10,1
18103068,10,5,9,11,6
18103069,8,11,10,7,1
18103070,10,4,11,7,9
18103071,6,2,7,3,5
18103072,8,6,9,3,10
18103073,7,10,2,4,1
18103074,6,2,3,9,11
18103075,5,3,10,9,4
18103076,9,6,8,5,10
18103077,2,1,8,11,9
18103078,5,4,1,6,3
18103079,5,2,1,7,10
18103080,10,7,2,9,4
18103081,9,8,5,1,3
18103082,10,11,4,7,9
18103083,7,9,6,1,2
18103084,3,10,7,6,8
18103101,7,3,9,4,6
18103102,9,4,3,1,11
18103103,10,2,4,5,8
18103104,10,2,9,3,11
18103105,6,7,8,3,11
18103106,3,1,5,6,9
18103107,10,11,8,6,1
18103108,9,8,3,7,2
18103109,7,1,5,2,4
18103110,8,10,9,5,4
18103111,10,3,9,2,7
18103112,1,8,4,9,3
18103113,7,2,5,4,1
18103114,8,11,4,7,6
18103115,6,7,1,5,3
18103116,4,10,7,11,3
18103117,7,1,6,10,4
18103118,11,6,2,5,9
18103119,6,8,2,11,3
18103120,3,10,7,11,2
18103121,3,6,2,1,11
18103122,3,10,9,1,8
18103123,9,5,6,8,2
18103124,9,8,4,2,1
18103125,1,2,10,9,3
18103126,2,10,4,11,6
18103127,7,10,4,2,9
18103128,4,8,9,10,7
18103129,7,2,4,3,10
18103130,7,8,9,2,11
18103131,4,7,2,6,3
18103132,8,3,2,4,6
18103133,11,8,4,5,6
18103134,2,4,5,9,1
18103135,3,11,10,2,1
18103136,3,5,6,2,11
18103137,5,2,3,9,6
18103138,6,5,3,1,2
18103139,7,3,6,2,4
18103140,3,10,1,8,11
18103141,2,6,5,11,4
18103142,6,11,2,9,5
18103143,7,10,4,9,2
18103144,9,7,3,4,8
18103145,5,6,2,9,10
18103146,8,1,9,5,6
18103147,11,10,1,3,4
18103148,8,6,7,2,11
18103149,1,10,7,8,11
18103150,9,1,6,5,2
18103151,3,4,2,8,9
18103152,3,11,4,8,2
18103153,7,6,1,4,2
18103154,6,2,5,3,4
18103155,7,9,2,4,6
18103156,6,9,8,11,1
18103157,3,10,1,7,8
18103158,7,1,11,4,6
18103159,4,7,5,11,9
18103160,6,8,4,5,11
18103161,2,6,7,3,11
18103162,3,7,5,9,1
18103163,10,1,11,5,4
18103164,2,11,4,1,7
18103165,3,5,7,6,4
18103166,10,6,7,3,4
18103167,8,10,11,9,1
18103168,5,2,6,8,11
18103169,8,11,2,6,1
18103170,2,9,3,11,10
18103171,7,1,6,11,5
18103172,1,3,7,4,5
18103173,9,11,6,8,2
18103174,5,6,8,10,2
18103175,2,7,11,9,5
18103176,2,7,1,6,5
18103177,2,7,3,5,1
18103178,1,7,4,5,11
18103179,11,9,2,3,8
18103180,2,6,9,8,3
18103181,1,3,11,6,2
18103182,10,9,7,11,3
18103183,4,9,10,7,11
18103184,1,8,7,2,11
