19110101,1,10,5,7,9
19110102,6,5,4,9,11
19110103,8,1,6,9,4
19110104,2,9,8,5,7
19110105,6,3,8,7,1
19110106,4,1,3,11,6
19110107,8,4,10,1,5
19110108,2,9,3,4,8
19110109,8,7,5,1,3
19110110,11,6,5,4,1
19110111,10,11,1,9,3
19110112,7,4,1,8,5
19110113,9,1,2,4,7
19110114,2,8,6,1,4
19110115,4,5,11,8,9
19110116,2,8,1,7,5
19110117,2,4,7,8,5
19110118,11,2,9,10,3
19110119,10,2,1,8,9
19110120,7,4,10,2,9
19110121,2,5,6,9,8
19110122,3,4,6,1,10
19110123,11,8,1,3,7
19110124,7,8,3,9,4
19110125,5,7,6,4,9
19110126,7,11,4,1,6
19110127,9,1,4,2,7
19110128,5,3,2,7,10
19110129,7,10,2,5,6
19110130,6,5,11,7,9
19110131,11,3,1,9,2
19110132,10,4,3,5,1
19110133,11,1,8,6,2
19110134,4,6,10,11,8
19110135,6,8,1,5,2
