20031601,9,6,1,11,10
20031602,9,5,7,3,4
20031603,7,2,11,8,4
20031604,9,10,11,2,8
20031605,9,10,11,2,8
20031606,11,3,5,2,9
20031607,3,10,6,11,1
20031608,3,10,6,11,1
20031609,3,10,6,11,1
20031610,3,9,11,5,1
20031611,3,2,4,10,1
20031612,10,11,6,9,4
20031613,2,8,7,9,4
20031614,6,2,5,8,7
20031615,11,10,2,4,8
20031616,6,11,2,8,9
20031617,7,1,9,6,4
20031618,9,11,7,6,4
20031619,2,1,6,5,10
20031620,2,1,6,5,10
20031621,7,2,3,11,4
20031622,3,4,9,6,2
20031623,1,11,2,5,3
20031624,11,8,4,10,3
20031625,4,9,5,1,11
20031626,11,1,3,9,2
20031627,11,3,9,7,8
20031628,9,2,1,7,3
20031629,9,2,8,4,1
20031630,1,11,8,10,4
20031631,9,2,5,3,8
20031632,4,3,6,8,7
20031633,3,9,11,2,8
20031634,1,6,2,5,11
20031635,9,4,2,11,10
20031636,10,11,3,2,8
20031637,3,5,7,1,4
20031638,7,8,9,10,3
20031639,9,8,6,4,1
