18060101,1,2,9,3,4
18060102,7,11,3,6,8
18060103,8,3,5,7,9
18060104,10,3,2,6,4
18060105,7,4,6,2,9
18060106,9,6,7,1,10
18060107,1,9,6,3,2
18060108,4,11,3,5,1
18060109,8,3,7,5,11
18060110,6,10,3,8,1
18060111,8,2,9,4,7
18060112,4,11,10,3,9
18060113,6,5,10,7,9
18060114,8,5,3,2,11
18060115,4,1,9,7,3
18060116,9,11,8,2,1
18060117,7,5,1,6,9
18060118,11,3,8,4,9
18060119,10,1,4,9,6
18060120,8,3,2,4,5
18060121,3,4,7,5,2
18060122,5,2,9,6,8
18060123,3,9,8,7,2
18060124,6,2,5,7,3
18060125,4,5,3,8,11
18060126,2,11,9,6,3
18060127,6,7,5,10,8
18060128,6,11,10,3,4
18060129,4,8,10,7,2
18060130,3,4,5,11,9
18060131,7,9,1,11,8
18060132,1,2,7,11,4
18060133,4,10,2,11,5
18060134,2,11,8,9,4
18060135,6,4,2,7,9
18060136,3,1,9,4,7
18060137,2,11,3,7,9
18060138,11,10,8,9,1
18060139,2,4,8,9,10
18060140,10,3,7,5,9
18060141,6,8,1,4,2
18060142,9,1,3,7,5
18060143,7,2,4,1,11
18060144,7,4,6,10,1
18060145,6,4,1,8,2
18060146,4,8,5,11,2
18060147,6,11,7,3,2
18060148,11,10,7,6,4
18060149,4,9,2,6,7
18060150,9,3,11,10,8
18060151,8,1,4,9,10
18060152,9,5,6,1,8
18060153,3,10,9,7,2
18060154,3,5,4,6,2
18060155,3,9,2,4,5
18060156,9,10,4,8,6
18060157,4,3,9,7,11
18060158,3,1,4,11,9
18060159,7,2,10,5,3
18060160,11,5,1,8,10
18060161,3,11,4,6,7
18060162,7,4,6,3,9
18060163,9,11,4,10,6
18060164,3,5,7,9,1
18060165,7,6,1,11,9
18060166,8,5,9,2,1
18060167,3,10,2,9,5
18060168,11,8,2,9,7
18060169,7,6,11,8,5
18060170,6,11,2,8,1
18060171,4,5,10,11,7
18060172,10,8,4,7,9
18060173,7,6,4,3,5
18060174,7,5,10,2,8
18060175,10,6,3,11,1
18060176,5,1,2,7,4
18060177,2,7,5,8,1
18060178,4,10,7,9,8
18060179,11,1,6,7,10
18060180,2,6,4,8,5
18060181,7,9,6,1,11
18060182,6,4,1,11,7
18060183,9,8,7,3,4
18060184,3,5,9,6,8
18060201,8,11,4,3,7
18060202,1,3,8,10,9
18060203,11,3,8,6,5
18060204,4,10,2,9,6
18060205,4,6,1,2,3
18060206,5,4,1,6,3
18060207,5,2,3,7,9
18060208,8,3,10,9,2
18060209,5,2,8,4,10
18060210,3,10,9,7,1
18060211,9,5,4,1,11
18060212,5,10,7,3,2
18060213,10,3,11,1,5
18060214,6,3,8,1,9
18060215,7,6,2,4,5
18060216,8,11,7,3,2
18060217,3,7,5,11,1
18060218,6,2,9,10,8
18060219,2,3,11,1,10
18060220,5,9,4,10,11
18060221,8,4,1,10,2
18060222,5,6,8,3,2
18060223,6,5,3,11,9
18060224,10,1,3,9,11
18060225,11,5,4,8,9
18060226,10,3,4,11,2
18060227,4,7,1,2,11
18060228,2,4,9,11,3
18060229,6,4,2,11,1
18060230,10,11,9,4,8
18060231,8,4,3,5,1
18060232,10,9,1,8,11
18060233,6,11,3,5,7
18060234,3,2,4,5,1
18060235,4,10,9,7,6
18060236,9,1,5,8,4
18060237,6,3,8,11,5
18060238,9,4,8,2,1
18060239,5,6,2,4,8
18060240,3,1,5,8,7
18060241,6,7,2,3,4
18060242,11,1,2,6,7
18060243,11,2,7,4,8
18060244,11,6,2,8,1
18060245,3,9,2,10,7
18060246,8,3,7,2,10
18060247,5,3,1,2,7
18060248,8,9,2,3,4
18060249,3,2,9,7,6
18060250,6,3,9,8,10
18060251,8,2,4,11,5
18060252,10,6,7,8,2
18060253,1,9,2,11,4
18060254,1,10,11,2,5
18060255,8,2,5,6,3
18060256,2,7,11,9,4
18060257,5,8,4,7,3
18060258,10,3,11,4,5
18060259,8,2,5,6,11
18060260,2,4,8,11,5
18060261,5,11,1,7,6
18060262,7,1,3,11,10
18060263,4,5,9,8,1
18060264,5,1,10,4,2
18060265,8,1,3,10,7
18060266,4,10,6,2,7
18060267,4,2,8,9,6
18060268,8,2,10,4,1
18060269,1,9,4,11,5
18060270,3,8,2,6,9
18060271,3,2,5,11,1
18060272,5,11,9,7,6
18060273,9,10,8,2,3
18060274,3,2,10,4,9
18060275,3,5,11,6,9
18060276,5,7,2,4,8
18060277,4,1,2,6,5
18060278,1,4,3,7,10
18060279,6,10,5,8,3
18060280,8,1,10,4,3
18060281,10,11,5,7,8
18060282,4,7,8,10,2
18060283,7,9,1,2,3
18060284,6,9,3,4,11
18060301,8,7,5,9,4
18060302,2,6,10,3,9
18060303,1,8,10,7,6
18060304,5,9,7,8,10
18060305,9,7,1,3,10
18060306,11,2,4,7,3
18060307,9,11,1,6,2
18060308,10,4,11,5,9
18060309,3,11,1,6,10
18060310,4,5,7,2,9
18060311,6,1,3,7,4
18060312,7,5,8,1,9
18060313,10,4,2,8,11
18060314,8,5,6,2,9
18060315,4,9,8,3,11
18060316,7,1,8,11,4
18060317,11,10,3,8,2
18060318,6,8,10,1,2
18060319,7,1,11,5,8
18060320,3,11,7,5,8
18060321,1,4,8,5,6
18060322,1,8,2,7,3
18060323,10,1,11,2,6
18060324,6,5,1,2,4
18060325,7,1,2,5,9
18060326,8,10,9,7,11
18060327,2,8,9,5,4
18060328,10,8,4,5,2
18060329,1,9,4,10,7
18060330,1,10,3,2,5
18060331,5,2,9,8,4
18060332,7,4,9,10,1
18060333,11,9,4,1,7
18060334,4,8,6,7,11
18060335,7,8,4,2,3
18060336,3,2,6,4,1
18060337,6,3,4,1,11
18060338,9,5,11,8,4
18060339,4,3,9,2,1
18060340,3,8,7,1,9
18060341,6,10,7,1,8
18060342,11,6,8,5,7
18060343,11,3,4,9,1
18060344,3,10,4,9,7
18060345,7,2,1,8,6
18060346,9,11,3,4,7
18060347,11,5,3,1,6
18060348,3,10,7,1,11
18060349,9,3,4,8,7
18060350,8,9,10,6,7
18060351,10,11,5,9,1
18060352,9,5,4,1,10
18060353,9,11,7,6,8
18060354,2,6,7,9,5
18060355,9,11,8,6,4
18060356,11,9,4,5,10
18060357,4,1,2,9,5
18060358,7,9,2,10,11
18060359,10,9,1,11,6
18060360,1,3,10,8,6
18060361,3,7,10,11,4
18060362,4,8,2,5,11
18060363,2,4,5,1,11
18060364,6,8,4,9,1
18060365,10,2,1,5,9
18060366,8,5,10,2,1
18060367,4,2,5,3,1
18060368,11,3,5,6,1
18060369,2,4,7,9,1
18060370,7,5,6,2,10
18060371,4,7,8,6,11
18060372,3,7,2,11,8
18060373,9,2,11,8,7
18060374,9,10,7,11,3
18060375,4,7,5,2,6
18060376,6,4,8,2,7
18060377,6,1,5,4,11
18060378,9,4,10,1,6
18060379,11,2,10,4,1
18060380,7,8,3,6,11
18060381,10,5,11,6,4
18060382,9,7,4,2,5
18060383,11,5,7,10,2
18060384,11,5,4,6,9
18060401,6,1,9,7,4
18060402,8,9,4,10,5
18060403,3,5,9,6,10
18060404,3,10,7,2,9
18060405,6,7,3,9,11
18060406,10,1,4,6,5
18060407,2,10,11,5,3
18060408,10,6,9,1,4
18060409,4,10,5,8,9
18060410,11,1,2,7,5
18060411,2,6,8,7,1
18060412,2,7,6,9,5
18060413,3,8,2,6,1
18060414,10,6,11,9,5
18060415,7,5,1,2,3
18060416,7,6,5,4,2
18060417,9,11,2,6,7
18060418,4,7,9,3,1
18060419,9,5,4,1,2
18060420,7,11,6,8,2
18060421,9,8,2,10,6
18060422,11,7,5,2,6
18060423,4,9,1,11,6
18060424,10,6,1,7,3
18060425,6,11,8,3,9
18060426,1,11,10,5,4
18060427,9,4,10,1,2
18060428,3,7,1,6,10
18060429,8,2,4,7,6
18060430,9,11,1,6,7
18060431,9,8,10,4,11
18060432,8,4,6,5,7
18060433,1,10,4,6,7
18060434,5,3,9,7,8
18060435,11,9,1,10,3
18060436,2,11,9,7,1
18060437,2,11,8,6,5
18060438,3,9,8,1,7
18060439,8,11,9,3,1
18060440,5,8,3,1,11
18060441,7,8,10,4,9
18060442,8,1,7,4,10
18060443,6,4,11,10,3
18060444,7,10,9,4,5
18060445,11,9,4,6,1
18060446,4,11,7,3,9
18060447,5,3,8,6,9
18060448,11,6,5,3,7
18060449,6,8,10,9,5
18060450,4,5,2,6,7
18060451,5,11,6,4,10
18060452,5,1,7,8,11
18060453,2,1,3,5,9
18060454,2,1,6,5,8
18060455,4,11,7,1,5
18060456,3,8,5,11,7
18060457,2,6,11,7,1
18060458,10,2,9,5,6
18060459,1,10,9,5,4
18060460,3,8,1,4,10
18060461,1,4,11,8,10
18060462,3,1,5,7,8
18060463,3,9,5,4,11
18060464,8,3,10,7,4
18060465,2,10,8,3,4
18060466,11,8,2,4,7
18060467,2,5,1,10,7
18060468,4,5,11,1,2
18060469,10,6,4,3,1
18060470,9,4,8,7,10
18060471,1,2,9,4,8
18060472,2,3,5,9,4
18060473,6,4,2,7,11
18060474,10,9,7,11,3
18060475,5,2,10,11,3
18060476,4,7,10,1,3
18060477,4,5,8,6,3
18060478,11,3,10,8,4
18060479,5,1,9,6,4
18060480,11,3,2,10,4
18060481,1,3,7,4,5
18060482,10,2,6,4,5
18060483,11,1,4,8,9
18060484,1,5,4,9,6
18060501,10,8,3,4,2
18060502,6,8,2,1,11
18060503,3,11,7,2,1
18060504,9,5,6,2,8
18060505,10,3,5,2,7
18060506,8,3,6,7,1
18060507,9,4,5,1,2
18060508,11,1,9,7,4
18060509,1,9,4,8,7
18060510,7,11,5,10,4
18060511,5,4,9,1,3
18060512,1,8,9,7,2
18060513,2,1,8,5,7
18060514,10,4,2,1,9
18060515,5,9,3,1,6
18060516,9,2,3,4,8
18060517,11,10,7,3,9
18060518,5,2,7,10,4
18060519,4,7,11,1,6
18060520,3,10,8,7,1
18060521,10,8,3,4,2
18060522,9,8,2,10,3
18060523,6,5,1,10,4
18060524,8,6,9,5,4
18060525,4,5,6,7,1
18060526,7,10,5,3,11
18060527,11,4,3,8,5
18060528,2,5,10,9,11
18060529,8,7,3,10,11
18060530,6,4,3,5,10
18060531,10,3,8,11,7
18060532,11,10,4,5,9
18060533,1,8,7,3,10
18060534,1,3,9,10,7
18060535,7,11,1,3,8
18060536,2,5,3,7,11
18060537,6,3,5,8,11
18060538,2,7,10,6,1
18060539,4,5,9,6,3
18060540,2,5,6,3,1
18060541,5,8,4,7,2
18060542,10,1,4,8,5
18060543,1,7,8,4,3
18060544,3,6,8,10,4
18060545,4,7,5,8,10
18060546,3,4,5,1,9
18060547,4,1,8,3,2
18060548,7,1,2,8,3
18060549,4,5,6,2,10
18060550,5,2,6,8,1
18060551,6,10,8,3,1
18060552,1,2,11,6,10
18060553,10,9,5,2,6
18060554,5,4,8,2,1
18060555,2,11,3,4,6
18060556,9,2,6,1,10
18060557,5,9,3,6,7
18060558,5,1,4,9,7
18060559,9,8,11,5,10
18060560,8,7,11,1,9
18060561,6,2,4,5,10
18060562,4,8,5,9,6
18060563,8,1,5,2,9
18060564,3,5,6,7,8
18060565,8,3,6,11,2
18060566,3,4,5,2,9
18060567,9,5,7,8,4
18060568,1,2,3,4,5
18060569,10,6,5,11,9
18060570,5,7,9,2,4
18060571,4,11,7,8,1
18060572,1,3,9,2,4
18060573,2,5,1,4,7
18060574,11,4,3,8,2
18060575,1,5,4,7,10
18060576,1,6,5,10,7
18060577,9,7,4,5,3
18060578,5,3,1,7,6
18060579,5,11,7,9,6
18060580,4,5,6,7,1
18060581,3,7,1,9,6
18060582,7,1,4,2,10
18060583,5,6,4,2,7
18060584,4,9,3,5,10
18060601,10,3,1,7,11
18060602,8,5,1,4,10
18060603,4,8,6,11,3
18060604,9,6,5,10,3
18060605,10,8,11,4,6
18060606,4,8,1,6,11
18060607,3,5,9,7,6
18060608,3,6,11,8,1
18060609,2,1,9,10,5
18060610,6,2,3,1,9
18060611,6,5,9,1,4
18060612,11,1,4,8,2
18060613,1,11,8,5,9
18060614,4,7,6,2,3
18060615,1,5,4,6,9
18060616,10,5,7,8,1
18060617,5,4,6,2,8
18060618,2,7,10,6,5
18060619,3,7,1,4,10
18060620,1,10,5,8,2
18060621,10,7,9,2,5
18060622,8,5,11,10,3
18060623,6,3,10,4,8
18060624,7,8,6,11,1
18060625,8,4,7,11,10
18060626,7,1,6,2,3
18060627,2,7,1,3,5
18060628,1,7,6,2,11
18060629,8,6,1,5,3
18060630,9,3,6,1,8
18060631,2,7,1,9,10
18060632,6,11,3,9,10
18060633,10,5,7,2,11
18060634,6,1,10,2,11
18060635,5,7,8,1,9
18060636,4,1,5,10,7
18060637,11,8,5,9,6
18060638,8,10,5,2,1
18060639,2,10,5,4,3
18060640,5,3,8,9,1
18060641,3,10,6,7,8
18060642,9,8,10,5,4
18060643,8,10,11,6,1
18060644,1,10,5,7,3
18060645,11,9,4,1,2
18060646,4,3,6,8,2
18060647,7,9,3,1,5
18060648,4,2,7,5,11
18060649,2,7,6,5,1
18060650,10,5,4,9,7
18060651,3,6,1,10,2
18060652,10,3,5,11,9
18060653,8,1,5,7,9
18060654,2,5,7,9,6
18060655,11,2,10,3,7
18060656,1,7,6,3,9
18060657,8,6,1,7,11
18060658,11,1,6,8,3
18060659,5,9,1,10,2
18060660,3,11,1,6,10
18060661,5,1,8,9,2
18060662,7,1,5,4,2
18060663,6,2,5,1,10
18060664,11,8,10,2,5
18060665,8,3,10,11,9
18060666,10,8,2,11,9
18060667,9,3,7,4,8
18060668,11,8,1,6,2
18060669,3,5,10,9,8
18060670,2,3,4,11,7
18060671,2,5,6,8,3
18060672,2,10,4,7,8
18060673,2,5,8,6,4
18060674,3,8,5,4,2
18060675,9,4,8,1,2
18060676,3,6,11,8,7
18060677,9,6,2,3,7
18060678,3,4,2,6,11
18060679,11,8,5,4,10
18060680,8,6,4,7,5
18060681,8,1,7,10,3
18060682,5,8,6,9,10
18060683,9,3,6,4,8
18060684,2,6,4,10,1
18060701,3,1,8,4,7
18060702,2,4,10,8,5
18060703,2,11,7,1,5
18060704,3,11,6,7,10
18060705,2,7,8,5,6
18060706,2,1,8,11,3
18060707,7,1,3,11,5
18060708,7,8,4,9,11
18060709,6,8,2,7,10
18060710,10,9,11,2,7
18060711,8,1,7,3,6
18060712,7,3,4,11,5
18060713,9,1,8,5,11
18060714,10,7,1,5,4
18060715,4,9,10,6,3
18060716,1,11,2,6,8
18060717,7,8,3,5,1
18060718,9,7,11,5,3
18060719,3,6,8,1,4
18060720,1,5,7,3,9
18060721,5,2,10,4,3
18060722,5,9,4,2,3
18060723,7,8,9,10,1
18060724,1,2,7,6,9
18060725,6,9,11,7,4
18060726,3,11,9,1,6
18060727,5,3,2,10,11
18060728,10,4,8,2,1
18060729,4,2,6,7,5
18060730,6,8,1,9,3
18060731,1,8,11,10,6
18060732,11,4,8,7,6
18060733,2,1,8,9,11
18060734,10,5,4,9,2
18060735,3,1,2,4,8
18060736,9,6,3,1,5
18060737,8,9,6,10,4
18060738,10,8,11,3,4
18060739,7,1,3,5,8
18060740,3,6,8,11,10
18060741,7,2,6,11,4
18060742,4,3,5,1,11
18060743,8,10,3,7,4
18060744,6,1,8,9,4
18060745,1,4,5,7,10
18060746,10,3,2,8,5
18060747,2,1,9,3,7
18060748,3,1,9,5,6
18060749,11,8,5,10,4
18060750,8,3,10,4,7
18060751,11,2,1,3,6
18060752,4,2,7,6,5
18060753,6,5,10,9,3
18060754,11,4,5,8,2
18060755,2,4,1,11,10
18060756,4,3,10,8,5
18060757,5,1,3,2,8
18060758,3,7,10,1,4
18060759,2,1,6,10,8
18060760,9,10,2,1,8
18060761,7,1,2,5,11
18060762,9,6,2,3,11
18060763,11,10,7,6,9
18060764,7,9,3,10,11
18060765,4,6,1,11,8
18060766,4,1,7,6,3
18060767,6,3,10,11,2
18060768,4,6,5,9,3
18060769,7,5,8,9,2
18060770,9,6,3,4,7
18060771,3,4,9,2,5
18060772,10,8,3,11,4
18060773,4,2,11,3,1
18060774,11,2,9,3,10
18060775,8,5,3,1,6
18060776,10,1,5,9,7
18060777,11,2,5,3,9
18060778,8,3,4,5,11
18060779,11,8,9,5,7
18060780,3,5,1,2,6
18060781,1,10,5,9,8
18060782,2,10,1,5,6
18060783,3,11,4,5,2
18060784,11,2,10,3,5
18060801,7,11,5,4,3
18060802,9,3,7,8,5
18060803,9,10,2,3,6
18060804,5,4,8,11,3
18060805,8,7,2,10,1
18060806,10,7,5,4,8
18060807,11,9,4,7,6
18060808,1,11,10,9,3
18060809,6,2,9,3,11
18060810,11,10,4,8,9
18060811,7,5,1,2,3
18060812,2,8,1,5,4
18060813,5,8,1,6,3
18060814,9,2,3,5,6
18060815,10,8,5,1,9
18060816,10,8,1,6,9
18060817,7,11,4,6,10
18060818,8,7,10,6,4
18060819,7,2,11,3,9
18060820,11,4,1,2,5
18060821,5,2,9,8,10
18060822,10,11,4,9,1
18060823,6,2,3,7,11
18060824,11,8,7,6,5
18060825,8,3,7,4,2
18060826,11,3,4,9,5
18060827,2,11,6,7,8
18060828,6,1,8,9,10
18060829,10,6,7,5,9
18060830,2,4,10,1,11
18060831,1,5,10,3,11
18060832,5,3,6,9,11
18060833,3,9,7,1,6
18060834,10,8,4,6,7
18060835,10,6,9,8,2
18060836,8,3,4,9,2
18060837,9,6,11,4,7
18060838,5,7,10,8,1
18060839,1,3,9,8,6
18060840,8,6,2,5,3
18060841,4,7,10,8,5
18060842,11,5,9,10,3
18060843,8,6,2,7,3
18060844,4,5,11,10,8
18060845,5,10,1,8,11
18060846,3,8,9,5,10
18060847,10,5,11,9,8
18060848,1,5,2,3,9
18060849,2,11,7,10,5
18060850,7,6,3,2,11
18060851,4,5,9,10,2
18060852,4,5,1,8,7
18060853,1,10,2,4,5
18060854,4,5,7,1,3
18060855,8,4,3,5,11
18060856,5,1,2,10,6
18060857,10,1,9,2,3
18060858,5,2,11,3,8
18060859,5,3,6,4,9
18060860,1,2,4,11,3
18060861,6,2,11,10,7
18060862,2,7,11,1,8
18060863,8,9,4,5,1
18060864,1,10,5,4,6
18060865,6,9,7,8,3
18060866,3,5,8,10,1
18060867,8,7,1,11,10
18060868,11,6,5,7,8
18060869,4,1,6,10,7
18060870,3,11,9,8,7
18060871,9,8,7,5,10
18060872,4,3,11,7,10
18060873,5,11,8,9,2
18060874,3,6,9,7,10
18060875,10,7,3,5,9
18060876,7,4,10,2,6
18060877,6,9,3,10,2
18060878,8,3,10,9,7
18060879,8,10,6,11,1
18060880,6,8,1,9,4
18060881,11,5,2,9,8
18060882,9,7,11,1,4
18060883,11,2,1,8,10
18060884,1,7,4,8,10
18060901,3,2,4,5,9
18060902,2,8,7,9,10
18060903,6,11,8,4,3
18060904,4,5,8,7,11
18060905,4,3,9,11,7
18060906,2,9,1,3,10
18060907,7,5,9,6,3
18060908,2,4,11,8,1
18060909,2,1,10,11,9
18060910,6,10,7,9,2
18060911,6,5,9,4,2
18060912,5,1,11,7,3
18060913,9,4,1,3,7
18060914,10,5,8,6,2
18060915,6,3,1,8,9
18060916,10,11,3,2,1
18060917,10,8,3,1,11
18060918,6,4,2,7,1
18060919,10,7,8,5,6
18060920,6,11,9,1,8
18060921,6,8,2,4,5
18060922,1,9,10,4,3
18060923,7,5,9,3,2
18060924,8,9,11,10,2
18060925,7,11,9,2,10
18060926,2,6,4,1,7
18060927,10,4,3,5,11
18060928,8,4,6,3,1
18060929,1,2,5,9,7
18060930,2,3,9,5,10
18060931,1,2,7,4,5
18060932,2,1,9,11,7
18060933,1,3,11,10,9
18060934,10,5,9,6,2
18060935,2,1,7,4,9
18060936,8,7,9,10,5
18060937,3,10,9,8,4
18060938,5,4,9,1,7
18060939,1,8,3,10,5
18060940,10,2,1,7,3
18060941,9,2,8,6,5
18060942,8,1,7,11,10
18060943,3,6,10,4,9
18060944,8,2,3,10,4
18060945,5,9,1,2,8
18060946,7,3,2,10,8
18060947,11,10,3,8,5
18060948,4,6,9,3,5
18060949,4,11,3,5,9
18060950,8,10,11,3,1
18060951,11,7,3,6,5
18060952,1,4,10,3,8
18060953,4,7,11,10,2
18060954,9,10,5,11,2
18060955,2,5,3,4,8
18060956,9,2,5,6,1
18060957,11,9,2,6,7
18060958,9,8,3,5,7
18060959,5,11,7,9,1
18060960,9,1,8,11,5
18060961,6,11,1,10,3
18060962,6,2,11,3,8
18060963,9,5,10,8,11
18060964,3,10,6,4,7
18060965,3,9,6,2,4
18060966,7,8,11,10,3
18060967,8,11,4,10,3
18060968,8,7,1,2,5
18060969,10,7,1,2,9
18060970,2,9,4,8,6
18060971,9,3,6,7,4
18060972,1,2,7,8,6
18060973,9,6,2,11,8
18060974,5,4,7,1,10
18060975,10,4,8,1,5
18060976,2,6,3,9,8
18060977,5,3,2,11,10
18060978,2,11,3,4,7
18060979,9,4,5,6,11
18060980,6,1,11,5,3
18060981,1,11,8,6,10
18060982,1,11,5,6,7
18060983,6,2,8,1,5
18060984,11,4,8,10,1
18061001,8,11,10,2,4
18061002,5,2,9,4,7
18061003,11,2,8,5,4
18061004,2,10,8,7,1
18061005,7,11,6,2,9
18061006,9,2,6,1,11
18061007,11,4,7,6,10
18061008,9,5,6,4,7
18061009,3,4,1,10,6
18061010,7,10,4,9,3
18061011,8,6,10,1,9
18061012,5,7,10,11,6
18061013,2,1,3,9,5
18061014,3,5,11,8,7
18061015,7,6,11,10,5
18061016,6,11,2,9,4
18061017,5,2,6,8,1
18061018,9,1,11,3,5
18061019,1,3,2,7,4
18061020,11,2,9,7,6
18061021,1,3,4,8,5
18061022,5,9,1,8,4
18061023,11,6,1,7,5
18061024,6,3,8,2,9
18061025,8,9,1,5,6
18061026,2,3,8,9,10
18061027,8,9,3,6,7
18061028,5,6,2,8,10
18061029,7,11,8,4,6
18061030,1,7,9,2,3
18061031,9,10,2,11,3
18061032,1,9,2,7,8
18061033,1,11,3,8,6
18061034,2,11,6,10,5
18061035,10,11,8,1,9
18061036,3,9,4,5,7
18061037,5,1,9,8,6
18061038,8,1,7,6,9
18061039,7,1,3,9,6
18061040,6,2,10,5,4
18061041,5,1,9,10,11
18061042,9,7,11,3,2
18061043,5,7,6,2,9
18061044,10,4,3,1,7
18061045,8,1,11,4,6
18061046,7,4,10,1,9
18061047,3,8,10,1,5
18061048,6,11,2,9,4
18061049,4,6,8,1,3
18061050,1,7,6,4,9
18061051,9,5,6,2,11
18061052,5,6,3,11,9
18061053,2,4,1,3,9
18061054,2,3,10,8,4
18061055,4,7,11,9,2
18061056,1,6,2,11,3
18061057,1,11,3,9,7
18061058,6,10,9,8,3
18061059,9,7,3,1,6
18061060,4,7,5,11,3
18061061,10,3,11,6,5
18061062,3,7,1,2,10
18061063,11,4,7,1,10
18061064,2,7,11,6,3
18061065,3,4,10,8,2
18061066,10,11,9,1,4
18061067,7,6,4,9,1
18061068,5,6,11,1,4
18061069,1,3,9,4,5
18061070,7,2,10,3,1
18061071,6,3,5,2,11
18061072,4,3,11,2,1
18061073,2,6,3,1,5
18061074,10,8,3,2,11
18061075,5,1,3,6,2
18061076,10,9,2,1,11
18061077,3,1,9,4,5
18061078,9,8,4,11,5
18061079,6,1,10,2,7
18061080,9,8,11,3,6
18061081,4,11,8,9,7
18061082,9,2,8,6,10
18061083,5,4,3,2,10
18061084,8,3,10,9,4
18061101,7,4,9,5,6
18061102,8,9,7,3,2
18061103,1,6,2,9,5
18061104,11,6,1,7,3
18061105,7,3,8,10,5
18061106,11,3,2,1,8
18061107,11,7,1,8,6
18061108,1,8,10,3,5
18061109,11,7,1,10,5
18061110,10,7,8,4,9
18061111,7,4,2,5,8
18061112,2,7,10,1,8
18061113,10,7,6,3,5
18061114,1,9,7,10,3
18061115,8,9,1,6,2
18061116,1,5,9,3,7
18061117,9,2,11,7,4
18061118,2,7,6,10,9
18061119,8,6,9,3,10
18061120,1,11,7,2,6
18061121,4,3,6,9,5
18061122,5,9,4,3,6
18061123,2,5,10,7,8
18061124,6,2,9,5,4
18061125,5,4,3,9,7
18061126,7,6,5,4,1
18061127,1,10,5,2,3
18061128,8,10,3,6,9
18061129,9,11,3,6,5
18061130,7,4,11,8,9
18061131,3,4,6,1,2
18061132,1,6,7,11,5
18061133,7,9,8,3,4
18061134,10,9,3,5,7
18061135,4,11,2,5,9
18061136,3,11,4,7,8
18061137,3,11,9,7,2
18061138,5,6,9,11,1
18061139,3,9,10,7,8
18061140,1,5,6,10,4
18061141,11,9,2,8,5
18061142,2,5,4,3,8
18061143,1,4,2,5,3
18061144,7,3,1,8,5
18061145,2,1,9,5,6
18061146,7,10,4,6,3
18061147,3,5,10,9,1
18061148,5,1,8,6,3
18061149,2,11,8,3,4
18061150,1,10,8,9,5
18061151,5,7,10,2,6
18061152,4,3,8,10,7
18061153,1,10,8,9,2
18061154,9,4,6,3,2
18061155,10,4,6,11,1
18061156,6,8,11,10,1
18061157,4,11,8,5,9
18061158,7,8,2,1,11
18061159,11,7,6,3,1
18061160,10,5,9,7,11
18061161,11,5,10,4,9
18061162,1,9,5,3,6
18061163,6,11,7,4,8
18061164,7,4,3,2,8
18061165,9,5,10,6,7
18061166,11,8,4,7,1
18061167,6,11,3,10,8
18061168,4,10,3,1,5
18061169,9,4,7,8,6
18061170,3,9,8,4,5
18061171,2,9,5,6,1
18061172,3,9,2,10,6
18061173,8,1,9,2,10
18061174,1,4,9,6,2
18061175,5,1,9,4,11
18061176,9,8,2,1,5
18061177,8,6,5,4,9
18061178,10,11,2,7,9
18061179,6,9,2,7,10
18061180,5,2,7,4,1
18061181,1,5,3,8,6
18061182,10,1,5,9,3
18061183,11,9,10,4,1
18061184,1,8,6,10,11
18061201,7,1,3,10,5
18061202,2,6,8,1,7
18061203,8,10,7,5,6
18061204,5,8,4,9,11
18061205,10,11,2,9,8
18061206,11,9,4,5,10
18061207,9,7,5,4,10
18061208,1,7,2,4,11
18061209,7,6,4,2,3
18061210,1,4,3,2,11
18061211,2,11,1,4,3
18061212,6,4,11,3,5
18061213,8,3,11,10,1
18061214,4,9,7,5,8
18061215,6,4,5,2,9
18061216,5,6,8,1,11
18061217,7,1,3,2,8
18061218,5,2,3,6,8
18061219,5,2,10,3,1
18061220,6,8,10,5,11
18061221,4,3,6,8,11
18061222,8,9,10,4,3
18061223,9,4,7,8,6
18061224,11,1,6,3,4
18061225,11,2,4,3,6
18061226,10,3,8,6,2
18061227,3,10,8,7,1
18061228,6,10,3,8,11
18061229,1,5,3,8,10
18061230,1,8,4,6,11
18061231,11,6,4,7,3
18061232,8,5,7,9,2
18061233,4,10,11,9,5
18061234,4,2,8,6,7
18061235,11,7,10,5,8
18061236,5,1,9,8,11
18061237,8,11,4,6,9
18061238,9,7,2,4,8
18061239,1,9,3,4,11
18061240,5,10,11,4,7
18061241,3,4,9,6,2
18061242,6,8,10,11,5
18061243,8,7,4,1,9
18061244,1,4,8,5,6
18061245,2,10,1,4,11
18061246,7,8,3,6,11
18061247,9,1,7,3,2
18061248,5,6,1,4,11
18061249,7,4,3,6,10
18061250,2,11,9,4,1
18061251,2,11,7,9,8
18061252,4,10,3,9,2
18061253,10,8,9,7,2
18061254,1,6,11,4,10
18061255,11,5,2,4,3
18061256,3,7,4,11,8
18061257,1,5,3,8,10
18061258,6,8,7,3,11
18061259,6,5,2,4,10
18061260,10,1,5,2,6
18061261,1,3,2,5,6
18061262,1,10,9,6,5
18061263,5,6,10,9,7
18061264,4,9,10,1,2
18061265,10,6,3,1,8
18061266,3,4,7,5,9
18061267,6,8,2,9,10
18061268,7,6,1,11,3
18061269,10,6,2,3,1
18061270,10,11,7,3,1
18061271,11,4,6,9,10
18061272,1,5,2,4,7
18061273,2,7,9,3,1
18061274,6,3,7,9,4
18061275,7,3,2,11,10
18061276,7,3,6,10,4
18061277,8,6,5,10,3
18061278,9,6,3,5,7
18061279,7,3,9,6,2
18061280,5,8,1,9,4
18061281,11,3,2,9,4
18061282,6,2,11,9,7
18061283,7,4,10,5,1
18061284,8,2,7,5,6
18061301,10,11,9,4,5
18061302,5,7,8,11,10
18061303,5,4,8,3,10
18061304,4,8,7,11,3
18061305,9,2,7,11,3
18061306,3,10,1,11,5
18061307,9,10,5,6,4
18061308,6,8,4,1,9
18061309,3,10,1,7,2
18061310,10,7,9,5,8
18061311,8,9,4,5,2
18061312,10,9,4,11,1
18061313,5,10,6,9,2
18061314,9,11,3,7,1
18061315,2,3,8,1,7
18061316,3,7,10,8,5
18061317,10,8,6,7,11
18061318,3,8,5,9,4
18061319,4,8,5,7,2
18061320,1,3,10,9,11
18061321,9,1,2,6,11
18061322,4,10,3,8,7
18061323,2,6,7,10,1
18061324,2,5,1,9,11
18061325,6,3,5,11,1
18061326,3,2,6,8,1
18061327,11,4,1,8,2
18061328,5,3,7,8,6
18061329,11,5,3,1,4
18061330,2,6,8,7,1
18061331,7,8,10,2,3
18061332,5,9,11,2,1
18061333,1,11,5,9,2
18061334,11,5,3,6,10
18061335,7,10,3,9,2
18061336,1,11,10,2,9
18061337,5,10,1,6,7
18061338,3,10,1,4,9
18061339,10,11,4,5,9
18061340,8,2,9,11,4
18061341,3,4,11,1,9
18061342,11,3,9,10,4
18061343,7,10,8,3,11
18061344,10,6,5,11,3
18061345,9,10,5,2,7
18061346,3,10,8,6,1
18061347,7,2,3,10,8
18061348,7,4,3,9,10
18061349,5,2,7,4,10
18061350,4,7,2,11,10
18061351,1,5,11,9,10
18061352,4,5,7,8,11
18061353,3,11,2,8,10
18061354,2,5,1,11,10
18061355,11,2,3,7,9
18061356,9,5,4,10,2
18061357,7,1,10,2,6
18061358,2,6,1,11,10
18061359,2,8,3,10,7
18061360,1,2,11,3,9
18061361,2,5,9,4,10
18061362,10,9,2,6,4
18061363,10,9,6,3,4
18061364,5,7,2,3,11
18061365,9,6,1,3,11
18061366,3,11,10,7,5
18061367,11,10,4,9,5
18061368,8,9,4,6,7
18061369,1,10,4,5,9
18061370,9,1,8,4,7
18061371,3,2,7,10,11
18061372,6,11,9,10,3
18061373,1,9,11,6,10
18061374,3,8,1,9,4
18061375,3,2,5,11,8
18061376,7,10,3,8,9
18061377,5,6,11,9,10
18061378,3,2,10,8,1
18061379,9,2,6,5,7
18061380,2,10,5,7,9
18061381,11,10,5,8,4
18061382,8,6,3,2,11
18061383,10,9,8,7,6
18061384,5,7,1,3,2
18061401,2,3,9,7,1
18061402,4,2,6,11,9
18061403,6,2,8,4,5
18061404,8,9,5,3,7
18061405,3,9,8,5,10
18061406,7,10,8,5,9
18061407,9,8,10,11,4
18061408,7,5,9,11,1
18061409,8,6,3,1,2
18061410,1,7,2,3,10
18061411,9,7,4,2,1
18061412,3,10,1,6,8
18061413,3,2,6,8,10
18061414,6,4,1,7,2
18061415,1,8,4,2,7
18061416,9,3,2,4,7
18061417,8,11,6,4,1
18061418,8,4,6,5,11
18061419,7,6,11,9,2
18061420,1,7,11,4,6
18061421,5,2,8,1,7
18061422,9,1,7,8,2
18061423,3,2,6,9,1
18061424,4,3,5,9,6
18061425,9,5,4,7,3
18061426,4,10,3,5,6
18061427,3,11,4,1,6
18061428,5,7,10,6,8
18061429,6,11,2,8,9
18061430,10,6,5,2,8
18061431,7,4,3,11,5
18061432,1,4,6,9,5
18061433,11,1,6,8,10
18061434,11,4,1,10,5
18061435,6,10,5,11,2
18061436,7,10,4,6,11
18061437,5,11,8,3,6
18061438,1,11,5,4,8
18061439,8,9,10,3,5
18061440,3,2,5,11,10
18061441,1,11,4,9,10
18061442,9,5,7,4,2
18061443,9,3,8,7,4
18061444,2,8,1,3,7
18061445,9,11,2,10,5
18061446,7,10,3,5,11
18061447,4,1,2,9,5
18061448,10,4,11,2,5
18061449,8,2,3,7,10
18061450,7,6,8,5,10
18061451,11,2,5,8,3
18061452,4,6,10,8,11
18061453,8,7,4,5,9
18061454,10,4,5,2,6
18061455,1,9,3,5,10
18061456,2,5,10,6,11
18061457,10,11,3,7,1
18061458,8,10,7,11,1
18061459,6,4,1,3,9
18061460,10,8,5,6,4
18061461,2,6,4,8,7
18061462,2,9,4,1,10
18061463,4,6,2,7,1
18061464,3,11,6,8,4
18061465,5,8,10,9,2
18061466,1,2,6,11,4
18061467,6,9,3,4,2
18061468,6,2,9,7,10
18061469,2,8,9,10,7
18061470,3,4,10,2,5
18061471,2,5,8,7,3
18061472,4,6,5,7,3
18061473,5,6,7,3,1
18061474,7,1,4,10,3
18061475,7,10,1,2,6
18061476,9,10,11,7,2
18061477,4,2,1,7,8
18061478,4,7,6,8,3
18061479,3,4,9,1,6
18061480,11,5,4,1,9
18061481,5,9,2,7,1
18061482,1,3,11,9,2
18061483,9,6,5,8,10
18061484,2,1,4,7,5
18061501,5,4,6,3,1
18061502,2,1,9,6,4
18061503,11,10,2,3,8
18061504,2,8,5,1,6
18061505,11,3,10,4,7
18061506,10,3,5,2,8
18061507,1,5,10,6,3
18061508,5,2,4,6,9
18061509,10,11,5,2,1
18061510,10,1,11,8,3
18061511,2,1,10,6,4
18061512,8,2,1,9,11
18061513,8,6,5,9,10
18061514,3,2,6,11,7
18061515,10,9,8,7,5
18061516,7,1,3,5,8
18061517,7,1,6,5,11
18061518,5,11,3,10,8
18061519,7,11,10,4,8
18061520,8,9,3,1,6
18061521,5,4,9,6,11
18061522,3,2,10,6,11
18061523,1,8,6,2,11
18061524,11,10,4,6,2
18061525,3,6,11,7,5
18061526,8,11,7,2,6
18061527,11,2,3,5,9
18061528,11,9,7,4,3
18061529,1,11,3,2,10
18061530,10,6,4,2,9
18061531,8,11,3,6,1
18061532,9,4,7,1,6
18061533,7,9,10,2,4
18061534,6,11,4,9,1
18061535,8,3,7,11,2
18061536,4,9,1,5,8
18061537,4,6,8,1,2
18061538,4,9,1,7,5
18061539,3,1,7,9,11
18061540,11,9,8,3,2
18061541,5,6,10,1,4
18061542,7,5,1,3,6
18061543,11,3,2,7,5
18061544,4,1,6,7,3
18061545,7,11,10,3,8
18061546,5,4,2,9,1
18061547,1,10,3,6,11
18061548,2,7,3,5,6
18061549,3,8,9,6,1
18061550,11,2,7,3,10
18061551,2,6,4,5,8
18061552,8,6,4,1,3
18061553,6,11,2,9,10
18061554,4,1,10,2,7
18061555,9,10,7,8,2
18061556,11,10,2,9,8
18061557,8,1,11,10,9
18061558,9,3,4,5,1
18061559,3,11,2,5,7
18061560,6,1,8,5,10
18061561,2,6,5,10,1
18061562,5,1,6,2,4
18061563,3,4,6,7,10
18061564,8,11,4,2,1
18061565,7,9,10,4,11
18061566,2,7,4,6,1
18061567,1,7,5,9,4
18061568,11,8,9,10,4
18061569,5,10,4,6,7
18061570,5,3,2,6,4
18061571,4,1,8,5,10
18061572,2,7,9,1,4
18061573,8,1,5,7,10
18061574,3,11,2,10,7
18061575,6,11,2,7,1
18061576,5,11,10,6,4
18061577,2,4,7,9,1
18061578,3,5,11,7,9
18061579,2,5,8,7,11
18061580,6,2,1,10,9
18061581,2,4,5,9,3
18061582,8,11,9,4,7
18061583,7,1,5,10,11
18061584,8,4,7,3,11
18061601,1,7,8,3,11
18061602,1,9,7,10,2
18061603,5,1,11,4,10
18061604,8,7,6,9,4
18061605,2,3,8,11,4
18061606,9,7,3,8,1
18061607,9,6,11,1,2
18061608,3,7,1,10,4
18061609,10,9,6,3,8
18061610,5,10,11,1,3
18061611,10,7,9,3,1
18061612,5,7,4,2,1
18061613,9,6,1,8,11
18061614,10,1,11,7,2
18061615,5,8,11,2,7
18061616,8,4,6,7,9
18061617,6,3,8,2,11
18061618,10,4,9,6,1
18061619,4,5,6,8,3
18061620,5,3,7,10,1
18061621,10,7,9,4,3
18061622,5,11,6,3,9
18061623,11,3,7,9,5
18061624,7,9,4,2,1
18061625,5,8,7,1,4
18061626,10,7,2,8,5
18061627,6,7,8,4,10
18061628,5,3,4,7,10
18061629,4,5,9,6,11
18061630,7,6,1,8,2
18061631,8,9,1,3,5
18061632,10,9,1,11,4
18061633,4,5,3,11,6
18061634,10,9,8,2,6
18061635,7,5,3,8,9
18061636,2,5,8,7,1
18061637,1,2,9,3,8
18061638,11,9,3,4,7
18061639,7,4,2,8,5
18061640,6,4,9,10,7
18061641,4,8,1,5,7
18061642,9,4,7,8,5
18061643,1,3,9,10,8
18061644,7,4,11,10,1
18061645,2,1,8,5,7
18061646,6,1,7,4,11
18061647,10,4,3,2,1
18061648,4,10,2,6,8
18061649,6,2,11,3,1
18061650,4,2,11,3,7
18061651,2,3,7,6,10
18061652,1,10,7,6,11
18061653,3,2,7,6,5
18061654,9,1,3,2,5
18061655,3,6,1,4,5
18061656,11,7,3,2,4
18061657,8,2,7,11,1
18061658,6,11,10,4,5
18061659,6,10,7,8,5
18061660,5,7,9,10,6
18061661,2,10,4,5,6
18061662,3,11,9,6,7
18061663,1,9,11,8,4
18061664,4,9,3,1,7
18061665,8,2,11,1,4
18061666,1,5,4,8,7
18061667,4,7,8,5,10
18061668,3,11,2,10,8
18061669,11,9,2,3,4
18061670,1,4,3,8,11
18061671,6,9,8,11,3
18061672,7,10,4,6,1
18061673,11,1,3,6,10
18061674,9,4,8,1,2
18061675,4,10,9,8,3
18061676,3,1,2,8,7
18061677,3,9,2,10,5
18061678,8,5,10,9,7
18061679,2,4,11,10,5
18061680,10,9,8,4,2
18061681,6,1,4,3,2
18061682,10,3,1,7,8
18061683,8,5,6,9,11
18061684,10,8,6,7,9
18061701,10,3,11,8,5
18061702,1,8,4,2,6
18061703,4,3,10,2,7
18061704,3,9,6,10,2
18061705,10,2,3,11,5
18061706,6,3,8,5,10
18061707,1,5,7,9,3
18061708,6,3,2,11,10
18061709,3,10,9,4,7
18061710,1,10,9,2,7
18061711,1,7,11,4,10
18061712,1,3,10,6,8
18061713,7,5,10,8,1
18061714,11,4,7,6,5
18061715,5,9,3,7,6
18061716,2,11,8,10,1
18061717,4,3,11,6,5
18061718,11,8,9,4,10
18061719,5,9,3,2,8
18061720,7,9,6,4,5
18061721,4,9,6,7,3
18061722,2,7,8,11,3
18061723,1,11,3,6,5
18061724,6,1,8,10,7
18061725,6,11,10,2,4
18061726,10,4,11,6,5
18061727,10,1,9,6,11
18061728,11,5,7,2,1
18061729,2,9,3,8,5
18061730,1,10,6,9,8
18061731,3,4,8,9,5
18061732,3,2,1,10,4
18061733,8,9,5,4,10
18061734,1,3,11,9,5
18061735,8,4,6,5,10
18061736,8,2,4,6,3
18061737,6,2,5,8,4
18061738,2,7,3,11,6
18061739,1,4,7,11,10
18061740,4,6,5,8,9
18061741,1,10,11,2,4
18061742,5,8,2,6,7
18061743,4,3,6,9,2
18061744,9,8,10,2,4
18061745,5,8,1,11,7
18061746,7,1,11,3,8
18061747,4,8,11,10,9
18061748,5,3,10,9,1
18061749,5,1,9,10,7
18061750,1,6,11,3,7
18061751,11,7,3,10,4
18061752,1,2,7,9,4
18061753,3,9,5,1,10
18061754,11,6,2,3,8
18061755,6,1,8,11,3
18061756,2,7,6,5,1
18061757,10,3,8,9,4
18061758,7,10,1,3,8
18061759,3,2,1,4,10
18061760,2,1,10,9,5
18061761,9,5,7,6,4
18061762,4,7,8,3,5
18061763,6,3,10,11,8
18061764,2,3,9,7,1
18061765,11,3,2,10,1
18061766,8,7,9,6,4
18061767,3,11,7,6,1
18061768,7,9,6,4,5
18061769,2,6,9,8,3
18061770,6,11,4,3,7
18061771,4,2,3,6,10
18061772,2,4,9,8,11
18061773,10,6,5,1,11
18061774,11,3,9,2,1
18061775,10,2,5,8,6
18061776,10,4,5,3,2
18061777,8,9,7,2,10
18061778,1,4,7,3,2
18061779,1,10,11,6,4
18061780,6,11,9,2,5
18061781,9,11,7,3,8
18061782,2,10,11,9,6
18061783,7,6,10,11,4
18061784,6,11,10,3,2
18061801,11,8,7,3,10
18061802,4,10,6,7,9
18061803,8,10,5,1,6
18061804,10,2,8,9,1
18061805,1,11,2,3,4
18061806,4,9,10,7,5
18061807,2,8,5,7,1
18061808,2,1,3,5,6
18061809,10,6,5,9,4
18061810,7,8,5,3,10
18061811,7,10,11,6,3
18061812,9,3,10,7,8
18061813,8,4,7,10,5
18061814,8,1,11,5,2
18061815,6,3,8,1,7
18061816,8,6,11,2,5
18061817,3,10,9,2,7
18061818,1,7,9,8,10
18061819,8,3,5,7,11
18061820,8,4,2,10,7
18061821,9,3,4,2,11
18061822,7,4,9,1,6
18061823,9,8,1,10,11
18061824,11,8,3,6,7
18061825,8,4,11,1,9
18061826,7,3,5,6,9
18061827,8,7,9,5,6
18061828,10,3,11,9,4
18061829,4,10,9,1,5
18061830,11,4,10,1,9
18061831,5,7,1,6,8
18061832,4,6,9,5,7
18061833,1,9,3,5,6
18061834,11,10,2,6,4
18061835,11,4,9,10,6
18061836,6,5,7,3,4
18061837,4,5,10,6,11
18061838,11,10,4,3,7
18061839,8,6,3,2,1
18061840,9,7,6,11,8
18061841,11,6,4,7,10
18061842,5,2,6,7,3
18061843,5,11,9,7,2
18061844,2,3,10,9,4
18061845,10,1,2,8,6
18061846,4,10,1,5,8
18061847,6,4,8,11,3
18061848,1,8,7,9,5
18061849,11,7,9,5,8
18061850,5,10,4,6,9
18061851,7,10,4,3,9
18061852,1,5,7,2,11
18061853,3,11,5,2,6
18061854,3,1,9,7,11
18061855,1,9,2,4,11
18061856,2,9,4,3,11
18061857,9,5,2,1,8
18061858,1,11,2,10,3
18061859,2,8,9,7,6
18061860,10,7,5,3,8
18061861,7,1,3,8,4
18061862,3,1,2,9,7
18061863,5,9,1,11,7
18061864,8,11,4,1,7
18061865,10,3,11,8,2
18061866,3,5,4,11,6
18061867,3,6,9,7,5
18061868,4,3,2,11,7
18061869,3,7,8,5,4
18061870,3,2,7,9,6
18061871,11,3,7,5,8
18061872,9,3,11,10,6
18061873,5,6,4,1,11
18061874,9,4,10,7,5
18061875,1,6,8,10,5
18061876,2,7,3,5,9
18061877,9,1,4,3,10
18061878,8,7,10,1,3
18061879,6,4,1,8,9
18061880,2,11,4,7,8
18061881,7,9,1,6,3
18061882,1,3,8,7,2
18061883,3,1,5,2,8
18061884,6,3,2,10,11
18061901,1,9,10,11,5
18061902,5,11,8,1,10
18061903,5,9,8,7,10
18061904,6,11,8,7,9
18061905,4,6,8,3,7
18061906,1,5,3,8,4
18061907,5,7,9,1,8
18061908,6,4,10,11,2
18061909,5,3,7,9,6
18061910,5,2,6,7,8
18061911,7,3,5,9,4
18061912,1,4,8,7,10
18061913,10,9,5,7,6
18061914,5,9,1,2,11
18061915,9,6,4,3,2
18061916,9,8,2,6,7
18061917,8,10,4,1,5
18061918,10,6,11,1,8
18061919,1,8,9,5,10
18061920,10,2,7,6,3
18061921,7,10,3,4,5
18061922,7,10,11,1,9
18061923,1,10,6,2,4
18061924,4,6,1,9,8
18061925,4,7,8,11,2
18061926,5,1,8,9,2
18061927,10,1,7,2,4
18061928,8,3,9,5,4
18061929,2,5,9,3,4
18061930,1,11,9,3,6
18061931,2,9,1,5,10
18061932,10,5,8,4,7
18061933,9,11,8,1,7
18061934,6,10,9,2,1
18061935,4,5,6,8,2
18061936,9,6,10,1,3
18061937,8,6,5,9,1
18061938,4,8,10,1,5
18061939,1,7,9,11,3
18061940,10,4,7,3,9
18061941,11,9,6,3,4
18061942,7,9,2,11,3
18061943,3,11,9,6,5
18061944,2,7,11,3,1
18061945,11,5,6,4,3
18061946,4,3,2,7,8
18061947,7,1,2,5,10
18061948,9,3,7,6,4
18061949,9,4,7,3,8
18061950,3,6,4,10,8
18061951,8,9,4,7,6
18061952,11,7,4,10,9
18061953,11,2,4,6,3
18061954,5,10,4,9,6
18061955,8,2,1,3,7
18061956,11,8,2,1,10
18061957,2,5,3,1,11
18061958,3,8,5,4,1
18061959,5,8,10,1,6
18061960,10,6,7,1,3
18061961,5,1,9,4,11
18061962,3,11,8,10,6
18061963,5,10,7,4,1
18061964,8,6,5,9,4
18061965,1,4,10,11,6
18061966,2,4,11,6,10
18061967,11,9,4,10,6
18061968,11,10,4,7,2
18061969,4,10,2,5,3
18061970,6,3,7,1,8
18061971,5,4,11,7,2
18061972,8,9,7,3,1
18061973,2,11,6,4,1
18061974,6,1,7,3,8
18061975,4,6,7,2,3
18061976,5,1,9,7,11
18061977,1,11,10,4,2
18061978,1,3,10,2,8
18061979,8,6,7,10,1
18061980,3,5,1,9,6
18061981,5,4,11,8,2
18061982,9,7,6,4,5
18061983,10,1,11,2,8
18061984,1,2,11,3,10
18062001,5,4,11,6,9
18062002,7,1,9,2,11
18062003,7,2,8,3,6
18062004,1,6,4,3,7
18062005,3,5,6,10,1
18062006,9,1,7,8,10
18062007,11,2,1,5,10
18062008,9,2,6,8,5
18062009,2,5,8,10,4
18062010,5,4,9,6,8
18062011,5,11,9,3,8
18062012,2,5,4,3,6
18062013,9,10,3,2,4
18062014,11,9,5,7,2
18062015,3,1,2,10,11
18062016,2,1,9,10,6
18062017,3,5,7,10,4
18062018,4,11,1,10,9
18062019,6,4,11,8,7
18062020,6,8,5,10,9
18062021,6,5,8,10,9
18062022,5,2,8,4,3
18062023,10,11,8,2,5
18062024,10,11,4,7,3
18062025,5,9,2,7,6
18062026,11,5,7,6,1
18062027,10,4,9,7,5
18062028,7,6,8,11,10
18062029,10,8,2,5,1
18062030,3,6,5,4,7
18062031,7,4,8,11,10
18062032,4,9,6,2,11
18062033,4,5,7,1,11
18062034,1,9,3,8,10
18062035,7,2,11,8,10
18062036,5,9,8,2,4
18062037,6,2,5,10,9
18062038,3,9,5,7,6
18062039,9,4,5,2,11
18062040,1,9,2,4,7
18062041,7,11,4,5,9
18062042,9,8,6,7,4
18062043,7,8,4,5,3
18062044,1,5,6,4,7
18062045,6,9,7,1,3
18062046,4,3,6,1,5
18062047,6,7,9,2,11
18062048,5,10,3,11,1
18062049,10,3,6,7,5
18062050,8,6,4,11,1
18062051,7,10,2,3,5
18062052,2,8,1,11,6
18062053,6,2,8,11,1
18062054,7,11,8,10,6
18062055,1,5,11,4,7
18062056,10,5,2,3,11
18062057,6,5,3,11,4
18062058,11,9,8,6,1
18062059,6,10,1,7,9
18062060,11,6,1,7,2
18062061,6,8,1,2,11
18062062,5,9,3,2,7
18062063,9,3,10,7,4
18062064,11,2,7,8,10
18062065,9,6,8,1,5
18062066,7,6,11,10,8
18062067,3,11,10,1,9
18062068,10,3,8,5,4
18062069,3,5,9,7,10
18062070,7,1,9,8,4
18062071,8,9,4,10,1
18062072,8,6,9,3,7
18062073,5,6,9,11,2
18062074,9,10,1,3,6
18062075,5,4,3,10,8
18062076,3,4,2,5,11
18062077,6,2,7,10,9
18062078,7,9,2,10,6
18062079,10,8,5,11,1
18062080,11,10,7,6,5
18062081,6,5,11,4,1
18062082,11,1,5,8,9
18062083,3,4,8,10,7
18062084,10,4,2,9,5
18062101,10,6,2,8,9
18062102,7,11,1,9,3
18062103,9,2,3,1,5
18062104,11,10,9,4,7
18062105,5,1,2,9,6
18062106,2,10,1,7,5
18062107,11,9,4,3,6
18062108,3,8,6,10,1
18062109,6,1,10,7,3
18062110,4,6,2,1,8
18062111,11,3,4,7,2
18062112,3,2,6,9,7
18062113,11,1,8,5,9
18062114,1,2,3,4,8
18062115,9,5,8,4,6
18062116,6,10,11,1,4
18062117,10,2,7,6,1
18062118,3,9,5,7,4
18062119,4,6,5,3,1
18062120,6,11,3,9,7
18062121,10,9,8,7,11
18062122,2,4,9,10,11
18062123,4,2,5,9,6
18062124,11,10,8,2,6
18062125,3,7,2,8,6
18062126,9,1,5,10,8
18062127,7,8,10,6,11
18062128,3,7,8,5,1
18062129,2,4,8,10,11
18062130,6,10,5,3,1
18062131,1,7,5,11,6
18062132,6,11,1,9,7
18062133,10,9,8,6,2
18062134,2,11,10,1,7
18062135,4,7,9,11,1
18062136,10,7,4,8,2
18062137,9,8,10,4,5
18062138,10,6,3,1,2
18062139,10,8,11,2,6
18062140,3,2,5,7,8
18062141,8,1,3,7,11
18062142,10,4,5,8,2
18062143,11,10,8,9,6
18062144,10,3,6,5,1
18062145,7,5,11,2,1
18062146,7,2,4,6,9
18062147,10,5,2,11,7
18062148,9,3,11,6,5
18062149,10,4,1,3,11
18062150,11,5,8,3,7
18062151,7,11,9,1,2
18062152,1,9,6,11,2
18062153,8,2,6,3,11
18062154,5,7,2,4,10
18062155,10,9,3,5,2
18062156,8,7,3,10,4
18062157,11,4,9,2,7
18062158,6,10,7,2,9
18062159,10,5,8,11,6
18062160,3,6,4,5,1
18062161,11,3,2,5,7
18062162,2,3,9,4,1
18062163,11,9,2,10,6
18062164,6,8,5,7,10
18062165,8,2,7,3,1
18062166,2,6,7,3,4
18062167,9,6,7,4,3
18062168,9,5,1,4,11
18062169,1,8,7,6,2
18062170,5,4,1,7,10
18062171,3,5,8,10,11
18062172,4,5,11,8,1
18062173,11,1,6,10,3
18062174,8,6,2,4,5
18062175,11,9,5,3,10
18062176,11,4,1,8,2
18062177,7,11,1,6,3
18062178,1,3,2,8,10
18062179,1,10,11,6,3
18062180,7,10,6,1,2
18062181,4,9,10,6,5
18062182,10,6,11,1,3
18062183,10,7,6,4,8
18062184,8,4,5,3,6
18062201,6,2,1,3,10
18062202,6,2,5,1,4
18062203,2,3,6,10,8
18062204,2,5,3,1,4
18062205,9,10,7,1,8
18062206,6,2,8,3,1
18062207,6,11,3,8,10
18062208,1,2,5,3,4
18062209,2,1,11,6,8
18062210,2,5,11,1,9
18062211,4,6,3,5,8
18062212,10,9,6,4,5
18062213,7,11,10,5,9
18062214,11,10,1,5,3
18062215,1,2,9,3,8
18062216,1,9,3,10,6
18062217,7,3,9,1,10
18062218,3,2,5,10,9
18062219,1,10,5,4,2
18062220,1,8,3,4,11
18062221,9,3,8,7,4
18062222,7,8,5,2,9
18062223,8,2,3,11,10
18062224,1,11,10,7,2
18062225,5,1,3,2,7
18062226,8,7,3,5,1
18062227,8,11,3,7,6
18062228,8,1,4,10,5
18062229,9,4,8,2,6
18062230,9,3,8,10,2
18062231,7,11,4,1,2
18062232,9,10,1,2,7
18062233,10,2,11,6,3
18062234,10,3,7,8,4
18062235,9,6,8,7,5
18062236,10,7,8,1,11
18062237,6,1,8,9,11
18062238,9,2,11,6,1
18062239,6,9,5,8,3
18062240,9,11,2,8,5
18062241,6,7,9,11,4
18062242,4,8,3,11,10
18062243,3,1,11,7,5
18062244,6,5,11,8,3
18062245,6,2,1,9,4
18062246,8,7,10,5,11
18062247,6,2,8,7,11
18062248,6,10,7,2,5
18062249,6,9,4,2,5
18062250,4,6,5,2,8
18062251,6,3,8,9,1
18062252,7,9,8,3,5
18062253,1,8,6,11,9
18062254,8,3,11,10,2
18062255,10,7,4,3,1
18062256,3,2,11,8,9
18062257,1,3,7,10,11
18062258,7,9,1,3,2
18062259,10,4,11,3,2
18062260,10,3,8,2,7
18062261,1,9,11,8,5
18062262,2,3,11,7,4
18062263,8,11,7,5,9
18062264,6,4,11,7,5
18062265,7,3,11,2,9
18062266,6,8,4,1,5
18062267,1,7,11,4,3
18062268,3,1,7,5,8
18062269,5,8,11,2,6
18062270,5,7,4,6,10
18062271,5,11,1,4,10
18062272,8,3,11,7,6
18062273,10,8,5,6,4
18062274,3,2,1,9,7
18062275,1,4,3,7,5
18062276,5,7,10,1,8
18062277,8,10,7,4,11
18062278,4,6,8,1,11
18062279,3,11,8,6,9
18062280,6,9,2,7,10
18062281,3,5,7,4,1
18062282,8,6,11,1,9
18062283,8,1,4,2,9
18062284,1,3,5,8,10
18062301,11,1,7,2,8
18062302,3,1,7,4,9
18062303,4,2,10,3,9
18062304,8,11,2,4,3
18062305,1,3,11,4,7
18062306,4,2,9,6,8
18062307,11,3,6,10,5
18062308,1,7,8,4,5
18062309,1,6,5,9,3
18062310,6,11,7,9,4
18062311,4,10,1,8,3
18062312,5,7,8,10,2
18062313,2,3,10,8,11
18062314,6,2,5,4,1
18062315,11,10,8,4,2
18062316,2,7,4,8,11
18062317,2,8,4,3,1
18062318,5,9,8,7,3
18062319,9,7,4,5,10
18062320,9,2,6,8,11
18062321,4,2,7,3,1
18062322,1,3,9,7,11
18062323,11,3,5,9,6
18062324,3,1,9,5,7
18062325,10,2,6,7,4
18062326,4,8,1,3,6
18062327,4,3,2,10,1
18062328,5,8,9,11,6
18062329,6,3,9,8,7
18062330,2,1,4,9,7
18062331,5,11,1,4,10
18062332,7,4,2,10,3
18062333,6,10,2,3,8
18062334,4,8,10,5,3
18062335,2,9,5,7,4
18062336,10,8,6,11,4
18062337,10,5,7,6,8
18062338,8,5,6,2,11
18062339,5,2,11,7,9
18062340,11,9,4,10,3
18062341,2,4,6,11,1
18062342,6,3,9,10,2
18062343,3,5,7,6,1
18062344,5,4,7,6,10
18062345,3,5,1,8,4
18062346,5,6,8,11,4
18062347,8,11,7,3,6
18062348,3,10,2,11,7
18062349,10,4,6,3,8
18062350,7,8,6,5,4
18062351,7,10,2,1,4
18062352,4,8,3,5,2
18062353,9,6,2,7,10
18062354,5,9,1,7,11
18062355,5,1,2,7,8
18062356,6,3,1,7,9
18062357,6,7,10,9,8
18062358,6,7,8,11,3
18062359,2,3,7,11,8
18062360,8,7,10,9,1
18062361,10,5,9,8,1
18062362,10,11,9,6,5
18062363,5,7,11,1,3
18062364,8,3,4,6,2
18062365,1,7,4,3,2
18062366,9,10,6,5,1
18062367,1,6,11,7,10
18062368,10,4,3,9,11
18062369,6,3,10,1,7
18062370,9,3,10,1,5
18062371,10,5,6,9,4
18062372,2,4,7,1,11
18062373,1,6,2,9,4
18062374,3,5,2,10,4
18062375,1,2,3,6,4
18062376,10,7,2,8,5
18062377,7,4,10,11,6
18062378,10,11,1,8,6
18062379,3,10,8,2,11
18062380,9,7,2,1,5
18062381,3,8,1,5,6
18062382,8,1,2,6,9
18062383,7,10,8,4,9
18062384,10,5,11,7,3
18062401,11,1,10,6,3
18062402,2,4,8,9,11
18062403,7,6,11,1,9
18062404,6,11,2,9,5
18062405,3,6,5,9,8
18062406,2,7,10,4,3
18062407,6,10,9,3,7
18062408,8,3,4,7,1
18062409,1,5,4,6,3
18062410,9,6,3,11,2
18062411,6,10,4,11,8
18062412,9,4,11,2,6
18062413,11,9,2,8,6
18062414,2,9,8,6,4
18062415,2,4,7,5,10
18062416,10,6,4,1,8
18062417,5,2,7,1,3
18062418,11,2,9,10,3
18062419,11,9,3,10,5
18062420,9,8,4,6,7
18062421,7,4,1,2,3
18062422,9,6,4,11,1
18062423,10,6,4,7,1
18062424,6,7,2,3,4
18062425,5,1,9,6,3
18062426,10,9,6,5,11
18062427,6,9,7,1,11
18062428,11,6,9,4,3
18062429,5,2,3,4,1
18062430,4,6,5,9,10
18062431,5,6,9,3,10
18062432,9,7,5,3,2
18062433,8,10,11,4,7
18062434,7,11,2,8,1
18062435,3,2,7,5,4
18062436,8,10,1,3,9
18062437,1,6,7,4,2
18062438,8,11,3,4,2
18062439,10,3,6,9,7
18062440,2,5,1,11,10
18062441,5,7,4,6,10
18062442,8,9,4,10,1
18062443,6,5,4,10,1
18062444,6,4,1,8,2
18062445,11,9,10,1,5
18062446,6,9,1,10,5
18062447,11,5,6,7,4
18062448,3,6,11,10,1
18062449,7,9,2,10,5
18062450,10,3,4,1,5
18062451,7,2,5,6,8
18062452,10,1,7,3,2
18062453,10,6,7,11,3
18062454,11,1,8,6,4
18062455,4,1,6,10,8
18062456,5,1,3,9,2
18062457,6,3,7,10,8
18062458,5,2,8,10,9
18062459,10,3,4,11,9
18062460,4,1,7,11,6
18062461,8,9,5,3,7
18062462,7,6,3,5,1
18062463,9,4,3,6,5
18062464,7,5,10,9,11
18062465,4,9,6,2,11
18062466,4,10,11,9,2
18062467,8,3,7,4,6
18062468,9,11,3,10,1
18062469,3,7,9,2,1
18062470,4,7,9,10,2
18062471,1,9,2,5,10
18062472,4,6,7,11,5
18062473,2,11,4,3,6
18062474,6,4,10,7,2
18062475,7,9,3,8,2
18062476,10,9,3,1,4
18062477,10,7,9,2,11
18062478,11,5,9,6,2
18062479,8,4,9,11,2
18062480,10,11,1,8,5
18062481,10,11,6,9,5
18062482,5,1,10,8,4
18062483,6,2,3,5,4
18062484,4,7,11,3,10
18062501,2,6,5,9,3
18062502,9,1,6,10,2
18062503,8,6,9,10,1
18062504,4,6,11,2,8
18062505,10,3,11,2,4
18062506,3,7,10,9,6
18062507,6,8,2,10,7
18062508,1,8,7,5,3
18062509,10,7,9,4,2
18062510,8,5,1,11,4
18062511,6,7,11,10,1
18062512,11,4,2,3,5
18062513,1,7,4,10,6
18062514,3,4,8,11,9
18062515,4,8,2,10,1
18062516,5,11,9,3,1
18062517,3,6,5,2,7
18062518,3,10,5,2,4
18062519,9,4,3,11,6
18062520,5,6,11,4,3
18062521,4,10,1,5,9
18062522,8,1,5,10,6
18062523,9,6,10,4,3
18062524,9,11,3,1,6
18062525,8,7,4,1,11
18062526,2,4,10,9,6
18062527,11,4,7,5,3
18062528,2,6,3,4,8
18062529,2,5,4,7,3
18062530,1,6,3,11,8
18062531,6,5,9,8,10
18062532,4,9,1,6,11
18062533,11,3,2,4,7
18062534,10,4,9,1,2
18062535,2,11,4,10,1
18062536,7,8,4,2,5
18062537,2,5,9,11,6
18062538,11,7,8,3,9
18062539,1,2,9,11,6
18062540,9,4,6,10,5
18062541,2,4,8,3,1
18062542,2,4,5,1,3
18062543,10,11,3,4,1
18062544,7,3,9,5,1
18062545,7,2,1,10,6
18062546,10,11,4,8,5
18062547,7,3,4,11,1
18062548,2,6,8,4,11
18062549,10,4,8,1,3
18062550,8,3,9,10,7
18062551,11,2,5,9,1
18062552,10,11,1,4,5
18062553,5,4,3,6,9
18062554,6,8,7,10,1
18062555,11,1,5,2,3
18062556,7,11,6,5,3
18062557,10,4,7,3,5
18062558,2,1,11,10,8
18062559,9,3,2,11,5
18062560,4,9,7,10,11
18062561,2,3,10,1,7
18062562,10,5,8,4,1
18062563,11,5,8,6,9
18062564,11,2,5,8,7
18062565,9,11,6,5,2
18062566,1,7,5,9,3
18062567,3,1,11,6,7
18062568,6,8,4,11,10
18062569,11,3,9,1,2
18062570,7,11,1,10,2
18062571,9,8,6,10,5
18062572,5,2,8,9,11
18062573,5,7,6,8,4
18062574,6,11,5,9,3
18062575,9,11,10,3,1
18062576,11,1,6,4,10
18062577,9,7,11,5,10
18062578,8,7,11,5,1
18062579,9,8,3,5,4
18062580,5,11,9,7,2
18062581,4,11,10,7,8
18062582,10,7,8,6,5
18062583,3,7,8,1,4
18062584,11,2,3,8,1
18062601,3,6,8,11,2
18062602,9,11,5,10,4
18062603,8,3,1,11,6
18062604,4,1,8,2,6
18062605,4,6,1,8,11
18062606,7,5,6,3,11
18062607,3,5,1,11,2
18062608,4,3,2,11,1
18062609,11,9,2,3,6
18062610,5,2,11,7,6
18062611,8,4,9,7,3
18062612,11,8,9,5,1
18062613,10,7,11,2,5
18062614,3,6,9,11,4
18062615,11,1,3,7,5
18062616,1,3,9,8,2
18062617,1,4,2,3,8
18062618,11,3,1,4,2
18062619,8,4,9,1,6
18062620,1,10,7,4,6
18062621,6,9,8,5,2
18062622,1,6,2,11,3
18062623,7,11,10,8,1
18062624,11,9,8,3,5
18062625,2,5,1,8,7
18062626,5,7,11,9,10
18062627,4,8,7,9,1
18062628,11,10,5,4,6
18062629,1,8,9,4,5
18062630,5,8,4,6,1
18062631,6,5,7,11,9
18062632,1,4,10,11,5
18062633,6,7,3,11,5
18062634,3,4,5,11,9
18062635,4,5,1,9,8
18062636,4,2,5,7,6
18062637,4,10,9,8,3
18062638,10,1,11,6,4
18062639,4,5,1,2,8
18062640,2,5,3,4,8
18062641,9,5,3,10,4
18062642,10,5,9,7,6
18062643,10,5,1,3,8
18062644,6,4,9,8,11
18062645,11,10,8,7,3
18062646,2,7,1,3,5
18062647,8,2,10,9,11
18062648,9,8,10,11,2
18062649,11,5,2,3,7
18062650,6,10,9,2,4
18062651,4,1,7,2,8
18062652,6,10,5,4,1
18062653,5,9,8,2,3
18062654,11,2,7,9,10
18062655,9,2,1,11,6
18062656,3,1,2,11,4
18062657,2,7,8,3,11
18062658,11,5,4,7,9
18062659,7,11,8,9,10
18062660,6,8,5,11,3
18062661,9,10,2,1,4
18062662,7,10,8,5,2
18062663,7,1,9,6,4
18062664,1,5,9,11,7
18062665,5,4,11,9,6
18062666,4,6,5,1,7
18062667,4,7,10,6,1
18062668,3,8,1,7,6
18062669,9,7,1,8,2
18062670,2,10,7,8,5
18062671,5,9,7,1,8
18062672,9,4,2,6,3
18062673,11,4,7,2,3
18062674,3,6,2,9,7
18062675,10,5,11,4,1
18062676,3,6,2,1,9
18062677,5,3,4,11,7
18062678,7,5,11,4,9
18062679,6,4,11,3,10
18062680,3,4,8,2,1
18062681,1,8,9,7,11
18062682,3,5,4,11,6
18062683,6,11,8,3,4
18062684,2,6,5,7,8
18062701,7,1,5,4,9
18062702,11,5,4,7,10
18062703,8,6,1,9,7
18062704,6,1,8,2,10
18062705,7,4,3,8,1
18062706,3,9,4,6,5
18062707,1,2,5,9,10
18062708,1,7,2,9,5
18062709,1,7,5,9,8
18062710,8,5,2,1,4
18062711,4,3,2,5,10
18062712,11,4,10,2,6
18062713,3,10,1,5,8
18062714,5,1,3,8,7
18062715,2,9,11,8,4
18062716,8,9,7,11,6
18062717,8,7,9,4,5
18062718,3,8,5,4,10
18062719,8,10,7,11,5
18062720,1,7,11,3,6
18062721,8,2,9,3,1
18062722,8,1,6,2,7
18062723,10,1,2,9,7
18062724,7,4,2,10,5
18062725,4,3,7,10,11
18062726,8,4,1,7,9
18062727,4,6,8,7,10
18062728,11,2,7,3,1
18062729,1,6,5,11,3
18062730,2,3,6,1,11
18062731,7,1,3,2,8
18062732,5,3,1,4,11
18062733,11,3,8,4,10
18062734,11,4,6,2,5
18062735,6,4,1,3,10
18062736,2,10,5,11,9
18062737,1,10,6,3,7
18062738,2,10,1,9,11
18062739,2,6,3,4,1
18062740,8,10,2,5,11
18062741,8,5,1,3,7
18062742,9,8,5,7,11
18062743,7,5,1,9,2
18062744,5,6,2,8,10
18062745,5,3,7,11,4
18062746,8,4,3,9,7
18062747,10,4,1,11,2
18062748,2,4,7,6,11
18062749,2,4,7,6,11
18062750,2,4,7,6,11
18062751,2,4,7,6,11
18062752,5,6,3,2,9
18062753,5,10,9,11,4
18062754,8,10,1,5,6
18062755,2,10,1,4,5
18062756,3,5,10,4,9
18062757,5,10,2,7,9
18062758,7,3,2,4,6
18062759,7,2,10,3,5
18062760,5,6,8,3,2
18062761,2,11,10,7,3
18062762,4,3,10,9,8
18062763,3,6,11,5,7
18062764,2,8,6,11,3
18062765,11,10,2,9,6
18062766,4,5,11,10,9
18062767,9,3,8,4,11
18062768,1,8,3,11,4
18062769,10,8,6,5,11
18062770,9,6,5,1,10
18062771,11,5,1,8,10
18062772,5,10,4,11,3
18062773,2,11,9,10,4
18062774,3,8,1,7,2
18062775,8,9,10,4,2
18062776,9,10,8,11,2
18062777,8,4,2,1,9
18062778,7,8,10,6,9
18062779,7,10,6,11,3
18062780,1,5,7,8,2
18062781,4,10,9,8,5
18062782,6,7,8,9,5
18062783,2,4,8,10,6
18062784,6,8,3,5,9
18062801,1,5,11,6,9
18062802,4,10,3,11,1
18062803,10,3,8,6,5
18062804,5,9,11,1,2
18062805,9,3,1,5,6
18062806,6,2,3,10,8
18062807,1,9,10,4,11
18062808,5,8,2,1,7
18062809,2,10,1,4,11
18062810,4,1,10,8,9
18062811,5,8,10,1,7
18062812,8,10,5,7,3
18062813,8,4,3,2,9
18062814,8,3,10,1,11
18062815,7,4,6,5,9
18062816,1,7,10,6,11
18062817,2,1,9,6,4
18062818,9,8,1,6,11
18062819,1,5,2,11,3
18062820,6,10,5,9,8
18062821,11,9,4,5,8
18062822,7,8,6,1,9
18062823,8,2,5,3,10
18062824,9,2,7,10,1
18062825,3,1,10,8,4
18062826,11,8,1,10,6
18062827,11,4,3,7,8
18062828,2,5,4,1,8
18062829,10,4,2,11,5
18062830,2,5,6,7,8
18062831,4,7,11,6,9
18062832,5,9,7,3,8
18062833,3,11,7,6,1
18062834,10,1,5,4,7
18062835,6,2,11,1,8
18062836,5,6,4,11,3
18062837,11,10,9,2,1
18062838,4,6,9,10,3
18062839,8,2,6,3,7
18062840,8,9,2,10,1
18062841,2,10,5,6,8
18062842,9,3,2,1,8
18062843,10,9,3,4,8
18062844,5,3,4,6,7
18062845,6,3,2,11,9
18062846,10,5,3,1,8
18062847,8,4,6,2,10
18062848,2,4,5,10,6
18062849,6,2,7,11,10
18062850,1,8,9,6,2
18062851,3,11,6,5,4
18062852,1,8,5,6,2
18062853,3,7,9,2,1
18062854,11,1,5,9,4
18062855,8,4,3,2,6
18062856,4,8,9,7,2
18062857,9,2,4,1,10
18062858,11,1,2,3,6
18062859,8,11,4,10,2
18062860,9,8,3,7,1
18062861,5,1,7,2,4
18062862,2,7,10,5,1
18062863,5,6,1,8,4
18062864,4,2,6,3,5
18062865,6,2,3,8,5
18062866,1,7,10,5,8
18062867,10,5,7,3,4
18062868,2,6,10,7,8
18062869,7,6,4,1,9
18062870,6,4,7,11,9
18062871,11,1,5,8,3
18062872,9,5,3,8,10
18062873,9,5,2,10,1
18062874,1,10,5,4,2
18062875,10,6,2,7,4
18062876,3,8,4,2,10
18062877,10,7,1,8,4
18062878,4,11,3,5,9
18062879,6,8,9,11,4
18062880,2,7,3,8,4
18062881,6,10,9,1,5
18062882,1,6,10,8,11
18062883,2,11,8,5,10
18062884,5,10,8,2,7
18062901,5,9,8,10,7
18062902,11,4,6,5,2
18062903,11,4,1,8,3
18062904,11,8,4,7,2
18062905,4,6,7,9,5
18062906,6,7,2,5,1
18062907,1,6,2,10,3
18062908,3,1,5,7,6
18062909,2,3,1,9,6
18062910,5,3,4,6,1
18062911,11,8,6,4,7
18062912,9,4,8,3,7
18062913,8,7,1,4,9
18062914,2,8,6,10,3
18062915,7,8,9,5,2
18062916,5,10,4,1,6
18062917,1,11,9,10,7
18062918,9,10,8,4,5
18062919,10,2,1,11,7
18062920,1,4,3,6,9
18062921,11,9,4,7,3
18062922,7,4,6,5,9
18062923,3,2,1,4,7
18062924,3,8,6,10,2
18062925,1,5,4,8,11
18062926,6,9,3,4,1
18062927,2,8,10,3,9
18062928,6,4,10,1,8
18062929,10,8,3,11,7
18062930,11,1,2,5,3
18062931,9,11,6,3,4
18062932,1,6,11,3,5
18062933,3,10,6,8,4
18062934,7,6,3,9,10
18062935,3,10,5,6,8
18062936,11,7,10,4,6
18062937,5,7,3,9,1
18062938,6,1,4,7,10
18062939,10,6,5,2,3
18062940,2,3,10,11,7
18062941,6,3,11,7,4
18062942,7,6,8,3,5
18062943,6,5,9,11,4
18062944,1,9,7,6,10
18062945,6,10,7,2,9
18062946,9,7,8,5,10
18062947,4,6,1,8,11
18062948,4,10,3,11,9
18062949,7,5,6,11,1
18062950,7,3,10,5,6
18062951,4,2,8,6,7
18062952,2,1,6,8,3
18062953,9,6,1,8,7
18062954,5,4,3,2,10
18062955,9,4,1,8,3
18062956,10,6,4,3,9
18062957,2,4,3,9,5
18062958,9,3,7,11,8
18062959,11,3,4,6,1
18062960,10,4,11,7,1
18062961,2,10,11,6,4
18062962,7,8,10,4,6
18062963,7,9,10,2,6
18062964,10,1,5,2,7
18062965,1,8,7,2,3
18062966,2,5,6,8,1
18062967,7,8,6,4,9
18062968,4,10,3,1,9
18062969,10,4,1,7,6
18062970,9,4,3,5,8
18062971,4,6,11,3,9
18062972,4,8,5,11,1
18062973,1,7,5,2,8
18062974,6,11,8,7,4
18062975,8,6,7,4,5
18062976,8,5,11,2,6
18062977,1,9,8,10,2
18062978,10,5,8,4,9
18062979,10,4,9,2,11
18062980,5,7,3,10,9
18062981,4,10,5,3,1
18062982,6,8,1,11,10
18062983,8,6,9,7,3
18062984,2,5,9,10,11
18063001,6,2,4,1,10
18063002,1,11,7,2,5
18063003,9,11,7,3,10
18063004,8,11,7,3,5
18063005,9,8,11,5,4
18063006,11,4,8,2,6
18063007,7,10,6,9,3
18063008,8,5,2,10,9
18063009,6,9,2,5,3
18063010,5,8,9,2,11
18063011,4,3,2,11,6
18063012,10,3,1,9,11
18063013,8,5,11,9,4
18063014,10,2,11,1,7
18063015,9,4,5,10,7
18063016,2,7,3,4,8
18063017,4,11,2,8,7
18063018,9,4,8,11,2
18063019,4,8,3,2,1
18063020,7,11,10,5,1
18063021,6,1,5,4,10
18063022,4,9,10,8,2
18063023,6,10,5,4,9
18063024,9,2,1,6,7
18063025,4,1,8,7,2
18063026,10,8,5,2,6
18063027,5,2,3,11,7
18063028,10,8,6,11,4
18063029,2,5,9,8,3
18063030,10,7,11,4,3
18063031,8,6,4,10,2
18063032,6,10,1,5,8
18063033,1,10,8,9,3
18063034,3,1,10,5,8
18063035,10,9,1,2,5
18063036,7,9,10,6,1
18063037,8,6,10,9,11
18063038,6,10,11,8,3
18063039,5,9,2,11,8
18063040,11,8,2,10,7
18063041,5,6,9,4,2
18063042,6,4,5,3,9
18063043,8,4,3,10,6
18063044,2,10,7,11,3
18063045,6,2,8,7,11
18063046,2,7,4,1,8
18063047,3,5,6,4,2
18063048,6,4,3,1,11
18063049,2,8,5,7,1
18063050,9,5,2,7,1
18063051,8,7,1,11,2
18063052,1,4,7,6,11
18063053,5,7,11,2,10
18063054,8,3,9,7,11
18063055,10,5,1,3,6
18063056,1,9,8,7,4
18063057,7,4,5,11,10
18063058,7,3,6,4,5
18063059,5,4,8,7,10
18063060,10,8,6,1,11
18063061,7,9,6,3,5
18063062,11,8,1,6,5
18063063,7,3,10,4,11
18063064,8,4,7,1,2
18063065,11,6,7,4,10
18063066,11,2,6,3,7
18063067,7,6,3,2,11
18063068,5,8,2,10,6
18063069,10,5,8,3,6
18063070,9,11,7,10,6
18063071,7,10,1,5,3
18063072,9,2,3,5,10
18063073,7,6,2,4,10
18063074,10,5,6,8,3
18063075,9,8,4,6,7
18063076,5,2,11,10,6
18063077,11,4,10,5,3
18063078,6,10,9,4,3
18063079,6,7,3,5,4
18063080,6,1,10,8,2
18063081,3,6,5,8,1
18063082,4,7,1,8,10
18063083,1,4,8,5,10
18063084,1,8,4,6,9
