18070101,11,1,3,2,4
18070102,4,2,7,3,6
18070103,8,11,2,7,3
18070104,5,8,1,10,6
18070105,8,2,1,10,4
18070106,8,5,3,2,7
18070107,11,2,10,6,3
18070108,9,8,11,6,3
18070109,4,3,9,5,11
18070110,7,3,4,6,1
18070111,1,9,3,4,6
18070112,2,3,7,6,1
18070113,11,7,9,2,3
18070114,9,4,6,5,10
18070115,11,5,8,2,1
18070116,6,3,11,9,5
18070117,11,10,4,9,6
18070118,11,6,4,5,9
18070119,7,5,8,3,2
18070120,7,1,3,10,6
18070121,9,11,2,1,6
18070122,10,6,4,7,11
18070123,1,3,11,7,6
18070124,1,10,2,6,4
18070125,5,3,2,1,10
18070126,2,10,7,5,9
18070127,10,4,2,8,6
18070128,7,3,2,10,1
18070129,2,7,6,3,5
18070130,1,7,11,6,3
18070131,9,7,2,8,10
18070132,3,7,11,5,1
18070133,5,8,11,10,1
18070134,7,9,2,11,10
18070135,1,10,5,9,6
18070136,6,9,10,4,5
18070137,10,8,6,1,9
18070138,3,2,11,4,8
18070139,6,2,5,10,1
18070140,7,1,6,5,4
18070141,5,10,1,11,8
18070142,1,9,6,7,3
18070143,9,11,3,4,6
18070144,9,5,3,7,4
18070145,3,7,9,11,6
18070146,5,10,2,9,8
18070147,2,8,9,11,3
18070148,2,8,7,10,6
18070149,5,1,11,3,8
18070150,5,7,8,1,2
18070151,11,6,3,8,2
18070152,4,6,9,10,11
18070153,3,6,5,7,9
18070154,1,4,10,8,11
18070155,10,4,3,5,11
18070156,8,11,3,4,5
18070157,2,1,4,9,11
18070158,1,9,2,10,4
18070159,6,1,7,10,11
18070160,2,3,11,1,8
18070161,10,11,7,9,4
18070162,5,2,11,3,10
18070163,5,11,4,6,9
18070164,11,3,8,1,4
18070165,8,9,6,1,7
18070166,2,6,3,10,5
18070167,1,6,5,10,8
18070168,10,4,5,9,8
18070169,5,9,10,7,1
18070170,7,6,1,5,2
18070171,11,6,4,3,2
18070172,3,2,5,10,8
18070173,5,6,10,7,3
18070174,6,11,3,9,5
18070175,8,5,6,2,7
18070176,9,2,8,1,4
18070177,6,11,3,2,8
18070178,8,10,3,4,1
18070179,4,8,11,2,7
18070180,5,1,6,2,4
18070181,11,7,1,3,6
18070182,5,6,4,2,10
18070183,6,11,5,1,9
18070184,11,1,5,8,3
18070201,7,6,8,9,3
18070202,3,9,6,10,8
18070203,6,7,3,4,2
18070204,11,5,1,10,6
18070205,3,1,5,11,2
18070206,9,3,10,4,7
18070207,6,9,4,3,7
18070208,9,4,11,7,8
18070209,10,6,7,9,2
18070210,9,1,2,10,3
18070211,5,2,9,7,3
18070212,1,10,3,8,5
18070213,6,10,3,9,11
18070214,6,1,7,11,2
18070215,4,5,11,1,2
18070216,1,2,7,9,6
18070217,5,8,11,9,7
18070218,7,11,4,8,9
18070219,9,2,10,5,3
18070220,10,9,2,1,6
18070221,1,10,3,5,8
18070222,2,7,5,10,1
18070223,8,10,1,2,11
18070224,8,3,11,4,2
18070225,3,7,9,8,4
18070226,7,9,6,5,4
18070227,6,5,9,1,11
18070228,1,8,3,4,7
18070229,1,7,6,11,10
18070230,6,4,2,10,11
18070231,4,11,9,10,2
18070232,1,3,9,10,5
18070233,8,9,10,11,6
18070234,7,2,8,5,11
18070235,8,6,3,7,4
18070236,1,11,10,2,3
18070237,1,6,3,5,4
18070238,9,5,1,4,11
18070239,8,2,3,4,1
18070240,9,3,5,2,6
18070241,9,8,11,1,10
18070242,10,11,2,9,8
18070243,5,9,4,7,6
18070244,8,11,2,6,9
18070245,7,2,5,3,10
18070246,1,7,5,3,2
18070247,3,7,8,11,4
18070248,9,6,3,10,2
18070249,11,5,8,1,9
18070250,5,4,11,7,6
18070251,10,5,6,3,4
18070252,8,4,10,5,7
18070253,10,4,7,9,2
18070254,3,2,6,8,7
18070255,1,8,3,5,7
18070256,7,10,4,1,3
18070257,8,10,7,4,1
18070258,11,5,1,6,3
18070259,2,1,9,10,6
18070260,3,7,11,5,9
18070261,5,9,3,7,10
18070262,5,9,1,10,8
18070263,2,5,8,6,4
18070264,6,8,2,9,10
18070265,5,3,8,10,4
18070266,9,4,10,1,7
18070267,10,1,11,7,4
18070268,11,6,2,5,9
18070269,11,4,9,3,8
18070270,9,8,3,4,7
18070271,1,5,10,9,4
18070272,10,11,4,1,5
18070273,8,10,3,11,6
18070274,10,5,8,7,4
18070275,8,4,9,3,5
18070276,3,5,6,2,4
18070277,2,3,1,11,5
18070278,9,1,8,10,6
18070279,8,9,5,2,1
18070280,6,4,10,11,1
18070281,9,10,11,4,6
18070301,8,1,5,7,10
18070302,6,2,3,9,10
18070303,11,4,8,10,7
18070304,10,1,6,2,7
18070305,4,8,11,6,5
18070306,11,8,10,2,1
18070307,8,7,2,6,4
18070308,5,1,11,9,10
18070309,7,2,1,3,5
18070310,6,10,4,11,3
18070311,2,1,5,3,6
18070312,5,3,6,11,8
18070313,1,11,6,10,8
18070314,5,11,8,9,1
18070315,10,8,9,11,6
18070316,1,2,7,6,4
18070317,10,9,4,1,2
18070318,5,9,10,6,4
18070319,5,6,1,11,8
18070320,2,8,3,1,11
18070321,10,5,9,11,2
18070322,5,4,9,2,1
18070323,7,3,6,10,4
18070324,4,7,9,6,5
18070325,6,8,7,2,4
18070326,5,3,8,11,2
18070327,5,10,11,8,6
18070328,9,3,8,1,2
18070329,4,6,3,1,10
18070330,9,4,7,1,8
18070331,1,11,9,7,8
18070332,10,7,2,11,5
18070333,3,5,7,6,4
18070334,11,10,1,4,6
18070335,7,5,3,11,8
18070336,1,11,7,10,9
18070337,5,6,2,9,3
18070338,8,11,10,7,5
18070339,6,7,3,8,5
18070340,7,6,3,9,2
18070341,6,2,3,5,8
18070342,9,5,3,10,7
18070343,8,11,4,7,5
18070344,7,9,10,2,5
18070345,8,6,4,2,7
18070346,6,4,5,11,3
18070347,8,4,6,10,5
18070348,3,8,5,9,1
18070349,11,9,4,8,3
18070350,5,2,11,7,6
18070351,3,11,5,8,1
18070352,6,5,10,4,11
18070353,3,2,4,11,7
18070354,10,11,5,3,6
18070355,11,5,4,2,9
18070356,5,3,2,10,9
18070357,9,5,1,8,7
18070358,1,9,8,10,4
18070359,11,3,5,1,4
18070360,2,9,7,10,1
18070361,1,4,3,5,11
18070362,11,6,7,4,10
18070363,9,3,2,5,7
18070364,8,1,6,9,3
18070365,3,11,2,5,4
18070366,1,8,4,9,3
18070367,3,10,2,6,4
18070368,10,2,1,8,11
18070369,3,1,4,6,2
18070370,4,8,2,6,3
18070371,2,10,5,8,4
18070372,10,4,8,6,11
18070373,10,5,3,2,6
18070374,3,8,6,2,11
18070375,10,3,4,6,2
18070376,3,5,4,2,1
18070377,8,1,4,6,5
18070378,10,11,5,9,1
18070379,4,3,11,2,8
18070380,11,3,9,4,2
18070381,8,5,7,6,10
18070382,1,8,3,2,10
18070383,6,5,9,8,7
18070384,8,9,11,10,4
18070401,4,2,5,10,1
18070402,7,10,4,11,9
18070403,3,5,1,2,4
18070404,6,1,7,8,11
18070405,5,2,11,10,7
18070406,2,4,5,6,1
18070407,3,5,10,4,11
18070408,9,4,1,2,7
18070409,2,11,7,8,4
18070410,4,3,6,5,10
18070411,7,5,10,3,1
18070412,2,7,4,8,6
18070413,3,8,9,1,6
18070414,5,2,8,7,1
18070415,9,7,6,2,3
18070416,10,4,2,6,1
18070417,3,1,8,10,9
18070418,10,6,4,1,3
18070419,6,7,3,5,10
18070420,6,5,1,2,4
18070421,11,4,3,8,6
18070422,11,2,7,6,8
18070423,3,2,4,9,7
18070424,9,4,5,10,8
18070425,7,4,8,11,9
18070426,1,5,10,9,3
18070427,4,6,11,8,1
18070428,10,1,9,11,2
18070429,8,3,10,4,7
18070430,8,3,6,9,5
18070431,4,2,7,9,6
18070432,6,5,3,8,2
18070433,6,4,3,2,10
18070434,3,9,1,11,6
18070435,6,10,1,8,9
18070436,5,9,6,1,2
18070437,7,9,3,8,6
18070438,4,9,10,5,7
18070439,5,11,3,8,1
18070440,9,10,5,2,1
18070441,10,5,7,4,2
18070442,6,9,1,10,4
18070443,3,10,8,5,7
18070444,1,7,11,10,3
18070445,7,5,10,1,8
18070446,5,1,7,9,10
18070447,10,2,4,3,9
18070448,9,7,2,5,6
18070449,3,5,2,11,6
18070450,2,10,5,4,7
18070451,8,5,9,6,4
18070452,11,7,1,8,10
18070453,8,4,2,10,3
18070454,3,2,11,5,4
18070455,6,1,9,8,5
18070456,2,8,9,3,7
18070457,1,7,4,2,6
18070458,10,6,11,5,8
18070459,8,2,4,3,7
18070460,10,11,8,7,2
18070461,7,4,9,2,1
18070462,9,11,5,8,1
18070463,10,6,7,4,5
18070464,1,10,7,2,4
18070465,1,4,7,3,10
18070466,8,2,11,5,1
18070467,8,6,5,9,3
18070468,2,5,7,10,4
18070469,7,1,9,3,10
18070470,5,10,3,7,8
18070471,10,3,11,9,4
18070472,3,9,1,6,11
18070473,3,2,1,9,8
18070474,3,8,11,7,6
18070475,7,4,2,1,6
18070476,9,5,1,6,8
18070477,2,7,6,10,1
18070478,6,7,4,10,3
18070479,10,8,1,6,4
18070480,5,3,11,6,4
18070481,9,1,6,11,5
18070482,11,5,2,4,9
18070483,9,5,7,10,11
18070484,6,2,9,5,8
18070501,7,2,10,1,4
18070502,11,2,6,9,3
18070503,8,10,9,4,3
18070504,10,5,7,4,9
18070505,2,1,11,5,9
18070506,8,10,2,11,4
18070507,3,1,4,11,7
18070508,3,1,7,2,11
18070509,8,2,7,1,10
18070510,5,11,7,6,9
18070511,1,4,9,3,2
18070512,11,2,10,5,7
18070513,2,11,3,5,8
18070514,10,5,7,1,6
18070515,11,10,6,8,9
18070516,5,9,10,7,3
18070517,7,10,8,4,11
18070518,4,9,8,3,11
18070519,6,4,2,3,11
18070520,11,1,6,5,10
18070521,11,7,8,2,3
18070522,9,11,1,2,4
18070523,11,7,9,10,5
18070524,3,4,10,9,11
18070525,2,6,10,9,3
18070526,9,11,2,4,3
18070527,2,1,6,4,9
18070528,1,5,9,11,8
18070529,11,4,1,7,6
18070530,2,9,10,6,4
18070531,1,4,3,7,2
18070532,6,5,10,9,3
18070533,3,8,7,5,10
18070534,5,11,9,6,7
18070535,2,5,9,1,8
18070536,5,1,9,4,10
18070537,6,7,9,4,11
18070538,9,3,11,1,6
18070539,7,5,9,1,6
18070540,9,1,8,7,11
18070541,11,7,3,1,2
18070542,6,5,10,7,1
18070543,6,3,2,10,11
18070544,3,2,4,9,5
18070545,3,8,4,11,9
18070546,1,6,5,7,4
18070547,1,6,11,8,4
18070548,11,10,2,1,5
18070549,4,2,3,9,8
18070550,5,9,10,1,8
18070551,1,7,11,9,10
18070552,11,6,2,10,5
18070553,9,8,1,11,4
18070554,1,11,4,7,5
18070555,8,7,9,5,1
18070556,10,6,11,3,9
18070557,4,11,8,6,5
18070558,10,5,6,7,11
18070559,3,9,1,11,7
18070560,10,2,4,7,3
18070561,10,11,9,2,6
18070562,5,7,10,3,8
18070563,10,2,11,6,3
18070564,8,4,7,3,11
18070565,10,1,7,6,4
18070566,10,8,9,7,3
18070567,1,3,5,10,8
18070568,11,9,3,6,8
18070569,9,1,10,7,11
18070570,8,1,2,10,7
18070571,4,6,10,9,2
18070572,8,2,4,3,10
18070573,2,10,6,11,7
18070574,1,6,3,10,5
18070575,10,6,11,8,1
18070576,5,4,1,9,10
18070577,7,5,3,1,9
18070578,8,10,11,5,9
18070579,1,7,11,3,6
18070580,2,5,6,11,10
18070581,1,7,5,4,8
18070582,7,10,3,5,1
18070583,9,5,8,10,6
18070584,6,9,1,7,10
18070601,10,7,5,9,4
18070602,6,10,1,5,8
18070603,11,9,2,7,10
18070604,6,2,11,4,7
18070605,5,1,11,4,2
18070606,6,1,9,3,2
18070607,5,10,1,3,9
18070608,4,3,9,5,10
18070609,7,5,10,1,9
18070610,3,11,8,1,9
18070611,4,7,10,3,1
18070612,1,5,8,4,3
18070613,8,9,4,2,5
18070614,5,1,3,4,10
18070615,8,6,9,10,2
18070616,3,5,9,7,8
18070617,8,3,2,5,7
18070618,11,7,9,1,10
18070619,7,8,1,5,2
18070620,3,2,7,5,10
18070621,4,7,5,11,1
18070622,11,2,3,8,6
18070623,9,11,10,5,3
18070624,2,8,6,9,10
18070625,6,1,8,3,5
18070626,9,10,2,5,11
18070627,4,3,1,8,7
18070628,10,7,3,8,6
18070629,4,1,5,8,7
18070630,1,8,6,4,2
18070631,10,5,9,1,8
18070632,11,8,7,10,5
18070633,4,3,2,9,8
18070634,3,11,8,9,1
18070635,5,8,10,3,2
18070636,2,9,1,7,5
18070637,7,10,9,6,5
18070638,5,3,11,4,9
18070639,5,8,10,3,2
18070640,2,8,7,3,1
18070641,4,1,8,6,11
18070642,4,5,3,7,9
18070643,4,2,3,10,1
18070644,3,8,10,2,11
18070645,9,10,5,7,6
18070646,6,5,2,1,3
18070647,8,3,10,2,1
18070648,9,3,11,7,2
18070649,10,2,11,7,4
18070650,10,8,3,1,6
18070651,4,3,1,10,7
18070652,1,9,8,7,5
18070653,10,11,9,2,8
18070654,9,6,5,10,7
18070655,5,3,2,4,11
18070656,8,9,6,2,7
18070657,8,9,11,4,7
18070658,3,6,8,11,5
18070659,8,2,9,10,7
18070660,6,9,10,7,4
18070661,11,3,9,2,4
18070662,7,11,5,3,6
18070663,10,11,8,2,1
18070664,11,4,7,9,8
18070665,4,6,9,3,2
18070666,3,6,2,9,4
18070667,8,7,5,1,10
18070668,6,4,1,3,2
18070669,9,7,5,2,4
18070670,11,10,8,1,4
18070671,11,5,1,7,9
18070672,10,11,1,8,4
18070673,9,6,8,7,1
18070674,9,5,2,10,8
18070675,5,9,2,3,11
18070676,3,6,7,11,8
18070677,8,2,6,7,4
18070678,10,11,4,2,5
18070679,1,3,9,8,11
18070680,3,6,2,10,11
18070681,9,7,6,4,10
18070682,4,6,8,5,10
18070683,8,5,2,6,1
18070684,3,10,9,2,1
18070701,9,2,3,10,6
18070702,4,2,10,6,9
18070703,5,6,2,4,1
18070704,2,3,10,7,11
18070705,7,2,5,1,10
18070706,6,11,9,3,8
18070707,1,2,8,9,11
18070708,4,8,1,7,9
18070709,4,10,9,5,2
18070710,10,11,2,5,6
18070711,10,9,8,6,1
18070712,3,7,8,4,10
18070713,2,5,10,1,7
18070714,10,8,7,11,1
18070715,2,3,5,10,11
18070716,10,7,6,5,11
18070717,6,1,3,8,10
18070718,11,5,3,1,6
18070719,10,7,4,2,11
18070720,10,5,4,6,3
18070721,7,5,2,6,8
18070722,8,11,2,4,10
18070723,1,8,11,4,6
18070724,5,6,3,8,2
18070725,4,2,10,9,5
18070726,9,11,4,10,2
18070727,11,3,4,2,5
18070728,9,2,5,10,1
18070729,4,10,1,6,9
18070730,6,1,7,2,11
18070731,10,5,3,6,2
18070732,5,1,10,9,6
18070733,3,6,1,11,5
18070734,9,10,5,3,8
18070735,2,1,5,11,9
18070736,5,7,9,6,8
18070737,8,2,4,5,6
18070738,5,9,6,4,3
18070739,11,3,2,8,1
18070740,3,8,1,9,6
18070741,5,11,7,3,2
18070742,4,9,7,2,6
18070743,7,8,5,11,2
18070744,1,11,7,3,4
18070745,3,9,8,1,10
18070746,6,3,9,11,2
18070747,7,10,4,9,6
18070748,10,3,9,7,2
18070749,11,8,3,9,5
18070750,1,2,6,11,7
18070751,3,9,1,6,2
18070752,7,5,4,10,1
18070753,2,10,8,4,1
18070754,10,7,4,5,6
18070755,5,8,3,9,11
18070756,2,3,6,11,4
18070757,5,9,11,4,7
18070758,9,11,8,5,7
18070759,8,4,6,5,9
18070760,7,1,3,5,4
18070761,9,7,5,2,3
18070762,7,4,3,1,8
18070763,7,8,5,3,1
18070764,4,6,11,9,1
18070765,11,10,5,3,6
18070766,6,2,8,5,11
18070767,1,10,6,3,11
18070768,5,3,9,11,10
18070769,4,1,2,8,6
18070770,3,11,8,9,10
18070771,4,10,5,6,9
18070772,7,8,4,9,6
18070773,7,6,2,5,4
18070774,11,9,3,6,4
18070775,1,11,8,7,3
18070776,7,3,10,5,8
18070777,10,11,5,8,6
18070778,9,10,11,5,1
18070779,1,10,7,3,6
18070780,4,2,9,3,6
18070781,9,1,5,8,6
18070782,5,9,8,4,11
18070783,8,2,1,5,9
18070784,8,10,9,3,6
18070901,6,3,2,4,8
18070902,5,4,2,7,10
18070903,5,11,1,3,2
18070904,11,10,4,6,5
18070905,2,11,9,7,1
18070906,10,1,2,9,11
18070907,4,11,9,1,3
18070908,2,4,6,5,3
18070909,1,11,3,8,10
18070910,10,6,2,11,1
18070911,3,1,9,7,6
18070912,9,4,2,10,3
18070913,9,10,2,11,7
18070914,11,7,4,2,9
18070915,6,9,5,2,10
18070916,6,11,1,9,5
18070917,11,4,1,3,7
18070918,8,9,2,1,10
18070919,3,10,1,2,8
18070920,1,11,9,3,2
18070921,10,6,2,3,8
18070922,1,10,7,6,8
18070923,7,3,4,2,8
18070924,6,8,11,7,10
18070925,6,1,3,9,4
18070926,4,8,1,9,5
18070927,4,9,3,7,6
18070928,2,8,9,1,10
18070929,5,11,9,2,3
18070930,4,7,2,3,1
18070931,1,3,6,5,8
18070932,2,1,7,4,6
18070933,3,4,1,6,8
18070934,3,7,6,11,2
18070935,1,2,9,7,5
18070936,8,1,2,4,3
18070937,2,7,10,3,6
18070938,11,1,4,6,8
18070939,3,8,7,2,4
18070940,5,4,10,2,7
18070941,11,4,8,5,9
18070942,6,11,2,7,3
18070943,7,5,4,9,2
18070944,1,10,5,11,8
18070945,7,5,2,9,11
18070946,6,10,11,7,5
18070947,1,5,6,8,9
18070948,3,4,8,7,10
18070949,5,4,11,3,6
18070950,6,3,8,4,11
18070951,11,1,2,10,8
18070952,3,5,2,8,9
18070953,5,4,6,1,9
18070954,5,7,10,3,11
18070955,9,1,6,11,10
18070956,3,5,6,7,4
18070957,11,6,5,4,2
18070958,1,7,11,4,6
18070959,8,11,10,7,6
18070960,9,7,10,8,4
18070961,6,2,4,9,8
18070962,7,11,4,1,9
18070963,6,10,3,1,5
18070964,3,8,7,11,9
18070965,6,5,9,8,1
18070966,2,6,5,11,7
18070967,3,6,2,8,11
18070968,7,10,1,6,2
18070969,1,5,8,10,6
18070970,4,7,6,9,10
18070971,11,5,6,9,3
18070972,4,2,5,6,9
18070973,7,8,2,10,11
18070974,5,11,10,6,3
18070975,7,3,6,1,10
18070976,3,11,1,7,10
18070977,11,2,9,1,6
18070978,3,8,11,1,5
18070979,10,8,6,9,11
18070980,9,10,6,7,5
18070981,6,11,7,8,1
18070982,3,9,10,11,1
18070983,11,8,5,10,3
18070984,9,4,7,10,1
18071001,5,11,6,7,1
18071002,10,8,11,4,1
18071003,6,2,8,3,4
18071004,3,2,5,9,1
18071005,11,3,1,5,7
18071006,5,8,7,4,1
18071007,7,6,8,10,4
18071008,1,4,10,9,5
18071009,8,6,10,2,5
18071010,6,8,1,5,9
18071011,9,6,4,7,5
18071012,4,2,1,9,6
18071013,7,11,9,4,3
18071014,10,7,5,4,1
18071015,4,7,3,5,1
18071016,2,7,1,10,11
18071017,5,9,7,10,6
18071018,7,4,5,8,1
18071019,2,3,9,10,8
18071020,5,8,7,9,10
18071021,1,4,2,10,7
18071022,4,8,9,3,11
18071023,2,10,11,6,7
18071024,7,4,9,6,2
18071025,3,2,11,5,6
18071026,11,2,8,6,1
18071027,2,7,3,9,1
18071028,10,5,6,1,4
18071029,6,2,3,8,4
18071030,8,2,10,4,5
18071031,4,6,10,2,1
18071032,1,5,10,8,7
18071033,9,7,2,1,10
18071034,10,8,7,9,4
18071035,3,11,9,10,4
18071036,4,1,3,2,11
18071037,7,4,1,8,11
18071038,4,10,6,3,5
18071039,11,6,10,7,3
18071040,1,2,9,6,5
18071041,4,5,7,9,2
18071042,8,3,2,5,4
18071043,4,2,1,9,8
18071044,3,11,4,9,5
18071045,9,1,3,10,11
18071046,8,5,11,9,2
18071047,6,11,3,10,4
18071048,5,8,2,3,11
18071049,8,11,2,9,10
18071050,10,6,9,5,8
18071051,9,11,1,5,8
18071052,2,11,5,3,9
18071053,11,3,8,10,6
18071054,11,1,7,3,2
18071055,3,8,2,9,11
18071056,11,3,10,7,1
18071057,1,4,3,11,5
18071058,11,7,4,6,10
18071059,9,1,4,8,6
18071060,4,6,8,5,1
18071061,9,8,7,11,4
18071062,2,6,8,4,1
18071063,1,11,10,4,9
18071064,2,1,11,7,6
18071065,8,3,5,2,10
18071066,3,8,4,10,11
18071067,9,3,8,2,1
18071068,11,8,3,10,7
18071069,5,4,2,1,7
18071070,4,5,9,8,3
18071071,9,5,11,4,1
18071072,10,4,6,7,1
18071073,10,7,8,3,1
18071074,6,11,5,8,10
18071075,8,3,10,1,6
18071076,7,11,6,5,4
18071077,5,7,9,3,2
18071078,4,5,11,3,2
18071079,6,11,5,9,3
18071080,10,5,7,11,4
18071081,2,11,7,4,8
18071082,9,4,5,8,6
18071083,9,3,11,8,10
18071084,7,6,3,10,1
18071101,9,5,3,10,7
18071102,5,7,10,3,8
18071103,8,6,4,10,1
18071104,2,10,3,6,1
18071105,5,8,4,3,7
18071106,7,5,4,11,8
18071107,8,5,2,1,11
18071108,1,11,5,4,6
18071109,1,3,6,10,4
18071110,11,3,9,2,6
18071111,3,10,7,5,9
18071112,2,11,3,10,8
18071113,7,8,1,4,10
18071114,4,5,1,3,6
18071115,9,5,8,6,1
18071116,8,1,9,4,7
18071117,11,8,9,1,3
18071118,1,10,8,3,5
18071119,3,11,4,1,10
18071120,9,1,11,10,5
18071121,3,5,2,9,11
18071122,10,5,3,9,6
18071123,2,11,1,7,10
18071124,11,5,2,4,3
18071125,3,10,9,2,5
18071126,4,5,6,11,10
18071127,7,6,11,1,8
18071128,11,4,1,8,5
18071129,1,9,8,4,2
18071130,2,1,8,6,3
18071131,9,4,6,1,11
18071132,4,7,2,11,9
18071133,6,10,5,7,3
18071134,5,11,1,9,3
18071135,3,1,2,8,6
18071136,7,11,6,9,10
18071137,10,8,4,1,5
18071138,5,2,7,6,10
18071139,3,1,11,4,10
18071140,4,2,11,8,7
18071141,8,10,1,5,11
18071142,11,5,10,3,7
18071143,9,2,4,7,10
18071144,3,4,1,9,7
18071145,1,2,11,4,7
18071146,4,8,11,6,10
18071147,1,7,8,3,10
18071148,8,11,5,10,2
18071149,4,6,5,7,1
18071150,1,4,9,5,2
18071151,3,8,4,1,6
18071152,6,9,3,2,5
18071153,11,6,10,1,9
18071154,5,10,7,3,2
18071155,2,7,4,1,9
18071156,9,5,11,2,1
18071157,11,5,4,6,1
18071158,6,3,4,5,7
18071159,5,6,1,2,8
18071160,1,11,4,10,6
18071161,11,2,8,4,1
18071162,5,9,3,8,10
18071163,5,7,1,9,8
18071164,9,7,3,8,5
18071165,5,10,2,8,3
18071166,8,6,5,9,10
18071167,3,5,9,6,2
18071168,2,9,6,10,8
18071169,7,9,11,4,8
18071170,1,5,6,10,4
18071171,4,7,8,1,9
18071172,8,5,2,11,1
18071173,2,9,11,6,1
18071174,8,10,11,6,5
18071175,7,2,1,5,8
18071176,10,3,9,11,4
18071177,2,10,3,4,1
18071178,1,8,6,11,3
18071179,8,7,10,5,4
18071180,9,6,8,3,2
18071181,5,2,4,1,7
18071182,9,10,3,2,7
18071183,4,1,8,11,10
18071184,3,11,5,2,1
18071201,1,7,6,11,5
18071202,6,5,7,2,3
18071203,3,6,4,5,11
18071204,1,2,6,3,5
18071205,9,1,11,7,8
18071206,3,4,7,9,2
18071207,4,2,6,9,8
18071208,2,9,1,11,3
18071209,8,10,9,11,7
18071210,4,11,10,2,5
18071211,4,11,9,5,2
18071212,8,3,5,7,9
18071213,5,8,11,2,10
18071214,8,6,7,11,3
18071215,7,5,10,9,2
18071216,11,2,9,6,5
18071217,7,6,4,1,2
18071218,10,8,1,11,3
18071219,11,4,5,6,2
18071220,2,11,6,10,3
18071221,3,4,5,11,10
18071222,4,11,8,7,3
18071223,6,8,1,4,11
18071224,4,11,9,5,2
18071225,2,6,4,5,1
18071226,6,10,11,5,4
18071227,3,2,6,11,10
18071228,2,4,5,1,11
18071229,1,3,4,5,7
18071230,5,7,10,9,3
18071231,1,5,8,2,11
18071232,10,7,3,9,1
18071233,9,10,6,3,11
18071234,1,3,4,11,5
18071235,11,8,7,4,3
18071236,8,3,4,10,11
18071237,11,10,5,9,8
18071238,6,8,3,9,2
18071239,8,5,7,9,1
18071240,11,1,3,8,4
18071241,2,6,11,1,3
18071242,9,6,8,3,1
18071243,11,2,7,3,5
18071244,7,3,11,6,4
18071245,5,10,4,6,8
18071246,2,9,5,1,11
18071247,1,11,5,10,6
18071248,4,3,5,8,7
18071249,10,4,3,8,7
18071250,4,9,10,2,6
18071251,3,6,5,9,8
18071252,3,11,1,9,10
18071253,6,1,11,3,4
18071254,6,10,8,9,5
18071255,3,4,8,10,11
18071256,10,6,4,11,1
18071257,7,1,3,8,6
18071258,7,6,8,9,11
18071259,2,7,4,8,6
18071260,4,6,9,2,8
18071261,8,5,3,7,1
18071262,8,10,7,3,4
18071263,5,1,3,9,10
18071264,8,2,10,11,7
18071265,4,2,10,1,9
18071266,10,1,3,11,8
18071267,1,2,6,9,5
18071268,10,1,8,7,4
18071269,5,2,3,1,9
18071270,1,11,5,8,9
18071271,6,3,8,9,11
18071272,10,4,9,5,6
18071273,2,3,5,10,1
18071274,7,1,9,11,2
18071275,2,11,6,7,8
18071276,8,11,2,7,3
18071277,11,3,6,7,1
18071278,10,7,4,2,11
18071279,10,7,9,2,3
18071280,9,1,4,11,5
18071281,9,2,5,6,3
18071282,5,9,11,7,10
18071283,11,6,10,2,5
18071284,6,8,7,11,4
18071301,7,5,10,9,3
18071302,5,10,2,8,6
18071303,8,10,11,6,1
18071304,7,6,4,9,3
18071305,6,1,11,9,4
18071306,7,5,10,4,6
18071307,3,10,1,6,11
18071308,2,6,7,10,9
18071309,8,10,9,3,11
18071310,10,3,6,4,9
18071311,2,9,7,11,10
18071312,1,10,11,7,3
18071313,9,8,10,5,3
18071314,8,3,7,9,2
18071315,6,2,9,11,4
18071316,6,7,8,10,9
18071317,7,11,2,8,10
18071318,9,3,2,8,10
18071319,7,5,11,2,6
18071320,3,1,4,8,9
18071321,10,6,8,1,11
18071322,10,9,1,11,3
18071323,9,5,8,7,11
18071324,5,2,10,8,9
18071325,9,2,3,8,11
18071326,10,3,6,1,4
18071327,3,4,11,7,8
18071328,8,6,9,5,3
18071329,7,10,11,4,9
18071330,11,4,3,8,2
18071331,7,6,10,4,1
18071332,4,7,11,9,3
18071333,6,8,4,11,3
18071334,1,10,2,6,9
18071335,6,5,3,2,10
18071336,2,1,10,3,6
18071337,2,6,4,5,1
18071338,10,7,6,9,4
18071339,2,1,7,8,3
18071340,11,4,9,8,5
18071341,7,11,6,10,5
18071342,11,7,4,1,10
18071343,11,5,1,7,6
18071344,7,10,8,5,6
18071345,1,9,3,7,11
18071346,3,1,7,6,5
18071347,9,10,4,8,5
18071348,6,5,7,8,1
18071349,2,10,9,4,5
18071350,3,5,7,11,1
18071351,4,8,11,6,3
18071352,9,3,8,11,1
18071353,6,7,5,10,11
18071354,7,10,8,1,11
18071355,11,9,5,7,10
18071356,5,3,9,1,2
18071357,7,8,3,4,11
18071358,3,5,7,11,4
18071359,5,11,8,9,7
18071360,10,6,4,3,1
18071361,9,11,1,4,6
18071362,1,7,11,6,2
18071363,10,5,9,6,7
18071364,1,2,3,8,7
18071365,4,3,1,5,9
18071366,6,10,5,11,7
18071367,4,8,10,9,3
18071368,1,2,7,9,11
18071369,6,9,3,8,1
18071370,2,7,4,10,11
18071371,7,1,2,11,5
18071372,5,7,9,11,6
18071373,1,5,11,7,4
18071374,6,1,9,5,2
18071375,2,11,1,3,10
18071376,5,11,9,6,4
18071377,6,11,7,5,1
18071378,5,3,1,8,10
18071379,4,5,2,7,9
18071380,7,6,1,5,2
18071381,8,7,3,2,11
18071382,7,4,2,6,10
18071383,9,5,1,3,2
18071384,5,11,2,7,8
18071401,7,10,4,2,6
18071402,1,6,9,2,8
18071403,1,6,9,7,10
18071404,1,10,7,2,6
18071405,1,11,2,5,6
18071406,9,2,7,4,8
18071407,6,4,1,10,8
18071408,5,1,10,8,2
18071409,3,1,2,10,4
18071410,3,6,1,11,9
18071411,8,1,4,2,7
18071412,1,6,3,5,10
18071413,7,5,2,11,8
18071414,2,1,3,5,9
18071415,1,10,6,4,11
18071416,11,7,9,8,1
18071417,5,11,9,3,4
18071418,3,8,11,2,7
18071419,1,2,9,11,10
18071420,4,8,2,11,3
18071421,10,8,6,7,3
18071422,10,9,11,2,7
18071423,7,11,10,1,9
18071424,10,3,2,7,6
18071425,7,4,6,10,3
18071426,4,6,10,7,9
18071427,7,5,6,11,4
18071428,10,8,3,1,6
18071429,1,3,6,11,2
18071430,11,7,10,6,2
18071431,1,11,2,5,6
18071432,8,5,3,7,1
18071433,4,2,5,8,6
18071434,2,9,8,7,10
18071435,8,1,4,10,2
18071436,1,8,6,4,10
18071437,9,3,4,8,1
18071438,4,7,3,1,11
18071439,1,3,5,7,9
18071440,9,4,1,7,6
18071441,1,3,6,5,11
18071442,1,3,8,2,10
18071443,6,9,4,7,3
18071444,11,8,6,5,3
18071445,3,11,4,9,1
18071446,4,8,10,3,5
18071447,1,5,2,8,9
18071448,7,9,6,3,4
18071449,11,1,4,7,9
18071450,7,9,5,6,1
18071451,4,7,1,2,10
18071452,9,2,5,8,1
18071453,5,1,2,3,9
18071454,2,5,9,4,7
18071455,10,8,11,2,5
18071456,4,1,7,6,2
18071457,4,1,5,7,11
18071458,1,2,11,8,4
18071459,10,11,8,5,7
18071460,3,1,2,5,11
18071461,1,10,9,5,11
18071462,5,9,6,7,4
18071463,8,10,6,11,1
18071464,9,10,1,6,3
18071465,5,3,6,8,9
18071466,6,4,5,2,11
18071467,3,6,8,9,7
18071468,4,6,7,1,5
18071469,9,8,7,5,4
18071470,4,6,2,7,3
18071471,3,7,9,8,4
18071472,1,6,11,3,8
18071473,2,8,1,5,4
18071474,6,4,10,3,9
18071475,4,9,5,7,2
18071476,3,1,2,11,4
18071477,5,6,9,1,3
18071478,6,1,11,5,10
18071479,10,1,8,4,3
18071480,4,3,10,11,7
18071481,10,9,11,2,4
18071482,4,1,6,5,2
18071483,3,5,1,10,6
18071484,7,8,9,1,3
18071501,4,11,2,1,10
18071502,10,7,6,5,3
18071503,9,8,2,3,4
18071504,1,6,2,4,9
18071505,10,7,9,11,5
18071506,7,9,6,1,2
18071507,7,11,2,9,5
18071508,10,8,3,9,6
18071509,1,9,8,3,10
18071510,10,3,1,11,5
18071511,6,4,11,3,5
18071512,7,3,4,9,8
18071513,6,9,11,3,1
18071514,5,11,6,3,7
18071515,1,5,4,10,3
18071516,2,9,10,11,8
18071517,2,1,7,6,4
18071518,9,4,7,6,11
18071519,11,4,3,7,8
18071520,2,5,1,10,6
18071521,3,2,7,1,5
18071522,11,3,9,7,4
18071523,2,5,11,9,1
18071524,10,5,9,6,1
18071525,5,3,1,4,7
18071526,10,8,9,4,2
18071527,6,10,7,9,11
18071528,7,3,2,4,8
18071529,8,4,3,6,7
18071530,8,1,2,7,5
18071531,6,10,11,4,1
18071532,1,11,6,8,10
18071533,6,9,11,5,1
18071534,1,10,5,7,8
18071535,9,8,1,3,6
18071536,10,2,1,11,6
18071537,5,4,6,2,1
18071538,3,10,2,7,9
18071539,1,11,4,2,10
18071540,11,9,2,8,6
18071541,7,10,3,6,11
18071542,8,1,10,7,5
18071543,2,1,7,6,10
18071544,7,4,10,3,2
18071545,7,11,4,8,10
18071546,1,9,10,7,11
18071547,7,10,3,11,8
18071548,10,11,1,2,5
18071549,4,10,11,2,1
18071550,9,8,11,5,2
18071551,3,11,4,6,1
18071552,4,3,10,6,1
18071553,10,9,3,11,4
18071554,10,1,9,4,6
18071555,11,2,1,8,3
18071556,9,7,8,6,1
18071557,1,11,10,5,4
18071558,5,10,11,9,2
18071559,10,5,4,6,9
18071560,6,9,8,10,5
18071561,3,4,10,5,6
18071562,3,11,10,2,7
18071563,1,10,2,8,11
18071564,9,5,4,8,11
18071565,7,3,9,6,10
18071566,7,6,10,3,8
18071567,7,1,2,5,10
18071568,4,2,3,6,1
18071569,4,7,11,6,10
18071570,8,10,7,2,6
18071571,7,3,2,1,8
18071572,7,9,11,6,8
18071573,3,2,7,5,8
18071574,8,1,6,2,7
18071575,11,7,4,1,9
18071576,6,8,4,9,5
18071577,10,8,5,11,4
18071578,9,7,6,4,11
18071579,5,9,3,8,1
18071580,4,1,3,11,9
18071581,6,7,10,2,8
18071582,4,5,8,1,3
18071583,3,6,11,1,7
18071584,5,3,1,2,11
18071601,5,11,4,10,6
18071602,1,6,11,8,3
18071603,11,8,9,4,3
18071604,7,3,2,5,9
18071605,8,4,5,1,6
18071606,11,2,7,1,6
18071607,4,1,2,3,5
18071608,2,10,5,11,1
18071609,5,9,4,8,11
18071610,6,3,9,11,5
18071611,7,6,4,10,2
18071612,2,6,5,7,8
18071613,2,5,4,11,1
18071614,11,10,2,7,1
18071615,10,7,4,2,9
18071616,11,9,5,2,3
18071617,1,8,5,9,2
18071618,1,4,2,11,6
18071619,11,3,4,10,2
18071620,10,4,5,9,8
18071621,11,6,10,1,3
18071622,8,6,11,9,1
18071623,9,4,3,6,10
18071624,6,1,10,3,4
18071625,10,5,4,3,9
18071626,9,8,10,2,1
18071627,1,2,7,6,4
18071628,2,11,10,7,8
18071629,8,11,2,7,5
18071630,2,8,4,6,5
18071631,10,5,11,9,7
18071632,7,6,11,5,10
18071633,3,1,10,9,11
18071634,7,6,1,3,8
18071635,1,4,7,5,6
18071636,2,8,11,9,5
18071637,10,7,1,3,11
18071638,2,9,11,10,7
18071639,8,11,3,4,7
18071640,7,1,8,11,10
18071641,4,3,2,7,8
18071642,9,5,10,8,11
18071643,6,7,9,5,10
18071644,10,6,7,9,3
18071645,1,5,8,9,6
18071646,5,7,8,11,4
18071647,10,6,11,3,5
18071648,4,6,10,1,9
18071649,8,6,10,5,3
18071650,6,3,4,5,11
18071651,2,6,7,1,10
18071652,5,4,7,3,8
18071653,8,1,10,6,2
18071654,10,8,7,3,5
18071655,4,11,2,9,7
18071656,3,9,10,6,8
18071657,11,6,9,2,3
18071658,9,5,11,8,4
18071659,3,2,8,7,6
18071660,7,10,1,3,6
18071661,8,4,2,5,9
18071662,4,10,6,9,5
18071663,5,9,11,4,10
18071664,9,7,10,6,8
18071665,3,11,6,9,10
18071666,5,8,3,11,9
18071667,5,7,11,6,8
18071668,10,11,3,6,5
18071669,9,4,8,7,5
18071670,1,8,6,2,11
18071671,7,11,4,2,6
18071672,4,3,7,11,6
18071673,9,1,7,3,5
18071674,2,9,8,7,11
18071675,1,5,8,3,9
18071676,4,7,9,2,11
18071677,11,5,2,10,4
18071678,1,11,7,2,10
18071679,5,7,9,6,2
18071680,10,5,4,1,6
18071681,5,3,10,6,9
18071682,4,6,10,7,1
18071683,1,3,5,10,7
18071684,11,9,1,4,3
18071701,10,7,8,2,9
18071702,1,9,8,4,5
18071703,9,2,5,1,8
18071704,9,2,11,4,5
18071705,2,3,9,11,10
18071706,7,3,10,5,4
18071707,5,4,3,10,6
18071708,3,1,5,8,11
18071709,7,11,10,5,3
18071710,5,4,8,7,1
18071711,2,1,10,9,8
18071712,5,8,1,10,9
18071713,7,3,4,11,8
18071714,6,8,5,3,9
18071715,3,8,2,4,7
18071716,3,9,11,7,5
18071717,8,7,10,9,2
18071718,11,4,9,2,8
18071719,1,5,3,10,6
18071720,11,9,7,5,1
18071721,6,2,5,9,4
18071722,1,10,6,4,3
18071723,7,4,6,9,10
18071724,1,11,7,10,6
18071725,5,8,7,1,6
18071726,7,8,4,5,10
18071727,11,3,6,2,5
18071728,4,10,11,5,6
18071729,8,2,9,6,3
18071730,11,8,5,10,7
18071731,1,2,4,8,9
18071732,10,11,5,1,2
18071733,9,5,3,7,1
18071734,7,11,9,8,2
18071735,5,9,2,3,8
18071736,8,9,4,6,1
18071737,3,1,9,8,6
18071738,9,11,6,2,8
18071739,11,10,3,5,7
18071740,5,6,4,9,8
18071741,11,6,1,4,3
18071742,7,3,5,4,1
18071743,3,8,1,9,5
18071744,2,7,3,11,6
18071745,7,8,1,2,10
18071746,8,4,6,5,9
18071747,8,4,9,1,7
18071748,8,10,7,3,9
18071749,5,4,2,6,1
18071750,7,8,4,6,2
18071751,7,3,6,4,1
18071752,6,2,4,5,3
18071753,4,8,11,7,5
18071754,10,9,6,4,1
18071755,1,2,7,11,8
18071756,3,4,8,11,10
18071757,7,10,4,8,11
18071758,10,6,8,7,4
18071759,5,4,3,8,2
18071760,3,7,4,8,11
18071761,4,1,11,10,6
18071762,6,3,10,2,7
18071763,10,9,7,4,11
18071764,10,7,2,6,11
18071765,9,10,6,7,2
18071766,1,6,10,3,7
18071767,9,8,3,2,7
18071768,7,4,10,6,2
18071769,6,2,5,1,10
18071770,9,5,7,4,3
18071771,11,7,2,5,3
18071772,7,5,9,4,6
18071773,7,6,3,9,11
18071774,6,7,4,1,3
18071775,8,10,1,4,6
18071776,2,1,5,8,3
18071777,4,3,9,1,11
18071778,3,2,5,8,9
18071779,4,1,5,10,3
18071780,8,11,9,5,10
18071781,6,7,8,10,3
18071782,5,2,6,3,10
18071783,7,2,10,11,3
18071784,11,2,5,1,8
18071801,3,1,11,6,5
18071802,5,6,3,10,9
18071803,3,11,4,7,10
18071804,3,8,1,9,6
18071805,2,4,6,8,10
18071806,9,7,1,6,2
18071807,1,6,2,5,7
18071808,5,9,8,2,7
18071809,11,5,9,4,8
18071810,10,9,7,3,8
18071811,2,7,10,3,6
18071812,9,5,2,6,11
18071813,10,2,6,9,4
18071814,5,6,7,9,2
18071815,8,3,9,6,4
18071816,5,4,9,8,3
18071817,5,1,11,4,7
18071818,2,5,11,10,4
18071819,2,9,6,10,4
18071820,6,4,9,5,1
18071821,2,11,9,6,8
18071822,7,11,4,6,3
18071823,7,2,4,6,8
18071824,6,8,4,9,2
18071825,2,10,4,11,6
18071826,10,7,5,3,8
18071827,6,2,5,1,10
18071828,10,3,1,4,9
18071829,5,7,11,9,10
18071830,6,5,8,7,3
18071831,9,10,8,4,7
18071832,2,3,8,5,1
18071833,10,9,1,3,2
18071834,2,7,5,8,11
18071835,3,1,6,10,2
18071836,9,1,6,4,2
18071837,11,8,3,9,1
18071838,9,2,3,7,4
18071839,11,1,6,4,10
18071840,6,8,4,2,7
18071841,10,9,3,7,8
18071842,9,11,10,3,7
18071843,7,1,10,2,3
18071844,2,4,7,5,6
18071845,3,11,6,4,8
18071846,3,9,10,11,4
18071847,5,4,2,1,6
18071848,6,3,7,10,2
18071849,3,4,7,8,2
18071850,3,10,6,11,1
18071851,9,7,1,8,10
18071852,2,4,1,5,3
18071853,1,2,4,9,10
18071854,4,11,5,9,6
18071855,8,4,6,3,10
18071856,9,8,1,11,2
18071857,1,7,6,10,9
18071858,10,6,11,7,2
18071859,3,11,4,9,1
18071860,3,4,11,5,2
18071861,6,7,3,5,9
18071862,3,1,7,4,11
18071863,1,8,2,7,5
18071864,2,5,9,6,7
18071865,8,1,10,6,11
18071866,3,2,6,4,8
18071867,7,1,2,5,6
18071868,6,2,5,9,4
18071869,6,10,11,1,5
18071870,7,8,10,1,2
18071871,11,8,2,9,3
18071872,5,7,10,11,2
18071873,6,10,9,7,4
18071874,10,6,9,11,7
18071875,1,7,4,10,8
18071876,1,6,3,7,2
18071877,3,11,10,1,7
18071878,1,9,11,2,4
18071879,6,4,10,8,9
18071880,11,7,6,1,5
18071881,11,9,3,10,1
18071882,9,2,3,4,1
18071883,2,5,3,9,4
18071884,5,7,6,10,8
18071901,9,4,2,1,11
18071902,1,8,5,7,11
18071903,9,10,2,3,7
18071904,6,7,5,1,10
18071905,8,2,6,10,5
18071906,6,9,3,10,5
18071907,10,3,6,11,8
18071908,3,8,2,9,4
18071909,6,2,7,1,10
18071910,5,6,11,3,9
18071911,11,2,8,9,10
18071912,5,3,7,2,9
18071913,2,5,1,7,4
18071914,3,1,6,4,9
18071915,5,6,2,7,3
18071916,1,9,2,11,4
18071917,11,10,3,1,4
18071918,2,5,8,7,10
18071919,2,7,10,6,8
18071920,9,4,11,7,5
18071921,7,11,6,1,8
18071922,11,10,3,1,8
18071923,11,4,7,3,1
18071924,3,6,1,8,11
18071925,10,8,9,11,6
18071926,2,3,11,4,10
18071927,8,7,4,9,11
18071928,9,3,10,11,8
18071929,6,11,3,1,4
18071930,10,2,8,9,5
18071931,7,3,11,5,2
18071932,6,8,10,7,5
18071933,4,6,9,5,2
18071934,9,11,5,10,7
18071935,4,8,5,1,9
18071936,7,2,3,4,1
18071937,3,4,8,2,6
18071938,8,10,2,4,9
18071939,5,11,9,10,6
18071940,11,3,8,7,5
18071941,2,7,9,10,6
18071942,7,3,4,5,9
18071943,3,11,1,10,6
18071944,1,7,11,3,9
18071945,2,5,1,9,6
18071946,2,9,8,7,4
18071947,11,10,5,2,8
18071948,6,4,1,3,9
18071949,2,7,11,8,9
18071950,2,11,7,5,8
18071951,10,7,3,11,4
18071952,2,6,10,11,4
18071953,7,4,10,11,6
18071954,2,7,4,9,6
18071955,11,4,2,1,5
18071956,5,2,9,7,6
18071957,1,11,3,5,9
18071958,4,2,9,3,8
18071959,3,5,4,1,8
18071960,1,6,3,2,9
18071961,5,9,11,3,4
18071962,9,6,4,11,2
18071963,7,5,8,1,4
18071964,5,9,6,11,2
18071965,6,7,5,2,3
18071966,9,1,2,5,10
18071967,5,1,2,3,6
18071968,4,9,2,5,11
18071969,8,9,3,7,10
18071970,11,8,9,1,6
18071971,11,8,9,1,10
18071972,6,5,1,7,10
18071973,10,1,4,6,5
18071974,2,3,4,8,1
18071975,8,1,3,11,10
18071976,3,6,7,8,10
18071977,1,6,2,7,4
18071978,6,8,4,7,1
18071979,4,6,2,9,3
18071980,9,5,11,4,6
18071981,8,5,3,10,11
18071982,5,7,10,1,9
18071983,1,2,6,8,3
18071984,11,2,1,6,5
18072001,4,5,1,9,2
18072002,4,8,7,2,3
18072003,2,3,11,6,1
18072004,11,9,6,3,8
18072005,1,7,8,5,9
18072006,4,2,11,3,9
18072007,3,5,2,4,8
18072008,1,2,3,5,10
18072009,2,4,10,8,9
18072010,5,8,7,11,4
18072011,1,5,8,2,10
18072012,10,11,1,9,6
18072013,8,7,5,6,3
18072014,4,5,10,7,1
18072015,4,11,6,5,3
18072016,10,8,5,11,2
18072017,6,11,4,3,7
18072018,5,7,4,3,9
18072019,10,6,4,5,1
18072020,11,9,10,2,1
18072021,8,9,5,6,1
18072022,8,9,5,11,10
18072023,11,4,9,3,2
18072024,4,1,3,7,8
18072025,7,5,11,6,3
18072026,4,7,8,5,1
18072027,4,3,5,8,11
18072028,8,3,1,9,2
18072029,6,10,11,2,8
18072030,8,1,6,9,11
18072031,4,1,11,10,6
18072032,8,3,1,11,10
18072033,7,9,4,8,11
18072034,2,11,1,8,3
18072035,6,10,11,7,1
18072036,8,4,7,1,3
18072037,6,5,8,1,10
18072038,9,4,6,7,3
18072039,5,10,1,4,8
18072040,9,2,8,4,6
18072041,11,7,6,10,4
18072042,1,8,6,7,4
18072043,7,2,6,11,3
18072044,9,3,7,6,10
18072045,10,7,2,9,3
18072046,9,7,6,3,11
18072047,4,10,1,7,2
18072048,11,6,10,9,4
18072049,2,5,7,4,9
18072050,5,2,7,9,6
18072051,6,5,4,10,11
18072052,11,1,6,2,3
18072053,4,2,7,6,10
18072054,7,10,1,4,6
18072055,8,7,4,3,5
18072056,1,3,11,4,7
18072057,7,10,3,1,4
18072058,4,8,10,9,11
18072059,3,7,5,6,10
18072060,6,1,7,4,5
18072061,6,9,1,8,7
18072062,4,6,3,9,5
18072063,3,7,11,2,4
18072064,11,1,4,10,9
18072065,3,6,11,9,4
18072066,2,1,7,3,5
18072067,7,9,5,3,10
18072068,2,3,6,8,5
18072069,1,7,4,5,11
18072070,8,11,10,6,7
18072071,4,11,9,8,5
18072072,10,1,4,5,3
18072073,2,6,5,4,7
18072074,10,6,8,1,7
18072075,1,3,10,9,4
18072076,8,1,7,5,6
18072077,10,2,3,11,8
18072078,3,6,5,7,11
18072079,10,11,2,5,4
18072080,11,6,3,5,2
18072081,9,8,10,4,1
18072082,6,4,1,10,3
18072083,8,11,5,9,6
18072084,2,8,6,9,5
18072101,1,8,6,11,2
18072102,1,7,4,11,5
18072103,9,3,7,1,6
18072104,5,6,1,10,4
18072105,11,10,6,2,8
18072106,6,9,2,8,3
18072107,3,2,11,10,4
18072108,4,9,10,7,1
18072109,11,3,1,8,5
18072110,11,9,4,6,8
18072111,10,1,9,2,8
18072112,11,1,2,9,4
18072113,3,5,7,10,4
18072114,1,3,9,10,7
18072115,11,6,4,9,1
18072116,7,1,2,3,5
18072117,10,4,3,1,11
18072118,5,1,11,8,9
18072119,11,8,3,10,1
18072120,4,2,7,1,6
18072121,9,2,4,6,3
18072122,1,8,10,11,5
18072123,9,3,1,6,8
18072124,3,8,9,5,10
18072125,5,11,6,4,3
18072126,9,8,2,6,7
18072127,11,6,4,1,8
18072128,6,3,4,1,11
18072129,4,5,6,1,7
18072130,6,5,9,10,4
18072131,6,2,9,4,5
18072132,5,7,1,11,2
18072133,3,1,4,11,7
18072134,9,8,4,10,1
18072135,4,5,9,3,10
18072136,3,2,5,1,9
18072137,2,11,6,5,4
18072138,9,3,4,11,2
18072139,6,2,1,11,7
18072140,7,5,3,6,11
18072141,10,2,5,4,8
18072142,11,6,7,4,8
18072143,8,11,3,6,2
18072144,7,6,9,11,2
18072145,5,11,10,3,7
18072146,4,6,3,8,2
18072147,8,7,9,3,10
18072148,11,6,5,1,10
18072149,4,1,11,2,5
18072150,10,8,9,1,7
18072151,3,5,10,11,7
18072152,1,6,7,4,5
18072153,3,8,10,9,6
18072154,11,10,5,9,7
18072155,11,3,4,6,9
18072156,7,10,3,1,9
18072157,2,3,8,6,7
18072158,11,2,6,4,1
18072159,11,1,4,3,8
18072160,10,8,4,7,11
18072161,2,4,10,11,5
18072162,3,7,2,4,11
18072163,7,11,2,5,8
18072164,7,5,3,10,6
18072165,10,4,6,2,3
18072166,7,5,9,1,6
18072167,10,5,3,1,4
18072168,9,3,7,6,10
18072169,4,9,2,8,1
18072170,1,6,9,8,11
18072171,2,9,8,3,1
18072172,3,1,8,6,4
18072173,10,2,7,8,4
18072174,4,6,9,7,5
18072175,4,8,9,1,10
18072176,6,7,10,9,2
18072177,8,2,6,10,9
18072178,9,11,6,7,2
18072179,5,9,1,3,4
18072180,11,9,7,5,3
18072181,6,2,4,1,11
18072182,10,4,8,6,1
18072183,7,2,11,8,10
18072184,11,10,8,4,3
18072201,9,10,5,4,3
18072202,9,8,4,10,7
18072203,4,3,5,1,6
18072204,6,1,4,7,9
18072205,6,5,8,4,2
18072206,8,2,9,5,1
18072207,5,7,1,8,3
18072208,6,1,11,8,9
18072209,7,3,11,6,9
18072210,7,10,3,1,9
18072211,8,9,3,11,10
18072212,9,4,5,3,10
18072213,5,2,1,9,7
18072214,1,7,11,6,9
18072215,8,7,10,1,2
18072216,8,5,7,10,2
18072217,3,10,8,7,5
18072218,1,3,7,4,10
18072219,6,3,4,8,9
18072220,2,9,6,5,11
18072221,2,6,1,8,11
18072222,4,6,2,1,3
18072223,5,7,4,1,3
18072224,4,8,6,11,7
18072225,2,9,3,6,8
18072226,1,10,3,9,7
18072227,5,9,8,2,11
18072228,11,7,10,9,1
18072229,10,2,8,7,4
18072230,4,11,3,8,5
18072231,4,5,9,2,10
18072232,1,11,3,6,10
18072233,11,6,10,9,8
18072234,7,2,1,5,9
18072235,1,11,10,9,7
18072236,4,7,1,3,5
18072237,7,2,3,8,10
18072238,10,9,6,7,3
18072239,10,9,11,7,4
18072240,7,4,5,2,1
18072241,6,7,11,4,1
18072242,4,3,9,6,7
18072243,10,6,9,3,7
18072244,3,9,8,11,1
18072245,11,2,1,5,8
18072246,5,11,9,7,8
18072247,9,10,5,2,11
18072248,6,3,10,1,2
18072249,9,6,2,11,4
18072250,2,9,10,4,3
18072251,7,10,11,6,9
18072252,5,8,9,10,11
18072253,4,2,5,11,8
18072254,6,5,9,4,1
18072255,8,4,10,7,5
18072256,5,1,9,2,3
18072257,1,2,11,10,7
18072258,11,3,6,8,10
18072259,6,11,5,2,10
18072260,9,2,6,5,11
18072261,10,2,6,1,4
18072262,1,7,6,10,4
18072263,9,3,10,11,8
18072264,2,9,5,1,6
18072265,3,2,9,6,8
18072266,8,3,1,11,9
18072267,5,10,8,4,11
18072268,10,4,7,5,8
18072269,10,6,7,4,9
18072270,6,2,7,11,8
18072271,9,7,2,1,8
18072272,9,7,1,8,5
18072273,1,7,6,8,4
18072274,2,8,10,11,6
18072275,11,9,6,2,1
18072276,2,4,9,8,6
18072277,11,10,7,6,2
18072278,3,1,9,6,8
18072279,7,11,10,2,6
18072280,3,11,7,1,9
18072281,3,8,11,6,4
18072282,11,9,5,7,8
18072283,4,5,2,7,10
18072284,8,4,11,3,5
18072301,9,8,6,11,7
18072302,11,10,9,8,6
18072303,2,3,7,10,4
18072304,3,6,5,4,11
18072305,6,3,1,2,8
18072306,8,7,9,3,2
18072307,10,3,9,8,6
18072308,10,3,11,9,5
18072309,10,6,1,9,3
18072310,7,2,9,8,11
18072311,10,5,9,7,11
18072312,7,10,6,8,2
18072313,2,9,6,8,10
18072314,9,1,8,6,10
18072315,9,2,11,5,8
18072316,9,7,4,10,3
18072317,5,9,7,3,4
18072318,8,6,1,4,10
18072319,2,8,5,9,1
18072320,6,1,11,7,4
18072321,10,3,11,5,8
18072322,8,1,10,4,3
18072323,6,9,2,4,1
18072324,3,1,2,5,8
18072325,5,7,4,3,11
18072326,3,9,4,6,8
18072327,8,9,11,5,4
18072328,3,6,2,4,11
18072329,10,9,2,11,5
18072330,3,7,10,4,2
18072331,9,7,8,6,3
18072332,9,2,1,7,8
18072333,5,8,3,4,1
18072334,1,6,10,8,9
18072335,9,11,2,10,7
18072336,5,9,7,11,3
18072337,9,1,11,6,7
18072338,5,6,10,4,2
18072339,5,4,8,1,10
18072340,8,10,6,5,3
18072341,5,3,9,6,7
18072342,4,7,1,3,9
18072343,7,2,5,3,9
18072344,5,3,11,2,4
18072345,4,6,10,2,11
18072346,5,6,8,4,2
18072347,6,11,5,8,1
18072348,4,1,5,6,9
18072349,9,8,6,3,1
18072350,9,7,8,11,10
18072351,5,10,3,11,1
18072352,11,10,4,7,9
18072353,6,5,10,3,9
18072354,10,11,8,9,2
18072355,2,3,4,9,10
18072356,1,2,9,10,6
18072357,7,9,2,5,11
18072358,11,1,9,8,10
18072359,7,2,8,9,3
18072360,6,11,4,9,10
18072361,6,4,2,1,7
18072362,5,10,2,3,4
18072363,5,4,6,2,10
18072364,11,1,4,6,8
18072365,8,1,11,9,3
18072366,4,3,10,6,11
18072367,1,6,10,11,8
18072368,11,8,2,1,7
18072369,4,6,11,2,5
18072370,10,3,8,5,11
18072371,8,11,5,4,9
18072372,9,11,4,7,1
18072373,1,3,6,8,9
18072374,3,7,11,10,2
18072375,3,10,4,2,6
18072376,9,3,10,2,7
18072377,3,9,2,4,11
18072378,2,11,8,9,5
18072379,2,4,10,11,3
18072380,11,3,8,10,2
18072381,3,10,1,11,2
18072382,9,1,5,8,11
18072383,5,6,4,7,3
18072384,9,4,10,5,7
18072401,6,2,3,9,5
18072402,4,11,1,2,8
18072403,10,9,6,11,5
18072404,6,2,11,7,1
18072405,6,3,11,7,2
18072406,6,7,11,10,1
18072407,2,7,9,6,10
18072408,3,9,4,7,5
18072409,5,2,10,3,7
18072410,9,3,5,4,1
18072411,11,1,8,4,9
18072412,3,7,10,4,11
18072413,2,8,10,3,4
18072414,6,9,2,11,7
18072415,1,9,6,7,3
18072416,3,5,2,1,8
18072417,2,8,3,7,1
18072418,7,6,11,3,4
18072419,10,4,11,2,5
18072420,9,8,2,1,6
18072421,7,8,3,2,11
18072422,1,4,6,10,2
18072423,6,8,7,9,11
18072424,8,4,6,5,2
18072425,10,11,3,6,8
18072426,9,6,3,8,5
18072427,9,3,7,5,1
18072428,5,3,9,7,8
18072429,11,10,6,5,3
18072430,3,6,1,2,11
18072431,5,9,3,2,6
18072432,10,6,5,1,7
18072433,10,6,8,3,11
18072434,9,11,6,5,8
18072435,10,8,9,5,2
18072436,6,3,11,9,7
18072437,11,7,3,5,2
18072438,9,1,10,3,8
18072439,4,11,5,10,8
18072440,5,6,10,2,3
18072441,3,10,4,5,9
18072442,9,7,10,1,11
18072443,9,5,4,10,6
18072444,6,7,3,10,2
18072445,7,6,1,4,3
18072446,5,1,9,4,7
18072447,7,4,5,9,1
18072448,1,2,7,6,4
18072449,3,7,6,4,5
18072450,1,4,3,6,5
18072451,7,2,3,9,4
18072452,1,5,4,2,6
18072453,6,3,11,10,4
18072454,8,5,10,7,11
18072455,8,7,1,5,2
18072456,8,6,11,2,4
18072457,9,8,11,5,3
18072458,7,3,8,11,2
18072459,9,8,2,4,11
18072460,6,3,1,2,5
18072461,3,6,4,1,5
18072462,10,1,5,11,7
18072463,11,3,7,10,9
18072464,5,10,11,1,2
18072465,7,2,6,4,3
18072466,1,8,6,7,4
18072467,11,9,8,6,5
18072468,1,7,8,2,5
18072469,11,8,10,1,5
18072470,6,10,4,7,3
18072471,2,9,1,6,4
18072472,1,7,10,5,2
18072473,4,11,6,10,3
18072474,6,3,9,10,1
18072475,4,5,9,1,2
18072476,9,4,1,11,5
18072477,11,8,7,3,4
18072478,4,2,6,7,1
18072479,3,6,8,7,4
18072480,8,7,11,10,2
18072481,9,5,2,7,1
18072482,10,5,2,8,6
18072483,3,9,2,4,7
18072484,11,1,3,2,4
18072501,7,11,3,9,5
18072502,1,10,11,2,6
18072503,6,5,4,8,11
18072504,6,7,4,11,8
18072505,3,7,9,2,11
18072506,7,6,3,8,9
18072507,4,8,9,2,11
18072508,11,3,5,10,7
18072509,3,5,8,1,10
18072510,5,4,8,9,11
18072511,9,6,1,10,11
18072512,10,7,6,2,5
18072513,4,8,5,9,11
18072514,7,3,9,11,4
18072515,5,9,7,11,4
18072516,7,3,9,5,6
18072517,4,1,3,10,5
18072518,1,9,8,11,4
18072519,7,2,11,8,9
18072520,9,7,6,11,3
18072521,5,2,1,7,6
18072522,4,11,8,1,3
18072523,11,3,10,4,5
18072524,9,1,11,8,3
18072525,7,5,9,2,8
18072526,1,10,4,2,8
18072527,2,6,4,1,10
18072528,10,11,6,2,9
18072529,4,11,7,3,9
18072530,8,3,2,7,5
18072531,1,9,8,2,4
18072532,2,9,1,10,5
18072533,3,4,10,6,2
18072534,5,3,10,2,8
18072535,7,11,3,1,2
18072536,6,2,11,5,7
18072537,7,4,1,5,2
18072538,11,9,5,3,7
18072539,9,11,5,3,4
18072540,6,8,4,5,3
18072541,8,2,4,5,7
18072542,2,6,1,10,4
18072543,11,5,3,6,7
18072544,11,6,7,10,9
18072545,11,8,10,3,7
18072546,5,8,1,10,2
18072547,3,7,2,10,4
18072548,8,6,2,1,11
18072549,1,5,4,9,6
18072550,7,2,3,5,11
18072551,8,10,3,6,7
18072552,10,11,7,4,8
18072553,5,4,2,9,7
18072554,2,11,5,3,1
18072555,10,9,5,6,1
18072556,2,4,11,9,7
18072557,3,11,7,6,4
18072558,8,1,11,6,3
18072559,6,3,9,4,1
18072560,3,7,6,11,2
18072561,4,1,5,3,7
18072562,4,5,2,7,11
18072563,7,10,4,8,6
18072564,8,3,5,2,11
18072565,1,8,7,3,9
18072566,8,5,10,2,3
18072567,5,10,7,4,1
18072568,1,9,11,6,8
18072569,10,6,11,7,1
18072570,8,2,11,4,9
18072571,7,4,11,10,2
18072572,7,11,1,2,6
18072573,3,7,5,10,8
18072574,6,7,5,1,8
18072575,4,5,1,10,7
18072576,2,8,6,11,5
18072577,4,9,2,11,5
18072578,10,1,8,11,5
18072579,6,3,10,7,5
18072580,1,8,5,9,11
18072581,2,7,1,5,11
18072582,7,1,5,9,11
18072583,9,8,5,3,1
18072584,4,5,6,3,11
18072601,1,5,7,10,3
18072602,11,9,8,6,4
18072603,7,4,6,1,10
18072604,4,2,5,1,10
18072605,5,2,4,1,11
18072606,3,11,4,9,6
18072607,11,1,9,3,7
18072608,10,4,2,11,1
18072609,2,7,9,10,1
18072610,1,11,7,2,8
18072611,10,4,8,3,5
18072612,2,5,10,7,3
18072613,11,1,6,4,9
18072614,7,2,6,10,1
18072615,4,7,6,10,2
18072616,6,5,7,3,10
18072617,5,11,6,1,2
18072618,8,7,6,11,1
18072619,9,10,8,2,4
18072620,11,7,6,4,1
18072621,7,11,5,1,9
18072622,6,11,1,9,8
18072623,8,4,11,5,7
18072624,10,4,11,1,7
18072625,2,5,4,3,7
18072626,3,9,6,2,7
18072627,7,9,11,10,5
18072628,5,11,2,1,6
18072629,3,8,9,10,7
18072630,2,10,8,11,7
18072631,1,8,6,4,7
18072632,1,11,7,8,4
18072633,6,9,3,11,4
18072634,1,8,5,2,4
18072635,8,10,3,5,11
18072636,4,11,6,2,9
18072637,6,2,5,1,3
18072638,3,1,6,11,7
18072639,9,7,2,6,1
18072640,7,11,9,5,8
18072641,11,1,6,3,2
18072642,4,5,7,9,8
18072643,1,10,6,3,11
18072644,6,8,4,10,11
18072645,8,1,5,11,9
18072646,7,6,5,3,11
18072647,5,9,6,4,10
18072648,11,10,4,2,6
18072649,2,6,10,4,7
18072650,8,3,9,7,10
18072651,5,3,9,1,10
18072652,4,5,8,10,2
18072653,3,7,5,6,1
18072654,5,1,8,6,4
18072655,6,1,11,4,8
18072656,3,5,1,11,4
18072657,4,3,8,5,7
18072658,4,2,3,7,10
18072659,7,9,10,3,6
18072660,2,6,9,7,10
18072661,5,9,7,1,6
18072662,5,8,2,1,10
18072663,6,9,11,7,1
18072664,10,11,5,7,9
18072665,11,4,6,8,7
18072666,10,4,8,2,6
18072667,11,2,5,4,8
18072668,5,2,1,9,8
18072669,6,8,9,1,7
18072670,5,7,10,6,3
18072671,3,9,5,4,6
18072672,10,5,7,4,8
18072673,9,11,2,7,3
18072674,3,6,9,10,7
18072675,5,6,10,11,3
18072676,10,3,9,2,8
18072677,11,7,6,10,8
18072678,9,7,6,5,11
18072679,3,7,9,4,1
18072680,4,2,10,11,6
18072681,2,8,11,10,1
18072682,11,2,7,3,10
18072683,9,2,10,5,11
18072684,9,1,6,11,8
18072701,10,6,8,9,3
18072702,11,10,2,5,4
18072703,5,1,11,2,6
18072704,8,5,7,4,9
18072705,6,9,3,1,4
18072706,5,4,6,2,9
18072707,7,8,5,10,1
18072708,5,9,1,8,4
18072709,2,7,8,5,4
18072710,1,5,7,11,4
18072711,6,2,8,10,3
18072712,5,3,2,10,7
18072713,5,3,11,6,4
18072714,1,11,10,8,7
18072715,1,11,6,7,5
18072716,11,1,2,6,3
18072717,2,6,1,4,3
18072718,6,5,10,2,7
18072719,5,7,1,3,11
18072720,2,8,1,5,6
18072721,3,5,1,2,4
18072722,2,8,1,3,5
18072723,4,7,2,3,1
18072724,10,2,3,1,11
18072725,11,1,3,5,8
18072726,7,1,4,2,8
18072727,11,6,9,10,7
18072728,5,9,1,6,3
18072729,8,7,5,11,9
18072730,9,2,11,1,4
18072731,11,9,1,8,7
18072732,2,3,6,11,5
18072733,3,9,11,4,6
18072734,2,7,5,1,10
18072735,8,9,10,1,6
18072736,8,9,5,10,6
18072737,4,6,11,3,5
18072738,8,6,11,3,7
18072739,3,5,6,7,4
18072740,2,9,8,1,5
18072741,3,7,6,9,4
18072742,5,7,6,10,9
18072743,9,4,6,1,11
18072744,6,11,10,2,9
18072745,1,8,9,7,4
18072746,3,5,6,11,9
18072747,10,7,9,2,1
18072748,7,6,2,1,5
18072749,10,8,2,7,9
18072750,2,6,7,1,5
18072751,1,3,9,5,2
18072752,11,4,6,1,8
18072753,6,2,3,1,11
18072754,5,1,7,3,4
18072755,11,3,7,8,9
18072756,1,7,4,8,2
18072757,2,9,10,11,6
18072758,9,1,4,11,2
18072759,11,6,9,7,2
18072760,9,6,11,5,3
18072761,4,3,11,2,1
18072762,11,3,6,9,7
18072763,4,7,10,11,8
18072764,7,1,8,10,2
18072765,7,1,3,11,5
18072766,11,2,9,5,1
18072767,5,8,2,9,3
18072768,4,1,8,11,2
18072769,9,1,5,4,2
18072770,10,7,3,2,4
18072771,9,2,8,3,11
18072772,7,6,10,11,4
18072773,5,4,6,11,1
18072774,9,5,8,10,1
18072775,9,10,6,5,8
18072776,4,5,7,11,9
18072777,10,7,9,2,1
18072778,5,6,10,2,1
18072779,4,1,11,10,5
18072780,1,6,3,7,11
18072781,11,8,4,1,9
18072782,5,11,8,7,9
18072783,7,2,1,11,5
18072784,9,7,5,11,10
18072801,5,9,3,1,7
18072802,6,8,10,11,1
18072803,3,9,1,2,8
18072804,9,8,1,11,6
18072805,7,2,4,9,8
18072806,10,4,2,1,5
18072807,3,11,4,2,8
18072808,11,4,6,3,2
18072809,11,5,1,4,2
18072810,8,11,4,10,3
18072811,11,6,5,3,1
18072812,2,1,9,7,5
18072813,4,5,9,1,11
18072814,1,3,2,7,6
18072815,5,8,9,3,1
18072816,2,1,10,8,5
18072817,3,6,2,7,11
18072818,2,9,11,1,4
18072819,1,8,7,9,2
18072820,10,7,11,1,4
18072821,11,10,5,1,8
18072822,3,8,5,7,2
18072823,9,4,7,1,3
18072824,4,11,7,2,8
18072825,10,5,2,8,11
18072826,4,1,9,5,7
18072827,6,1,7,11,2
18072828,2,7,9,4,6
18072829,9,3,10,7,6
18072830,10,3,1,8,5
18072831,3,10,1,7,5
18072832,1,11,10,7,5
18072833,6,11,8,2,7
18072834,4,1,3,5,7
18072835,5,2,8,6,9
18072836,8,1,7,3,5
18072837,6,11,9,7,10
18072838,8,7,3,11,2
18072839,3,10,1,9,6
18072840,2,11,10,3,1
18072841,5,1,11,4,8
18072842,8,4,1,6,10
18072843,9,1,11,8,6
18072844,4,3,1,10,7
18072845,3,11,2,5,8
18072846,9,11,1,6,2
18072847,11,1,5,9,3
18072848,1,9,6,10,7
18072849,6,8,3,7,10
18072850,4,1,2,11,9
18072851,4,5,9,3,1
18072852,8,3,6,9,7
18072853,1,10,4,5,11
18072854,10,7,11,3,4
18072855,5,2,11,7,4
18072856,9,11,3,10,7
18072857,2,6,11,10,9
18072858,1,2,10,7,8
18072859,10,2,8,1,9
18072860,2,6,5,7,1
18072861,7,6,4,2,8
18072862,10,7,4,3,8
18072863,5,6,3,4,10
18072864,2,1,11,7,8
18072865,9,4,2,8,11
18072866,6,3,9,4,5
18072867,8,9,3,11,5
18072868,5,11,2,9,1
18072869,8,6,9,3,1
18072870,5,9,11,3,4
18072871,1,8,4,6,3
18072872,7,4,11,1,6
18072873,5,8,7,11,2
18072874,6,11,3,9,8
18072875,7,8,2,9,3
18072876,5,6,11,2,9
18072877,1,3,11,8,4
18072878,5,10,1,2,4
18072879,6,1,5,3,8
18072880,1,8,6,9,4
18072881,3,11,9,10,8
18072882,1,4,5,9,3
18072883,2,11,1,8,6
18072884,9,6,1,11,7
18072901,8,5,7,3,10
18072902,7,2,8,3,10
18072903,2,8,7,11,6
18072904,1,3,11,10,6
18072905,7,9,1,2,6
18072906,3,9,5,1,2
18072907,8,3,5,9,6
18072908,11,10,5,8,7
18072909,7,8,2,5,1
18072910,7,4,5,2,10
18072911,3,2,9,11,5
18072912,9,8,3,4,11
18072913,2,8,10,7,4
18072914,6,7,3,1,9
18072915,10,1,8,3,6
18072916,3,1,5,7,8
18072917,7,4,1,9,5
18072918,4,3,7,5,1
18072919,4,9,11,3,10
18072920,8,7,1,9,5
18072921,2,4,1,3,10
18072922,6,10,2,8,9
18072923,4,8,5,6,11
18072924,5,7,10,6,11
18072925,8,3,6,11,4
18072926,10,9,11,5,7
18072927,7,5,11,10,1
18072928,5,10,4,3,6
18072929,1,11,3,10,2
18072930,5,8,3,10,4
18072931,4,5,1,2,6
18072932,2,8,3,1,6
18072933,7,10,2,3,4
18072934,8,6,9,10,4
18072935,10,3,9,5,1
18072936,7,8,11,9,2
18072937,8,7,11,5,2
18072938,1,3,10,11,6
18072939,3,2,10,7,11
18072940,10,6,1,4,7
18072941,2,8,6,10,7
18072942,3,4,2,7,10
18072943,3,6,10,11,9
18072944,7,8,1,5,11
18072945,11,2,3,9,8
18072946,8,11,4,9,3
18072947,2,3,8,9,5
18072948,3,7,10,2,8
18072949,7,4,6,9,5
18072950,11,6,3,8,9
18072951,6,4,11,10,9
18072952,5,9,4,7,3
18072953,5,4,11,8,2
18072954,9,5,8,11,6
18072955,10,7,8,5,3
18072956,3,9,11,8,7
18072957,9,11,2,1,6
18072958,3,1,9,2,6
18072959,1,2,7,5,4
18072960,6,8,1,2,4
18072961,7,9,2,6,10
18072962,11,4,9,6,5
18072963,1,6,9,8,4
18072964,9,3,11,5,2
18072965,9,11,4,10,2
18072966,11,2,5,7,3
18072967,9,4,3,5,8
18072968,7,3,2,11,5
18072969,2,7,1,9,4
18072970,7,8,3,10,11
18072971,4,5,3,9,1
18072972,8,4,7,3,1
18072973,1,3,2,8,5
18072974,3,9,11,6,4
18072975,8,7,1,4,10
18072976,5,4,11,7,6
18072977,10,4,3,6,5
18072978,7,5,10,4,9
18072979,8,3,4,2,6
18072980,3,7,5,4,10
18072981,7,2,4,10,11
18072982,3,11,2,6,9
18072983,4,5,1,10,6
18072984,11,5,8,10,2
18073001,3,6,10,1,7
18073002,5,9,1,7,2
18073003,1,9,8,6,11
18073004,9,11,5,3,6
18073005,9,7,8,4,2
18073006,3,1,4,6,8
18073007,8,11,2,7,1
18073008,1,10,6,2,7
18073009,3,8,4,5,2
18073010,10,3,5,8,9
18073011,2,3,8,9,6
18073012,9,1,2,8,6
18073013,9,7,10,4,6
18073014,6,8,11,9,1
18073015,6,11,3,5,9
18073016,5,8,1,11,2
18073017,2,7,3,4,8
18073018,3,7,10,4,5
18073019,9,2,5,6,4
18073020,2,6,5,9,3
18073021,10,3,1,11,5
18073022,10,8,3,5,9
18073023,10,7,11,5,3
18073024,7,10,11,2,5
18073025,7,3,5,10,4
18073026,6,7,9,5,1
18073027,4,10,9,2,7
18073028,10,6,7,3,1
18073029,8,9,6,2,3
18073030,2,1,11,7,10
18073031,1,9,2,10,5
18073032,6,9,4,7,11
18073033,7,6,4,3,10
18073034,3,11,6,8,2
18073035,1,9,3,7,4
18073036,11,9,10,5,7
18073037,8,9,6,7,11
18073038,3,4,11,6,10
18073039,7,2,6,9,5
18073040,11,2,4,9,5
18073041,10,6,5,4,7
18073042,3,7,9,5,1
18073043,6,10,11,1,7
18073044,4,10,6,8,5
18073045,11,10,1,8,5
18073046,2,11,10,4,7
18073047,4,5,11,6,10
18073048,9,4,11,5,7
18073049,7,2,1,9,11
18073050,10,11,8,2,9
18073051,1,9,4,3,10
18073052,10,6,4,9,7
18073053,6,11,5,7,10
18073054,2,11,9,6,8
18073055,10,7,5,1,9
18073056,8,7,2,10,4
18073057,5,3,10,4,8
18073058,6,8,2,11,9
18073059,4,9,5,1,3
18073060,10,11,4,8,9
18073061,6,3,11,10,1
18073062,3,1,7,6,8
18073063,5,7,6,11,4
18073064,6,5,7,10,3
18073065,2,10,5,1,3
18073066,11,7,8,1,5
18073067,10,9,5,3,1
18073068,11,10,1,4,5
18073069,11,8,3,4,5
18073070,2,4,1,7,8
18073071,1,8,7,10,3
18073072,1,5,9,4,7
18073073,5,7,1,2,3
18073074,6,4,1,5,2
18073075,1,6,4,10,7
18073076,10,11,1,6,9
18073077,3,4,8,5,7
18073078,6,4,11,2,9
18073079,1,8,3,6,11
18073080,4,1,2,5,9
18073081,7,4,1,8,11
18073082,7,2,3,9,10
18073083,3,4,5,11,6
18073084,8,2,11,1,3
18073101,3,6,10,1,2
18073102,3,11,9,8,6
18073103,8,4,5,10,9
18073104,5,9,2,11,6
18073105,3,7,10,8,4
18073106,10,1,5,9,8
18073107,6,5,3,8,4
18073108,9,4,5,11,10
18073109,7,4,6,3,1
18073110,5,9,3,2,4
18073111,7,6,5,8,1
18073112,8,11,1,7,10
18073113,6,11,10,1,3
18073114,3,10,7,8,2
18073115,3,4,7,6,8
18073116,3,6,11,1,9
18073117,10,5,4,3,1
18073118,4,7,9,5,11
18073119,8,3,2,10,1
18073120,4,1,10,3,2
18073121,9,7,11,3,1
18073122,1,7,4,6,10
18073123,10,4,3,1,11
18073124,9,1,11,3,10
18073125,6,11,9,10,1
18073126,8,3,9,5,4
18073127,10,4,5,9,3
18073128,4,1,11,3,2
18073129,3,9,2,1,10
18073130,2,8,10,1,4
18073131,8,3,7,2,5
18073132,4,7,10,8,6
18073133,8,10,4,3,2
18073134,4,1,3,9,7
18073135,11,3,8,9,5
18073136,10,5,1,7,2
18073137,5,6,10,1,11
18073138,3,5,11,1,9
18073139,6,8,10,2,11
18073140,7,5,4,6,3
18073141,4,1,11,10,3
18073142,10,4,5,8,6
18073143,11,7,6,5,3
18073144,11,10,9,2,1
18073145,9,1,10,8,11
18073146,4,1,7,2,6
18073147,6,10,5,2,4
18073148,9,5,7,2,6
18073149,7,5,2,6,1
18073150,10,5,9,6,11
18073151,4,3,8,11,1
18073152,10,4,8,3,5
18073153,11,2,6,10,9
18073154,5,7,8,2,3
18073155,7,6,4,1,9
18073156,10,3,11,4,2
18073157,1,6,2,3,10
18073158,1,6,5,7,8
18073159,11,1,9,2,4
18073160,2,9,3,8,4
18073161,3,8,1,9,7
18073162,3,8,6,4,1
18073163,9,4,1,11,7
18073164,3,8,9,6,10
18073165,7,9,11,8,2
18073166,5,2,6,4,3
18073167,2,3,11,9,7
18073168,5,11,4,7,3
18073169,2,4,7,3,5
18073170,4,11,9,3,2
18073171,11,10,4,7,5
18073172,3,7,4,9,10
18073173,3,10,6,5,2
18073174,2,4,6,1,7
18073175,6,4,2,5,7
18073176,7,8,2,10,1
18073177,9,8,11,6,1
18073178,11,9,5,3,4
18073179,3,10,11,2,5
18073180,4,8,3,9,11
18073181,4,7,5,10,3
18073182,1,11,3,6,8
18073183,4,6,11,7,10
18073184,9,10,6,1,5
