20040101,3,8,2,11,9
20040102,9,4,11,6,1
20040103,8,7,3,2,5
20040104,4,2,3,6,1
20040105,1,4,5,7,6
20040106,1,5,8,11,4
20040107,8,3,11,9,5
20040108,8,6,10,4,1
20040109,10,1,5,9,4
20040110,4,7,9,6,8
20040111,2,5,10,9,8
20040112,8,3,9,1,10
20040113,3,11,5,7,10
20040114,10,6,2,11,3
20040115,8,10,7,2,9
20040116,11,2,10,9,7
20040117,1,8,10,2,3
20040118,3,1,4,2,5
20040119,7,6,3,1,4
20040120,1,11,2,6,7
20040121,7,3,5,8,6
20040122,9,2,5,10,3
20040123,6,8,1,9,4
20040124,2,3,10,8,9
20040125,10,6,5,8,11
20040126,2,10,11,3,7
20040127,2,1,6,8,5
20040128,2,9,3,6,5
20040129,11,8,2,7,4
20040130,11,3,9,8,6
20040131,3,7,9,11,1
20040132,5,10,8,11,4
20040133,2,10,11,9,5
20040134,8,10,11,1,2
20040135,3,6,7,9,5
20040136,4,9,7,10,5
20040137,4,7,5,8,9
20040138,9,6,1,2,7
20040139,10,3,2,4,9
20040140,1,10,4,11,5
