20100501,1,6,7,8,11
20100502,4,3,5,11,8
20100503,10,9,7,3,1
20100504,11,2,1,8,7
20100505,9,8,5,1,3
20100506,11,10,7,5,8
20100507,9,2,5,6,4
20100508,4,7,8,2,1
20100509,11,7,5,10,4
20100510,7,11,6,1,9
20100511,4,10,8,11,2
20100512,6,11,2,9,4
20100513,11,10,8,1,9
20100514,1,8,5,4,9
20100515,11,9,3,2,6
20100516,10,11,6,9,1
20100517,7,9,11,3,4
20100518,8,7,11,2,10
20100519,9,11,6,10,2
20100520,8,10,7,9,1
20100521,1,8,9,5,3
20100522,4,1,7,6,8
20100523,4,1,11,5,7
20100524,6,7,11,4,9
20100525,5,4,8,9,1
20100526,2,9,3,7,1
20100527,7,8,5,2,1
20100528,9,4,5,6,7
20100529,2,7,9,8,6
20100530,4,7,6,9,1
20100531,3,11,10,1,5
20100532,11,8,3,2,5
20100533,3,1,10,4,8
20100534,5,8,2,4,1
20100535,1,8,4,11,10
20100536,5,9,6,2,11
20100537,1,6,2,7,5
20100538,6,2,7,5,9
20100539,1,5,9,7,6
20100540,2,8,6,1,10
20100541,3,2,8,1,11
