18030101,10,8,6,3,5
18030102,8,4,5,9,11
18030103,8,1,9,6,2
18030104,7,11,6,1,10
18030105,8,3,7,4,11
18030106,11,2,1,6,10
18030107,3,5,10,7,1
18030108,1,9,11,2,8
18030109,1,8,4,2,6
18030110,11,4,7,3,5
18030111,11,6,7,8,1
18030112,4,8,11,1,7
18030113,7,4,8,11,6
18030114,3,1,6,8,4
18030115,2,6,10,9,4
18030116,5,3,10,6,2
18030117,3,10,4,1,7
18030118,2,6,9,4,1
18030119,5,9,3,7,8
18030120,4,9,7,2,1
18030121,8,6,5,4,9
18030122,6,9,5,3,4
18030123,2,7,9,5,8
18030124,6,7,4,11,2
18030125,1,3,4,2,5
18030126,7,11,6,10,3
18030127,7,9,8,2,1
18030128,2,9,11,4,7
18030129,7,1,4,5,8
18030130,1,5,4,3,11
18030131,2,11,4,9,7
18030132,10,7,11,6,8
18030133,1,7,4,8,9
18030134,10,11,1,4,9
18030135,2,7,4,11,8
18030136,4,7,11,9,5
18030137,4,5,3,10,2
18030138,4,5,7,8,11
18030139,1,9,8,5,3
18030140,9,10,7,2,5
18030141,3,4,10,7,1
18030142,3,1,10,4,6
18030143,4,9,11,1,2
18030144,10,6,4,9,3
18030145,3,10,7,4,5
18030146,9,10,4,7,3
18030147,9,8,3,1,4
18030148,11,4,9,6,5
18030149,6,5,7,9,1
18030150,9,6,7,4,10
18030151,5,7,9,1,8
18030152,5,11,1,10,3
18030153,6,5,4,7,10
18030154,5,6,9,3,1
18030155,11,1,9,2,10
18030156,3,5,4,8,9
18030157,7,6,5,4,2
18030158,7,1,11,10,9
18030159,10,9,7,4,11
18030160,10,9,11,3,5
18030161,7,11,10,6,2
18030162,6,8,3,9,1
18030163,8,11,9,4,2
18030164,4,3,7,2,8
18030165,4,7,6,11,3
18030166,1,10,7,3,2
18030167,3,5,9,1,10
18030168,8,7,5,1,3
18030169,10,8,2,9,4
18030170,9,1,7,6,5
18030171,11,5,1,6,9
18030172,6,1,2,10,8
18030173,2,6,8,9,3
18030174,9,8,4,2,3
18030175,1,4,8,2,10
18030176,5,7,10,3,6
18030177,2,3,8,5,1
18030178,3,2,7,9,11
18030179,8,5,6,4,7
18030180,8,5,10,4,3
18030181,10,2,1,11,3
18030182,5,10,11,4,6
18030201,1,10,9,8,4
18030202,9,2,1,5,11
18030203,10,1,2,4,3
18030204,1,11,2,5,7
18030205,5,4,1,6,3
18030206,6,10,11,1,8
18030207,5,3,9,1,6
18030208,8,1,11,9,5
18030209,5,1,4,9,10
18030210,9,10,4,8,1
18030211,8,7,4,11,5
18030212,6,1,10,4,8
18030213,8,10,7,9,5
18030214,9,11,1,5,2
18030215,1,11,5,9,4
18030216,10,3,6,7,8
18030217,1,3,7,11,9
18030218,2,3,10,1,5
18030219,1,6,10,8,7
18030220,5,3,7,2,11
18030221,6,2,5,8,3
18030222,8,11,9,10,3
18030223,5,10,11,7,2
18030224,1,6,9,11,10
18030225,7,11,10,8,2
18030226,2,7,8,9,10
18030227,1,7,8,5,11
18030228,9,6,8,7,4
18030229,11,9,3,2,4
18030230,7,4,5,6,11
18030231,3,4,11,6,1
18030232,3,11,6,10,8
18030233,5,2,3,4,8
18030234,5,7,11,9,6
18030235,7,4,5,1,2
18030236,8,3,5,1,10
18030237,9,5,2,1,7
18030238,6,1,3,9,2
18030239,6,7,4,3,9
18030240,3,6,1,5,2
18030241,1,8,10,4,3
18030242,9,8,4,2,5
18030243,1,2,6,10,4
18030244,9,7,10,4,6
18030245,6,9,5,11,7
18030246,9,3,11,6,7
18030247,6,2,1,11,4
18030248,2,8,7,9,11
18030249,3,11,1,5,8
18030250,10,5,7,11,3
18030251,8,3,11,9,7
18030252,9,1,10,3,2
18030253,7,6,1,5,10
18030254,11,3,5,7,9
18030255,11,4,6,8,7
18030256,5,4,2,6,11
18030257,10,1,3,5,4
18030258,10,3,11,5,4
18030259,7,2,8,10,5
18030260,8,1,3,2,6
18030261,9,10,3,7,8
18030262,1,9,2,4,7
18030263,9,5,11,6,8
18030264,8,6,2,4,10
18030265,11,7,9,5,1
18030266,4,6,3,10,7
18030267,4,7,11,10,5
18030268,1,2,3,10,6
18030269,5,9,11,8,3
18030270,3,5,1,2,8
18030271,4,6,2,5,11
18030272,6,5,4,1,11
18030273,1,2,3,8,4
18030274,6,9,10,8,5
18030275,2,10,8,5,1
18030276,11,6,1,4,9
18030277,11,1,7,4,8
18030278,6,10,2,1,5
18030279,11,10,3,9,2
18030280,9,4,3,6,10
18030281,9,8,2,5,10
18030282,7,2,10,9,3
18030301,1,8,3,10,9
18030302,11,4,8,2,3
18030303,2,1,11,4,7
18030304,9,3,4,10,7
18030305,7,9,3,8,11
18030306,8,11,2,5,6
18030307,6,3,5,4,7
18030308,1,3,9,5,6
18030309,1,9,6,7,2
18030310,7,8,4,11,3
18030311,4,7,3,5,8
18030312,1,7,4,10,11
18030313,1,6,10,5,4
18030314,10,8,4,9,1
18030315,11,2,3,6,4
18030316,10,8,4,6,1
18030317,1,5,2,9,11
18030318,4,10,7,3,5
18030319,3,6,2,10,9
18030320,11,10,8,4,1
18030321,10,1,4,8,11
18030322,6,5,10,8,2
18030323,8,5,11,1,10
18030324,10,4,9,7,5
18030325,2,9,5,10,11
18030326,3,4,11,5,7
18030327,3,11,8,9,5
18030328,2,1,6,7,4
18030329,6,10,7,8,9
18030330,9,11,7,4,5
18030331,11,8,5,4,9
18030332,5,3,8,10,11
18030333,4,7,5,10,1
18030334,1,11,3,7,8
18030335,2,9,1,8,11
18030336,9,10,6,1,5
18030337,11,4,1,8,7
18030338,6,7,4,8,10
18030339,2,8,9,10,5
18030340,7,6,2,3,4
18030341,1,10,5,2,7
18030342,9,8,7,2,5
18030343,9,2,7,3,6
18030344,11,8,2,3,4
18030345,4,10,9,2,7
18030346,9,7,3,5,6
18030347,5,6,10,3,11
18030348,11,7,3,9,5
18030349,9,6,2,4,5
18030350,5,9,6,2,7
18030351,1,3,4,11,6
18030352,4,11,9,5,6
18030353,2,5,7,9,3
18030354,11,10,8,7,5
18030355,6,7,11,8,4
18030356,8,10,5,11,1
18030357,10,8,5,9,1
18030358,7,5,10,9,6
18030359,8,2,1,11,7
18030360,8,3,5,4,7
18030361,4,6,2,9,3
18030362,1,8,2,10,5
18030363,7,6,1,8,2
18030364,4,10,11,8,9
18030365,6,4,3,11,5
18030366,11,1,5,9,3
18030367,10,3,1,4,5
18030368,8,1,4,2,7
18030369,9,10,11,5,6
18030370,11,6,4,8,1
18030371,9,5,10,4,3
18030372,5,4,11,2,9
18030373,7,5,11,9,6
18030374,8,4,9,2,1
18030375,8,5,6,10,11
18030376,5,1,11,2,6
18030377,10,3,1,5,11
18030378,2,10,6,1,7
18030379,7,9,4,8,5
18030380,8,9,11,6,7
18030381,7,8,3,6,5
18030382,9,5,6,10,11
18030401,5,6,1,3,7
18030402,11,1,9,7,8
18030403,9,2,11,1,7
18030404,5,4,8,6,10
18030405,4,11,7,1,2
18030406,2,4,3,8,9
18030407,4,6,10,2,7
18030408,6,3,4,11,7
18030409,7,6,11,9,8
18030410,10,11,3,8,1
18030411,7,10,9,5,4
18030412,6,8,5,1,9
18030413,1,6,2,3,4
18030414,3,11,10,2,6
18030415,4,8,7,5,6
18030416,11,3,8,10,7
18030417,11,5,8,2,6
18030418,8,6,3,2,1
18030419,3,6,5,9,2
18030420,11,10,7,1,2
18030421,4,1,3,9,10
18030422,6,8,3,10,11
18030423,11,1,5,10,3
18030424,11,10,1,3,6
18030425,8,11,10,6,5
18030426,8,11,1,4,9
18030427,9,5,11,4,10
18030428,2,7,10,5,6
18030429,9,5,7,4,1
18030430,11,2,5,8,3
18030431,10,5,6,1,11
18030432,10,11,2,6,9
18030433,5,3,1,4,8
18030434,11,1,7,3,4
18030435,10,2,1,4,6
18030436,3,11,10,4,5
18030437,10,11,1,2,4
18030438,9,7,8,10,2
18030439,10,5,4,1,3
18030440,10,9,5,3,6
18030441,7,9,2,11,5
18030442,4,8,9,11,10
18030443,8,5,11,4,3
18030444,5,11,10,2,9
18030445,9,6,2,5,1
18030446,3,8,7,5,11
18030447,1,11,10,9,4
18030448,10,4,11,3,9
18030449,11,8,6,1,10
18030450,7,6,9,8,4
18030451,10,7,3,1,2
18030452,1,10,9,7,11
18030453,6,10,9,4,3
18030454,8,4,5,3,11
18030455,6,7,1,3,2
18030456,4,11,1,8,5
18030457,9,8,3,5,2
18030458,2,8,1,9,10
18030459,2,8,11,5,10
18030460,5,4,6,3,1
18030461,5,1,10,9,3
18030462,11,4,5,7,3
18030463,2,9,5,4,11
18030464,9,10,11,4,3
18030465,10,1,3,9,4
18030466,11,9,1,6,7
18030467,9,11,4,3,2
18030468,11,2,7,5,3
18030469,9,4,11,3,5
18030470,6,3,10,5,7
18030471,3,1,11,2,5
18030472,6,1,8,9,3
18030473,5,7,11,9,8
18030474,7,6,10,3,11
18030475,1,2,6,5,9
18030476,4,8,6,3,1
18030477,5,10,3,4,6
18030478,9,1,7,11,2
18030479,10,7,9,1,6
18030480,1,6,8,4,3
18030481,2,9,5,1,6
18030482,8,11,10,4,3
18030501,8,3,6,5,4
18030502,10,7,3,1,11
18030503,1,5,7,10,6
18030504,8,10,4,6,1
18030505,5,7,6,10,4
18030506,5,2,8,4,1
18030507,5,10,1,4,2
18030508,9,1,6,2,4
18030509,8,4,11,10,1
18030510,7,8,5,6,10
18030511,11,6,2,8,9
18030512,3,1,8,2,10
18030513,7,1,2,4,10
18030514,1,5,11,2,9
18030515,3,7,11,6,1
18030516,1,5,3,11,10
18030517,1,3,9,11,8
18030518,3,10,2,9,5
18030519,11,1,6,2,7
18030520,11,10,6,9,2
18030521,11,8,6,1,4
18030522,8,10,6,9,7
18030523,3,10,2,5,6
18030524,8,5,4,2,7
18030525,9,4,7,1,10
18030526,10,4,5,7,3
18030527,2,9,6,10,11
18030528,2,7,4,1,6
18030529,6,3,4,5,9
18030530,11,1,9,10,7
18030531,2,9,3,10,11
18030532,11,8,7,4,6
18030533,10,9,5,11,3
18030534,2,9,4,10,3
18030535,8,11,1,2,6
18030536,2,4,7,5,1
18030537,4,5,2,7,11
18030538,10,4,9,2,7
18030539,3,1,9,2,10
18030540,3,9,10,5,4
18030541,10,4,5,2,8
18030542,1,7,2,11,5
18030543,7,6,10,4,9
18030544,3,10,5,2,1
18030545,10,3,6,11,2
18030546,10,2,3,9,7
18030547,7,10,5,9,2
18030548,3,10,4,9,11
18030549,1,5,10,4,7
18030550,10,11,2,4,7
18030551,4,1,9,2,3
18030552,7,10,1,9,2
18030553,9,11,1,3,10
18030554,8,7,4,1,11
18030555,10,11,1,8,2
18030556,5,10,9,11,2
18030557,8,9,4,10,7
18030558,8,11,5,4,2
18030559,11,5,7,10,3
18030560,9,2,8,1,5
18030561,6,11,8,3,9
18030562,9,1,3,6,11
18030563,2,3,5,6,9
18030564,2,9,10,6,5
18030565,11,7,2,8,10
18030566,3,10,11,8,1
18030567,7,5,8,3,4
18030568,6,8,7,1,2
18030569,10,11,5,2,8
18030570,6,2,4,10,7
18030571,10,1,7,11,5
18030572,11,7,4,6,1
18030573,6,11,9,7,4
18030574,10,8,2,11,6
18030575,1,10,7,2,11
18030576,10,9,4,1,7
18030577,2,5,1,7,3
18030578,10,8,3,11,7
18030579,3,10,11,6,7
18030580,10,8,7,3,9
18030581,7,2,3,5,8
18030582,1,6,9,5,3
18030601,1,4,10,3,7
18030602,5,4,8,2,10
18030603,9,3,8,6,11
18030604,7,6,4,3,5
18030605,4,11,2,10,1
18030606,1,8,10,9,3
18030607,3,10,2,11,6
18030608,3,1,5,6,2
18030609,11,3,4,8,5
18030610,4,10,3,6,7
18030611,10,11,8,5,3
18030612,5,8,11,1,9
18030613,9,4,5,8,6
18030614,3,9,8,6,7
18030615,5,3,9,7,2
18030616,1,3,11,5,10
18030617,3,4,10,8,1
18030618,11,6,4,3,7
18030619,4,2,11,6,9
18030620,7,4,8,11,1
18030621,8,11,3,6,1
18030622,1,11,6,10,2
18030623,7,11,6,8,4
18030624,8,11,6,9,10
18030625,10,6,3,5,1
18030626,2,8,3,10,6
18030627,6,8,1,9,3
18030628,10,4,8,3,7
18030629,1,9,6,4,11
18030630,2,9,4,5,3
18030631,11,6,2,10,3
18030632,6,8,2,3,9
18030633,2,5,11,10,8
18030634,9,7,4,2,8
18030635,10,8,4,7,5
18030636,8,2,1,4,7
18030637,1,3,7,9,8
18030638,1,6,2,5,4
18030639,7,3,1,8,4
18030640,9,1,3,5,10
18030641,11,9,7,8,3
18030642,4,9,1,2,3
18030643,1,9,11,10,4
18030644,11,9,7,8,2
18030645,6,7,9,8,5
18030646,7,2,9,10,8
18030647,5,6,1,4,2
18030648,7,4,2,6,10
18030649,3,4,8,9,10
18030650,8,7,9,6,2
18030651,4,2,1,5,9
18030652,9,1,8,10,3
18030653,11,1,7,6,9
18030654,6,2,5,10,4
18030655,11,1,9,3,5
18030656,8,9,3,4,1
18030657,3,11,8,10,6
18030658,3,1,11,10,7
18030659,7,10,4,11,1
18030660,10,2,7,1,6
18030661,9,10,3,8,6
18030662,3,6,7,11,2
18030663,7,5,4,11,8
18030664,6,3,1,8,5
18030665,11,4,10,8,5
18030666,10,2,5,7,8
18030667,10,9,6,2,5
18030668,1,3,11,4,2
18030669,7,1,10,6,3
18030670,9,8,6,2,3
18030671,2,5,3,8,7
18030672,4,3,7,11,9
18030673,3,2,4,8,1
18030674,8,3,2,1,11
18030675,5,1,6,2,8
18030676,11,2,7,5,1
18030677,1,4,10,6,3
18030678,6,5,11,8,1
18030679,6,1,8,4,11
18030680,10,6,5,1,7
18030681,3,11,8,6,1
18030682,2,10,4,7,1
18030701,5,4,2,11,10
18030702,1,3,5,8,10
18030703,2,8,1,9,4
18030704,3,7,1,11,10
18030705,3,11,10,9,6
18030706,4,7,9,3,1
18030707,9,6,5,11,10
18030708,2,11,4,6,7
18030709,9,4,11,10,3
18030710,8,10,1,9,5
18030711,10,3,8,5,7
18030712,1,6,11,5,2
18030713,10,7,2,6,8
18030714,7,9,1,10,4
18030715,11,4,7,1,3
18030716,6,3,11,4,9
18030717,6,4,10,11,7
18030718,4,9,1,2,6
18030719,9,10,6,1,2
18030720,9,7,4,11,1
18030721,7,1,2,8,5
18030722,7,1,3,10,2
18030723,7,10,1,8,2
18030724,4,3,2,10,11
18030725,7,1,11,5,4
18030726,4,11,7,9,6
18030727,7,8,9,10,4
18030728,1,8,11,4,2
18030729,11,7,2,3,6
18030730,3,11,2,6,7
18030731,8,1,4,3,11
18030732,2,5,7,1,4
18030733,2,6,4,11,9
18030734,7,1,8,11,9
18030735,4,10,8,5,1
18030736,5,6,11,7,3
18030737,9,1,4,5,7
18030738,9,2,4,10,3
18030739,10,4,3,6,2
18030740,2,3,1,6,9
18030741,8,3,4,6,9
18030742,6,5,2,10,1
18030743,3,9,2,6,10
18030744,8,4,3,6,2
18030745,10,5,6,4,9
18030746,3,10,11,2,6
18030747,10,1,4,7,3
18030748,3,2,4,9,1
18030749,4,5,2,6,3
18030750,1,3,7,8,5
18030751,5,11,4,6,3
18030752,7,10,9,5,2
18030753,11,6,9,8,5
18030754,7,11,5,4,2
18030755,7,11,3,5,9
18030756,9,1,8,6,2
18030757,10,1,11,5,7
18030758,6,8,7,10,4
18030759,3,7,10,5,2
18030760,11,8,2,6,5
18030761,4,8,6,7,1
18030762,10,11,4,3,5
18030763,4,11,2,5,9
18030764,1,10,11,7,2
18030765,4,2,7,5,9
18030766,11,5,10,9,3
18030767,6,5,4,3,2
18030768,2,8,4,10,5
18030769,3,5,10,11,8
18030770,9,7,11,2,4
18030771,5,9,3,8,6
18030772,11,4,5,8,9
18030773,1,4,3,6,5
18030774,5,10,9,3,6
18030775,3,9,11,6,5
18030776,2,4,8,7,9
18030777,6,8,5,2,11
18030778,7,2,3,1,11
18030779,2,6,4,5,10
18030780,10,7,2,3,5
18030781,7,4,8,6,3
18030782,11,7,2,8,10
18030801,8,2,5,10,1
18030802,8,2,3,6,1
18030803,4,6,7,3,2
18030804,4,8,11,2,5
18030805,8,9,2,5,10
18030806,4,6,1,9,3
18030807,9,8,5,3,6
18030808,1,2,9,5,4
18030809,7,6,11,2,4
18030810,10,3,4,1,9
18030811,10,2,11,9,3
18030812,10,8,7,1,5
18030813,3,9,11,5,10
18030814,9,7,1,2,5
18030815,5,1,2,11,8
18030816,9,8,2,5,6
18030817,5,11,7,10,9
18030818,10,11,1,6,8
18030819,4,7,5,11,3
18030820,2,4,3,1,11
18030821,10,7,6,8,3
18030822,5,9,6,7,8
18030823,2,10,6,8,9
18030824,11,3,1,8,10
18030825,10,2,3,6,11
18030826,9,11,5,10,2
18030827,6,7,1,8,4
18030828,4,10,8,1,11
18030829,2,10,5,3,8
18030830,6,7,5,4,10
18030831,6,9,11,7,2
18030832,11,6,3,2,1
18030833,2,9,7,1,5
18030834,11,8,7,3,4
18030835,9,5,4,10,1
18030836,1,11,7,4,5
18030837,8,5,10,1,4
18030838,11,4,3,5,7
18030839,3,9,10,8,6
18030840,2,8,1,7,3
18030841,9,7,2,5,4
18030842,3,11,5,7,6
18030843,8,11,1,4,10
18030844,6,9,5,10,7
18030845,11,5,2,9,4
18030846,1,2,3,10,4
18030847,1,3,10,7,11
18030848,2,9,8,1,11
18030849,4,10,8,1,3
18030850,2,3,1,6,8
18030851,8,5,11,6,1
18030852,2,3,11,4,10
18030853,9,2,11,4,5
18030854,8,7,5,2,9
18030855,9,2,5,11,10
18030856,2,6,8,3,7
18030857,10,9,4,1,8
18030858,8,4,7,11,10
18030859,10,6,8,7,3
18030860,6,1,10,5,3
18030861,10,11,3,5,8
18030862,1,11,2,10,8
18030863,8,10,11,9,6
18030864,10,3,6,11,5
18030865,7,1,11,6,8
18030866,9,10,3,2,1
18030867,10,7,4,6,1
18030868,5,8,4,7,3
18030869,1,3,7,6,5
18030870,4,8,2,3,11
18030871,9,10,1,8,11
18030872,11,9,6,2,4
18030873,9,4,1,10,8
18030874,7,8,10,3,9
18030875,11,4,9,2,7
18030876,3,8,10,5,1
18030877,11,4,10,9,3
18030878,6,7,11,3,5
18030879,7,2,8,5,1
18030880,5,2,8,7,3
18030881,1,11,8,7,5
18030882,11,1,5,3,8
18030901,9,10,7,11,5
18030902,8,4,2,1,7
18030903,5,10,2,1,9
18030904,3,6,10,1,2
18030905,9,11,3,7,1
18030906,10,8,6,11,3
18030907,1,5,4,10,6
18030908,7,1,4,8,10
18030909,2,9,7,5,4
18030910,10,6,7,9,2
18030911,4,3,7,10,5
18030912,6,8,1,4,7
18030913,2,5,4,8,9
18030914,10,3,1,8,2
18030915,8,1,5,2,4
18030916,5,1,4,6,2
18030917,5,4,10,7,6
18030918,10,6,1,9,7
18030919,2,9,7,11,1
18030920,1,3,6,9,2
18030921,9,2,3,5,11
18030922,1,4,7,10,8
18030923,11,1,10,2,8
18030924,7,5,4,9,6
18030925,9,11,6,2,3
18030926,7,10,4,6,8
18030927,4,11,2,3,5
18030928,9,1,6,10,7
18030929,8,2,6,3,10
18030930,2,1,7,3,8
18030931,7,11,4,3,5
18030932,8,5,6,10,1
18030933,11,10,1,8,7
18030934,1,6,2,11,4
18030935,10,9,5,8,7
18030936,10,3,8,11,1
18030937,6,5,2,8,10
18030938,2,7,1,10,4
18030939,9,5,8,3,2
18030940,3,10,4,6,5
18030941,3,10,4,8,5
18030942,11,8,4,1,6
18030943,4,8,2,3,9
18030944,3,1,10,5,4
18030945,8,7,10,3,9
18030946,1,7,9,8,11
18030947,1,7,4,3,6
18030948,5,11,9,4,6
18030949,6,7,5,9,10
18030950,3,2,1,11,8
18030951,11,8,1,7,6
18030952,8,5,7,2,1
18030953,2,9,4,11,7
18030954,7,6,4,8,9
18030955,10,3,5,7,4
18030956,8,6,3,11,7
18030957,7,2,4,11,1
18030958,5,4,11,3,7
18030959,1,7,2,5,6
18030960,1,11,7,3,6
18030961,2,5,8,1,11
18030962,8,6,2,3,5
18030963,7,2,10,5,11
18030964,10,4,6,9,3
18030965,8,7,3,9,2
18030966,9,11,10,5,8
18030967,3,8,10,7,2
18030968,5,6,2,9,4
18030969,11,2,7,10,1
18030970,6,3,2,11,4
18030971,8,3,9,2,1
18030972,4,6,11,2,3
18030973,4,9,10,11,7
18030974,2,10,6,3,4
18030975,11,1,9,10,6
18030976,1,3,8,5,10
18030977,7,1,10,3,4
18030978,7,11,5,10,8
18030979,8,3,7,9,4
18030980,9,11,2,1,4
18030981,10,1,11,7,8
18030982,6,8,11,3,4
18031001,10,7,1,3,8
18031002,11,3,9,5,6
18031003,4,10,6,9,2
18031004,10,1,5,3,6
18031005,7,8,4,6,11
18031006,5,8,7,3,11
18031007,10,8,2,11,7
18031008,1,8,5,7,9
18031009,5,7,4,1,3
18031010,10,7,8,2,4
18031011,3,11,7,1,10
18031012,2,9,6,7,1
18031013,8,5,7,9,11
18031014,1,9,10,3,4
18031015,3,4,10,11,5
18031016,4,7,2,11,6
18031017,10,2,7,4,1
18031018,1,3,2,5,4
18031019,6,8,2,4,3
18031020,6,9,3,11,8
18031021,10,8,5,6,9
18031022,4,1,11,2,5
18031023,1,10,6,3,11
18031024,5,2,7,11,9
18031025,1,10,8,5,3
18031026,11,2,7,6,1
18031027,2,6,9,7,4
18031028,11,2,5,9,4
18031029,10,9,7,11,1
18031030,8,3,1,7,4
18031031,3,7,2,1,4
18031032,7,6,1,11,5
18031033,6,10,8,4,2
18031034,7,11,4,3,1
18031035,9,5,1,11,10
18031036,11,7,6,2,8
18031037,11,10,8,3,5
18031038,11,7,9,1,6
18031039,7,9,8,6,2
18031040,1,7,11,9,10
18031041,3,5,10,11,9
18031042,6,10,2,11,7
18031043,8,4,3,7,6
18031044,5,8,7,3,4
18031045,10,11,8,4,2
18031046,10,9,7,1,3
18031047,1,2,5,9,7
18031048,8,11,9,4,7
18031049,11,5,6,10,4
18031050,5,11,2,6,4
18031051,8,7,9,5,6
18031052,11,4,2,6,10
18031053,5,4,9,3,7
18031054,11,6,8,2,7
18031055,3,2,9,8,1
18031056,4,7,11,8,10
18031057,9,11,8,1,3
18031058,1,7,10,9,8
18031059,1,6,3,8,4
18031060,10,4,2,6,7
18031061,2,6,1,9,7
18031062,11,3,9,6,8
18031063,5,9,1,4,8
18031064,4,10,1,7,6
18031065,5,4,3,10,9
18031066,7,10,1,11,4
18031067,3,4,9,2,5
18031068,3,10,5,9,8
18031069,1,10,6,5,9
18031070,9,5,1,4,3
18031071,2,10,11,9,8
18031072,7,6,5,3,1
18031073,1,9,6,10,4
18031074,2,4,3,11,1
18031075,11,6,5,10,9
18031076,4,9,8,6,2
18031077,1,10,5,7,2
18031078,2,1,10,4,8
18031079,10,7,8,3,2
18031080,6,3,11,9,7
18031081,2,10,5,9,11
18031082,1,3,10,5,7
18031101,5,8,3,9,4
18031102,11,8,3,1,10
18031103,5,9,1,2,8
18031104,11,1,5,4,10
18031105,3,9,6,4,2
18031106,1,3,5,2,4
18031107,9,3,5,8,4
18031108,3,4,6,1,11
18031109,10,8,11,7,4
18031110,2,3,11,8,1
18031111,11,2,6,4,5
18031112,10,9,8,4,3
18031113,2,5,6,7,9
18031114,2,4,3,8,7
18031115,2,1,9,5,11
18031116,9,11,1,2,6
18031117,7,5,11,8,6
18031118,4,3,7,11,2
18031119,2,4,5,9,7
18031120,1,4,6,11,8
18031121,6,3,8,10,2
18031122,4,10,6,7,3
18031123,6,4,1,2,9
18031124,7,3,9,4,1
18031125,3,10,7,6,8
18031126,9,1,4,5,2
18031127,11,9,3,10,4
18031128,2,11,7,1,8
18031129,11,8,4,7,5
18031130,1,7,3,9,4
18031131,10,8,6,4,2
18031132,4,6,2,7,9
18031133,2,8,10,5,11
18031134,2,6,8,11,9
18031135,9,1,11,2,5
18031136,9,1,8,11,2
18031137,7,6,11,8,2
18031138,7,3,8,9,2
18031139,9,1,10,11,6
18031140,3,8,9,10,1
18031141,5,1,3,2,8
18031142,2,11,5,7,10
18031143,8,5,11,3,9
18031144,6,2,1,7,10
18031145,2,5,3,6,9
18031146,7,11,6,4,2
18031147,2,3,8,5,11
18031148,11,8,6,1,3
18031149,5,4,11,6,1
18031150,10,8,4,1,11
18031151,6,1,2,5,11
18031152,3,10,5,1,7
18031153,1,5,7,3,8
18031154,2,9,6,10,7
18031155,2,1,10,4,6
18031156,10,4,9,5,3
18031157,2,11,5,1,7
18031158,2,8,4,11,7
18031159,8,5,7,4,1
18031160,4,7,6,8,11
18031161,7,8,5,9,6
18031162,4,5,9,6,3
18031163,4,8,5,3,10
18031164,1,11,5,9,7
18031165,7,1,8,5,10
18031166,10,2,7,9,8
18031167,9,5,10,3,11
18031168,11,2,3,10,1
18031169,6,7,2,11,9
18031170,9,5,6,10,4
18031171,5,2,11,1,7
18031172,4,9,3,2,7
18031173,5,8,4,3,6
18031174,6,9,2,11,4
18031175,4,1,7,9,3
18031176,1,8,10,2,7
18031177,6,5,8,1,4
18031178,8,9,7,2,4
18031179,11,1,3,9,7
18031180,10,3,5,9,8
18031181,1,9,11,8,2
18031182,2,3,6,5,11
18031201,7,5,4,8,1
18031202,5,10,8,3,7
18031203,10,9,4,7,2
18031204,5,8,11,6,7
18031205,4,6,7,3,5
18031206,3,7,1,10,4
18031207,2,5,4,1,9
18031208,2,3,8,4,10
18031209,6,3,5,2,11
18031210,1,2,8,3,10
18031211,7,1,6,8,5
18031212,4,5,6,1,7
18031213,8,7,1,4,10
18031214,1,2,11,10,7
18031215,4,1,7,5,6
18031216,7,8,11,10,5
18031217,3,8,1,5,11
18031218,7,6,9,1,8
18031219,9,3,2,7,5
18031220,5,2,11,1,8
18031221,9,7,8,3,1
18031222,1,3,4,2,5
18031223,8,6,2,7,4
18031224,7,5,9,6,8
18031225,6,3,1,7,8
18031226,9,3,11,8,10
18031227,3,4,8,2,1
18031228,3,5,4,2,10
18031229,3,9,8,5,2
18031230,4,11,10,5,7
18031231,6,8,9,5,2
18031232,4,10,5,8,9
18031233,3,11,7,1,5
18031234,10,2,1,5,7
18031235,3,6,11,4,7
18031236,5,2,10,7,8
18031237,10,4,1,2,5
18031238,1,6,10,9,2
18031239,3,7,11,5,4
18031240,11,9,8,3,7
18031241,3,2,7,6,9
18031242,9,3,5,6,10
18031243,5,4,10,6,11
18031244,2,9,3,4,5
18031245,1,11,3,4,2
18031246,5,4,2,6,11
18031247,1,9,4,11,5
18031248,10,11,8,4,2
18031249,11,3,1,6,2
18031250,11,7,1,3,6
18031251,11,2,9,7,4
18031252,2,6,4,10,5
18031253,6,5,2,8,9
18031254,5,1,6,7,9
18031255,9,5,2,7,4
18031256,3,11,7,6,2
18031257,11,4,6,7,1
18031258,10,5,2,4,9
18031259,6,10,7,2,3
18031260,7,5,1,2,4
18031261,8,1,4,9,11
18031262,11,4,5,1,6
18031263,4,2,10,3,11
18031264,5,1,7,9,2
18031265,2,6,7,9,8
18031266,4,10,2,1,6
18031267,2,11,5,10,1
18031268,2,4,1,5,11
18031269,6,5,10,11,9
18031270,11,8,3,1,7
18031271,10,9,5,11,2
18031272,8,6,11,9,1
18031273,11,6,5,3,10
18031274,4,7,3,11,5
18031275,5,2,6,8,11
18031276,3,2,9,4,1
18031277,10,2,7,4,9
18031278,5,1,9,10,3
18031279,10,9,3,11,1
18031280,5,3,11,7,2
18031281,3,8,10,1,6
18031282,9,1,11,6,7
18031301,8,4,11,3,6
18031302,8,9,3,2,6
18031303,4,5,3,6,2
18031304,4,11,5,3,6
18031305,1,6,11,9,3
18031306,9,2,10,4,6
18031307,8,9,3,5,6
18031308,5,6,10,7,2
18031309,1,2,8,6,10
18031310,3,8,4,1,9
18031311,1,11,8,6,9
18031312,11,6,7,1,8
18031313,4,11,3,5,1
18031314,7,10,5,1,2
18031315,1,5,10,2,3
18031316,10,11,8,7,5
18031317,7,2,11,1,8
18031318,6,10,4,8,1
18031319,5,1,9,6,11
18031320,8,5,10,2,11
18031321,4,5,1,2,7
18031322,5,1,10,4,7
18031323,1,4,3,10,6
18031324,1,7,6,5,4
18031325,11,10,6,5,1
18031326,6,8,4,7,1
18031327,11,9,10,6,8
18031328,8,2,7,3,11
18031329,1,4,3,5,9
18031330,7,11,8,5,1
18031331,2,8,4,7,11
18031332,5,4,11,2,3
18031333,11,7,9,1,4
18031334,8,5,6,9,7
18031335,8,11,1,7,6
18031336,1,7,6,9,2
18031337,6,9,1,2,5
18031338,7,6,5,11,4
18031339,9,1,4,5,10
18031340,11,6,4,7,5
18031341,3,4,7,6,11
18031342,4,11,8,7,1
18031343,7,4,10,11,8
18031344,7,6,2,9,10
18031345,6,2,1,8,9
18031346,7,5,1,8,9
18031347,3,6,8,5,1
18031348,6,11,2,8,7
18031349,7,9,3,4,11
18031350,9,5,1,2,10
18031351,3,9,5,2,7
18031352,7,9,10,2,1
18031353,10,5,7,9,1
18031354,7,4,3,1,11
18031355,4,8,10,2,9
18031356,8,4,6,1,10
18031357,4,7,6,2,1
18031358,4,8,6,9,2
18031359,7,3,1,4,5
18031360,1,11,5,7,2
18031361,5,10,11,2,7
18031362,6,9,7,1,4
18031363,5,1,4,11,9
18031364,2,10,9,11,3
18031365,2,7,6,5,4
18031366,6,10,5,1,3
18031367,6,9,8,5,10
18031368,9,7,2,6,8
18031369,1,10,5,2,6
18031370,8,6,2,1,10
18031371,8,11,1,7,6
18031372,3,5,2,10,11
18031373,4,3,8,2,1
18031374,9,7,3,4,5
18031375,6,1,2,11,4
18031376,1,10,8,9,4
18031377,3,11,8,10,7
18031378,2,9,4,8,1
18031379,10,3,4,11,5
18031380,3,9,7,5,1
18031381,11,5,3,4,7
18031382,3,6,7,2,4
18031401,3,6,8,1,5
18031402,4,5,9,2,1
18031403,4,1,8,7,2
18031404,11,4,8,10,3
18031405,1,5,10,4,7
18031406,7,10,11,5,8
18031407,10,5,4,7,3
18031408,2,6,5,8,7
18031409,6,9,11,1,5
18031410,6,9,1,8,7
18031411,2,10,3,1,6
18031412,6,11,2,3,8
18031413,5,9,4,3,2
18031414,10,5,4,11,7
18031415,4,8,9,5,3
18031416,10,9,1,2,6
18031417,8,6,7,11,9
18031418,5,4,9,6,2
18031419,7,4,5,9,8
18031420,5,3,9,7,10
18031421,7,1,10,9,8
18031422,4,10,1,5,3
18031423,2,4,7,11,8
18031424,6,1,5,2,8
18031425,8,7,1,11,10
18031426,8,6,7,5,4
18031427,11,9,10,7,4
18031428,3,7,9,2,11
18031429,7,6,11,9,4
18031430,2,3,4,11,9
18031431,1,11,9,4,5
18031432,4,6,7,3,11
18031433,1,7,4,9,8
18031434,11,2,6,8,10
18031435,9,6,2,4,8
18031436,1,2,11,10,9
18031437,7,4,11,5,9
18031438,1,8,4,9,6
18031439,6,1,4,9,10
18031440,5,6,9,1,4
18031441,1,9,7,6,10
18031442,11,4,2,10,6
18031443,11,9,7,8,1
18031444,5,7,3,9,2
18031445,5,9,11,2,10
18031446,6,3,8,9,7
18031447,6,1,10,5,3
18031448,1,6,7,2,5
18031449,2,11,1,3,5
18031450,11,4,2,9,5
18031451,11,8,4,5,3
18031452,8,5,10,6,1
18031453,5,1,6,8,11
18031454,2,8,5,9,3
18031455,3,9,8,7,2
18031456,9,8,4,3,6
18031457,9,8,11,2,10
18031458,10,7,1,9,2
18031459,10,7,1,9,4
18031460,2,7,1,11,10
18031461,1,3,7,2,9
18031462,5,3,4,1,6
18031463,8,7,4,1,11
18031464,1,10,9,4,3
18031465,7,8,6,4,2
18031466,1,10,8,6,3
18031467,8,2,10,11,9
18031468,2,8,11,5,6
18031469,10,3,5,4,8
18031470,6,1,9,3,7
18031471,9,8,10,2,11
18031472,4,5,3,11,8
18031473,7,10,11,9,2
18031474,11,9,4,5,8
18031475,2,8,3,9,5
18031476,8,9,6,3,1
18031477,8,2,7,9,5
18031478,2,9,8,11,5
18031479,3,2,10,1,5
18031480,11,1,4,9,6
18031481,11,5,8,1,6
18031482,11,10,8,2,1
18031501,2,4,3,7,11
18031502,7,4,1,9,11
18031503,6,2,11,4,3
18031504,5,7,2,11,3
18031505,2,11,3,5,4
18031506,7,8,11,1,3
18031507,4,3,8,10,1
18031508,1,3,9,11,4
18031509,2,4,3,1,5
18031510,7,2,4,10,1
18031511,10,9,1,5,3
18031512,4,2,3,1,9
18031513,2,4,7,8,5
18031514,6,1,11,3,8
18031515,11,4,7,1,6
18031516,7,3,4,5,2
18031517,10,9,1,4,2
18031518,7,5,3,6,9
18031519,5,1,8,6,4
18031520,11,2,8,5,1
18031521,10,8,9,3,6
18031522,5,6,2,11,7
18031523,11,7,8,2,5
18031524,7,1,11,10,3
18031525,6,4,2,11,9
18031526,4,7,6,3,10
18031527,7,5,1,2,8
18031528,10,2,4,8,9
18031529,10,1,3,4,11
18031530,1,3,8,6,10
18031531,7,1,10,6,9
18031532,7,3,10,5,9
18031533,4,6,9,7,2
18031534,10,3,2,9,7
18031535,9,7,10,3,11
18031536,10,3,2,6,7
18031537,11,2,6,5,3
18031538,8,6,2,5,11
18031539,11,1,7,5,10
18031540,3,10,8,9,11
18031541,8,9,1,2,4
18031542,8,2,6,5,10
18031543,9,10,8,4,7
18031544,2,5,7,11,9
18031545,3,10,2,1,6
18031546,4,3,10,1,9
18031547,1,11,9,8,5
18031548,10,1,9,5,6
18031549,8,11,9,6,2
18031550,8,5,7,10,4
18031551,10,5,2,11,1
18031552,2,9,11,4,1
18031553,3,8,5,1,11
18031554,8,2,6,3,5
18031555,4,1,2,5,8
18031556,11,6,3,9,1
18031557,2,8,4,5,6
18031558,1,8,4,7,3
18031559,6,9,10,1,3
18031560,2,3,10,6,9
18031561,5,3,6,11,8
18031562,8,9,1,4,3
18031563,9,8,4,6,11
18031564,7,4,2,6,1
18031565,1,4,11,2,8
18031566,5,4,3,10,1
18031567,1,4,3,6,8
18031568,4,8,1,9,3
18031569,1,4,11,9,7
18031570,1,10,3,11,5
18031571,8,11,5,7,4
18031572,11,4,2,10,1
18031573,3,11,2,4,9
18031574,5,11,3,9,4
18031575,5,3,7,8,11
18031576,4,1,5,8,10
18031577,9,7,8,6,2
18031578,8,9,7,2,10
18031579,1,4,5,6,10
18031580,2,11,10,4,6
18031581,2,6,3,4,1
18031582,10,2,1,11,7
18031601,1,7,4,11,10
18031602,4,9,11,8,1
18031603,3,6,1,7,4
18031604,9,11,6,7,8
18031605,10,2,4,3,5
18031606,11,8,6,9,1
18031607,2,3,8,4,1
18031608,7,4,1,3,5
18031609,2,5,8,1,4
18031610,10,6,8,3,7
18031611,4,2,6,8,5
18031612,9,3,4,10,7
18031613,5,10,8,2,4
18031614,3,11,8,4,9
18031615,11,10,3,4,1
18031616,6,9,1,5,10
18031617,5,1,2,6,9
18031618,2,9,8,4,3
18031619,4,3,8,7,2
18031620,10,7,8,3,5
18031621,11,8,3,9,2
18031622,10,7,11,6,4
18031623,1,10,9,3,11
18031624,9,8,5,7,11
18031625,4,8,9,3,10
18031626,2,4,5,3,7
18031627,1,5,2,8,7
18031628,2,5,9,11,10
18031629,2,3,5,9,10
18031630,7,5,3,8,1
18031631,3,4,10,2,1
18031632,1,5,2,10,7
18031633,2,5,1,11,4
18031634,9,3,10,4,1
18031635,3,5,1,7,4
18031636,8,1,5,10,3
18031637,4,7,2,11,9
18031638,5,9,6,3,1
18031639,7,5,2,4,3
18031640,9,11,8,4,10
18031641,6,11,2,5,4
18031642,4,1,3,10,7
18031643,11,4,7,9,5
18031644,9,3,1,5,11
18031645,9,7,4,11,3
18031646,6,1,7,10,9
18031647,9,2,1,6,3
18031648,4,3,5,10,7
18031649,5,9,6,3,2
18031650,10,5,1,9,11
18031651,5,10,1,3,7
18031652,6,9,4,10,7
18031653,11,10,4,7,1
18031654,9,2,8,4,1
18031655,10,6,7,11,3
18031656,11,1,7,10,9
18031657,4,5,6,8,10
18031658,4,1,2,8,3
18031659,9,11,7,8,3
18031660,10,5,2,4,6
18031661,3,6,7,9,10
18031662,9,6,2,1,3
18031663,1,6,11,10,4
18031664,10,1,11,2,3
18031665,10,1,3,2,6
18031666,1,3,4,2,7
18031667,7,8,3,11,1
18031668,2,10,9,5,1
18031669,8,3,2,6,10
18031670,4,9,11,5,10
18031671,10,11,4,3,5
18031672,10,6,3,4,2
18031673,6,7,11,5,3
18031674,4,2,11,6,7
18031675,5,11,2,1,6
18031676,9,5,2,8,1
18031677,3,9,7,6,1
18031678,6,8,3,9,7
18031679,2,11,7,5,3
18031680,1,11,7,5,6
18031681,3,11,8,10,5
18031682,8,2,4,7,10
18031701,4,11,2,5,8
18031702,7,3,10,1,4
18031703,7,1,6,4,5
18031704,10,9,6,11,8
18031705,10,8,9,6,5
18031706,1,4,2,5,10
18031707,5,4,1,3,11
18031708,1,7,6,10,9
18031709,4,9,8,2,11
18031710,6,10,9,2,7
18031711,9,1,5,7,11
18031712,6,10,3,7,8
18031713,9,2,6,3,5
18031714,3,9,4,7,6
18031715,4,5,2,9,8
18031716,11,1,2,5,3
18031717,4,3,6,1,11
18031718,6,11,8,7,9
18031719,10,5,2,3,6
18031720,8,7,3,10,5
18031721,2,3,6,8,1
18031722,5,2,4,11,7
18031723,5,8,3,9,11
18031724,5,9,2,11,8
18031725,8,6,9,2,3
18031726,9,1,11,5,3
18031727,9,3,11,4,8
18031728,1,3,9,7,4
18031729,11,3,10,2,8
18031730,4,11,3,2,9
18031731,5,10,11,7,1
18031732,6,9,2,8,11
18031733,11,5,3,1,6
18031734,1,3,5,8,2
18031735,9,3,4,5,2
18031736,6,11,1,3,8
18031737,4,5,8,3,2
18031738,2,6,11,7,10
18031739,7,5,8,10,9
18031740,4,1,6,11,3
18031741,1,2,4,3,6
18031742,2,11,3,7,6
18031743,11,8,6,3,10
18031744,11,6,9,7,1
18031745,1,5,3,2,11
18031746,4,7,5,3,10
18031747,3,7,8,4,11
18031748,3,11,10,5,7
18031749,11,1,7,4,6
18031750,7,6,3,10,8
18031751,10,8,3,11,2
18031752,8,4,1,2,9
18031753,1,4,9,7,5
18031754,2,6,1,5,4
18031755,7,4,10,5,1
18031756,6,9,8,3,11
18031757,1,7,3,2,8
18031758,9,2,10,3,5
18031759,2,7,3,1,6
18031760,1,5,7,4,9
18031761,6,4,8,2,5
18031762,11,7,10,4,9
18031763,9,4,1,8,6
18031764,9,10,2,1,5
18031765,6,4,9,11,2
18031766,7,5,8,11,1
18031767,5,8,4,9,2
18031768,3,9,7,2,10
18031769,3,6,8,9,5
18031770,8,3,1,2,5
18031771,4,11,1,8,3
18031772,9,11,7,10,4
18031773,11,5,4,8,2
18031774,6,3,9,1,10
18031775,9,8,7,6,10
18031776,4,2,5,3,7
18031777,11,2,5,8,6
18031778,2,9,8,1,11
18031779,10,1,5,2,4
18031780,7,1,2,3,9
18031781,5,10,6,3,1
18031782,2,9,10,11,8
18031801,6,8,3,2,11
18031802,9,6,4,11,8
18031803,1,7,3,8,9
18031804,7,8,1,5,2
18031805,6,9,4,5,3
18031806,4,7,10,5,11
18031807,10,1,9,2,8
18031808,7,8,3,5,9
18031809,6,9,1,5,2
18031810,3,2,4,9,10
18031811,9,6,1,3,5
18031812,8,10,2,11,7
18031813,4,2,11,9,6
18031814,11,1,9,4,10
18031815,2,4,8,9,11
18031816,9,11,1,2,7
18031817,9,7,4,6,3
18031818,1,4,11,3,6
18031819,11,2,4,1,6
18031820,10,2,7,4,3
18031821,3,4,11,5,10
18031822,11,9,5,8,6
18031823,1,4,7,11,5
18031824,4,3,5,7,10
18031825,10,5,11,7,1
18031826,1,6,9,2,4
18031827,11,10,3,7,1
18031828,3,10,1,7,8
18031829,1,4,5,8,6
18031830,8,5,2,4,9
18031831,4,5,9,6,3
18031832,7,8,1,2,5
18031833,5,11,4,7,10
18031834,11,10,1,3,4
18031835,5,11,4,6,8
18031836,9,10,7,4,5
18031837,1,9,2,6,5
18031838,2,8,7,3,1
18031839,9,2,10,1,3
18031840,11,5,1,3,2
18031841,9,6,3,8,7
18031842,6,9,3,5,10
18031843,10,3,1,11,9
18031844,4,7,11,2,1
18031845,7,1,11,8,5
18031846,4,3,11,9,2
18031847,11,7,1,8,2
18031848,4,2,7,3,11
18031849,1,7,8,10,2
18031850,6,7,9,2,5
18031851,2,3,6,1,8
18031852,7,1,9,3,2
18031853,4,2,7,3,9
18031854,5,8,10,6,9
18031855,4,9,11,5,8
18031856,5,1,11,4,10
18031857,6,2,7,8,9
18031858,8,5,6,3,9
18031859,2,11,1,4,9
18031860,11,7,5,10,8
18031861,5,4,10,11,8
18031862,10,3,5,8,1
18031863,11,8,1,3,9
18031864,1,3,11,4,10
18031865,4,10,9,3,1
18031866,2,5,6,3,11
18031867,11,2,7,8,6
18031868,3,6,2,11,1
18031869,2,9,4,7,3
18031870,11,10,2,8,7
18031871,6,8,2,7,5
18031872,8,10,2,5,9
18031873,11,4,1,3,6
18031874,10,4,3,1,11
18031875,1,4,9,7,5
18031876,7,5,8,11,2
18031877,6,7,2,9,11
18031878,10,3,5,6,1
18031879,10,3,7,5,2
18031880,11,3,2,7,5
18031881,3,2,8,10,4
18031882,8,11,10,5,7
18031901,6,9,11,5,2
18031902,1,10,5,9,8
18031903,8,6,11,3,10
18031904,1,4,6,7,8
18031905,6,7,8,10,1
18031906,10,5,6,3,7
18031907,2,3,8,7,11
18031908,11,4,1,5,7
18031909,1,3,11,4,7
18031910,5,10,8,4,6
18031911,5,4,2,6,11
18031912,4,3,8,6,9
18031913,6,7,4,5,1
18031914,11,5,9,8,10
18031915,2,8,7,4,6
18031916,3,1,8,6,7
18031917,6,1,5,7,8
18031918,9,10,3,5,1
18031919,9,10,1,6,11
18031920,7,8,1,4,11
18031921,10,6,5,4,8
18031922,9,7,6,1,5
18031923,9,11,3,4,10
18031924,5,8,9,7,2
18031925,1,3,8,7,4
18031926,9,8,5,7,2
18031927,5,3,11,6,10
18031928,11,3,8,1,6
18031929,8,4,2,1,9
18031930,1,4,6,5,9
18031931,8,1,4,11,10
18031932,11,4,9,7,6
18031933,11,3,5,10,1
18031934,5,3,11,9,1
18031935,1,11,4,10,3
18031936,6,2,3,4,1
18031937,11,3,6,7,9
18031938,6,7,3,10,9
18031939,2,3,9,8,11
18031940,9,3,5,8,2
18031941,4,6,5,11,1
18031942,6,10,3,9,7
18031943,4,7,6,8,9
18031944,11,3,2,7,9
18031945,10,4,11,9,1
18031946,4,6,3,5,2
18031947,2,1,4,7,6
18031948,3,7,5,10,9
18031949,3,1,11,2,6
18031950,9,7,3,2,8
18031951,1,11,9,10,3
18031952,1,9,8,2,11
18031953,10,8,2,3,4
18031954,1,6,3,8,10
18031955,11,8,2,5,1
18031956,11,5,6,1,4
18031957,2,11,10,4,7
18031958,9,7,8,4,2
18031959,8,3,4,11,9
18031960,2,3,11,1,9
18031961,3,10,4,7,8
18031962,7,9,6,4,11
18031963,3,11,2,1,5
18031964,9,6,7,5,1
18031965,5,1,3,8,4
18031966,6,10,7,11,8
18031967,9,2,3,10,8
18031968,3,11,8,1,2
18031969,3,9,1,7,8
18031970,2,4,3,10,5
18031971,4,7,10,1,9
18031972,8,10,3,4,2
18031973,6,8,4,3,2
18031974,7,6,2,9,5
18031975,4,9,10,1,5
18031976,10,11,6,5,7
18031977,3,9,10,8,5
18031978,8,7,11,9,6
18031979,2,3,11,4,5
18031980,3,2,7,10,1
18031981,9,1,10,3,7
18031982,2,3,5,1,6
18032001,9,11,8,7,10
18032002,2,5,8,4,10
18032003,1,5,8,11,3
18032004,8,5,4,10,3
18032005,8,1,2,6,3
18032006,4,7,5,8,11
18032007,6,10,5,3,2
18032008,11,8,10,3,6
18032009,5,7,1,4,11
18032010,11,5,10,1,6
18032011,1,7,9,10,5
18032012,6,9,10,5,1
18032013,5,7,8,4,2
18032014,1,5,2,8,10
18032015,3,2,11,5,10
18032016,9,3,7,1,11
18032017,10,6,11,7,9
18032018,9,10,11,8,2
18032019,4,5,2,3,7
18032020,5,7,4,8,1
18032021,3,6,7,5,9
18032022,10,6,9,5,4
18032023,1,8,7,11,9
18032024,10,11,2,6,8
18032025,10,5,3,9,6
18032026,5,8,3,10,9
18032027,11,2,6,4,7
18032028,2,4,8,7,1
18032029,3,11,10,6,5
18032030,7,11,9,6,10
18032031,2,7,9,3,8
18032032,1,8,11,2,3
18032033,7,2,3,9,4
18032034,10,8,2,11,9
18032035,7,10,9,5,6
18032036,7,6,8,4,11
18032037,8,3,5,2,7
18032038,5,7,6,3,8
18032039,10,11,8,5,6
18032040,2,9,10,6,7
18032041,10,7,8,2,11
18032042,3,9,1,2,8
18032043,7,8,11,10,9
18032044,2,11,3,6,1
18032045,2,6,1,8,11
18032046,1,8,9,10,4
18032047,9,5,8,4,3
18032048,1,8,7,6,9
18032049,11,5,8,1,6
18032050,2,6,9,4,3
18032051,10,3,9,8,5
18032052,10,7,1,11,2
18032053,1,8,2,7,10
18032054,4,8,11,1,6
18032055,9,1,5,11,10
18032056,4,1,10,2,6
18032057,3,2,9,5,4
18032058,4,1,9,11,3
18032059,4,2,7,10,1
18032060,4,10,6,3,11
18032061,8,10,5,2,1
18032062,10,6,8,5,9
18032063,7,4,1,10,8
18032064,10,9,5,7,3
18032065,7,5,8,4,10
18032066,1,3,5,6,4
18032067,9,7,4,2,8
18032068,2,4,1,6,3
18032069,9,8,11,5,6
18032070,5,1,4,2,8
18032071,8,7,4,3,2
18032072,2,8,1,10,3
18032073,2,11,10,3,7
18032074,6,2,1,7,3
18032075,6,10,9,4,2
18032076,9,11,5,2,1
18032077,2,8,9,7,10
18032078,1,10,6,11,2
18032079,9,6,1,10,7
18032080,10,6,1,4,3
18032081,8,11,6,10,9
18032082,1,9,4,2,11
18032101,4,8,9,11,3
18032102,1,4,7,8,11
18032103,9,2,6,10,8
18032104,3,9,4,8,5
18032105,8,5,7,3,4
18032106,1,9,5,10,8
18032107,1,2,7,9,6
18032108,1,11,10,7,5
18032109,6,10,11,7,9
18032110,5,4,9,8,6
18032111,3,5,9,2,1
18032112,5,2,6,3,1
18032113,9,4,6,10,1
18032114,7,9,4,11,3
18032115,10,1,3,7,11
18032116,9,2,1,4,8
18032117,4,6,10,8,5
18032118,8,3,5,2,10
18032119,6,7,1,4,8
18032120,3,11,1,4,10
18032121,1,7,2,9,11
18032122,7,11,3,5,6
18032123,3,8,4,11,5
18032124,1,10,3,7,2
18032125,7,6,1,10,4
18032126,6,11,7,9,8
18032127,11,6,9,10,4
18032128,11,7,3,9,6
18032129,5,11,7,9,3
18032130,10,8,9,3,4
18032131,5,3,6,1,10
18032132,3,6,9,10,7
18032133,5,7,9,8,6
18032134,8,2,9,5,11
18032135,1,6,9,7,8
18032136,5,11,7,6,9
18032137,9,11,4,10,1
18032138,6,10,1,9,4
18032139,3,10,7,1,2
18032140,3,2,4,6,5
18032141,5,2,1,8,3
18032142,9,3,7,4,10
18032143,4,7,9,5,10
18032144,8,1,3,6,2
18032145,10,4,6,2,5
18032146,4,9,11,10,5
18032147,5,1,9,8,4
18032148,3,7,4,11,6
18032149,9,11,7,6,4
18032150,8,7,11,9,1
18032151,8,3,7,2,9
18032152,6,3,10,2,11
18032153,10,11,4,8,3
18032154,5,11,10,6,1
18032155,9,7,6,8,10
18032156,5,7,10,3,9
18032157,4,6,3,1,9
18032158,11,5,6,8,3
18032159,9,11,8,1,10
18032160,7,5,1,2,4
18032161,7,10,6,4,3
18032162,7,8,4,2,3
18032163,5,11,10,8,6
18032164,5,3,4,6,9
18032165,8,6,10,5,7
18032166,11,8,4,1,2
18032167,1,4,7,5,11
18032168,10,2,3,4,6
18032169,6,10,3,1,5
18032170,2,3,4,8,5
18032171,8,7,3,4,10
18032172,10,9,2,5,7
18032173,6,4,3,2,7
18032174,10,8,3,4,1
18032175,7,9,10,8,1
18032176,3,7,9,1,5
18032177,6,9,3,4,7
18032178,10,7,2,5,11
18032179,4,6,2,11,5
18032180,9,6,3,4,1
18032181,4,11,3,8,6
18032182,7,10,6,1,3
18032201,9,11,3,4,1
18032202,1,3,5,4,7
18032203,9,4,3,7,2
18032204,1,8,9,7,3
18032205,5,9,1,6,3
18032206,7,9,8,2,6
18032207,3,5,7,9,6
18032208,9,10,7,2,4
18032209,1,10,11,8,2
18032210,4,5,8,7,9
18032211,1,10,7,4,9
18032212,4,1,3,9,10
18032213,9,8,6,1,10
18032214,10,7,1,3,11
18032215,2,10,1,8,9
18032216,10,11,6,1,9
18032217,9,10,5,4,7
18032218,2,6,8,10,7
18032219,11,3,7,5,10
18032220,7,4,11,3,10
18032221,7,6,9,10,4
18032222,4,3,5,2,6
18032223,5,6,7,11,3
18032224,6,1,10,9,11
18032225,6,8,9,3,11
18032226,2,11,6,10,8
18032227,5,9,6,2,11
18032228,9,5,10,8,6
18032229,4,11,1,7,9
18032230,11,5,8,10,3
18032231,7,5,6,8,11
18032232,7,8,5,11,4
18032233,8,9,2,5,11
18032234,4,10,1,5,8
18032235,5,9,8,2,7
18032236,5,2,11,9,7
18032237,4,1,2,9,5
18032238,1,4,10,3,9
18032239,1,2,10,5,3
18032240,3,9,11,1,10
18032241,10,1,4,2,11
18032242,7,4,3,5,6
18032243,7,5,10,3,2
18032244,7,11,9,10,1
18032245,7,10,8,2,6
18032246,3,9,5,4,11
18032247,6,5,1,8,11
18032248,6,1,5,7,3
18032249,1,7,6,9,8
18032250,8,6,5,2,7
18032251,1,11,10,7,8
18032252,2,3,1,7,5
18032253,9,3,4,11,8
18032254,7,8,2,10,3
18032255,7,8,5,10,3
18032256,7,9,3,10,4
18032257,11,4,9,5,7
18032258,1,8,5,3,6
18032259,1,6,7,8,2
18032260,5,8,2,6,11
18032261,2,4,6,9,1
18032262,6,2,8,9,1
18032263,10,8,1,9,5
18032264,7,8,9,5,11
18032265,1,5,7,10,3
18032266,1,7,2,8,5
18032267,11,1,5,4,10
18032268,2,10,1,11,6
18032269,8,1,4,5,11
18032270,8,11,7,5,10
18032271,7,6,2,3,10
18032272,8,11,5,10,9
18032273,8,5,2,6,7
18032274,11,5,8,10,6
18032275,9,5,4,7,6
18032276,5,2,3,7,1
18032277,7,4,6,11,5
18032278,1,10,4,7,8
18032279,8,11,7,9,3
18032280,4,1,8,7,3
18032281,6,11,10,9,4
18032282,1,4,2,9,8
18032301,11,7,3,2,5
18032302,1,10,4,9,8
18032303,3,4,5,10,11
18032304,2,9,5,3,6
18032305,2,9,8,6,11
18032306,10,6,8,11,5
18032307,4,5,11,9,6
18032308,11,7,4,2,9
18032309,1,5,6,8,9
18032310,8,6,7,3,5
18032311,9,7,8,2,11
18032312,11,6,7,8,9
18032313,10,5,3,2,1
18032314,11,4,9,8,3
18032315,10,4,1,8,9
18032316,10,8,4,6,7
18032317,8,1,7,5,9
18032318,1,6,5,3,4
18032319,5,10,9,7,1
18032320,3,5,6,4,1
18032321,9,8,2,1,4
18032322,2,1,6,5,10
18032323,2,7,11,6,4
18032324,11,10,6,1,3
18032325,3,1,6,11,10
18032326,10,3,5,11,2
18032327,6,7,10,8,9
18032328,1,7,9,4,5
18032329,3,2,5,8,9
18032330,9,5,3,11,8
18032331,6,11,3,7,8
18032332,7,4,1,10,5
18032333,8,1,2,6,4
18032334,5,3,8,2,7
18032335,1,4,3,9,7
18032336,1,5,2,7,9
18032337,10,4,9,6,7
18032338,1,5,2,6,8
18032339,10,6,1,9,3
18032340,10,1,8,11,3
18032341,5,1,3,6,10
18032342,8,7,5,11,6
18032343,3,5,1,11,7
18032344,2,9,8,1,10
18032345,6,2,9,4,7
18032346,6,9,5,8,3
18032347,5,6,8,9,10
18032348,1,4,6,7,9
18032349,1,2,3,11,7
18032350,6,9,8,10,1
18032351,1,4,3,7,8
18032352,2,9,3,11,1
18032353,4,9,7,10,8
18032354,7,11,1,3,8
18032355,2,7,8,3,1
18032356,1,2,8,9,10
18032357,7,5,8,6,4
18032358,3,2,11,9,4
18032359,8,6,11,4,3
18032360,7,10,2,8,3
18032361,6,1,9,5,4
18032362,8,4,6,10,9
18032363,9,7,6,11,4
18032364,1,6,4,8,11
18032365,6,11,8,10,4
18032366,4,8,3,11,9
18032367,3,8,1,10,11
18032368,7,6,2,10,11
18032369,4,10,7,11,5
18032370,4,7,3,5,10
18032371,8,11,6,2,9
18032372,1,2,6,11,4
18032373,2,10,3,8,9
18032374,1,5,3,9,6
18032375,5,6,11,10,4
18032376,1,9,8,11,4
18032377,3,8,9,7,1
18032378,3,5,7,6,10
18032379,11,4,3,5,10
18032380,2,11,4,1,9
18032381,2,9,7,11,6
18032382,9,1,8,11,2
18032401,7,3,8,5,10
18032402,1,8,6,11,7
18032403,10,6,5,8,7
18032404,8,3,9,5,4
18032405,9,11,6,10,4
18032406,10,5,1,11,7
18032407,5,7,1,9,4
18032408,9,6,11,2,1
18032409,11,4,5,10,7
18032410,8,6,4,5,11
18032411,7,11,6,5,4
18032412,4,2,7,11,6
18032413,2,1,8,9,3
18032414,1,9,7,6,11
18032415,4,10,5,6,8
18032416,9,3,4,11,1
18032417,10,9,11,8,6
18032418,9,2,3,11,8
18032419,7,11,1,5,10
18032420,5,2,10,7,9
18032421,6,4,10,8,3
18032422,6,1,9,11,3
18032423,1,6,5,2,9
18032424,11,4,1,9,10
18032425,4,8,11,10,1
18032426,8,11,10,4,2
18032427,9,8,1,2,11
18032428,1,6,9,5,7
18032429,8,10,2,3,9
18032430,6,3,1,7,5
18032431,3,1,9,5,6
18032432,11,6,3,1,2
18032433,1,7,8,2,11
18032434,11,5,8,2,6
18032435,4,11,8,6,5
18032436,10,3,1,11,7
18032437,11,1,8,2,3
18032438,10,11,8,3,7
18032439,1,5,10,4,11
18032440,8,11,9,7,10
18032441,10,5,8,3,2
18032442,7,6,9,3,11
18032443,6,4,7,2,5
18032444,1,5,11,9,3
18032445,8,5,4,9,1
18032446,9,8,2,11,4
18032447,10,8,5,6,11
18032448,1,8,10,11,9
18032449,11,8,3,6,7
18032450,1,3,8,6,10
18032451,1,7,4,10,3
18032452,10,3,4,5,1
18032453,10,3,11,1,6
18032454,10,9,3,7,2
18032455,6,4,1,2,5
18032456,4,11,1,6,5
18032457,2,6,10,4,3
18032458,10,8,7,9,4
18032459,6,1,5,4,2
18032460,1,3,11,6,5
18032461,6,2,3,11,9
18032462,3,7,2,10,4
18032463,3,6,5,1,10
18032464,2,9,10,8,5
18032465,8,4,1,2,9
18032466,5,2,7,6,1
18032467,9,1,6,11,10
18032468,5,10,11,7,4
18032469,3,7,9,5,10
18032470,8,9,6,11,1
18032471,3,11,1,7,10
18032472,2,8,7,5,11
18032473,10,6,2,4,7
18032474,9,4,8,11,5
18032475,6,8,2,5,9
18032476,7,1,8,4,10
18032477,2,11,3,10,8
18032478,3,5,7,2,6
18032479,7,1,6,9,5
18032480,2,5,11,4,7
18032481,5,7,4,3,9
18032482,10,7,4,11,1
18032501,5,10,4,8,6
18032502,6,4,2,5,11
18032503,5,11,7,1,2
18032504,3,5,10,9,1
18032505,2,10,11,7,1
18032506,1,2,4,7,6
18032507,10,9,3,7,5
18032508,3,5,1,11,4
18032509,4,5,6,8,3
18032510,3,9,6,8,4
18032511,5,4,9,10,2
18032512,3,9,11,10,6
18032513,7,10,4,3,11
18032514,2,4,10,11,5
18032515,11,7,1,10,3
18032516,2,11,6,8,3
18032517,1,5,10,4,3
18032518,1,10,6,3,4
18032519,7,5,3,10,9
18032520,1,9,4,11,5
18032521,3,9,11,2,5
18032522,8,7,6,2,4
18032523,6,11,8,2,4
18032524,1,7,8,4,6
18032525,10,5,11,2,7
18032526,5,7,11,9,8
18032527,1,8,11,5,3
18032528,5,4,9,2,11
18032529,11,1,5,4,3
18032530,11,5,10,7,3
18032531,6,9,1,5,11
18032532,2,6,11,1,10
18032533,8,4,7,2,5
18032534,11,6,8,4,1
18032535,4,8,6,5,11
18032536,8,6,3,11,7
18032537,8,10,7,11,2
18032538,3,2,9,6,11
18032539,11,4,3,7,10
18032540,3,5,6,8,10
18032541,7,2,9,10,3
18032542,8,11,3,2,1
18032543,5,3,7,1,9
18032544,1,7,2,9,5
18032545,2,8,3,1,5
18032546,8,5,9,1,7
18032547,6,7,2,9,8
18032548,7,8,2,3,11
18032549,11,5,6,4,2
18032550,6,1,7,4,8
18032551,1,10,7,11,2
18032552,10,6,8,3,1
18032553,1,4,7,10,6
18032554,8,11,2,6,1
18032555,8,5,7,3,2
18032556,3,10,9,4,2
18032557,8,6,11,2,9
18032558,6,2,10,11,4
18032559,11,9,1,7,3
18032560,5,9,11,8,10
18032561,9,2,10,1,8
18032562,7,4,2,3,1
18032563,7,3,10,11,6
18032564,6,3,9,10,5
18032565,9,4,11,6,8
18032566,2,4,7,3,1
18032567,1,5,11,3,2
18032568,11,7,8,2,6
18032569,7,1,10,5,9
18032570,7,5,4,11,9
18032571,2,7,4,3,8
18032572,3,10,11,7,6
18032573,2,9,3,10,7
18032574,11,5,9,8,1
18032575,1,11,7,9,8
18032576,3,4,2,10,5
18032577,10,4,9,2,8
18032578,5,7,2,4,11
18032579,1,4,5,7,8
18032580,5,6,3,11,9
18032581,11,4,2,10,7
18032582,10,3,9,7,1
18032601,2,8,11,4,6
18032602,7,1,9,5,3
18032603,1,10,5,3,8
18032604,1,8,2,7,4
18032605,6,9,7,3,2
18032606,9,8,1,11,2
18032607,5,1,7,4,10
18032608,3,4,2,5,11
18032609,11,8,4,7,1
18032610,2,8,10,6,3
18032611,9,8,4,10,2
18032612,4,1,11,3,9
18032613,2,8,6,4,9
18032614,2,9,7,11,4
18032615,11,8,2,3,4
18032616,9,6,2,3,1
18032617,6,10,11,4,2
18032618,2,5,7,9,11
18032619,3,6,2,7,9
18032620,7,8,4,1,9
18032621,4,11,8,10,7
18032622,2,8,9,4,1
18032623,9,3,5,7,4
18032624,2,8,5,3,6
18032625,4,8,7,3,6
18032626,4,11,6,10,2
18032627,3,2,1,9,6
18032628,8,6,3,5,9
18032629,2,11,1,4,9
18032630,2,11,1,8,9
18032631,10,11,7,8,4
18032632,11,7,5,1,8
18032633,6,2,8,10,3
18032634,6,10,4,1,2
18032635,3,9,8,5,7
18032636,8,2,5,3,4
18032637,3,7,10,1,4
18032638,2,11,4,9,3
18032639,1,6,10,11,2
18032640,6,10,4,2,7
18032641,5,7,10,2,8
18032642,6,1,8,3,10
18032643,5,2,3,1,6
18032644,6,7,2,11,1
18032645,1,2,8,9,5
18032646,4,11,9,6,7
18032647,7,3,10,11,9
18032648,9,10,4,7,5
18032649,11,8,7,10,6
18032650,9,6,5,10,8
18032651,8,6,2,11,7
18032652,4,1,10,7,9
18032653,4,7,6,11,9
18032654,10,6,1,11,2
18032655,6,2,5,9,4
18032656,9,4,7,8,2
18032657,7,3,10,4,6
18032658,1,11,7,10,8
18032659,1,4,10,5,3
18032660,2,11,5,3,7
18032661,6,11,10,4,3
18032662,3,5,10,9,2
18032663,7,5,3,4,11
18032664,9,6,10,2,11
18032665,7,5,10,8,2
18032666,8,9,2,1,5
18032667,4,8,5,10,7
18032668,3,7,11,8,5
18032669,7,3,5,6,9
18032670,8,4,10,6,11
18032671,2,5,1,4,3
18032672,8,6,7,1,4
18032673,8,3,10,1,7
18032674,1,11,3,8,10
18032675,9,4,5,3,8
18032676,8,5,2,6,11
18032677,3,9,4,2,11
18032678,9,5,4,2,8
18032679,10,11,6,2,9
18032680,7,9,2,4,6
18032681,11,3,9,4,8
18032682,7,3,5,11,9
18032701,5,11,9,7,1
18032702,8,11,4,10,3
18032703,8,3,10,9,2
18032704,2,10,8,1,11
18032705,2,7,11,10,4
18032706,1,4,3,10,6
18032707,7,10,4,1,8
18032708,10,5,8,1,11
18032709,11,4,3,5,7
18032710,5,8,2,9,1
18032711,9,8,5,11,10
18032712,11,3,4,5,9
18032713,10,6,9,8,5
18032714,10,6,4,8,11
18032715,11,10,5,8,2
18032716,4,3,8,9,7
18032717,9,6,5,11,10
18032718,5,10,4,1,7
18032719,7,5,11,8,9
18032720,7,8,5,3,6
18032721,1,11,8,2,7
18032722,10,8,6,3,11
18032723,9,10,1,6,7
18032724,6,4,7,1,8
18032725,8,3,1,5,2
18032726,7,10,2,5,1
18032727,1,10,8,7,4
18032728,4,7,8,10,6
18032729,10,4,1,2,5
18032730,1,9,5,4,6
18032731,4,9,10,11,1
18032732,11,8,3,2,10
18032733,2,7,8,10,1
18032734,5,8,6,3,7
18032735,3,7,11,10,6
18032736,8,6,4,3,11
18032737,2,10,9,1,4
18032738,1,11,2,6,10
18032739,10,9,8,5,2
18032740,4,1,9,3,7
18032741,2,4,3,6,10
18032742,1,10,2,3,5
18032743,4,5,2,7,9
18032744,3,7,1,4,6
18032745,10,7,2,9,8
18032746,6,4,2,3,8
18032747,7,6,1,2,10
18032748,4,3,7,5,10
18032749,2,5,7,11,9
18032750,6,9,3,8,4
18032751,4,7,8,10,11
18032752,8,3,2,5,1
18032753,5,2,9,3,4
18032754,7,11,1,5,8
18032755,11,3,10,1,6
18032756,5,1,7,4,8
18032757,5,3,8,2,10
18032758,5,6,1,9,2
18032759,5,8,2,7,11
18032760,1,7,5,9,10
18032761,8,11,9,5,6
18032762,5,8,1,11,6
18032763,3,4,9,5,11
18032764,9,11,5,3,4
18032765,5,2,4,7,3
18032766,4,3,8,6,1
18032767,1,10,6,4,8
18032768,10,9,6,3,5
18032769,6,4,5,1,2
18032770,6,11,4,2,1
18032771,8,4,3,1,9
18032772,10,11,1,7,4
18032773,5,11,4,2,10
18032774,8,5,6,11,9
18032775,7,2,1,5,9
18032776,3,10,7,2,6
18032777,9,11,8,5,4
18032778,10,11,9,6,2
18032779,2,9,8,4,6
18032780,2,11,10,1,3
18032781,2,10,9,3,11
18032782,6,5,1,10,2
18032801,1,11,4,10,6
18032802,1,11,9,7,3
18032803,2,11,4,6,1
18032804,11,7,5,2,1
18032805,3,6,5,7,8
18032806,8,9,2,1,4
18032807,3,2,10,5,7
18032808,11,10,8,9,4
18032809,8,6,4,3,10
18032810,2,6,4,9,3
18032811,9,10,6,1,8
18032812,3,2,4,1,9
18032813,4,8,11,1,7
18032814,9,8,4,6,1
18032815,5,6,4,9,1
18032816,7,2,8,10,4
18032817,9,8,2,6,5
18032818,1,11,2,5,9
18032819,5,9,4,3,11
18032820,10,1,2,7,9
18032821,10,11,8,7,4
18032822,4,1,5,2,3
18032823,8,7,3,11,2
18032824,6,3,2,11,10
18032825,8,5,9,7,2
18032826,4,9,11,3,8
18032827,3,2,9,4,5
18032828,11,5,7,6,10
18032829,7,5,11,6,1
18032830,7,9,6,10,5
18032831,6,4,3,9,5
18032832,8,4,7,1,10
18032833,5,8,9,3,4
18032834,9,4,11,10,6
18032835,6,2,5,8,1
18032836,3,5,4,10,9
18032837,5,6,7,10,4
18032838,7,4,6,11,2
18032839,8,9,10,11,7
18032840,11,3,10,7,8
18032841,3,10,8,1,2
18032842,10,8,5,11,1
18032843,4,3,6,10,9
18032844,8,10,5,4,6
18032845,10,3,9,2,11
18032846,3,1,6,11,8
18032847,6,3,4,9,11
18032848,6,10,8,4,1
18032849,4,6,1,8,10
18032850,2,11,3,4,5
18032851,8,2,5,6,7
18032852,5,4,9,8,6
18032853,3,1,7,10,5
18032854,4,9,10,2,6
18032855,8,4,9,2,7
18032856,2,7,6,10,4
18032857,10,6,7,4,1
18032858,3,2,8,5,4
18032859,3,6,4,5,10
18032860,6,3,2,1,8
18032861,3,5,4,6,9
18032862,8,10,4,3,9
18032863,10,3,2,7,5
18032864,3,1,2,4,9
18032865,10,9,6,5,3
18032866,10,3,5,9,4
18032867,11,7,8,1,6
18032868,10,6,2,9,4
18032869,1,5,7,9,11
18032870,4,6,10,5,8
18032871,7,4,8,5,6
18032872,6,7,1,5,2
18032873,11,9,8,2,1
18032874,3,2,6,7,4
18032875,6,7,10,9,1
18032876,9,8,4,7,2
18032877,6,11,3,8,5
18032878,1,3,10,8,4
18032879,7,11,1,6,3
18032880,3,2,1,5,10
18032881,8,4,2,3,5
18032882,1,2,9,7,3
18032901,4,10,5,1,11
18032902,11,6,8,3,4
18032903,1,6,8,7,3
18032904,4,2,10,7,11
18032905,1,8,9,10,7
18032906,4,2,6,9,10
18032907,7,6,10,3,11
18032908,9,5,8,10,1
18032909,3,8,9,1,7
18032910,10,9,11,2,4
18032911,7,4,2,3,5
18032912,5,9,6,1,10
18032913,4,6,5,8,9
18032914,9,5,8,1,4
18032915,6,7,3,11,4
18032916,8,2,1,9,6
18032917,10,7,5,1,3
18032918,11,3,10,6,1
18032919,6,7,9,1,8
18032920,7,8,9,10,3
18032921,9,6,8,2,7
18032922,8,2,5,10,1
18032923,9,2,10,8,3
18032924,11,7,3,5,10
18032925,9,8,1,10,11
18032926,11,3,10,8,9
18032927,2,7,4,6,5
18032928,6,1,11,8,9
18032929,3,1,5,9,10
18032930,2,7,6,11,9
18032931,2,9,7,3,5
18032932,7,9,11,10,1
18032933,3,9,4,11,6
18032934,9,11,10,3,2
18032935,3,8,1,11,6
18032936,10,1,4,5,7
18032937,5,3,1,6,4
18032938,3,4,9,2,5
18032939,5,7,2,11,1
18032940,5,7,11,1,2
18032941,1,6,4,8,10
18032942,2,6,5,1,9
18032943,5,11,4,8,3
18032944,4,10,5,8,9
18032945,7,5,11,4,2
18032946,9,7,2,10,11
18032947,10,6,3,2,11
18032948,8,4,5,7,10
18032949,5,2,10,7,3
18032950,10,7,11,9,5
18032951,2,9,5,11,4
18032952,8,5,9,7,3
18032953,11,3,5,1,4
18032954,9,4,7,3,11
18032955,6,2,8,7,3
18032956,4,11,8,2,5
18032957,7,3,1,10,4
18032958,11,2,8,9,3
18032959,11,2,6,3,10
18032960,7,5,4,10,6
18032961,6,7,3,5,8
18032962,2,8,5,9,1
18032963,8,5,7,10,3
18032964,10,11,3,8,1
18032965,4,6,11,8,1
18032966,2,3,8,11,7
18032967,5,7,2,11,3
18032968,6,2,11,5,4
18032969,11,2,1,10,7
18032970,10,8,4,5,11
18032971,3,1,11,2,8
18032972,5,7,10,8,3
18032973,6,2,10,7,1
18032974,11,3,10,6,7
18032975,5,10,8,1,4
18032976,5,9,4,3,10
18032977,6,10,11,2,9
18032978,5,10,11,1,3
18032979,10,1,2,8,5
18032980,2,5,3,4,9
18032981,7,11,6,8,3
18032982,4,3,2,1,7
18033001,8,11,10,7,2
18033002,11,2,1,8,3
18033003,6,9,10,2,3
18033004,3,7,9,1,11
18033005,3,6,11,8,9
18033006,7,4,3,10,2
18033007,1,7,2,3,10
18033008,4,6,1,2,5
18033009,3,1,5,4,7
18033010,2,7,1,4,8
18033011,1,5,7,8,4
18033012,9,3,5,10,11
18033013,11,10,9,1,6
18033014,10,5,3,6,4
18033015,9,11,5,6,7
18033016,10,1,8,2,11
18033017,5,2,11,1,4
18033018,7,3,9,6,5
18033019,7,2,3,6,9
18033020,1,2,5,3,10
18033021,4,3,6,5,11
18033022,5,4,6,9,1
18033023,11,2,1,5,6
18033024,7,2,1,9,10
18033025,1,10,4,5,7
18033026,5,4,10,7,2
18033027,10,1,6,9,2
18033028,6,10,1,9,2
18033029,1,10,9,11,4
18033030,10,11,5,3,9
18033031,1,4,3,10,2
18033032,9,6,8,11,7
18033033,8,2,10,5,1
18033034,6,10,5,4,2
18033035,11,6,10,5,3
18033036,11,6,3,10,4
18033037,2,4,5,7,3
18033038,8,9,3,1,7
18033039,1,2,10,3,4
18033040,7,11,10,5,4
18033041,6,10,9,1,5
18033042,10,2,3,6,7
18033043,6,5,10,4,7
18033044,11,7,6,2,8
18033045,3,9,4,10,8
18033046,4,3,7,1,9
18033047,5,6,1,7,3
18033048,9,6,5,11,8
18033049,2,5,1,9,4
18033050,2,5,6,10,9
18033051,2,1,3,7,5
18033052,5,4,3,2,9
18033053,1,6,3,5,8
18033054,7,6,1,3,4
18033055,2,1,3,6,11
18033056,11,1,4,9,10
18033057,3,10,4,7,9
18033058,7,1,5,3,9
18033059,4,6,10,11,1
18033060,8,2,4,11,10
18033061,11,5,9,10,1
18033062,8,1,11,4,9
18033063,1,5,3,2,6
18033064,11,6,3,7,9
18033065,11,5,9,3,7
18033066,7,8,10,5,9
18033067,6,10,8,4,1
18033068,1,8,11,6,5
18033069,11,10,9,8,5
18033070,7,3,2,6,10
18033071,7,9,1,5,6
18033072,10,8,3,6,11
18033073,11,10,2,4,1
18033074,6,9,1,4,8
18033075,6,3,5,8,1
18033076,3,10,1,6,9
18033077,4,1,5,10,9
18033078,5,2,1,7,8
18033079,5,10,2,8,9
18033080,1,7,11,10,5
18033081,5,3,8,7,6
18033082,7,10,1,5,6
18033101,7,8,9,10,1
18033102,10,2,9,1,6
18033103,8,9,11,2,7
18033104,5,11,3,9,10
18033105,8,11,2,5,6
18033106,3,5,2,4,7
18033107,2,4,3,11,5
18033108,11,1,8,4,9
18033109,5,7,1,4,8
18033110,1,2,3,11,6
18033111,1,8,7,4,6
18033112,6,9,10,2,7
18033113,11,1,6,10,9
18033114,1,4,6,9,5
18033115,8,5,2,10,9
18033116,4,8,1,7,3
18033117,3,4,5,1,7
18033118,10,2,6,4,9
18033119,10,11,7,3,4
18033120,1,3,7,6,2
18033121,1,8,6,11,5
18033122,6,1,7,9,10
18033123,11,7,5,4,8
18033124,5,2,11,8,9
18033125,7,4,9,11,5
18033126,9,5,4,10,1
18033127,10,8,7,9,4
18033128,8,2,5,4,3
18033129,8,6,7,11,5
18033130,9,3,11,1,6
18033131,2,9,1,11,6
18033132,5,2,6,11,1
18033133,8,9,10,1,3
18033134,6,11,5,1,2
18033135,11,5,9,10,7
18033136,4,8,7,1,11
18033137,10,8,7,11,5
18033138,9,6,7,4,11
18033139,8,1,4,3,7
18033140,11,5,8,2,4
18033141,8,7,10,11,9
18033142,5,10,3,6,7
18033143,2,8,1,7,5
18033144,8,2,11,9,4
18033145,9,3,5,7,4
18033146,3,2,9,8,11
18033147,1,2,6,5,11
18033148,6,8,9,7,2
18033149,10,8,9,1,11
18033150,4,3,9,6,5
18033151,4,3,5,6,1
18033152,2,9,6,5,7
18033153,5,6,7,1,2
18033154,5,4,1,8,6
18033155,2,3,7,6,5
18033156,1,4,5,9,10
18033157,9,5,7,11,1
18033158,6,5,10,3,11
18033159,2,1,3,11,8
18033160,2,11,10,6,9
18033161,3,5,9,8,6
18033162,8,10,1,6,5
18033163,7,6,10,11,2
18033164,11,1,6,9,3
18033165,8,4,7,11,2
18033166,5,7,1,3,10
18033167,9,4,3,6,8
18033168,4,11,2,8,6
18033169,7,3,4,8,6
18033170,3,2,10,1,7
18033171,11,6,1,4,7
18033172,4,8,6,1,7
18033173,9,4,1,10,11
18033174,9,7,1,6,10
18033175,8,7,5,2,6
18033176,5,2,7,8,11
18033177,10,8,6,3,11
18033178,8,4,2,5,11
18033179,5,6,10,8,11
18033180,7,10,3,4,5
18033181,9,6,3,10,7
18033182,11,7,5,9,8
