20060101,9,2,4,11,1
20060102,10,5,3,1,4
20060103,4,6,9,5,2
20060104,11,10,2,4,6
20060105,9,1,3,11,4
20060106,3,2,9,4,11
20060107,3,5,7,1,8
20060108,2,6,4,10,3
20060109,2,3,10,5,8
20060110,11,2,9,10,7
20060111,7,11,4,2,3
20060112,9,8,4,3,1
20060113,6,5,4,1,7
20060114,9,1,8,6,11
20060115,5,2,9,3,6
20060116,1,6,10,5,8
20060117,4,2,10,5,6
20060118,3,4,10,5,8
20060119,3,10,9,5,6
20060120,7,10,6,5,8
20060121,7,9,5,2,10
20060122,7,10,9,4,8
20060123,7,4,3,10,8
20060124,6,1,4,8,2
20060125,3,8,1,11,6
20060126,10,5,9,4,2
20060127,2,1,5,4,10
20060128,1,6,10,7,2
20060129,2,9,6,8,11
20060130,8,10,5,9,7
20060131,2,8,4,10,1
20060132,8,3,6,9,2
20060133,8,7,4,1,9
20060134,3,7,5,2,10
20060135,10,3,4,6,5
20060136,3,9,2,7,10
20060137,8,4,3,2,9
20060138,4,1,2,5,9
20060139,10,7,6,11,4
20060140,6,10,1,11,3
20060141,4,1,5,8,3
