18080101,9,11,2,8,4
18080102,2,9,1,6,5
18080103,5,4,11,9,7
18080104,4,3,11,5,8
18080105,8,2,6,11,10
18080106,7,1,9,5,10
18080107,8,2,5,1,10
18080108,2,4,1,10,7
18080109,10,5,3,4,1
18080110,11,7,8,1,6
18080111,2,11,5,3,7
18080112,6,8,3,9,7
18080113,3,10,6,9,5
18080114,5,4,3,6,10
18080115,10,2,5,4,8
18080116,11,6,5,7,4
18080117,7,8,11,2,10
18080118,3,9,11,5,4
18080119,6,3,10,8,1
18080120,5,10,9,6,11
18080121,4,2,8,1,5
18080122,7,1,8,3,2
18080123,3,5,7,9,8
18080124,6,9,4,1,3
18080125,8,9,4,10,5
18080126,10,6,11,1,7
18080127,5,7,9,8,10
18080128,10,11,9,3,6
18080129,6,2,10,4,3
18080130,7,1,10,6,2
18080131,1,11,7,4,5
18080132,9,6,10,7,3
18080133,5,11,1,8,6
18080134,7,11,1,5,3
18080135,2,9,10,4,3
18080136,5,11,6,10,8
18080137,11,1,4,2,8
18080138,9,2,10,8,1
18080139,5,11,9,8,10
18080140,1,6,5,11,8
18080141,7,8,5,1,4
18080142,5,7,4,3,11
18080143,7,1,5,2,11
18080144,11,8,2,6,10
18080145,9,2,10,6,5
18080146,5,7,1,3,10
18080147,3,1,9,4,5
18080148,5,1,10,11,6
18080149,3,11,1,2,5
18080150,1,5,7,11,4
18080151,1,8,7,6,10
18080152,4,1,7,11,8
18080153,10,4,2,7,1
18080154,6,11,9,8,4
18080155,5,8,10,1,7
18080156,6,7,1,5,8
18080157,3,9,6,7,8
18080158,11,9,4,2,10
18080159,9,7,4,6,5
18080160,9,8,7,6,1
18080161,7,1,5,4,3
18080162,11,8,5,4,6
18080163,5,7,1,8,10
18080164,9,1,3,4,10
18080165,11,1,7,9,8
18080166,10,7,6,5,11
18080167,3,7,5,11,6
18080168,7,3,5,2,11
18080169,9,4,1,10,11
18080170,11,4,6,7,1
18080171,7,11,10,3,6
18080172,2,4,5,10,6
18080173,10,1,2,11,3
18080174,9,7,10,3,11
18080175,4,10,9,1,3
18080176,5,9,3,8,6
18080177,7,2,10,1,3
18080178,3,2,9,6,11
18080179,3,4,2,7,1
18080180,3,10,8,9,6
18080181,3,5,9,4,2
18080182,8,6,10,1,9
18080201,8,2,11,10,1
18080202,8,1,3,4,2
18080203,6,7,4,10,1
18080204,4,10,9,6,1
18080205,11,9,1,2,5
18080206,10,2,11,3,5
18080207,11,2,3,6,4
18080208,2,4,5,10,1
18080209,2,11,1,5,3
18080210,7,10,8,2,9
18080211,4,10,8,7,6
18080212,5,8,4,9,7
18080213,10,3,6,8,1
18080214,6,5,7,2,9
18080215,6,3,9,1,8
18080216,3,4,11,5,6
18080217,8,10,1,7,9
18080218,6,2,3,5,7
18080219,2,7,9,10,11
18080220,1,10,6,8,4
18080221,2,7,5,6,10
18080222,8,11,5,2,10
18080223,10,6,11,2,4
18080224,9,5,10,2,7
18080225,9,11,3,6,7
18080226,1,4,8,11,2
18080227,7,2,10,3,11
18080228,11,4,5,9,6
18080229,11,8,2,10,3
18080230,3,7,11,2,4
18080231,6,4,1,11,8
18080232,9,5,4,8,1
18080233,3,4,10,1,11
18080234,8,5,2,11,1
18080235,7,4,10,2,5
18080236,10,1,4,11,8
18080237,9,2,8,10,7
18080238,8,10,7,1,6
18080239,1,6,8,9,7
18080240,2,8,4,1,5
18080241,7,1,11,4,6
18080242,9,7,8,11,1
18080243,11,6,7,10,3
18080244,8,4,5,9,11
18080245,8,9,6,2,10
18080246,6,3,8,10,4
18080247,10,11,6,9,5
18080248,7,6,3,11,4
18080249,1,6,3,7,5
18080250,2,9,6,11,3
18080251,9,5,11,10,4
18080252,1,3,8,2,11
18080253,9,2,5,1,4
18080254,3,8,6,1,4
18080255,9,5,1,11,7
18080256,8,9,3,7,4
18080257,2,9,7,8,1
18080258,4,10,6,5,2
18080259,11,9,2,5,1
18080260,11,6,7,8,10
18080261,5,6,11,4,8
18080262,7,4,9,11,8
18080263,3,6,5,2,7
18080264,4,7,2,3,6
18080265,6,8,10,9,3
18080266,8,5,11,9,1
18080267,1,4,3,6,10
18080268,11,8,1,5,4
18080269,6,5,2,10,7
18080270,10,7,2,1,11
18080271,6,7,5,2,4
18080272,10,5,9,4,1
18080273,10,7,6,9,2
18080274,11,10,9,7,2
18080275,8,1,9,5,3
18080276,11,1,9,8,6
18080277,7,11,3,9,1
18080278,8,5,2,10,7
18080279,3,2,5,8,11
18080280,3,6,7,9,1
18080281,6,4,8,9,2
18080282,1,7,8,3,4
18080301,8,11,1,9,4
18080302,5,10,8,6,2
18080303,3,8,9,5,2
18080304,4,9,5,6,10
18080305,7,8,2,6,1
18080306,5,2,10,9,11
18080307,7,4,9,8,1
18080308,7,5,11,6,3
18080309,1,10,8,2,11
18080310,10,3,5,4,6
18080311,1,5,9,3,2
18080312,4,8,6,5,10
18080313,9,5,11,3,6
18080314,9,5,2,6,7
18080315,9,8,11,4,7
18080316,6,2,1,8,3
18080317,7,10,3,5,6
18080318,6,4,1,3,9
18080319,4,10,7,6,1
18080320,6,5,8,11,7
18080321,11,5,4,10,9
18080322,5,8,3,4,7
18080323,6,3,2,5,11
18080324,11,10,8,4,6
18080325,3,11,2,8,1
18080326,4,1,8,11,10
18080327,9,4,10,2,1
18080328,1,5,8,7,3
18080329,11,3,10,5,7
18080330,11,5,2,9,4
18080331,9,1,2,3,8
18080332,5,6,10,8,7
18080333,6,1,11,3,7
18080334,9,4,8,5,3
18080335,9,2,5,4,3
18080336,3,11,9,5,10
18080337,10,7,3,5,8
18080338,1,8,4,7,5
18080339,7,1,8,3,5
18080340,8,7,6,3,1
18080341,9,2,5,11,8
18080342,4,7,6,10,9
18080343,6,3,7,11,10
18080344,5,6,9,2,10
18080345,3,7,1,2,9
18080346,9,8,6,11,3
18080347,8,6,3,11,1
18080348,8,7,6,3,9
18080349,3,7,9,6,10
18080350,1,2,3,5,4
18080351,11,7,10,5,1
18080352,9,6,1,7,4
18080353,9,6,5,8,10
18080354,1,9,11,6,8
18080355,2,1,7,4,6
18080356,9,7,10,5,4
18080357,6,3,5,8,10
18080358,3,6,4,8,9
18080359,10,9,2,8,3
18080360,4,3,7,1,6
18080361,5,7,9,10,8
18080362,3,1,9,8,10
18080363,4,5,9,2,3
18080364,8,4,9,3,11
18080365,8,5,4,3,9
18080366,4,7,1,11,5
18080367,8,4,6,9,1
18080368,11,7,5,4,2
18080369,10,3,2,4,6
18080370,6,8,1,7,5
18080371,1,11,2,7,10
18080372,7,6,2,1,8
18080373,8,4,7,5,3
18080374,2,7,9,10,8
18080375,4,10,11,3,7
18080376,4,8,9,11,7
18080377,5,7,11,3,4
18080378,10,4,9,8,7
18080379,3,8,6,11,1
18080380,2,5,8,3,6
18080381,7,11,6,2,1
18080382,8,3,5,10,7
18080401,3,1,9,6,4
18080402,6,4,9,10,11
18080403,11,1,7,8,3
18080404,6,7,3,10,1
18080405,3,6,1,5,10
18080406,11,10,2,8,9
18080407,6,4,11,7,3
18080408,5,2,4,11,3
18080409,5,10,4,9,7
18080410,11,1,6,4,8
18080411,11,4,7,2,10
18080412,10,2,1,7,11
18080413,5,8,6,2,9
18080414,1,2,3,7,8
18080415,3,9,5,8,1
18080416,4,10,11,8,6
18080417,6,11,4,8,1
18080418,11,7,2,10,8
18080419,9,6,11,3,7
18080420,2,10,11,8,3
18080421,8,6,11,4,5
18080422,11,3,9,5,4
18080423,8,9,6,1,3
18080424,1,2,4,7,10
18080425,6,7,8,3,10
18080426,4,6,10,11,7
18080427,8,3,5,10,1
18080428,5,3,11,7,1
18080429,6,11,8,7,9
18080430,7,8,1,5,10
18080431,11,8,2,4,1
18080432,9,8,7,5,2
18080433,3,10,8,4,11
18080434,1,5,2,10,9
18080435,4,10,2,1,7
18080436,7,6,2,1,3
18080437,4,1,9,3,11
18080438,7,11,3,4,2
18080439,9,11,4,10,1
18080440,3,10,5,7,11
18080441,11,6,7,10,8
18080442,5,4,11,6,1
18080443,3,7,9,8,11
18080444,1,9,11,3,10
18080445,7,4,5,3,2
18080446,1,8,7,9,3
18080447,4,1,11,3,6
18080448,3,2,8,7,4
18080449,4,8,6,9,3
18080450,9,4,11,1,7
18080451,4,1,8,10,6
18080452,2,10,6,8,1
18080453,6,1,3,2,9
18080454,8,3,5,10,9
18080455,10,8,5,4,7
18080456,1,8,2,4,6
18080457,10,6,9,7,1
18080458,4,5,1,10,2
18080459,1,10,5,4,3
18080460,8,10,3,6,11
18080461,1,5,7,4,8
18080462,3,8,1,9,5
18080463,9,11,4,1,5
18080464,10,1,11,9,2
18080465,8,4,6,7,9
18080466,10,11,8,4,2
18080467,10,1,5,8,6
18080468,1,9,10,8,7
18080469,3,7,11,5,8
18080470,4,3,11,7,2
18080471,5,1,11,2,10
18080472,3,10,2,1,5
18080473,2,7,6,10,1
18080474,4,7,5,6,10
18080475,11,3,6,5,1
18080476,9,6,2,3,5
18080477,9,5,4,8,2
18080478,11,4,10,8,9
18080479,3,9,11,7,8
18080480,2,11,8,1,5
18080481,9,7,11,6,5
18080482,3,8,11,9,10
18080501,7,9,1,2,3
18080502,11,8,4,10,1
18080503,9,5,1,7,11
18080504,6,2,4,8,7
18080505,2,1,9,10,4
18080506,1,11,2,7,9
18080507,3,6,5,2,7
18080508,9,5,8,11,3
18080509,5,6,10,3,8
18080510,2,7,10,9,11
18080511,11,7,1,5,9
18080512,11,1,5,4,7
18080513,11,9,2,5,3
18080514,4,5,9,8,7
18080515,7,10,9,11,5
18080516,5,2,3,11,8
18080517,7,9,1,11,6
18080518,8,5,2,10,7
18080519,11,1,7,5,9
18080520,1,4,8,3,6
18080521,7,5,10,3,6
18080522,4,7,2,11,1
18080523,9,5,6,11,8
18080524,8,10,7,1,11
18080525,4,3,2,6,5
18080526,3,4,10,7,5
18080527,4,1,5,6,11
18080528,5,10,9,8,6
18080529,2,7,4,5,9
18080530,7,9,11,3,6
18080531,10,1,11,9,8
18080532,2,3,5,1,9
18080533,9,7,10,1,3
18080534,4,7,3,5,10
18080535,11,2,1,3,10
18080536,6,10,7,11,2
18080537,2,1,5,4,8
18080538,1,8,3,2,10
18080539,3,9,2,7,1
18080540,8,9,2,3,6
18080541,7,10,5,8,4
18080542,2,5,6,7,11
18080543,7,1,3,6,2
18080544,1,3,2,7,11
18080545,1,3,9,10,6
18080546,4,3,9,2,8
18080547,4,6,5,3,8
18080548,2,9,6,7,3
18080549,4,6,2,10,5
18080550,7,4,9,11,1
18080551,5,3,8,6,10
18080552,7,3,9,8,1
18080553,1,5,8,7,10
18080554,1,10,11,4,8
18080555,1,7,3,4,8
18080556,6,2,4,11,3
18080557,11,5,2,7,3
18080558,7,4,2,6,8
18080559,8,2,11,1,6
18080560,9,6,7,1,4
18080561,3,5,4,11,10
18080562,11,3,4,10,7
18080563,9,10,2,8,1
18080564,11,5,4,1,10
18080565,6,1,10,9,2
18080566,11,2,8,9,6
18080567,11,9,4,3,6
18080568,4,1,8,9,6
18080569,5,2,7,4,3
18080570,11,6,2,1,4
18080571,8,1,6,3,2
18080572,9,7,4,3,6
18080573,3,9,1,7,8
18080574,6,4,11,8,1
18080575,3,7,11,2,9
18080576,6,10,8,2,1
18080577,4,3,11,1,9
18080578,4,7,6,10,3
18080579,3,11,1,4,6
18080580,2,1,10,5,8
18080581,1,3,5,6,7
18080582,8,1,2,9,3
18080601,1,10,2,8,3
18080602,9,6,7,8,2
18080603,10,3,5,11,7
18080604,9,4,1,8,10
18080605,6,3,4,9,5
18080606,5,6,9,7,8
18080607,7,8,9,3,11
18080608,6,5,3,7,1
18080609,5,9,1,7,4
18080610,1,3,8,7,9
18080611,4,3,1,5,10
18080612,4,2,3,8,5
18080613,5,10,3,6,2
18080614,7,4,6,8,10
18080615,5,9,4,8,3
18080616,8,11,9,5,3
18080617,8,11,7,6,1
18080618,10,2,4,9,8
18080619,11,6,3,1,2
18080620,11,5,6,3,1
18080621,10,6,3,1,8
18080622,1,3,10,2,5
18080623,5,1,9,11,4
18080624,8,5,6,3,9
18080625,8,6,11,7,10
18080626,3,2,1,5,7
18080627,3,7,8,6,9
18080628,9,7,3,8,5
18080629,4,11,10,5,3
18080630,4,9,10,8,1
18080631,7,4,1,10,2
18080632,11,4,8,10,6
18080633,5,4,7,10,11
18080634,2,1,7,6,11
18080635,5,4,6,8,11
18080636,8,4,2,5,10
18080637,9,3,11,7,5
18080638,6,1,5,9,3
18080639,6,8,11,5,10
18080640,1,11,8,5,9
18080641,6,5,3,10,7
18080642,10,4,8,7,11
18080643,9,7,5,2,8
18080644,4,3,6,8,5
18080645,11,9,5,4,3
18080646,3,6,2,7,4
18080647,9,10,7,2,8
18080648,9,10,8,11,3
18080649,9,10,8,11,5
18080650,5,9,7,3,11
18080651,7,4,1,10,3
18080652,10,11,9,1,7
18080653,4,10,3,8,6
18080654,8,10,6,4,1
18080655,2,5,3,9,10
18080656,11,7,9,1,10
18080657,6,2,4,8,9
18080658,5,8,3,1,7
18080659,10,4,7,5,6
18080660,6,11,3,1,5
18080661,4,7,1,6,3
18080662,6,7,9,4,11
18080663,7,9,10,3,2
18080664,5,3,4,11,9
18080665,5,1,4,3,9
18080666,7,1,9,4,5
18080667,11,10,1,9,8
18080668,6,5,2,4,7
18080669,11,10,7,5,8
18080670,11,6,7,2,4
18080671,10,9,5,1,8
18080672,1,10,11,2,5
18080673,2,7,4,5,8
18080674,3,1,4,11,2
18080675,9,6,5,4,10
18080676,9,8,10,1,11
18080677,2,8,11,5,7
18080678,10,2,9,7,8
18080679,2,4,10,11,5
18080680,7,8,2,1,3
18080681,5,8,2,7,11
18080682,8,11,6,3,2
18080701,2,7,10,9,1
18080702,3,1,11,10,8
18080703,11,5,4,9,10
18080704,2,7,8,11,3
18080705,10,9,2,4,1
18080706,4,8,3,7,9
18080707,6,5,4,8,1
18080708,8,1,9,10,11
18080709,8,11,1,9,3
18080710,7,11,2,10,4
18080711,3,7,2,1,10
18080712,6,10,5,2,3
18080713,5,6,2,11,1
18080714,11,3,1,6,10
18080715,5,3,8,1,11
18080716,8,9,7,1,3
18080717,10,6,7,4,8
18080718,7,4,5,6,9
18080719,2,11,9,3,6
18080720,3,7,9,11,8
18080721,1,11,7,5,9
18080722,3,1,9,10,2
18080723,2,1,11,7,8
18080724,11,6,2,9,3
18080725,5,3,6,1,10
18080726,11,7,8,2,4
18080727,6,2,5,10,8
18080728,10,6,1,2,4
18080729,10,7,9,4,1
18080730,11,8,3,10,1
18080731,3,8,6,5,7
18080732,11,2,7,10,9
18080733,10,3,7,6,11
18080734,2,6,9,7,11
18080735,6,1,4,3,9
18080736,6,1,7,2,8
18080737,9,11,1,8,2
18080738,6,1,7,2,5
18080739,9,4,10,1,2
18080740,4,2,10,1,9
18080741,3,6,9,7,11
18080742,10,3,2,7,4
18080743,4,6,5,11,7
18080744,1,4,6,10,9
18080745,7,9,4,11,2
18080746,3,5,6,1,11
18080747,11,4,10,7,3
18080748,7,3,5,10,9
18080749,9,6,7,2,5
18080750,7,6,3,10,1
18080751,2,9,8,5,3
18080752,9,10,7,11,5
18080753,1,7,6,8,2
18080754,6,1,7,10,5
18080755,9,7,8,11,1
18080756,10,7,2,5,4
18080757,5,3,4,10,9
18080758,5,1,6,8,11
18080759,9,4,2,1,3
18080760,2,11,5,7,1
18080761,11,6,4,1,9
18080762,5,9,2,4,7
18080763,11,8,7,5,6
18080764,5,9,3,4,2
18080765,9,8,5,10,3
18080766,10,2,9,4,8
18080767,10,9,8,7,2
18080768,5,7,2,10,11
18080769,5,6,7,11,9
18080770,5,10,1,6,4
18080771,5,7,2,11,8
18080772,5,3,6,10,8
18080773,6,3,8,7,11
18080774,8,5,4,2,11
18080775,10,3,6,5,8
18080776,5,8,9,3,7
18080777,3,5,1,9,11
18080778,9,3,7,5,6
18080779,1,3,4,6,10
18080780,5,6,4,2,11
18080781,3,6,1,5,4
18080782,2,11,8,5,1
18080801,3,4,9,1,5
18080802,5,10,11,7,1
18080803,9,5,4,2,8
18080804,10,2,11,9,7
18080805,9,10,11,5,4
18080806,9,11,2,8,6
18080807,2,10,4,6,7
18080808,10,8,5,9,7
18080809,5,10,1,2,8
18080810,11,8,3,1,6
18080811,5,8,3,6,2
18080812,8,2,4,3,1
18080813,9,1,11,3,8
18080814,2,9,10,6,8
18080815,2,4,11,3,1
18080816,8,6,7,11,4
18080817,11,10,1,6,3
18080818,9,10,8,4,6
18080819,4,3,5,7,11
18080820,9,11,2,6,3
18080821,8,2,11,5,4
18080822,4,6,8,2,3
18080823,6,9,1,2,10
18080824,9,6,4,7,1
18080825,5,9,7,2,3
18080826,4,9,7,11,6
18080827,3,5,8,2,10
18080828,6,2,4,7,10
18080829,10,1,2,7,6
18080830,11,8,1,6,10
18080831,4,9,8,1,3
18080832,1,8,11,7,9
18080833,3,5,1,10,8
18080834,8,5,1,9,2
18080835,9,7,4,6,1
18080836,4,1,6,9,3
18080837,5,6,7,8,10
18080838,9,5,11,10,7
18080839,3,9,2,10,6
18080840,7,5,11,4,1
18080841,9,1,10,7,11
18080842,6,5,7,11,10
18080843,6,1,11,3,2
18080844,2,5,11,10,9
18080845,1,10,11,9,7
18080846,9,11,6,4,7
18080847,2,5,8,6,9
18080848,8,2,10,9,3
18080849,1,9,11,7,8
18080850,9,6,11,10,8
18080851,8,9,4,10,1
18080852,6,1,10,11,7
18080853,3,2,6,8,10
18080854,3,7,11,9,10
18080855,11,1,10,6,9
18080856,10,6,8,9,4
18080857,7,2,11,5,3
18080858,8,5,4,7,9
18080859,11,8,2,5,10
18080860,2,3,8,11,10
18080861,1,8,3,10,11
18080862,1,3,10,6,5
18080863,5,2,9,8,6
18080864,10,11,5,6,3
18080865,9,8,11,7,4
18080866,1,5,4,6,10
18080867,9,5,4,2,3
18080868,8,10,3,5,1
18080869,5,7,11,9,6
18080870,3,1,10,2,6
18080871,5,3,6,7,8
18080872,2,10,4,11,6
18080873,3,1,4,6,10
18080874,9,3,10,1,4
18080875,1,8,9,6,4
18080876,6,10,9,5,2
18080877,5,1,2,9,6
18080878,8,11,2,1,7
18080879,3,7,8,4,9
18080880,2,5,9,11,1
18080881,9,3,10,2,11
18080882,9,8,4,1,10
18080901,6,4,2,11,8
18080902,2,5,4,1,7
18080903,9,2,1,3,5
18080904,5,10,6,1,3
18080905,2,4,3,10,9
18080906,5,8,7,10,3
18080907,2,11,10,1,5
18080908,11,7,6,8,10
18080909,1,2,3,5,10
18080910,1,5,2,4,3
18080911,2,11,6,7,10
18080912,3,2,9,11,8
18080913,7,1,6,5,3
18080914,8,7,4,9,11
18080915,1,4,6,11,5
18080916,8,2,7,6,9
18080917,3,5,11,4,1
18080918,9,6,5,7,10
18080919,4,1,10,9,6
18080920,2,7,4,1,6
18080921,11,7,9,8,6
18080922,1,9,2,3,6
18080923,11,5,1,4,9
18080924,10,3,11,7,6
18080925,1,9,4,10,3
18080926,2,6,5,4,11
18080927,4,3,2,11,1
18080928,5,7,3,6,4
18080929,9,11,8,10,3
18080930,8,6,1,5,9
18080931,11,9,8,6,4
18080932,7,2,11,3,1
18080933,8,7,1,9,3
18080934,2,8,1,6,10
18080935,10,9,1,6,11
18080936,5,4,9,11,2
18080937,1,7,8,4,6
18080938,11,5,3,9,4
18080939,11,8,5,3,1
18080940,5,10,7,4,1
18080941,5,1,3,7,10
18080942,6,9,5,7,1
18080943,7,11,5,4,3
18080944,3,10,6,8,7
18080945,6,5,7,3,1
18080946,9,4,6,10,3
18080947,6,7,10,2,4
18080948,2,3,11,4,1
18080949,1,2,8,11,10
18080950,4,10,7,3,9
18080951,3,7,2,9,5
18080952,1,9,2,10,8
18080953,2,11,3,4,10
18080954,10,2,9,6,4
18080955,4,6,1,8,5
18080956,3,9,6,8,2
18080957,8,3,6,4,7
18080958,5,4,7,9,6
18080959,5,10,1,2,11
18080960,9,5,7,2,10
18080961,5,4,8,9,11
18080962,7,2,11,9,3
18080963,9,1,7,5,6
18080964,7,2,10,5,6
18080965,9,3,7,10,1
18080966,7,4,3,9,11
18080967,3,8,9,4,2
18080968,4,7,6,9,1
18080969,3,2,7,11,9
18080970,3,6,1,4,2
18080971,1,7,9,3,6
18080972,4,7,5,8,9
18080973,8,11,10,4,2
18080974,3,1,11,2,6
18080975,8,2,10,11,1
18080976,1,5,6,11,3
18080977,3,11,1,2,10
18080978,8,7,10,9,11
18080979,10,7,3,4,5
18080980,8,5,10,11,3
18080981,7,10,6,11,2
18080982,6,2,10,9,7
18081001,3,5,10,6,8
18081002,1,11,9,10,6
18081003,8,3,11,5,6
18081004,2,3,1,5,8
18081005,11,8,5,2,6
18081006,5,10,8,9,2
18081007,8,5,10,9,7
18081008,3,8,6,5,9
18081009,2,4,10,7,8
18081010,2,3,7,6,10
18081011,10,9,4,1,8
18081012,11,3,6,8,9
18081013,5,4,3,7,6
18081014,5,1,3,9,4
18081015,9,10,5,11,4
18081016,9,11,2,5,3
18081017,7,9,5,3,1
18081018,3,8,11,9,5
18081019,1,4,9,5,7
18081020,8,6,3,5,4
18081021,6,10,5,11,2
18081022,8,5,11,3,1
18081023,2,10,3,9,4
18081024,1,2,3,8,6
18081025,6,2,8,7,10
18081026,7,9,5,6,3
18081027,4,9,5,8,11
18081028,1,8,5,2,9
18081029,6,4,8,11,10
18081030,10,8,6,4,3
18081031,2,7,8,6,3
18081032,10,6,1,5,3
18081033,11,6,1,9,3
18081034,6,5,10,11,7
18081035,9,4,3,6,8
18081036,10,4,2,8,7
18081037,1,6,11,2,5
18081038,3,7,11,2,8
18081039,2,1,8,4,6
18081040,11,3,8,6,5
18081041,5,11,10,6,9
18081042,7,4,1,6,2
18081043,1,10,6,7,5
18081044,6,2,10,8,5
18081045,2,3,11,8,1
18081046,6,1,5,3,10
18081047,11,8,10,2,3
18081048,11,4,7,8,3
18081049,4,5,3,10,1
18081050,9,10,8,4,6
18081051,10,11,5,6,4
18081052,4,10,2,1,8
18081053,8,1,10,11,2
18081054,10,6,9,3,1
18081055,11,8,3,1,9
18081056,1,11,6,4,3
18081057,11,3,9,6,8
18081058,1,9,4,11,5
18081059,11,4,3,7,6
18081060,5,2,10,3,8
18081061,7,1,8,5,3
18081062,7,3,4,2,11
18081063,3,4,6,8,7
18081064,5,4,8,1,9
18081065,8,4,7,1,9
18081066,7,3,1,9,6
18081067,8,7,10,1,9
18081068,2,5,10,6,1
18081069,3,7,8,4,11
18081070,9,11,2,7,5
18081071,4,9,5,2,10
18081072,7,1,5,4,8
18081073,1,6,4,9,2
18081074,5,4,10,2,11
18081075,9,8,10,4,7
18081076,9,6,2,5,4
18081077,7,9,10,3,2
18081078,9,7,6,10,5
18081079,1,10,3,11,2
18081080,10,8,5,2,6
18081081,7,4,3,8,10
18081082,10,11,2,4,5
18081101,8,10,1,2,4
18081102,10,7,2,1,4
18081103,8,1,5,9,3
18081104,2,7,3,9,5
18081105,7,5,3,2,6
18081106,6,10,4,7,2
18081107,9,2,7,1,8
18081108,4,3,5,8,11
18081109,4,5,9,11,7
18081110,11,6,2,8,4
18081111,2,5,11,8,6
18081112,8,2,10,4,5
18081113,8,4,9,7,10
18081114,10,9,8,5,7
18081115,5,1,6,11,10
18081116,2,11,3,10,1
18081117,10,5,1,8,3
18081118,4,10,6,8,5
18081119,9,2,6,7,11
18081120,11,7,8,10,5
18081121,7,11,10,5,1
18081122,11,2,7,10,1
18081123,7,8,6,4,3
18081124,7,1,9,8,4
18081125,9,4,11,7,1
18081126,9,2,5,11,7
18081127,10,8,7,1,3
18081128,6,5,11,10,4
18081129,2,11,10,9,4
18081130,6,8,4,7,11
18081131,11,3,2,10,6
18081132,3,1,11,7,5
18081133,10,9,3,6,7
18081134,10,11,1,9,6
18081135,9,2,6,5,4
18081136,6,10,8,5,11
18081137,11,8,6,4,5
18081138,9,7,11,2,10
18081139,6,1,7,11,2
18081140,3,5,10,1,4
18081141,1,2,9,11,10
18081142,2,9,5,11,4
18081143,8,1,5,7,3
18081144,8,1,4,9,11
18081145,6,9,11,5,4
18081146,7,5,6,1,9
18081147,6,5,11,10,3
18081148,7,4,9,2,3
18081149,5,1,3,6,9
18081150,8,9,7,10,11
18081151,3,4,10,7,5
18081152,9,2,7,4,8
18081153,1,2,11,6,9
18081154,7,11,6,2,8
18081155,8,3,1,2,5
18081156,4,6,7,5,3
18081157,1,10,2,3,6
18081158,9,10,7,6,11
18081159,9,10,7,1,4
18081160,1,9,4,10,2
18081161,6,2,4,5,7
18081162,10,9,8,1,4
18081163,11,6,8,7,10
18081164,6,8,9,11,2
18081165,1,6,4,8,11
18081166,10,9,2,11,5
18081167,11,6,10,1,7
18081168,3,8,10,6,1
18081169,10,11,3,2,1
18081170,9,11,10,5,8
18081171,7,8,10,9,6
18081172,10,1,9,11,7
18081173,3,8,5,1,6
18081174,9,2,11,8,7
18081175,9,7,1,11,2
18081176,7,2,10,1,4
18081177,9,1,7,10,3
18081178,7,5,10,8,1
18081179,2,1,6,7,11
18081180,1,5,4,10,3
18081181,7,11,8,6,2
18081182,2,7,11,9,8
18081201,6,8,7,5,11
18081202,6,9,3,11,4
18081203,10,2,5,1,11
18081204,8,11,6,3,1
18081205,6,5,10,9,1
18081206,2,11,4,7,6
18081207,7,9,11,10,8
18081208,2,7,10,3,9
18081209,7,3,10,4,1
18081210,6,1,3,9,2
18081211,2,5,8,11,4
18081212,8,5,2,3,6
18081213,1,10,5,2,11
18081214,11,6,3,1,5
18081215,4,3,6,1,8
18081216,3,4,9,5,10
18081217,4,5,9,3,2
18081218,2,5,3,8,1
18081219,5,3,1,2,7
18081220,2,9,1,4,11
18081221,3,10,11,1,6
18081222,6,7,2,3,10
18081223,10,1,2,5,6
18081224,7,10,1,4,3
18081225,9,10,7,8,2
18081226,2,3,9,5,1
18081227,7,5,11,2,4
18081228,6,3,11,1,7
18081229,4,1,5,8,3
18081230,5,11,4,7,1
18081231,2,4,1,5,8
18081232,11,5,3,1,2
18081233,4,8,2,3,10
18081234,4,2,3,8,7
18081235,3,1,9,6,8
18081236,3,8,1,6,4
18081237,11,10,3,7,4
18081238,6,5,4,9,11
18081239,3,8,11,7,4
18081240,3,8,1,7,5
18081241,6,9,11,2,10
18081242,7,9,10,2,11
18081243,9,8,10,4,2
18081244,6,7,10,1,11
18081245,2,8,4,5,10
18081246,10,5,9,6,4
18081247,8,4,5,2,1
18081248,11,2,5,8,10
18081249,7,1,4,10,2
18081250,5,6,10,4,3
18081251,5,9,10,6,1
18081252,7,1,8,10,3
18081253,8,7,9,6,3
18081254,9,10,3,7,8
18081255,8,3,11,2,1
18081256,11,2,1,8,7
18081257,4,7,3,10,6
18081258,1,4,7,2,9
18081259,1,5,6,10,2
18081260,2,11,1,10,6
18081261,6,7,9,4,5
18081262,9,7,10,3,8
18081263,6,5,7,11,4
18081264,5,6,2,4,3
18081265,4,11,1,7,8
18081266,10,11,9,3,7
18081267,10,11,1,3,7
18081268,4,9,6,2,11
18081269,11,10,1,9,6
18081270,4,3,9,11,1
18081271,11,10,6,3,4
18081272,5,6,2,1,10
18081273,10,1,2,5,8
18081274,10,11,2,1,3
18081275,5,8,2,7,9
18081276,10,1,7,5,6
18081277,11,7,1,4,8
18081278,8,9,2,5,11
18081279,5,11,7,2,4
18081280,8,7,10,5,3
18081281,3,10,7,2,4
18081282,2,4,9,3,11
18081301,2,9,7,5,8
18081302,1,3,10,4,9
18081303,10,9,11,7,1
18081304,5,8,9,10,7
18081305,9,10,5,7,4
18081306,4,3,5,8,6
18081307,3,2,7,8,1
18081308,7,4,5,8,11
18081309,8,9,11,6,4
18081310,9,3,8,2,4
18081311,6,3,7,11,2
18081312,7,6,8,3,11
18081313,11,1,2,4,8
18081314,7,3,5,6,10
18081315,4,3,6,1,9
18081316,9,6,7,11,5
18081317,9,6,11,7,5
18081318,8,10,1,5,9
18081319,8,10,4,7,1
18081320,9,3,1,7,4
18081321,6,7,4,2,3
18081322,8,5,6,4,11
18081323,1,11,7,5,3
18081324,11,8,2,3,1
18081325,10,3,4,11,7
18081326,9,6,7,1,11
18081327,4,3,7,1,11
18081328,9,5,4,8,3
18081329,6,7,5,2,8
18081330,11,4,1,9,8
18081331,8,9,5,7,6
18081332,3,6,7,8,5
18081333,3,8,2,10,4
18081334,1,6,2,5,10
18081335,1,3,10,11,4
18081336,9,1,3,4,8
18081337,11,5,10,8,1
18081338,1,10,6,7,3
18081339,10,5,2,4,6
18081340,1,6,5,7,3
18081341,3,9,6,10,11
18081342,8,4,2,5,7
18081343,9,11,10,7,1
18081344,11,8,9,5,10
18081345,10,9,6,1,7
18081346,4,10,8,7,1
18081347,4,5,7,9,6
18081348,7,6,1,3,11
18081349,1,11,6,8,5
18081350,10,9,5,1,11
18081351,1,10,5,8,3
18081352,10,5,1,8,11
18081353,4,5,7,1,8
18081354,1,4,10,11,3
18081355,2,9,11,6,8
18081356,5,11,8,9,6
18081357,7,2,4,6,1
18081358,1,11,10,5,9
18081359,5,6,4,7,1
18081360,3,6,11,1,5
18081361,2,9,5,11,10
18081362,11,1,5,6,7
18081363,5,2,4,8,11
18081364,4,10,5,6,7
18081365,2,4,5,6,7
18081366,5,11,3,6,2
18081367,5,11,1,2,4
18081368,8,11,7,9,6
18081369,9,2,3,5,4
18081370,10,9,8,1,3
18081371,5,10,2,4,8
18081372,8,7,9,11,3
18081373,2,7,8,1,3
18081374,5,3,9,4,6
18081375,8,7,11,4,6
18081376,7,6,10,11,9
18081377,4,7,1,5,9
18081378,3,10,5,4,2
18081379,9,6,10,3,2
18081380,4,6,1,5,8
18081381,8,1,5,11,9
18081382,11,5,9,1,4
18081401,3,9,7,2,4
18081402,5,3,6,11,10
18081403,9,8,1,6,4
18081404,9,10,11,8,3
18081405,5,11,7,10,3
18081406,8,11,7,6,5
18081407,8,1,3,5,6
18081408,11,1,5,6,3
18081409,11,6,2,9,7
18081410,11,10,5,8,7
18081411,2,3,9,4,6
18081412,9,6,8,2,10
18081413,3,11,5,4,6
18081414,2,1,9,4,10
18081415,1,4,7,5,2
18081416,8,6,7,5,1
18081417,6,9,11,3,8
18081418,10,7,5,8,3
18081419,10,6,4,11,9
18081420,7,8,5,2,3
18081421,5,9,4,3,1
18081422,5,9,11,8,7
18081423,9,2,4,6,5
18081424,8,2,3,11,4
18081425,11,4,7,5,6
18081426,6,5,10,9,8
18081427,3,6,7,9,5
18081428,3,11,2,10,1
18081429,8,5,6,7,11
18081430,3,9,6,11,2
18081431,11,5,9,6,4
18081432,5,8,2,9,1
18081433,5,2,4,8,10
18081434,6,9,2,3,4
18081435,5,7,4,6,1
18081436,3,11,4,6,9
18081437,4,7,6,10,3
18081438,4,11,6,10,3
18081439,10,8,1,2,5
18081440,11,1,6,3,8
18081441,1,5,10,6,8
18081442,2,3,9,1,8
18081443,4,5,1,6,3
18081444,1,2,4,8,7
18081445,11,4,1,7,2
18081446,8,4,2,11,10
18081447,1,11,8,9,5
18081448,9,3,10,4,5
18081449,4,9,6,2,11
18081450,8,2,3,5,6
18081451,6,4,8,5,10
18081452,9,10,11,4,3
18081453,1,4,2,10,6
18081454,11,2,3,10,5
18081455,3,1,7,10,4
18081456,7,2,3,11,5
18081457,6,5,10,9,7
18081458,8,1,6,11,10
18081459,6,2,4,11,7
18081460,1,9,6,3,10
18081461,11,10,5,6,9
18081462,11,3,9,10,6
18081463,4,8,7,11,1
18081464,4,5,10,1,11
18081465,6,4,10,2,7
18081466,10,6,11,7,3
18081467,4,8,6,11,7
18081468,11,9,7,5,3
18081469,3,7,5,11,8
18081470,10,3,7,11,9
18081471,2,11,4,1,8
18081472,6,7,5,1,2
18081473,2,6,7,11,1
18081474,3,8,1,4,6
18081475,6,9,2,4,1
18081476,11,8,10,2,9
18081477,10,5,4,2,11
18081478,4,11,7,9,1
18081479,6,9,5,10,1
18081480,3,9,7,11,1
18081481,11,1,5,10,9
18081482,3,8,2,5,10
18081501,4,7,3,9,6
18081502,4,3,11,10,6
18081503,11,7,6,5,10
18081504,5,3,2,9,6
18081505,4,9,2,3,11
18081506,3,10,4,8,6
18081507,11,3,2,1,9
18081508,4,11,10,8,1
18081509,5,10,7,11,1
18081510,10,3,8,1,7
18081511,4,8,5,3,7
18081512,11,4,2,9,1
18081513,11,9,7,6,1
18081514,4,3,10,8,11
18081515,2,7,5,11,1
18081516,9,2,4,5,7
18081517,6,7,3,4,11
18081518,1,9,2,6,11
18081519,11,5,2,6,10
18081520,10,1,8,9,6
18081521,11,9,5,3,1
18081522,7,4,8,5,1
18081523,8,3,5,6,7
18081524,9,3,1,8,4
18081525,10,4,1,9,7
18081526,8,4,9,10,5
18081527,7,10,8,2,4
18081528,2,10,1,7,9
18081529,8,3,4,6,1
18081530,1,5,10,11,6
18081531,1,8,9,4,2
18081532,8,4,7,11,6
18081533,2,3,5,10,11
18081534,1,11,3,10,6
18081535,11,4,9,6,10
18081536,7,3,6,8,10
18081537,9,2,6,3,8
18081538,3,10,8,9,1
18081539,9,10,2,4,8
18081540,9,1,6,8,2
18081541,7,9,4,6,2
18081542,9,1,7,10,3
18081543,7,3,8,4,6
18081544,10,7,4,2,11
18081545,8,5,7,9,2
18081546,5,11,10,7,2
18081547,6,4,9,2,7
18081548,4,8,1,2,10
18081549,8,7,6,10,11
18081550,3,6,7,11,2
18081551,2,1,8,4,7
18081552,1,6,5,3,4
18081553,4,10,3,1,6
18081554,5,4,11,2,7
18081555,1,5,8,6,11
18081556,6,11,4,2,7
18081557,10,3,6,9,5
18081558,9,1,8,4,6
18081559,8,2,1,11,3
18081560,10,8,1,11,4
18081561,3,2,11,4,7
18081562,7,10,3,11,4
18081563,6,3,9,2,7
18081564,11,9,1,4,5
18081565,5,10,2,1,4
18081566,2,9,7,1,3
18081567,7,4,5,10,8
18081568,6,8,9,4,5
18081569,5,2,3,4,6
18081570,1,4,2,6,5
18081571,9,10,1,11,4
18081572,7,2,11,4,5
18081573,2,3,6,10,11
18081574,8,1,6,4,2
18081575,4,11,2,5,10
18081576,10,1,2,4,3
18081577,11,1,8,6,5
18081578,5,4,3,6,2
18081579,6,7,1,10,9
18081580,9,8,5,6,10
18081581,9,8,5,10,4
18081582,2,9,11,4,8
18081601,6,4,9,5,11
18081602,2,8,7,1,11
18081603,3,9,11,5,1
18081604,6,7,2,11,9
18081605,4,6,5,7,11
18081606,5,10,11,8,1
18081607,3,7,10,11,9
18081608,9,10,11,5,8
18081609,9,7,1,2,8
18081610,8,11,10,6,7
18081611,7,6,1,11,9
18081612,6,2,8,1,11
18081613,1,7,6,9,5
18081614,2,1,5,11,8
18081615,7,5,4,6,11
18081616,3,2,8,11,4
18081617,3,6,5,11,8
18081618,11,7,5,4,1
18081619,7,11,4,5,9
18081620,11,2,9,1,10
18081621,3,10,6,8,4
18081622,11,9,5,8,7
18081623,4,5,10,3,6
18081624,9,8,4,6,7
18081625,3,1,2,7,10
18081626,9,6,2,4,1
18081627,10,2,7,1,9
18081628,6,7,8,10,5
18081629,11,4,1,5,2
18081630,7,10,2,11,9
18081631,10,2,6,3,5
18081632,3,9,10,1,7
18081633,1,3,4,9,11
18081634,6,4,8,9,1
18081635,9,7,1,4,3
18081636,3,11,9,10,1
18081637,1,4,7,6,3
18081638,3,5,1,9,10
18081639,10,8,3,11,1
18081640,6,2,7,9,8
18081641,9,10,4,6,3
18081642,2,11,9,4,6
18081643,4,9,11,1,8
18081644,4,6,8,9,2
18081645,10,6,5,4,8
18081646,8,9,3,6,10
18081647,9,6,8,4,5
18081648,8,4,3,2,11
18081649,2,7,10,5,8
18081650,7,8,5,6,10
18081651,10,5,8,3,11
18081652,5,6,8,11,10
18081653,6,5,2,3,10
18081654,11,4,7,2,10
18081655,2,7,1,5,4
18081656,4,8,6,11,5
18081657,2,7,6,11,1
18081658,6,5,3,4,8
18081659,8,5,2,4,7
18081660,4,1,5,11,3
18081661,5,3,8,6,2
18081662,6,7,2,3,8
18081663,9,7,8,5,6
18081664,10,11,1,7,5
18081665,11,9,4,7,8
18081666,7,1,9,8,10
18081667,5,1,7,8,10
18081668,1,7,9,8,2
18081669,4,10,5,11,1
18081670,2,3,11,1,6
18081671,4,7,10,3,8
18081672,3,5,9,11,2
18081673,7,11,5,1,8
18081674,10,5,6,7,1
18081675,2,1,8,11,6
18081676,7,11,4,1,10
18081677,8,11,5,6,2
18081678,2,7,5,4,11
18081679,9,5,10,3,4
18081680,4,8,7,6,11
18081681,2,8,3,5,4
18081682,10,4,8,9,7
18081701,11,1,5,10,9
18081702,7,10,6,9,3
18081703,10,6,9,8,3
18081704,10,1,6,5,11
18081705,6,11,7,4,3
18081706,6,9,4,1,2
18081707,1,5,3,4,7
18081708,2,9,11,8,6
18081709,3,4,11,6,5
18081710,11,9,8,4,10
18081711,6,2,8,11,1
18081712,4,3,9,8,6
18081713,10,3,9,8,4
18081714,9,3,2,6,11
18081715,4,5,10,1,7
18081716,7,11,3,9,6
18081717,4,8,3,2,7
18081718,10,2,9,6,3
18081719,2,5,8,11,10
18081720,1,11,5,3,2
18081721,7,3,5,8,9
18081722,8,6,11,1,2
18081723,3,7,11,9,5
18081724,10,5,3,6,9
18081725,10,2,5,1,7
18081726,9,8,10,5,6
18081727,8,10,1,9,6
18081728,3,4,10,5,2
18081729,1,6,8,5,10
18081730,6,7,11,4,1
18081731,10,2,11,3,7
18081732,8,2,3,9,4
18081733,5,9,3,11,2
18081734,2,8,5,1,7
18081735,1,2,10,11,4
18081736,4,10,2,6,5
18081737,7,6,2,3,10
18081738,9,6,3,4,5
18081739,9,5,2,4,6
18081740,7,3,2,11,8
18081741,6,1,9,7,4
18081742,9,7,3,2,8
18081743,2,5,11,8,9
18081744,1,6,5,11,8
18081745,8,1,10,4,6
18081746,7,9,6,1,8
18081747,8,11,4,7,6
18081748,3,7,4,6,5
18081749,8,9,7,11,1
18081750,2,7,8,11,3
18081751,1,7,5,3,9
18081752,11,7,2,4,3
18081753,8,3,1,6,2
18081754,9,8,6,3,1
18081755,4,5,2,6,8
18081756,11,2,8,1,10
18081757,8,2,7,11,4
18081758,3,2,6,9,5
18081759,6,3,8,10,2
18081760,6,11,8,2,1
18081761,4,5,6,3,7
18081762,11,7,10,2,3
18081763,11,5,10,3,8
18081764,1,2,10,7,9
18081765,7,4,10,3,6
18081766,9,6,5,2,7
18081767,7,4,3,9,6
18081768,8,4,9,10,7
18081769,1,11,3,7,8
18081770,11,7,6,9,2
18081771,11,9,5,4,3
18081772,3,6,5,10,11
18081773,10,8,2,1,4
18081774,2,4,6,1,5
18081775,7,11,1,6,3
18081776,2,11,8,6,1
18081777,10,2,6,7,1
18081778,7,4,8,1,10
18081779,10,7,11,5,4
18081780,9,4,6,5,11
18081781,4,3,11,8,5
18081782,3,4,8,11,5
18081801,2,3,1,11,7
18081802,7,8,4,2,10
18081803,3,1,7,4,6
18081804,3,2,6,11,7
18081805,1,3,4,2,9
18081806,4,8,5,3,10
18081807,6,10,5,4,9
18081808,7,2,5,1,4
18081809,6,1,11,3,5
18081810,10,8,9,4,3
18081811,5,8,2,4,3
18081812,10,5,9,8,6
18081813,8,10,1,3,5
18081814,1,3,7,9,5
18081815,11,1,9,10,2
18081816,2,1,6,10,4
18081817,7,11,3,4,8
18081818,8,7,3,5,6
18081819,5,9,2,8,6
18081820,6,1,11,9,4
18081821,3,7,2,4,8
18081822,1,4,9,5,10
18081823,5,1,2,11,7
18081824,1,5,11,2,4
18081825,9,7,6,3,2
18081826,1,9,3,5,8
18081827,3,4,6,9,1
18081828,1,10,8,5,3
18081829,3,11,10,9,1
18081830,10,6,7,5,9
18081831,7,3,1,9,2
18081832,9,10,6,5,7
18081833,1,3,10,4,11
18081834,9,3,4,7,5
18081835,8,6,9,11,10
18081836,7,3,10,6,2
18081837,11,7,4,3,10
18081838,6,11,9,7,1
18081839,5,2,10,4,3
18081840,1,8,10,5,9
18081841,8,11,4,3,1
18081842,11,3,5,7,6
18081843,5,2,3,11,8
18081844,10,1,11,8,3
18081845,9,5,6,7,11
18081846,10,5,2,6,8
18081847,8,1,4,5,10
18081848,9,10,7,1,4
18081849,2,11,9,4,10
18081850,2,6,4,9,7
18081851,3,9,10,6,2
18081852,6,8,9,2,10
18081853,10,7,2,9,6
18081854,1,4,10,5,8
18081855,8,5,10,1,7
18081856,5,3,8,7,11
18081857,11,7,8,9,1
18081858,10,7,8,9,1
18081859,10,7,5,1,8
18081860,10,11,8,1,9
18081861,3,5,1,6,4
18081862,8,4,7,11,3
18081863,9,6,4,2,3
18081864,7,5,2,10,9
18081865,1,7,10,2,8
18081866,7,11,4,10,3
18081867,10,11,9,1,6
18081868,10,7,5,4,6
18081869,2,10,5,1,7
18081870,8,2,11,4,3
18081871,3,6,11,8,4
18081872,1,3,2,6,5
18081873,7,5,6,8,3
18081874,6,4,5,9,10
18081875,10,3,1,9,11
18081876,9,5,6,7,4
18081877,9,7,4,1,3
18081878,2,4,1,8,11
18081879,9,10,11,7,6
18081880,6,9,7,3,1
18081881,9,4,7,1,5
18081882,6,9,11,1,3
18081901,3,7,2,1,10
18081902,1,11,9,2,7
18081903,6,1,3,8,9
18081904,8,7,1,11,4
18081905,11,7,6,5,1
18081906,6,11,4,2,1
18081907,3,8,4,5,6
18081908,1,7,5,9,8
18081909,5,2,4,9,10
18081910,5,9,1,6,11
18081911,5,8,4,1,6
18081912,5,9,11,6,1
18081913,5,1,3,7,9
18081914,5,7,11,1,10
18081915,6,3,5,11,8
18081916,2,4,1,10,9
18081917,5,10,4,1,9
18081918,7,2,6,11,5
18081919,1,7,3,8,2
18081920,10,11,2,3,9
18081921,9,7,3,6,11
18081922,9,11,2,3,10
18081923,6,1,10,3,5
18081924,6,9,4,7,2
18081925,2,3,6,10,1
18081926,5,8,7,4,11
18081927,6,7,2,1,3
18081928,10,8,7,4,3
18081929,5,6,7,3,4
18081930,4,3,1,2,9
18081931,8,9,6,1,2
18081932,11,6,10,3,9
18081933,5,8,4,7,3
18081934,2,5,11,6,4
18081935,5,6,7,2,9
18081936,6,9,8,7,5
18081937,7,5,4,1,3
18081938,10,1,11,6,2
18081939,8,9,10,5,11
18081940,5,3,10,6,11
18081941,5,7,1,10,2
18081942,7,10,5,1,4
18081943,8,9,5,2,6
18081944,9,3,8,5,6
18081945,4,11,9,5,8
18081946,11,8,10,7,1
18081947,6,9,1,5,8
18081948,10,8,1,2,5
18081949,3,7,1,8,4
18081950,7,1,3,9,4
18081951,9,8,4,1,7
18081952,10,2,8,4,5
18081953,11,5,3,10,7
18081954,6,4,8,5,7
18081955,11,5,1,6,10
18081956,10,6,9,7,5
18081957,6,1,2,5,4
18081958,1,9,7,4,11
18081959,1,4,5,7,9
18081960,2,3,8,4,9
18081961,7,5,3,8,11
18081962,10,4,6,8,11
18081963,1,7,3,4,11
18081964,2,3,11,5,9
18081965,9,1,4,3,10
18081966,9,8,4,1,11
18081967,11,4,8,10,7
18081968,1,2,11,6,10
18081969,9,1,3,5,4
18081970,8,6,2,4,3
18081971,8,5,11,6,10
18081972,4,8,9,10,3
18081973,11,3,2,7,8
18081974,6,9,11,2,5
18081975,2,7,1,6,5
18081976,1,6,4,5,10
18081977,2,3,7,9,6
18081978,11,4,7,8,1
18081979,1,4,3,7,10
18081980,10,8,4,11,1
18081981,3,11,6,7,5
18081982,8,5,9,11,7
18082001,7,3,8,4,10
18082002,11,1,10,2,9
18082003,2,6,7,1,3
18082004,3,6,10,4,2
18082005,2,10,1,11,9
18082006,4,11,6,10,5
18082007,5,1,3,2,10
18082008,11,3,4,8,2
18082009,7,9,1,2,10
18082010,10,8,11,2,6
18082011,6,4,11,3,2
18082012,11,7,2,6,5
18082013,4,8,6,5,1
18082014,8,4,7,2,9
18082015,8,1,5,2,10
18082016,10,9,5,2,3
18082017,9,7,8,6,10
18082018,4,7,1,3,8
18082019,10,6,11,1,4
18082020,5,6,11,10,2
18082021,11,5,3,7,9
18082022,6,8,11,4,10
18082023,8,5,9,3,7
18082024,3,1,11,9,7
18082025,2,3,7,10,1
18082026,10,1,5,11,9
18082027,10,6,8,7,9
18082028,11,3,2,4,5
18082029,6,9,11,7,1
18082030,3,8,2,10,6
18082031,8,7,4,5,2
18082032,1,3,11,9,6
18082033,7,11,8,10,6
18082034,9,5,11,3,1
18082035,11,9,7,5,6
18082036,7,4,6,8,3
18082037,5,8,4,6,7
18082038,9,2,10,6,3
18082039,7,8,6,10,11
18082040,11,10,9,2,1
18082041,7,4,9,11,8
18082042,10,7,1,3,6
18082043,7,8,2,4,10
18082044,5,7,10,4,8
18082045,1,3,6,9,4
18082046,1,7,3,9,4
18082047,4,2,8,6,1
18082048,7,5,9,4,3
18082049,6,10,4,11,9
18082050,10,1,5,7,6
18082051,3,5,4,7,6
18082052,5,2,11,1,10
18082053,6,7,4,1,5
18082054,3,10,8,7,4
18082055,1,7,11,4,3
18082056,6,8,1,9,5
18082057,2,7,4,9,11
18082058,5,8,2,3,4
18082059,9,5,7,2,3
18082060,8,10,5,7,3
18082061,1,7,5,3,4
18082062,5,4,10,2,11
18082063,3,6,5,2,11
18082064,10,8,5,11,9
18082065,6,10,3,4,7
18082066,9,3,2,5,7
18082067,7,5,6,1,8
18082068,6,11,2,7,4
18082069,8,2,10,7,9
18082070,7,2,11,10,4
18082071,6,10,1,4,3
18082072,7,1,6,5,4
18082073,11,3,8,6,4
18082074,7,11,4,2,6
18082075,1,7,10,4,6
18082076,3,9,10,2,1
18082077,2,3,7,1,11
18082078,1,9,11,4,6
18082079,8,6,9,7,3
18082080,6,3,11,1,8
18082081,11,5,7,8,2
18082082,7,11,8,6,3
18082101,9,7,3,4,2
18082102,10,3,1,11,2
18082103,7,10,1,2,6
18082104,11,1,9,2,3
18082105,1,9,8,2,6
18082106,5,4,6,8,10
18082107,11,5,7,8,9
18082108,8,9,1,10,11
18082109,6,3,5,8,2
18082110,5,4,10,3,6
18082111,8,4,1,5,2
18082112,2,8,5,1,10
18082113,2,7,3,6,8
18082114,6,7,8,3,4
18082115,11,1,3,7,2
18082116,6,5,1,11,10
18082117,3,1,9,8,10
18082118,5,9,3,7,4
18082119,7,3,9,8,2
18082120,10,9,5,3,4
18082121,8,6,10,7,5
18082122,7,2,4,1,8
18082123,9,5,1,2,4
18082124,3,2,10,8,4
18082125,2,11,3,4,1
18082126,5,1,8,6,9
18082127,4,10,9,1,6
18082128,7,3,4,11,10
18082129,7,3,11,1,9
18082130,1,6,8,2,5
18082131,7,1,4,6,5
18082132,7,10,11,3,2
18082133,3,4,11,9,10
18082134,9,3,7,8,2
18082135,10,7,2,9,6
18082136,11,1,10,5,6
18082137,5,8,6,1,9
18082138,1,3,7,8,11
18082139,2,5,4,10,11
18082140,6,5,7,11,10
18082141,10,2,6,11,5
18082142,6,9,1,2,11
18082143,7,10,9,3,8
18082144,3,11,2,8,1
18082145,2,10,7,5,8
18082146,5,1,11,9,2
18082147,7,1,9,5,6
18082148,2,8,6,11,5
18082149,6,2,7,11,1
18082150,8,9,5,2,1
18082151,1,7,3,9,8
18082152,10,5,1,8,3
18082153,9,8,6,3,10
18082154,7,1,11,8,4
18082155,1,8,10,5,6
18082156,4,3,11,1,2
18082157,6,2,7,3,8
18082158,7,5,9,6,11
18082159,3,5,11,9,6
18082160,2,1,6,9,10
18082161,8,9,5,7,2
18082162,7,6,10,1,9
18082163,5,9,8,2,11
18082164,5,1,11,8,3
18082165,10,9,7,4,11
18082166,5,9,4,8,3
18082167,2,1,4,6,8
18082168,2,3,6,8,4
18082169,2,1,7,4,9
18082170,7,3,4,5,1
18082171,5,4,1,9,6
18082172,7,6,1,3,4
18082173,11,1,2,8,7
18082174,3,10,9,4,11
18082175,5,9,8,2,3
18082176,9,2,11,8,10
18082177,4,7,2,6,8
18082178,4,7,2,9,3
18082179,8,11,5,4,1
18082180,2,9,7,3,8
18082181,10,7,6,5,3
18082182,3,2,10,6,4
18082201,9,10,7,3,8
18082202,6,11,7,5,9
18082203,11,1,6,3,10
18082204,1,6,5,8,7
18082205,1,8,9,10,11
18082206,2,5,9,7,4
18082207,3,11,9,5,6
18082208,2,6,3,4,5
18082209,11,9,8,5,2
18082210,7,2,1,6,11
18082211,4,8,6,3,11
18082212,5,11,7,2,1
18082213,10,6,4,3,11
18082214,4,8,10,6,7
18082215,10,7,11,6,3
18082216,3,5,1,7,2
18082217,8,3,2,1,6
18082218,8,6,1,9,7
18082219,9,7,2,1,5
18082220,9,4,5,6,1
18082221,1,11,7,3,10
18082222,5,2,6,11,4
18082223,11,3,5,1,10
18082224,1,9,10,7,6
18082225,6,9,7,3,4
18082226,7,6,3,8,2
18082227,2,1,8,4,6
18082228,7,1,11,9,2
18082229,7,6,4,1,10
18082230,1,2,6,9,7
18082231,1,9,4,7,8
18082232,6,9,5,1,11
18082233,11,8,7,1,5
18082234,7,5,3,9,1
18082235,9,4,1,3,2
18082236,6,11,8,1,10
18082237,1,5,10,11,7
18082238,3,9,10,5,6
18082239,1,5,8,10,3
18082240,2,7,8,10,1
18082241,8,9,2,4,1
18082242,6,5,9,8,4
18082243,4,1,5,2,9
18082244,6,11,3,2,5
18082245,7,11,5,2,1
18082246,4,5,11,10,8
18082247,4,7,8,11,1
18082248,2,1,5,6,8
18082249,1,6,3,11,4
18082250,1,10,7,3,2
18082251,7,6,11,10,8
18082252,7,1,3,9,10
18082253,11,4,2,10,6
18082254,2,11,5,3,6
18082255,3,4,1,10,11
18082256,2,9,8,3,6
18082257,11,1,4,10,8
18082258,3,10,1,4,11
18082259,4,2,9,7,11
18082260,2,1,7,3,4
18082261,7,8,9,10,1
18082262,7,5,2,11,3
18082263,10,7,8,5,4
18082264,10,8,11,6,2
18082265,8,4,3,9,5
18082266,1,6,4,7,9
18082267,10,7,4,11,1
18082268,11,4,7,2,5
18082269,10,3,11,8,7
18082270,1,6,3,2,11
18082271,11,2,3,10,4
18082272,10,4,3,6,2
18082273,1,4,6,11,3
18082274,5,11,10,4,1
18082275,3,2,10,9,11
18082276,5,2,3,1,9
18082277,3,1,7,9,10
18082278,5,6,11,1,2
18082279,6,2,9,10,11
18082280,1,11,5,10,2
18082281,4,9,7,3,11
18082282,1,4,6,5,8
18082301,3,5,6,1,7
18082302,3,8,6,1,7
18082303,7,3,2,10,1
18082304,4,7,6,5,10
18082305,11,7,1,6,2
18082306,4,1,8,10,3
18082307,6,10,2,1,9
18082308,10,8,6,2,11
18082309,11,8,10,3,7
18082310,5,4,11,1,2
18082311,2,10,8,4,7
18082312,9,6,3,4,5
18082313,10,5,9,11,3
18082314,3,5,10,1,9
18082315,9,11,3,10,8
18082316,5,2,6,7,8
18082317,11,4,6,2,9
18082318,6,8,5,10,2
18082319,8,6,11,4,9
18082320,11,10,6,4,7
18082321,5,10,4,3,6
18082322,5,7,2,9,4
18082323,2,6,11,9,3
18082324,3,2,6,8,4
18082325,4,1,8,10,6
18082326,4,1,2,11,10
18082327,1,11,2,9,6
18082328,9,2,3,4,1
18082329,7,2,1,3,5
18082330,1,8,11,10,2
18082331,2,4,9,11,5
18082332,9,10,6,11,1
18082333,8,9,6,2,5
18082334,9,1,8,4,11
18082335,3,7,6,1,2
18082336,1,10,9,6,5
18082337,9,8,7,10,2
18082338,6,4,7,5,9
18082339,2,5,9,7,6
18082340,6,2,1,8,10
18082341,7,11,4,8,5
18082342,10,1,4,7,11
18082343,6,5,1,2,8
18082344,4,11,3,8,1
18082345,4,3,5,2,11
18082346,8,7,10,1,9
18082347,2,3,8,10,9
18082348,10,6,11,3,9
18082349,7,10,3,4,9
18082350,6,1,4,2,8
18082351,4,7,6,11,8
18082352,3,4,7,9,10
18082353,9,1,8,11,10
18082354,10,2,8,1,5
18082355,11,1,2,4,8
18082356,4,6,2,3,8
18082357,4,11,8,9,7
18082358,3,5,4,11,10
18082359,10,5,7,9,4
18082360,6,5,1,2,9
18082361,7,10,11,3,5
18082362,9,8,11,3,7
18082363,4,5,7,1,11
18082364,11,4,8,2,7
18082365,1,9,6,2,5
18082366,2,5,9,11,8
18082367,9,11,7,3,4
18082368,5,3,4,9,7
18082369,4,9,7,5,11
18082370,11,2,8,4,1
18082371,9,11,8,4,10
18082372,6,5,10,11,8
18082373,11,7,6,2,9
18082374,2,10,7,6,5
18082375,10,1,2,11,4
18082376,11,3,7,4,5
18082377,10,4,7,3,8
18082378,11,3,6,8,9
18082379,5,11,1,7,6
18082380,10,5,3,9,4
18082381,9,8,2,7,5
18082382,1,3,2,7,5
18082401,11,2,5,1,10
18082402,6,5,2,8,1
18082403,6,7,5,10,8
18082404,7,9,11,5,1
18082405,1,11,10,9,2
18082406,1,3,6,5,4
18082407,9,8,10,11,3
18082408,7,6,8,4,10
18082409,9,11,1,3,2
18082410,6,5,4,10,7
18082411,6,9,2,3,1
18082412,10,4,11,3,9
18082413,10,7,3,1,11
18082414,8,2,7,4,5
18082415,2,4,7,3,10
18082416,5,9,8,3,2
18082417,3,11,6,4,5
18082418,1,2,10,6,7
18082419,9,8,2,7,10
18082420,10,8,9,2,6
18082421,7,8,11,4,2
18082422,11,8,9,2,3
18082423,6,2,9,10,1
18082424,7,11,3,4,5
18082425,10,7,8,11,5
18082426,9,3,10,6,5
18082427,7,2,4,6,9
18082428,5,8,10,11,7
18082429,3,2,9,1,6
18082430,5,7,10,1,3
18082431,6,1,10,5,8
18082432,8,9,11,10,2
18082433,4,11,1,2,9
18082434,6,1,7,10,4
18082435,9,11,6,7,4
18082436,11,2,3,6,1
18082437,10,5,11,7,8
18082438,3,11,1,8,6
18082439,4,9,10,6,5
18082440,1,7,5,9,3
18082441,2,1,7,9,3
18082442,5,8,11,10,3
18082443,10,3,9,11,6
18082444,3,10,5,9,7
18082445,11,3,1,5,2
18082446,1,4,5,9,7
18082447,3,11,5,9,10
18082448,11,10,7,6,1
18082449,2,10,4,8,1
18082450,2,3,1,6,4
18082451,2,11,6,4,5
18082452,3,7,10,1,9
18082453,3,4,10,2,6
18082454,6,11,7,5,2
18082455,1,6,5,2,8
18082456,7,6,11,3,2
18082457,9,4,7,2,10
18082458,1,8,7,9,10
18082459,1,9,6,11,3
18082460,1,8,4,3,6
18082461,8,6,3,4,11
18082462,1,3,9,10,2
18082463,8,7,4,6,9
18082464,1,11,10,5,3
18082465,9,6,8,10,2
18082466,3,2,6,11,10
18082467,11,5,1,3,4
18082468,2,7,1,6,3
18082469,4,7,11,1,3
18082470,3,10,6,5,8
18082471,7,1,5,9,10
18082472,7,6,10,9,11
18082473,6,4,1,8,2
18082474,4,9,10,11,5
18082475,2,3,5,1,6
18082476,1,3,6,7,10
18082477,3,1,11,6,7
18082478,10,3,8,1,11
18082479,8,7,10,1,5
18082480,8,5,4,3,7
18082481,1,3,8,10,6
18082482,8,3,9,4,11
18082501,11,3,6,4,5
18082502,8,5,7,3,11
18082503,8,11,3,4,2
18082504,1,6,7,4,11
18082505,3,6,5,10,1
18082506,2,10,1,8,7
18082507,9,7,8,3,5
18082508,6,3,2,1,10
18082509,9,7,2,10,6
18082510,9,8,7,4,10
18082511,3,6,5,11,2
18082512,4,11,3,9,7
18082513,1,9,10,5,4
18082514,8,5,7,6,4
18082515,7,11,10,2,6
18082516,3,8,11,7,10
18082517,2,8,5,9,4
18082518,1,2,6,3,10
18082519,6,8,7,5,4
18082520,2,7,10,3,1
18082521,2,8,9,3,10
18082522,4,7,10,11,1
18082523,9,3,10,8,7
18082524,5,6,2,4,8
18082525,11,2,1,5,4
18082526,4,6,10,2,7
18082527,1,5,8,10,6
18082528,8,11,3,6,10
18082529,5,1,11,9,10
18082530,2,8,3,1,10
18082531,1,5,6,3,2
18082532,6,9,3,1,4
18082533,3,2,5,8,9
18082534,8,2,3,9,7
18082535,9,8,4,10,3
18082536,8,3,5,2,11
18082537,6,7,9,3,1
18082538,8,2,9,7,11
18082539,11,8,7,3,4
18082540,5,11,1,8,9
18082541,11,4,7,2,1
18082542,4,2,5,10,11
18082543,11,8,10,6,1
18082544,6,5,1,4,10
18082545,2,3,5,6,1
18082546,10,9,11,6,7
18082547,8,5,6,11,7
18082548,7,5,6,1,11
18082549,10,7,2,3,5
18082550,4,1,11,5,9
18082551,2,10,11,4,7
18082552,7,3,10,8,11
18082553,9,11,8,2,3
18082554,11,4,7,1,3
18082555,8,5,11,1,7
18082556,4,11,10,8,3
18082557,9,5,7,11,1
18082558,9,1,8,4,10
18082559,5,4,1,9,2
18082560,7,6,3,5,9
18082561,2,4,7,8,9
18082562,10,11,4,8,3
18082563,9,8,6,2,11
18082564,3,1,6,11,5
18082565,10,3,6,2,7
18082566,3,1,8,10,2
18082567,10,7,5,2,4
18082568,5,10,1,8,9
18082569,2,4,6,8,11
18082570,6,4,9,3,1
18082571,9,1,4,5,11
18082572,6,1,11,3,5
18082573,10,5,7,1,2
18082574,8,3,6,11,7
18082575,3,6,9,8,5
18082576,8,6,9,10,11
18082577,7,10,11,3,8
18082578,11,4,2,7,3
18082579,7,10,4,5,3
18082580,6,7,1,3,8
18082581,9,8,2,1,5
18082582,7,1,11,2,6
18082601,2,1,4,11,7
18082602,11,3,10,6,4
18082603,11,7,1,3,5
18082604,5,10,3,6,4
18082605,10,6,8,2,4
18082606,11,3,10,5,8
18082607,8,9,7,10,3
18082608,7,5,6,11,9
18082609,10,6,2,8,7
18082610,4,7,5,9,2
18082611,4,8,3,7,9
18082612,9,8,3,7,2
18082613,9,4,11,5,7
18082614,11,1,9,8,4
18082615,8,6,2,5,3
18082616,8,5,4,3,6
18082617,7,6,11,1,10
18082618,10,9,3,4,5
18082619,1,10,4,9,3
18082620,5,7,3,11,4
18082621,5,9,3,7,11
18082622,6,5,2,10,8
18082623,9,8,2,3,6
18082624,8,3,1,5,2
18082625,5,11,6,3,10
18082626,1,10,6,9,8
18082627,8,1,3,6,7
18082628,1,11,4,6,5
18082629,7,8,1,4,6
18082630,7,3,9,10,11
18082631,6,10,7,3,5
18082632,10,6,9,4,1
18082633,5,8,9,7,2
18082634,7,4,2,6,11
18082635,9,6,3,5,2
18082636,1,9,7,2,8
18082637,9,2,11,5,6
18082638,11,9,5,8,6
18082639,11,4,7,8,5
18082640,6,11,4,5,10
18082641,11,5,4,6,7
18082642,8,4,3,6,10
18082643,4,5,1,6,7
18082644,10,5,3,8,6
18082645,8,9,1,5,6
18082646,4,6,11,3,8
18082647,10,6,1,11,2
18082648,9,10,3,5,11
18082649,11,9,8,7,4
18082650,11,6,4,2,5
18082651,5,10,2,8,7
18082652,8,3,4,11,1
18082653,7,2,10,5,9
18082654,8,7,11,2,10
18082655,7,4,5,8,11
18082656,6,8,1,11,2
18082657,11,4,1,6,7
18082658,3,6,10,2,1
18082659,4,11,3,2,9
18082660,11,4,1,3,10
18082661,1,2,5,10,4
18082662,3,4,2,7,5
18082663,4,2,10,5,1
18082664,10,8,3,6,5
18082665,4,2,6,5,8
18082666,5,8,2,4,7
18082667,8,4,1,2,6
18082668,9,11,1,4,2
18082669,11,8,10,3,7
18082670,6,5,9,7,10
18082671,7,10,3,9,6
18082672,9,5,3,8,2
18082673,2,8,7,10,1
18082674,11,8,4,2,3
18082675,2,10,4,8,7
18082676,11,4,8,6,5
18082677,10,2,1,11,7
18082678,8,11,9,10,4
18082679,11,3,6,4,7
18082680,9,6,1,2,11
18082681,11,10,9,6,5
18082682,1,9,7,10,6
18082701,3,2,1,4,5
18082702,1,4,9,2,7
18082703,9,6,7,1,2
18082704,7,1,10,11,2
18082705,4,2,8,11,5
18082706,6,9,3,11,7
18082707,9,10,6,11,1
18082708,1,4,2,8,11
18082709,11,2,9,4,7
18082710,9,8,4,11,6
18082711,3,8,7,10,1
18082712,6,10,3,2,7
18082713,5,1,6,4,2
18082714,10,1,4,7,11
18082715,1,4,5,2,7
18082716,11,8,10,2,5
18082717,1,6,5,11,9
18082718,3,7,6,8,5
18082719,2,3,8,9,11
18082720,1,2,11,10,3
18082721,2,5,6,1,11
18082722,11,1,6,10,3
18082723,7,11,4,1,3
18082724,9,4,7,8,5
18082725,10,5,9,7,6
18082726,4,2,11,7,8
18082727,4,9,7,1,10
18082728,9,6,4,11,5
18082729,9,5,3,10,1
18082730,9,7,5,8,11
18082731,8,2,3,11,10
18082732,2,6,10,3,7
18082733,11,10,9,3,1
18082734,1,7,5,6,11
18082735,3,2,4,9,11
18082736,7,8,5,6,1
18082737,3,6,9,2,11
18082738,4,3,7,2,11
18082739,3,6,8,9,1
18082740,10,3,5,8,2
18082741,7,9,1,10,6
18082742,11,8,7,3,5
18082743,7,10,11,4,5
18082744,3,7,2,6,1
18082745,11,4,9,7,1
18082746,10,3,2,9,6
18082747,11,5,10,2,1
18082748,5,8,4,3,6
18082749,3,2,8,4,5
18082750,3,7,10,6,9
18082751,9,7,4,10,3
18082752,4,10,11,5,1
18082753,8,9,5,11,1
18082754,7,5,9,11,3
18082755,2,1,10,11,6
18082756,10,3,2,4,8
18082757,10,5,3,1,7
18082758,4,7,1,5,3
18082759,9,1,5,10,4
18082760,11,8,9,1,4
18082761,5,8,2,4,10
18082762,1,5,7,4,3
18082763,1,11,4,7,9
18082764,2,4,9,6,11
18082765,11,2,5,10,9
18082766,10,3,8,7,4
18082767,3,11,8,10,9
18082768,6,1,2,10,8
18082769,9,11,1,6,10
18082770,3,4,10,1,8
18082771,10,2,7,1,5
18082772,11,3,6,7,8
18082773,3,1,7,9,2
18082774,11,10,6,7,1
18082775,8,7,9,2,1
18082776,5,4,11,2,3
18082777,7,4,6,2,3
18082778,3,5,11,7,9
18082779,5,11,6,10,7
18082780,4,8,5,3,1
18082781,3,2,1,7,6
18082782,6,10,4,1,8
18082801,5,7,2,6,3
18082802,5,9,4,1,11
18082803,3,7,9,1,2
18082804,5,11,9,6,8
18082805,4,11,1,3,10
18082806,9,8,4,10,11
18082807,3,2,9,6,1
18082808,1,8,9,6,4
18082809,1,8,4,7,5
18082810,6,4,2,8,11
18082811,5,2,11,9,8
18082812,6,1,11,5,2
18082813,11,8,10,9,7
18082814,4,2,6,1,5
18082815,2,5,11,7,4
18082816,11,1,8,9,4
18082817,9,6,3,8,4
18082818,10,2,11,3,5
18082819,2,7,11,9,3
18082820,7,1,9,5,3
18082821,5,4,2,10,8
18082822,11,5,7,6,4
18082823,3,5,11,4,2
18082824,2,3,1,5,4
18082825,11,4,1,7,9
18082826,8,1,9,4,3
18082827,7,8,4,2,10
18082828,5,7,1,6,10
18082829,11,1,3,4,10
18082830,5,3,8,7,6
18082831,3,10,4,1,11
18082832,3,8,9,10,11
18082833,1,2,10,6,5
18082834,9,10,6,11,4
18082835,8,6,10,4,11
18082836,10,5,2,7,9
18082837,8,5,4,6,10
18082838,10,6,5,1,3
18082839,8,7,10,1,3
18082840,3,8,11,2,5
18082841,1,6,8,11,2
18082842,8,7,6,3,5
18082843,10,8,3,7,2
18082844,7,3,5,6,2
18082845,5,8,6,7,11
18082846,7,4,1,5,9
18082847,7,8,11,6,10
18082848,4,7,10,5,2
18082849,2,7,3,6,5
18082850,5,3,9,6,8
18082851,1,8,2,6,7
18082852,10,5,4,11,6
18082853,3,11,1,4,5
18082854,9,7,5,11,2
18082855,5,11,3,7,9
18082856,1,10,11,8,2
18082857,11,3,4,2,1
18082858,1,4,9,11,5
18082859,5,7,1,8,11
18082860,5,11,8,1,3
18082861,5,7,1,10,4
18082862,2,1,10,3,7
18082863,4,10,9,6,8
18082864,3,11,6,8,7
18082865,11,7,4,1,9
18082866,11,8,5,1,9
18082867,4,5,1,2,6
18082868,1,8,11,3,10
18082869,5,6,11,2,7
18082870,6,9,2,8,5
18082871,2,5,3,7,6
18082872,3,10,1,9,6
18082873,1,3,4,11,9
18082874,5,11,4,9,8
18082875,6,4,2,8,11
18082876,10,11,7,1,4
18082877,1,4,11,2,3
18082878,8,7,3,11,1
18082879,11,1,10,3,7
18082880,11,5,7,10,9
18082881,8,3,11,4,9
18082882,7,4,6,9,11
18082901,8,11,1,9,5
18082902,7,3,1,4,5
18082903,1,2,10,5,9
18082904,6,7,9,8,11
18082905,1,7,8,9,6
18082906,9,4,8,6,1
18082907,4,2,3,6,9
18082908,10,8,7,5,2
18082909,5,6,7,11,4
18082910,1,3,10,11,8
18082911,8,6,4,9,1
18082912,10,7,9,2,6
18082913,2,6,5,1,7
18082914,6,5,9,3,7
18082915,4,3,6,1,8
18082916,10,4,8,5,6
18082917,10,4,1,8,3
18082918,6,5,4,3,2
18082919,1,4,3,6,9
18082920,10,4,3,9,11
18082921,6,7,9,8,5
18082922,7,1,11,5,6
18082923,10,7,11,4,9
18082924,9,11,6,4,10
18082925,11,3,4,7,8
18082926,1,3,4,10,2
18082927,7,8,10,3,4
18082928,2,6,1,8,3
18082929,1,10,11,5,4
18082930,1,11,6,2,5
18082931,6,2,5,11,4
18082932,11,7,1,8,2
18082933,9,6,11,1,5
18082934,7,5,9,2,10
18082935,10,2,1,5,4
18082936,6,11,1,3,8
18082937,8,11,7,9,2
18082938,7,9,2,3,1
18082939,2,7,6,1,3
18082940,5,7,11,2,10
18082941,5,7,1,8,10
18082942,8,4,6,1,9
18082943,2,8,3,5,6
18082944,10,11,9,5,6
18082945,11,4,7,5,10
18082946,5,4,2,6,1
18082947,5,2,7,10,8
18082948,11,4,2,3,10
18082949,11,7,3,10,1
18082950,6,8,3,11,4
18082951,5,10,7,8,6
18082952,1,5,9,8,4
18082953,4,9,7,2,11
18082954,10,3,5,9,7
18082955,6,4,11,3,5
18082956,10,8,1,2,3
18082957,4,8,5,1,2
18082958,2,4,6,3,7
18082959,5,8,7,4,9
18082960,3,1,4,8,5
18082961,9,5,6,10,2
18082962,11,2,4,6,9
18082963,11,10,4,9,1
18082964,5,11,9,4,10
18082965,6,11,2,8,7
18082966,9,4,8,1,11
18082967,10,1,5,11,8
18082968,10,7,2,6,11
18082969,1,8,5,9,4
18082970,4,1,3,7,2
18082971,2,8,5,6,11
18082972,4,11,9,6,8
18082973,9,10,7,1,8
18082974,8,3,7,10,1
18082975,8,3,7,9,2
18082976,8,3,1,7,6
18082977,3,9,2,7,6
18082978,6,9,10,1,4
18082979,11,1,4,5,10
18082980,10,3,9,5,8
18082981,6,2,1,8,10
18082982,3,11,6,2,9
18083001,5,6,11,8,7
18083002,2,11,7,1,4
18083003,9,2,7,4,8
18083004,7,9,4,10,6
18083005,11,6,3,2,4
18083006,6,2,11,7,9
18083007,2,9,10,6,8
18083008,11,5,9,6,7
18083009,8,9,4,7,6
18083010,6,9,3,10,1
18083011,10,11,6,8,1
18083012,6,9,1,8,7
18083013,6,8,5,11,9
18083014,7,9,4,2,5
18083015,7,6,3,5,4
18083016,4,6,10,7,5
18083017,8,9,5,3,7
18083018,11,6,8,2,5
18083019,1,7,3,2,4
18083020,8,2,4,3,11
18083021,4,7,9,5,8
18083022,11,7,6,4,8
18083023,7,3,4,8,9
18083024,11,9,6,10,3
18083025,8,3,11,6,7
18083026,3,6,4,7,9
18083027,8,10,4,7,6
18083028,8,7,10,11,9
18083029,11,7,8,3,2
18083030,2,7,5,8,1
18083031,3,7,8,4,2
18083032,3,11,1,10,5
18083033,4,7,2,8,9
18083034,1,5,2,11,9
18083035,11,7,1,8,3
18083036,7,3,5,1,10
18083037,8,5,11,1,7
18083038,3,11,4,2,1
18083039,7,3,4,11,10
18083040,7,11,1,4,5
18083041,2,11,8,4,7
18083042,11,7,8,2,1
18083043,3,5,4,8,11
18083044,8,1,5,6,3
18083045,1,10,2,5,9
18083046,10,8,11,2,6
18083047,11,8,10,5,1
18083048,2,1,7,10,3
18083049,8,11,4,10,5
18083050,6,10,5,8,2
18083051,1,7,6,2,4
18083052,5,1,2,6,9
18083053,4,8,2,1,5
18083054,11,8,10,2,7
18083055,10,5,7,1,3
18083056,7,4,2,6,3
18083057,3,8,2,11,1
18083058,8,11,1,4,2
18083059,1,11,10,8,4
18083060,9,3,7,5,4
18083061,6,8,3,4,7
18083062,7,5,6,4,8
18083063,1,10,3,4,2
18083064,7,1,5,6,11
18083065,10,5,8,2,1
18083066,1,9,2,11,4
18083067,3,5,4,9,8
18083068,10,3,5,1,8
18083069,5,10,3,2,4
18083070,11,6,2,3,5
18083071,5,9,6,2,4
18083072,11,7,4,10,8
18083073,7,11,3,2,9
18083074,6,9,1,11,3
18083075,8,6,11,3,10
18083076,3,5,10,8,6
18083077,11,9,7,6,8
18083078,3,6,9,2,10
18083079,9,6,7,3,5
18083080,6,7,2,5,11
18083081,10,2,1,6,5
18083082,11,3,8,4,2
18083101,9,6,4,5,2
18083102,8,10,9,4,7
18083103,3,11,4,9,1
18083104,6,1,5,4,11
18083105,1,4,5,3,2
18083106,4,8,7,1,11
18083107,2,7,8,1,11
18083108,2,8,11,7,1
18083109,4,10,3,1,5
18083110,10,7,2,3,11
18083111,3,2,11,9,6
18083112,6,5,1,7,11
18083113,7,5,8,6,4
18083114,4,7,9,3,11
18083115,3,2,11,9,5
18083116,11,2,1,5,10
18083117,4,11,8,1,7
18083118,1,6,7,10,8
18083119,8,4,6,9,7
18083120,8,11,10,9,6
18083121,6,1,4,5,3
18083122,4,10,8,9,2
18083123,11,8,10,9,4
18083124,5,10,11,7,2
18083125,3,1,8,5,9
18083126,11,5,4,7,9
18083127,2,4,1,8,9
18083128,10,4,11,8,3
18083129,3,11,5,6,10
18083130,5,2,3,10,4
18083131,6,4,9,10,8
18083132,10,11,7,1,9
18083133,10,5,8,3,6
18083134,9,1,4,7,10
18083135,6,7,8,9,4
18083136,5,2,1,8,6
18083137,6,1,7,9,8
18083138,5,8,9,7,4
18083139,8,6,3,7,2
18083140,11,4,8,3,1
18083141,7,8,1,9,4
18083142,2,5,6,7,4
18083143,10,1,11,6,4
18083144,4,9,7,3,6
18083145,9,10,5,2,6
18083146,9,3,10,2,1
18083147,10,8,6,5,4
18083148,7,8,4,3,6
18083149,3,9,7,8,5
18083150,7,8,4,1,2
18083151,11,2,9,7,1
18083152,9,11,6,4,8
18083153,11,6,3,8,7
18083154,4,9,6,8,3
18083155,7,8,1,3,5
18083156,2,7,4,10,6
18083157,4,11,10,8,9
18083158,4,6,11,3,5
18083159,5,11,4,2,1
18083160,9,4,11,8,10
18083161,10,4,11,3,8
18083162,10,9,3,6,5
18083163,9,1,3,8,10
18083164,7,9,8,10,6
18083165,11,1,10,3,8
18083166,10,5,9,11,2
18083167,7,4,6,10,1
18083168,5,3,4,2,9
18083169,6,8,7,5,1
18083170,4,11,1,7,10
18083171,10,1,5,8,7
18083172,6,11,8,4,2
18083173,9,2,5,6,10
18083174,11,8,9,5,7
18083175,11,7,6,5,9
18083176,1,2,10,6,3
18083177,9,3,6,2,4
18083178,2,1,10,11,4
18083179,2,5,8,10,1
18083180,5,9,10,7,3
18083181,11,8,3,2,9
18083182,9,5,1,3,2
