20040101,3,7,1,4,9
20040102,4,10,7,3,1
20040103,9,3,1,10,6
20040104,6,9,1,11,5
20040105,1,3,8,4,2
20040106,9,11,2,8,7
20040107,1,10,4,3,5
20040108,6,10,1,3,9
20040109,5,4,3,2,10
20040110,11,2,6,10,8
20040111,6,4,11,1,10
20040112,11,2,10,5,3
20040113,3,10,8,5,6
20040114,3,1,10,11,7
20040115,8,9,6,1,5
20040116,10,7,6,11,2
20040117,1,11,2,8,6
20040118,10,3,6,4,5
20040119,4,1,11,9,6
20040120,6,11,7,5,4
20040121,4,7,9,3,8
20040122,1,2,5,9,6
20040123,8,10,5,9,1
20040124,5,6,11,3,7
20040125,6,3,4,10,7
20040126,3,7,10,1,5
20040127,8,11,3,10,7
20040128,4,3,8,9,11
20040129,5,10,8,1,9
20040130,2,1,8,9,4
20040131,2,9,1,4,8
20040132,9,4,1,8,2
20040133,11,1,10,6,7
20040134,1,7,2,5,8
20040135,11,2,1,4,9
20040136,7,8,1,4,10
20040137,10,6,4,2,5
20040138,4,10,9,3,2
20040139,2,9,6,7,4
20040140,10,2,8,6,11
20040141,8,3,4,5,2
