18110101,11,9,3,2,1
18110102,7,10,2,9,8
18110103,1,9,10,7,11
18110104,8,5,3,9,6
18110105,11,6,9,3,4
18110106,2,4,7,6,3
18110107,1,2,8,10,6
18110108,7,9,1,5,8
18110109,10,4,8,11,9
18110110,5,6,3,2,11
18110111,2,1,6,7,10
18110112,6,9,3,10,7
18110113,8,4,11,9,6
18110114,10,7,8,1,5
18110115,9,4,1,6,11
18110116,2,7,6,9,5
18110117,1,11,7,6,3
18110118,10,6,3,8,5
18110119,11,4,2,9,8
18110120,3,7,6,9,5
18110121,4,7,2,3,1
18110122,10,9,11,6,2
18110123,11,2,5,6,8
18110124,9,8,7,11,6
18110125,11,2,4,1,3
18110126,1,2,10,7,4
18110127,11,6,9,10,4
18110128,5,8,4,7,6
18110129,1,2,4,8,10
18110130,10,2,3,11,1
18110131,9,2,8,6,4
18110132,7,6,9,3,4
18110133,6,9,3,5,2
18110134,2,4,1,5,9
18110135,6,4,8,7,11
18110136,6,5,3,9,2
18110137,5,4,2,8,11
18110138,7,2,5,10,1
18110139,1,7,11,9,2
18110140,5,10,11,1,2
18110141,8,4,3,6,11
18110142,9,1,4,8,11
18110143,5,8,4,10,11
18110144,9,6,4,3,11
18110145,7,9,1,4,11
18110146,6,9,2,5,4
18110147,3,7,6,5,8
18110148,5,1,2,9,10
18110149,6,1,9,11,8
18110150,4,6,8,10,11
18110151,11,5,4,8,1
18110152,8,9,3,6,11
18110153,4,9,5,7,2
18110154,7,10,3,9,11
18110155,4,1,2,11,9
18110156,10,1,3,8,2
18110157,3,7,8,6,2
18110158,4,5,10,6,2
18110159,5,9,10,2,7
18110160,11,3,10,5,2
18110161,6,3,2,7,9
18110162,2,9,10,11,7
18110163,8,6,10,5,2
18110164,8,4,11,3,10
18110165,9,11,8,2,10
18110166,2,8,4,11,6
18110167,3,5,4,6,1
18110168,3,8,10,5,11
18110169,10,4,3,7,11
18110170,9,1,7,3,5
18110171,11,8,1,7,2
18110172,2,5,11,10,9
18110173,3,6,5,4,2
18110174,10,3,6,7,4
18110175,3,6,5,2,1
18110176,1,9,4,11,2
18110177,10,4,2,8,1
18110178,2,3,1,9,6
18110179,6,4,9,1,11
18110180,2,10,1,11,4
18110181,11,5,8,3,6
18110182,10,1,4,9,8
18110201,6,3,8,4,1
18110202,8,10,6,9,5
18110203,7,5,10,11,2
18110204,3,9,7,2,5
18110205,3,4,11,9,10
18110206,6,9,11,2,4
18110207,4,7,8,3,9
18110208,10,9,1,7,2
18110209,6,9,5,11,4
18110210,11,3,1,4,5
18110211,3,2,8,5,6
18110212,8,2,9,11,7
18110213,5,10,3,7,9
18110214,8,10,7,3,4
18110215,2,6,8,11,1
18110216,6,7,10,8,9
18110217,11,7,1,6,8
18110218,10,6,11,3,2
18110219,4,6,1,9,8
18110220,11,6,4,10,7
18110221,11,5,7,9,6
18110222,11,5,8,9,2
18110223,4,11,2,8,3
18110224,9,4,2,1,8
18110225,11,3,6,10,2
18110226,7,2,5,11,6
18110227,11,4,2,5,9
18110228,3,7,2,10,9
18110229,8,4,3,9,2
18110230,10,5,4,9,2
18110231,9,6,4,1,5
18110232,7,4,8,9,6
18110233,9,4,7,11,2
18110234,7,11,1,9,5
18110235,10,2,3,8,11
18110236,11,4,3,7,8
18110237,2,4,3,10,6
18110238,8,9,2,7,1
18110239,1,2,5,10,9
18110240,2,6,1,4,11
18110241,4,2,5,10,9
18110242,1,10,8,4,7
18110243,10,5,7,3,6
18110244,6,4,10,8,5
18110245,9,3,2,8,10
18110246,6,10,9,3,5
18110247,6,8,9,1,3
18110248,1,4,10,5,11
18110249,6,8,2,3,5
18110250,10,2,1,9,5
18110251,7,5,4,2,11
18110252,1,7,4,9,2
18110253,8,10,2,4,5
18110254,8,9,6,4,2
18110255,10,11,7,4,5
18110256,5,9,10,6,7
18110257,5,6,9,11,7
18110258,6,4,2,5,1
18110259,6,9,3,5,10
18110260,10,4,9,6,8
18110261,9,11,6,10,3
18110262,7,8,1,2,9
18110263,5,4,1,6,7
18110264,3,11,2,4,8
18110265,6,11,2,4,3
18110266,7,5,6,3,1
18110267,4,5,9,11,7
18110268,1,2,4,5,8
18110269,11,7,4,2,1
18110270,10,6,1,5,8
18110271,4,8,2,7,3
18110272,8,3,10,9,2
18110273,1,11,2,10,9
18110274,3,7,4,6,1
18110275,2,6,3,7,8
18110276,5,2,11,7,4
18110277,2,3,11,9,8
18110278,11,3,5,6,7
18110279,5,6,4,1,3
18110280,11,10,3,1,5
18110281,4,7,11,1,8
18110282,7,2,3,1,8
18110301,5,8,2,10,4
18110302,7,11,6,1,8
18110303,7,4,6,8,1
18110304,5,2,9,4,1
18110305,7,10,8,3,1
18110306,2,7,10,6,3
18110307,8,7,3,4,10
18110308,11,1,9,7,3
18110309,9,11,4,6,5
18110310,2,1,5,7,9
18110311,11,3,4,7,5
18110312,10,11,4,8,2
18110313,7,10,8,11,3
18110314,1,3,7,8,11
18110315,1,9,8,3,4
18110316,6,4,2,9,3
18110317,11,7,6,2,10
18110318,3,2,4,6,10
18110319,6,11,10,4,9
18110320,5,9,1,10,8
18110321,1,4,5,3,6
18110322,3,11,2,5,6
18110323,4,3,8,9,6
18110324,7,8,1,5,3
18110325,10,7,8,5,1
18110326,6,8,1,7,3
18110327,6,3,11,8,2
18110328,11,4,5,1,3
18110329,9,5,11,1,4
18110330,4,2,7,9,10
18110331,1,4,11,2,8
18110332,6,3,7,10,9
18110333,6,2,7,3,1
18110334,10,9,4,3,1
18110335,4,6,1,3,11
18110336,4,1,6,5,7
18110337,6,9,1,4,2
18110338,9,5,7,8,4
18110339,9,2,1,5,10
18110340,4,10,6,3,9
18110341,2,8,9,1,4
18110342,10,6,4,8,9
18110343,3,10,7,6,1
18110344,9,5,6,1,7
18110345,5,4,10,3,8
18110346,5,7,9,4,1
18110347,9,11,8,1,2
18110348,3,1,8,4,6
18110349,7,8,3,5,9
18110350,1,8,4,7,9
18110351,5,4,9,10,3
18110352,10,5,7,11,6
18110353,4,3,11,9,2
18110354,7,10,5,4,9
18110355,10,11,1,7,3
18110356,6,1,11,8,10
18110357,8,1,5,11,7
18110358,7,4,2,5,1
18110359,11,6,7,9,10
18110360,1,4,5,8,11
18110361,2,3,4,11,5
18110362,11,7,5,8,6
18110363,5,1,3,6,10
18110364,1,4,9,7,11
18110365,3,6,5,1,4
18110366,6,8,1,7,9
18110367,7,5,11,4,9
18110368,2,6,4,8,9
18110369,6,2,11,7,8
18110370,3,8,4,7,6
18110371,9,8,2,4,11
18110372,11,5,8,9,4
18110373,10,2,3,5,8
18110374,11,6,5,10,4
18110375,2,4,8,3,7
18110376,10,8,6,5,1
18110377,1,7,2,6,4
18110378,4,6,9,8,1
18110379,5,4,6,10,8
18110380,7,4,9,1,10
18110381,7,4,1,6,3
18110382,6,4,1,8,2
18110401,5,3,2,6,8
18110402,1,7,10,5,4
18110403,4,6,5,2,11
18110404,4,9,7,3,2
18110405,8,5,10,9,2
18110406,9,4,1,8,3
18110407,11,6,4,1,10
18110408,8,4,6,9,11
18110409,8,5,9,4,1
18110410,9,11,4,10,8
18110411,8,6,3,9,1
18110412,9,2,6,10,4
18110413,6,5,9,10,7
18110414,6,3,5,7,1
18110415,7,5,3,9,8
18110416,10,1,11,7,4
18110417,8,6,5,10,9
18110418,9,10,11,8,1
18110419,8,3,6,5,7
18110420,9,5,11,4,3
18110421,11,3,7,9,6
18110422,9,1,11,8,2
18110423,7,5,6,3,9
18110424,2,9,6,8,4
18110425,7,1,5,2,11
18110426,4,1,9,7,5
18110427,11,4,10,1,6
18110428,11,10,6,4,1
18110429,11,1,6,2,7
18110430,3,5,1,9,4
18110431,2,6,7,11,1
18110432,8,10,1,9,11
18110433,6,1,7,4,9
18110434,6,5,10,8,7
18110435,5,3,2,6,4
18110436,11,6,2,1,8
18110437,7,8,10,3,2
18110438,8,2,6,10,1
18110439,2,6,3,5,7
18110440,10,4,1,2,5
18110441,11,5,3,6,2
18110442,11,10,8,1,7
18110443,2,11,4,7,10
18110444,11,1,2,9,7
18110445,11,6,2,8,4
18110446,10,2,3,5,9
18110447,5,2,6,4,9
18110448,1,5,2,4,3
18110449,5,10,4,1,7
18110450,10,11,6,1,8
18110451,6,1,9,5,11
18110452,6,5,1,7,3
18110453,3,8,10,7,2
18110454,1,4,6,11,3
18110455,5,2,1,4,6
18110456,8,11,9,6,1
18110457,3,10,8,2,7
18110458,2,10,8,1,6
18110459,6,2,4,1,7
18110460,3,8,1,5,2
18110461,2,3,1,6,8
18110462,8,1,2,9,4
18110463,8,1,5,7,10
18110464,2,1,4,8,7
18110465,6,10,9,4,1
18110466,6,1,8,9,10
18110467,7,9,8,11,1
18110468,11,8,10,9,2
18110469,6,9,2,5,4
18110470,10,8,7,9,6
18110471,3,9,7,5,6
18110472,1,5,4,2,7
18110473,10,2,8,3,9
18110474,8,4,5,6,10
18110475,1,7,10,4,6
18110476,9,3,8,6,10
18110477,10,3,2,11,8
18110478,10,11,5,7,6
18110479,6,2,8,3,7
18110480,5,4,3,7,6
18110481,6,5,7,2,4
18110482,6,11,4,3,5
18110501,8,10,1,7,2
18110502,11,10,8,7,9
18110503,5,11,8,4,2
18110504,7,9,6,3,4
18110505,11,5,7,4,6
18110506,10,6,5,11,8
18110507,8,3,7,9,1
18110508,10,7,3,9,11
18110509,3,1,8,7,4
18110510,7,4,9,5,10
18110511,8,1,9,6,7
18110512,1,6,11,8,3
18110513,2,6,7,5,11
18110514,7,2,6,9,5
18110515,9,7,11,4,1
18110516,2,6,9,10,1
18110517,8,7,11,4,1
18110518,6,2,1,7,9
18110519,11,8,4,7,3
18110520,5,10,11,7,2
18110521,9,1,3,4,10
18110522,5,2,9,3,6
18110523,5,7,1,2,4
18110524,9,7,5,3,4
18110525,1,11,9,2,3
18110526,4,9,11,3,8
18110527,4,2,11,9,3
18110528,2,8,1,4,7
18110529,2,11,1,4,10
18110530,11,5,10,2,4
18110531,7,2,1,3,10
18110532,6,11,4,5,2
18110533,2,1,4,5,7
18110534,11,6,4,1,9
18110535,1,7,6,2,9
18110536,8,9,2,5,4
18110537,10,7,9,11,6
18110538,3,11,9,2,10
18110539,9,2,7,10,11
18110540,7,10,3,8,9
18110541,9,5,2,4,7
18110542,6,4,8,11,1
18110543,10,7,6,2,11
18110544,1,7,8,10,2
18110545,2,6,8,9,4
18110546,2,1,10,3,11
18110547,10,6,1,2,4
18110548,1,3,11,10,8
18110549,8,9,10,4,5
18110550,1,4,6,9,5
18110551,9,5,7,3,2
18110552,8,11,7,1,4
18110553,9,3,5,4,11
18110554,2,3,10,9,1
18110555,7,3,4,8,9
18110556,1,5,3,6,11
18110557,7,10,4,1,11
18110558,4,11,6,3,8
18110559,11,4,1,7,10
18110560,1,3,6,8,4
18110561,9,1,10,11,8
18110562,1,11,9,7,8
18110563,5,7,10,6,3
18110564,9,7,8,1,2
18110565,10,3,9,11,2
18110566,7,11,6,9,3
18110567,3,11,2,8,10
18110568,10,3,5,7,11
18110569,9,11,1,3,5
18110570,7,1,3,8,6
18110571,2,9,4,3,7
18110572,7,11,1,9,6
18110573,5,11,9,8,6
18110574,4,7,2,11,10
18110575,7,3,4,11,10
18110576,1,3,8,6,7
18110577,8,3,10,1,11
18110578,10,11,4,6,8
18110579,3,4,5,6,8
18110580,8,3,11,1,4
18110581,1,9,2,10,11
18110582,4,9,2,3,1
18110601,9,3,11,7,1
18110602,10,3,7,2,1
18110603,9,10,1,5,3
18110604,7,9,2,11,10
18110605,9,11,4,3,2
18110606,5,7,8,6,11
18110607,9,6,2,7,5
18110608,6,7,8,10,1
18110609,9,5,4,8,11
18110610,11,2,6,3,4
18110611,5,3,4,7,6
18110612,5,6,11,8,2
18110613,2,1,5,6,4
18110614,1,7,9,11,10
18110615,8,4,11,5,1
18110616,7,11,6,10,8
18110617,10,2,1,9,11
18110618,4,3,1,11,5
18110619,7,3,1,8,10
18110620,5,2,8,6,11
18110621,8,4,3,5,6
18110622,9,1,5,10,3
18110623,9,4,1,5,6
18110624,1,7,6,8,10
18110625,11,3,7,1,2
18110626,8,2,4,6,11
18110627,2,10,4,9,5
18110628,9,6,5,10,8
18110629,11,4,9,3,1
18110630,4,7,9,3,1
18110631,8,1,9,7,3
18110632,5,7,9,3,4
18110633,6,11,8,9,1
18110634,8,3,7,11,10
18110635,6,11,5,3,4
18110636,3,10,11,9,4
18110637,11,10,7,3,2
18110638,3,6,1,4,2
18110639,1,8,7,4,11
18110640,9,3,8,4,6
18110641,8,11,1,2,10
18110642,5,10,2,3,4
18110643,7,8,3,4,6
18110644,2,7,1,8,3
18110645,3,10,5,11,1
18110646,3,9,7,10,11
18110647,6,7,9,11,2
18110648,6,2,11,9,10
18110649,6,3,1,9,7
18110650,4,8,2,5,9
18110651,6,1,4,7,8
18110652,4,2,5,11,10
18110653,9,6,8,5,10
18110654,10,11,3,5,8
18110655,10,4,11,9,1
18110656,1,6,2,4,5
18110657,2,9,10,7,4
18110658,5,11,7,4,2
18110659,2,10,11,6,1
18110660,6,3,9,4,11
18110661,3,9,4,1,7
18110662,3,6,7,2,10
18110663,7,3,1,2,5
18110664,9,1,4,11,6
18110665,10,3,6,8,9
18110666,2,8,3,10,9
18110667,3,8,5,11,7
18110668,10,4,6,11,7
18110669,4,7,8,5,1
18110670,10,8,9,11,1
18110671,1,6,8,3,11
18110672,8,3,4,11,1
18110673,10,5,6,7,4
18110674,10,4,6,3,1
18110675,4,2,1,11,9
18110676,4,3,11,9,2
18110677,7,10,8,1,4
18110678,9,11,7,4,6
18110679,9,8,3,4,6
18110680,10,11,1,5,9
18110681,10,8,2,9,11
18110682,10,3,2,11,6
18110701,6,11,3,1,10
18110702,8,11,1,5,7
18110703,6,3,7,5,11
18110704,8,4,7,5,2
18110705,6,1,7,4,5
18110706,11,1,7,3,2
18110707,1,11,8,10,2
18110708,9,8,6,4,2
18110709,5,4,10,9,3
18110710,2,5,9,6,7
18110711,3,9,2,11,7
18110712,1,6,3,4,5
18110713,7,4,1,2,9
18110714,7,6,10,2,4
18110715,7,3,9,10,2
18110716,5,10,11,3,7
18110717,7,4,1,11,8
18110718,4,3,7,6,1
18110719,9,6,4,2,10
18110720,1,8,11,2,5
18110721,11,10,5,4,6
18110722,7,2,4,1,5
18110723,7,4,1,10,11
18110724,9,11,5,3,6
18110725,2,7,8,5,1
18110726,7,4,9,11,6
18110727,5,6,10,1,4
18110728,3,11,9,7,8
18110729,1,3,5,11,7
18110730,9,7,4,5,2
18110731,10,3,7,1,2
18110732,1,8,5,7,10
18110733,6,7,4,5,3
18110734,2,7,4,10,5
18110735,10,3,8,9,4
18110736,10,3,7,8,9
18110737,4,7,1,11,6
18110738,2,8,4,1,6
18110739,7,3,4,6,11
18110740,9,6,3,1,10
18110741,11,7,3,8,10
18110742,8,2,10,3,9
18110743,11,10,1,3,9
18110744,9,8,2,6,11
18110745,8,4,6,1,9
18110746,11,5,2,10,9
18110747,5,7,6,11,3
18110748,1,7,9,6,2
18110749,11,10,6,8,3
18110750,5,3,10,7,4
18110751,5,10,1,9,4
18110752,1,8,11,4,10
18110753,7,1,11,5,2
18110754,9,5,2,3,6
18110755,8,3,4,6,1
18110756,3,8,1,2,4
18110757,10,2,1,8,3
18110758,2,11,1,9,3
18110759,2,1,5,8,10
18110760,3,5,4,11,8
18110761,8,2,1,9,7
18110762,7,4,5,2,9
18110763,11,3,5,4,1
18110764,6,3,11,8,2
18110765,3,5,10,6,7
18110766,6,3,2,7,1
18110767,11,2,3,6,8
18110768,5,10,4,3,6
18110769,2,9,11,6,5
18110770,7,1,8,6,11
18110771,11,5,3,10,4
18110772,7,3,5,2,1
18110773,9,11,6,3,8
18110774,6,11,7,3,9
18110775,10,7,4,1,8
18110776,8,9,1,2,3
18110777,10,5,11,7,6
18110778,7,1,8,5,11
18110779,4,8,3,10,11
18110780,9,10,5,11,7
18110781,4,8,2,5,7
18110782,1,4,3,6,9
18110801,9,6,10,8,2
18110802,5,9,2,11,1
18110803,5,7,2,11,8
18110804,3,1,8,5,4
18110805,8,5,7,11,2
18110806,8,6,5,7,9
18110807,9,4,10,2,6
18110808,6,7,3,11,2
18110809,3,1,9,7,11
18110810,11,3,5,7,9
18110811,2,6,3,7,1
18110812,8,3,11,5,1
18110813,3,1,2,4,5
18110814,11,3,7,1,5
18110815,5,2,4,7,3
18110816,7,1,11,6,3
18110817,5,9,8,10,3
18110818,11,4,6,7,8
18110819,5,9,6,8,2
18110820,9,7,5,8,11
18110821,4,6,11,8,3
18110822,9,3,11,5,8
18110823,6,4,7,5,8
18110824,11,9,6,7,10
18110825,9,3,7,2,8
18110826,7,9,6,10,3
18110827,8,3,5,2,6
18110828,5,6,1,11,9
18110829,4,6,10,3,2
18110830,3,9,1,10,11
18110831,8,11,4,5,2
18110832,8,4,5,7,2
18110833,3,2,5,1,8
18110834,2,7,11,5,3
18110835,8,10,5,7,11
18110836,9,2,3,8,7
18110837,9,4,8,1,7
18110838,8,7,9,2,4
18110839,9,11,4,2,3
18110840,3,10,5,1,7
18110841,9,11,10,1,6
18110842,2,8,7,5,1
18110843,10,3,9,11,7
18110844,9,10,7,3,1
18110845,1,8,11,9,6
18110846,1,3,5,8,7
18110847,9,5,7,2,3
18110848,1,9,10,5,4
18110849,1,4,9,10,3
18110850,8,9,2,11,6
18110851,4,1,10,2,7
18110852,4,10,7,1,8
18110853,6,7,5,3,9
18110854,11,9,7,6,2
18110855,5,3,4,9,7
18110856,11,10,2,4,8
18110857,4,3,11,1,6
18110858,1,5,2,11,7
18110859,4,2,6,1,3
18110860,6,4,9,8,3
18110861,6,9,5,10,4
18110862,5,8,4,1,2
18110863,5,1,10,3,8
18110864,3,9,11,6,10
18110865,7,8,2,10,6
18110866,5,7,9,8,1
18110867,6,10,11,7,1
18110868,2,4,5,10,7
18110869,3,9,2,6,4
18110870,4,11,1,6,8
18110871,3,11,6,1,8
18110872,4,7,9,11,2
18110873,1,6,2,7,3
18110874,4,7,3,10,5
18110875,3,9,1,10,7
18110876,1,7,9,11,3
18110877,5,11,8,2,4
18110878,1,3,9,4,7
18110879,9,7,4,8,10
18110880,2,6,11,4,8
18110881,9,11,2,6,3
18110882,11,8,2,10,7
18110901,4,5,9,11,7
18110902,7,4,1,5,2
18110903,5,11,9,1,7
18110904,11,3,1,7,10
18110905,1,6,11,9,8
18110906,4,7,2,3,8
18110907,8,7,3,10,5
18110908,6,3,4,8,2
18110909,6,4,8,2,11
18110910,10,5,9,1,11
18110911,11,9,3,2,4
18110912,10,8,7,11,9
18110913,7,6,2,5,11
18110914,4,2,6,5,8
18110915,8,5,11,4,6
18110916,1,9,6,3,8
18110917,10,6,7,11,4
18110918,2,1,9,11,5
18110919,11,4,10,1,8
18110920,5,7,3,6,11
18110921,6,7,11,8,9
18110922,10,9,4,1,3
18110923,10,4,1,11,3
18110924,10,6,4,7,9
18110925,2,7,8,6,4
18110926,3,8,5,1,11
18110927,9,3,8,5,10
18110928,3,10,8,7,11
18110929,2,3,7,4,9
18110930,8,5,4,1,3
18110931,6,11,5,3,7
18110932,7,1,11,8,6
18110933,3,2,6,1,4
18110934,5,7,10,8,4
18110935,3,10,5,6,4
18110936,2,6,9,5,3
18110937,5,11,6,7,3
18110938,8,9,11,3,10
18110939,3,2,4,11,6
18110940,8,7,3,4,11
18110941,11,1,2,3,7
18110942,4,1,3,9,11
18110943,2,8,9,7,11
18110944,2,10,11,1,7
18110945,9,5,4,3,6
18110946,7,9,1,10,5
18110947,5,1,2,6,10
18110948,11,10,8,9,7
18110949,3,2,8,7,4
18110950,9,11,8,2,4
18110951,11,7,3,8,5
18110952,2,9,10,3,11
18110953,8,7,2,4,1
18110954,6,10,2,3,7
18110955,3,6,11,2,5
18110956,10,6,7,5,3
18110957,9,1,10,7,8
18110958,1,4,6,10,2
18110959,9,10,1,11,5
18110960,7,10,9,8,1
18110961,7,5,8,10,3
18110962,11,7,2,3,6
18110963,5,2,9,1,8
18110964,2,3,4,8,5
18110965,11,2,8,5,3
18110966,10,5,11,3,9
18110967,5,3,7,10,6
18110968,4,8,7,1,5
18110969,5,6,11,1,7
18110970,2,8,3,10,9
18110971,4,5,1,7,3
18110972,9,1,7,4,2
18110973,6,1,5,2,10
18110974,9,8,2,5,3
18110975,4,10,3,6,1
18110976,7,10,11,1,5
18110977,3,6,8,9,10
18110978,10,8,11,9,2
18110979,10,8,5,4,2
18110980,10,11,6,2,9
18110981,11,7,2,3,1
18110982,5,2,9,4,10
18111001,2,8,10,5,11
18111002,8,5,7,11,6
18111003,10,6,7,8,2
18111004,4,1,7,9,3
18111005,1,5,9,7,6
18111006,9,8,3,5,7
18111007,10,9,4,11,8
18111008,7,1,11,8,6
18111009,8,11,4,5,1
18111010,7,5,4,3,10
18111011,6,4,3,2,5
18111012,8,3,10,9,2
18111013,5,1,4,11,7
18111014,9,8,4,11,6
18111015,9,6,1,8,3
18111016,10,2,3,4,8
18111017,2,1,9,5,6
18111018,4,10,11,1,2
18111019,3,7,8,5,11
18111020,1,11,6,10,9
18111021,3,11,6,1,7
18111022,4,7,10,11,1
18111023,5,3,6,4,7
18111024,9,7,10,8,2
18111025,11,7,3,9,1
18111026,4,2,7,9,6
18111027,10,1,7,9,2
18111028,3,6,1,5,7
18111029,10,3,1,5,2
18111030,1,4,6,5,3
18111031,9,10,6,4,5
18111032,3,10,1,9,7
18111033,2,8,9,7,6
18111034,2,10,7,6,5
18111035,5,8,4,11,1
18111036,7,10,4,5,1
18111037,9,5,10,1,7
18111038,1,2,5,9,11
18111039,1,4,10,6,11
18111040,6,11,10,3,8
18111041,3,1,5,4,9
18111042,1,9,7,2,8
18111043,4,7,8,11,1
18111044,11,5,9,3,8
18111045,9,11,4,5,6
18111046,7,4,3,6,8
18111047,5,1,8,2,6
18111048,9,6,3,2,1
18111049,2,11,1,10,6
18111050,9,6,2,5,10
18111051,8,1,9,3,5
18111052,1,9,5,6,4
18111053,3,11,4,7,2
18111054,9,7,2,4,8
18111055,8,11,7,6,4
18111056,8,7,2,1,10
18111057,6,7,3,8,1
18111058,7,6,5,2,11
18111059,7,1,11,4,8
18111060,11,1,3,9,7
18111061,6,1,4,3,5
18111062,5,8,1,7,10
18111063,11,2,7,4,5
18111064,11,7,3,5,4
18111065,5,2,9,10,1
18111066,9,10,1,11,8
18111067,2,9,6,5,4
18111068,8,6,11,1,3
18111069,8,2,10,7,1
18111070,10,6,2,9,3
18111071,2,6,3,8,1
18111072,4,7,8,9,3
18111073,5,1,9,3,10
18111074,4,6,5,1,8
18111075,3,11,6,8,4
18111076,3,2,5,8,10
18111077,5,4,10,1,6
18111078,8,2,11,4,3
18111079,9,11,3,2,4
18111080,8,4,10,2,9
18111081,11,1,3,10,5
18111082,11,10,6,2,1
18111101,5,11,2,6,4
18111102,7,3,2,5,11
18111103,9,4,5,6,1
18111104,4,10,5,9,1
18111105,4,7,3,9,5
18111106,8,2,4,1,6
18111107,11,6,8,3,2
18111108,8,9,6,5,2
18111109,2,3,4,1,11
18111110,8,1,4,9,2
18111111,5,10,4,1,3
18111112,5,7,3,8,6
18111113,11,3,7,1,9
18111114,4,7,10,1,2
18111115,1,5,9,3,7
18111116,9,2,1,5,6
18111117,1,9,8,7,11
18111118,2,5,1,7,9
18111119,6,9,5,7,2
18111120,4,7,9,8,6
18111121,3,5,8,10,2
18111122,10,9,11,4,6
18111123,1,4,2,5,11
18111124,5,7,6,11,4
18111125,5,4,1,6,10
18111126,3,9,11,10,1
18111127,2,8,1,7,4
18111128,7,10,3,1,2
18111129,1,9,5,6,10
18111130,4,7,1,6,3
18111131,10,9,5,8,2
18111132,1,5,9,6,2
18111133,4,2,7,5,9
18111134,9,7,3,1,8
18111135,9,7,2,1,6
18111136,10,4,11,8,5
18111137,2,11,5,7,8
18111138,8,10,4,11,1
18111139,6,3,2,9,7
18111140,5,6,7,10,2
18111141,7,2,3,10,11
18111142,4,10,7,6,5
18111143,4,3,6,11,7
18111144,2,8,9,4,10
18111145,1,8,5,9,7
18111146,3,7,5,10,1
18111147,10,9,11,7,6
18111148,8,1,3,10,4
18111149,7,1,5,11,2
18111150,11,6,7,1,10
18111151,8,11,9,10,1
18111152,1,10,6,11,4
18111153,11,6,5,3,2
18111154,7,3,2,9,1
18111155,3,8,9,10,4
18111156,6,11,4,9,2
18111157,5,3,7,11,8
18111158,3,5,4,10,11
18111159,6,5,11,4,9
18111160,8,9,11,2,1
18111161,11,1,5,4,10
18111162,10,4,1,7,6
18111163,3,4,9,5,10
18111164,7,3,2,6,11
18111165,2,3,10,11,4
18111166,10,1,5,4,8
18111167,4,6,8,11,1
18111168,8,6,3,4,11
18111169,1,2,9,7,6
18111170,7,3,1,6,8
18111171,5,7,9,4,8
18111172,8,3,10,5,11
18111173,4,7,1,9,8
18111174,5,7,10,1,9
18111175,2,1,3,7,9
18111176,10,3,5,4,7
18111177,1,7,2,9,4
18111178,5,3,9,10,1
18111179,5,1,6,3,7
18111180,4,8,5,9,7
18111181,6,11,3,7,4
18111182,4,11,1,3,7
18111201,11,7,1,3,10
18111202,5,3,6,8,11
18111203,5,8,10,9,7
18111204,11,8,2,5,6
18111205,1,5,4,8,9
18111206,8,6,5,9,7
18111207,9,7,6,10,2
18111208,9,5,10,11,2
18111209,5,1,3,9,7
18111210,4,1,7,10,9
18111211,11,2,9,3,4
18111212,1,9,7,8,6
18111213,6,2,7,10,8
18111214,3,7,11,9,2
18111215,9,2,4,3,7
18111216,1,3,7,4,9
18111217,3,6,8,7,11
18111218,6,11,4,5,7
18111219,1,4,3,7,11
18111220,9,8,3,7,10
18111221,3,10,8,7,11
18111222,7,6,9,4,5
18111223,10,8,3,9,5
18111224,5,2,9,3,1
18111225,10,8,2,7,1
18111226,9,5,8,2,6
18111227,7,8,6,2,1
18111228,2,4,7,1,9
18111229,6,9,5,4,8
18111230,5,6,9,7,2
18111231,11,5,7,4,6
18111232,5,6,11,3,4
18111233,9,1,7,2,4
18111234,10,6,8,5,3
18111235,8,11,4,1,10
18111236,4,6,9,3,7
18111237,3,1,5,9,6
18111238,10,6,1,11,4
18111239,6,1,11,5,7
18111240,10,11,5,9,6
18111241,11,1,2,6,8
18111242,5,1,10,9,2
18111243,7,6,1,9,8
18111244,4,5,3,11,2
18111245,6,9,5,7,4
18111246,2,7,11,4,9
18111247,11,5,3,8,2
18111248,10,4,7,1,5
18111249,1,10,6,11,9
18111250,10,11,9,1,3
18111251,3,1,6,4,2
18111252,9,2,3,7,5
18111253,2,8,5,3,9
18111254,3,11,4,6,8
18111255,1,2,7,9,10
18111256,6,3,1,4,5
18111257,2,6,8,7,10
18111258,5,9,1,3,10
18111259,10,4,5,3,8
18111260,1,3,4,2,8
18111261,4,1,3,11,5
18111262,10,7,2,1,4
18111263,11,4,10,7,2
18111264,8,2,6,1,10
18111265,6,5,10,9,2
18111266,3,2,7,5,9
18111267,3,2,1,10,4
18111268,5,9,11,2,1
18111269,8,11,5,4,2
18111270,5,1,11,2,3
18111271,2,9,6,10,5
18111272,7,5,4,1,8
18111273,10,3,2,4,7
18111274,10,1,5,7,9
18111275,8,3,6,2,11
18111276,2,8,11,5,3
18111277,7,5,6,3,8
18111278,2,3,5,1,8
18111279,3,5,11,1,2
18111280,10,3,8,5,11
18111281,1,2,10,11,4
18111282,2,11,10,4,1
18111301,9,3,7,10,5
18111302,3,1,7,9,8
18111303,5,10,7,2,8
18111304,11,6,4,10,8
18111305,11,10,9,5,8
18111306,9,5,2,1,10
18111307,10,3,2,6,5
18111308,10,11,4,5,1
18111309,1,5,6,3,7
18111310,11,4,9,1,5
18111311,11,6,9,5,8
18111312,1,8,2,11,6
18111313,8,6,11,1,10
18111314,6,2,3,10,1
18111315,7,3,1,11,9
18111316,4,7,8,5,1
18111317,4,11,9,10,3
18111318,5,9,6,8,11
18111319,9,4,8,6,7
18111320,3,4,2,8,9
18111321,4,10,9,2,8
18111322,9,3,6,5,8
18111323,10,7,1,2,8
18111324,9,3,6,1,11
18111325,3,9,11,10,2
18111326,11,6,9,5,2
18111327,8,11,10,2,9
18111328,7,6,2,11,1
18111329,7,9,1,11,10
18111330,9,4,10,11,5
18111331,6,5,1,11,4
18111332,4,1,2,6,10
18111333,5,10,2,6,11
18111334,6,1,2,5,9
18111335,8,6,5,4,1
18111336,3,7,6,8,9
18111337,4,11,5,9,2
18111338,4,11,2,6,8
18111339,9,1,6,2,8
18111340,8,10,1,6,5
18111341,8,7,4,6,3
18111342,2,8,6,7,11
18111343,3,4,11,9,1
18111344,5,10,6,2,1
18111345,5,9,1,4,11
18111346,6,9,11,3,10
18111347,6,7,10,4,3
18111348,3,9,8,6,2
18111349,6,9,7,10,4
18111350,3,8,10,6,5
18111351,3,2,4,7,1
18111352,10,8,3,4,9
18111353,4,5,9,1,6
18111354,6,1,11,5,2
18111355,10,3,6,8,1
18111356,5,9,1,10,7
18111357,5,3,4,9,6
18111358,3,7,4,5,11
18111359,1,4,9,6,5
18111360,7,11,1,10,2
18111361,4,1,9,11,6
18111362,8,7,4,3,6
18111363,7,2,3,4,9
18111364,8,10,6,9,4
18111365,9,3,2,10,7
18111366,2,3,6,9,10
18111367,7,8,9,3,1
18111368,4,11,6,5,2
18111369,6,11,9,8,3
18111370,2,5,9,6,1
18111371,5,1,7,8,2
18111372,6,9,2,8,7
18111373,9,11,5,1,3
18111374,8,2,5,4,7
18111375,5,11,6,10,3
18111376,7,5,1,8,4
18111377,7,1,5,3,6
18111378,4,6,1,9,7
18111379,9,3,7,10,4
18111380,2,3,5,11,8
18111381,8,5,3,1,2
18111382,2,9,10,3,7
18111401,8,10,9,11,1
18111402,3,5,2,6,7
18111403,3,5,7,4,1
18111404,4,3,6,10,5
18111405,7,8,6,2,1
18111406,7,2,6,10,4
18111407,6,9,7,2,3
18111408,7,4,11,5,1
18111409,3,4,9,2,5
18111410,11,8,5,2,9
18111411,10,11,2,9,7
18111412,5,2,1,8,6
18111413,9,1,5,3,6
18111414,10,11,4,6,7
18111415,1,7,11,3,2
18111416,5,3,10,6,7
18111417,10,9,11,1,7
18111418,3,9,10,4,2
18111419,11,8,9,2,1
18111420,9,10,4,5,7
18111421,7,4,6,1,9
18111422,10,8,11,2,6
18111423,10,8,9,7,6
18111424,7,3,5,8,6
18111425,10,9,6,1,8
18111426,2,10,3,7,11
18111427,5,7,2,1,9
18111428,6,9,10,4,5
18111429,2,8,1,3,11
18111430,6,1,9,2,8
18111431,4,1,10,8,2
18111432,7,6,11,10,3
18111433,11,6,8,1,2
18111434,2,3,10,4,6
18111435,6,11,2,1,10
18111436,10,7,2,11,1
18111437,7,5,1,2,3
18111438,3,5,7,2,1
18111439,10,3,9,6,8
18111440,9,4,1,10,5
18111441,10,5,7,2,1
18111442,8,11,5,2,7
18111443,7,10,6,2,9
18111444,8,3,7,11,4
18111445,7,2,11,5,6
18111446,8,4,5,11,10
18111447,9,7,8,2,10
18111448,9,7,4,1,6
18111449,8,11,3,4,6
18111450,10,3,4,5,9
18111451,5,9,4,8,10
18111452,1,5,8,9,4
18111453,6,11,7,3,9
18111454,3,8,4,9,6
18111455,9,7,11,8,4
18111456,9,11,4,2,1
18111457,1,2,10,8,7
18111458,11,3,10,8,1
18111459,5,8,6,9,10
18111460,2,3,1,7,4
18111461,1,6,7,9,4
18111462,1,5,8,4,2
18111463,5,3,7,2,1
18111464,8,2,6,10,3
18111465,10,11,1,8,3
18111466,4,11,7,9,5
18111467,11,4,3,10,7
18111468,5,7,1,11,9
18111469,2,7,5,9,1
18111470,2,8,1,9,7
18111471,6,8,11,5,2
18111472,5,8,10,3,6
18111473,2,7,8,11,10
18111474,4,10,1,8,7
18111475,7,8,9,5,4
18111476,3,10,7,4,11
18111477,10,2,11,5,4
18111478,6,5,9,10,4
18111479,3,10,8,6,4
18111480,11,1,10,4,2
18111481,10,6,4,9,1
18111482,9,2,4,11,8
18111501,9,4,3,5,7
18111502,6,7,3,8,9
18111503,4,9,6,1,8
18111504,10,8,4,6,3
18111505,11,10,7,1,2
18111506,9,2,5,6,3
18111507,1,6,9,8,11
18111508,8,1,4,9,2
18111509,4,5,1,3,7
18111510,11,3,1,8,4
18111511,4,2,6,11,9
18111512,2,6,8,3,11
18111513,4,2,1,10,9
18111514,6,7,4,11,1
18111515,3,2,6,1,7
18111516,7,11,9,4,10
18111517,7,3,4,2,11
18111518,10,3,5,8,6
18111519,3,8,7,4,2
18111520,10,9,11,8,2
18111521,6,8,10,11,3
18111522,8,2,4,7,10
18111523,5,3,8,7,4
18111524,4,1,2,9,6
18111525,2,1,9,5,4
18111526,10,1,9,2,11
18111527,1,2,9,11,5
18111528,4,9,2,6,1
18111529,4,1,7,2,10
18111530,5,1,9,6,8
18111531,8,1,11,10,5
18111532,11,1,4,6,7
18111533,11,2,5,3,4
18111534,1,7,3,8,10
18111535,6,4,5,7,2
18111536,7,3,10,11,6
18111537,4,7,9,5,3
18111538,4,11,3,2,8
18111539,10,11,6,9,4
18111540,8,1,2,3,5
18111541,11,9,6,4,8
18111542,10,2,3,8,11
18111543,6,5,8,1,7
18111544,10,9,5,1,11
18111545,9,4,8,6,1
18111546,7,5,3,11,10
18111547,3,6,8,5,10
18111548,9,11,3,10,2
18111549,6,10,5,8,1
18111550,3,1,8,11,2
18111551,10,1,7,2,6
18111552,1,9,6,7,11
18111553,9,10,4,11,5
18111554,4,10,6,3,11
18111555,7,2,5,3,10
18111556,8,10,11,4,6
18111557,8,3,4,9,7
18111558,4,10,5,9,7
18111559,7,9,2,6,1
18111560,2,4,8,9,6
18111561,7,2,3,6,11
18111562,9,10,8,5,1
18111563,5,2,3,6,8
18111564,5,6,11,4,10
18111565,2,10,4,9,11
18111566,6,1,2,11,3
18111567,5,7,3,9,8
18111568,3,6,5,2,9
18111569,1,10,3,5,4
18111570,11,1,10,9,5
18111571,2,8,7,5,4
18111572,2,5,8,1,7
18111573,10,6,2,9,3
18111574,11,8,6,10,9
18111575,6,7,1,11,10
18111576,10,11,3,4,2
18111577,4,2,8,3,11
18111578,9,10,1,5,7
18111579,1,7,6,4,8
18111580,9,2,7,10,8
18111581,8,2,6,7,9
18111582,2,5,4,1,11
18111601,4,1,9,11,2
18111602,10,4,5,6,2
18111603,8,2,7,9,10
18111604,4,2,1,6,11
18111605,1,8,9,11,6
18111606,4,6,11,1,7
18111607,3,1,11,7,5
18111608,11,2,5,7,6
18111609,6,1,5,8,4
18111610,11,1,9,2,4
18111611,1,11,4,2,7
18111612,1,4,7,10,8
18111613,4,8,10,6,1
18111614,9,5,7,10,4
18111615,8,5,10,2,1
18111616,7,10,1,5,3
18111617,6,2,1,4,5
18111618,9,8,1,4,7
18111619,11,10,5,6,3
18111620,2,3,7,6,5
18111621,8,11,1,3,5
18111622,5,4,1,7,3
18111623,5,3,10,9,8
18111624,3,6,1,9,11
18111625,2,3,6,7,8
18111626,11,5,6,3,1
18111627,8,10,5,6,11
18111628,9,10,11,1,5
18111629,10,2,7,8,4
18111630,11,1,6,5,4
18111631,10,5,6,4,8
18111632,8,4,6,11,3
18111633,9,11,2,3,8
18111634,4,1,10,5,6
18111635,2,1,3,7,9
18111636,6,10,7,2,1
18111637,10,7,1,9,2
18111638,7,10,3,8,6
18111639,8,4,2,11,5
18111640,4,3,11,2,6
18111641,9,11,6,10,8
18111642,2,7,6,4,11
18111643,10,1,5,3,2
18111644,8,1,9,11,3
18111645,4,6,7,8,10
18111646,10,3,9,7,8
18111647,7,8,6,11,2
18111648,11,9,5,1,3
18111649,8,6,10,11,5
18111650,1,4,2,8,9
18111651,7,4,5,6,10
18111652,1,6,8,2,3
18111653,2,8,10,4,9
18111654,4,3,8,5,1
18111655,10,11,5,1,3
18111656,4,11,1,2,8
18111657,6,9,5,11,7
18111658,10,5,9,4,8
18111659,3,9,6,1,4
18111660,8,3,10,1,4
18111661,3,11,8,4,5
18111662,11,10,7,5,3
18111663,3,5,7,2,10
18111664,4,3,10,8,1
18111665,3,6,5,8,1
18111666,10,7,4,5,1
18111667,2,9,10,1,4
18111668,9,7,3,11,6
18111669,3,8,10,9,7
18111670,4,5,2,8,7
18111671,8,2,1,6,3
18111672,8,6,2,5,10
18111673,4,2,10,7,9
18111674,11,10,1,6,5
18111675,3,4,8,1,10
18111676,8,6,1,5,10
18111677,8,5,1,6,9
18111678,8,6,2,5,9
18111679,11,3,2,8,7
18111680,7,10,3,8,2
18111681,8,7,1,4,3
18111682,8,5,4,1,10
18111701,2,11,10,8,1
18111702,4,1,6,8,10
18111703,9,6,7,11,3
18111704,5,8,11,3,1
18111705,7,2,9,1,8
18111706,7,4,3,9,11
18111707,5,9,10,4,1
18111708,3,5,11,10,1
18111709,1,11,8,4,3
18111710,9,7,3,5,2
18111711,10,8,5,2,7
18111712,3,6,4,8,1
18111713,4,11,8,1,5
18111714,2,1,11,10,6
18111715,1,4,9,5,2
18111716,2,4,9,6,11
18111717,4,5,2,8,3
18111718,6,5,10,7,9
18111719,4,3,1,5,7
18111720,5,3,10,8,4
18111721,3,2,7,11,5
18111722,7,6,10,2,11
18111723,7,2,10,3,1
18111724,2,4,11,3,8
18111725,5,2,7,3,6
18111726,6,8,3,9,4
18111727,9,4,3,11,5
18111728,2,3,1,9,8
18111729,4,11,8,1,7
18111730,1,7,3,11,10
18111731,3,5,10,9,6
18111732,10,6,4,1,7
18111733,7,11,3,5,2
18111734,6,1,8,7,3
18111735,1,3,9,10,11
18111736,10,2,5,1,3
18111737,7,1,5,6,11
18111738,11,10,6,7,9
18111739,5,8,3,2,1
18111740,10,3,6,8,5
18111741,9,1,2,6,3
18111742,7,3,5,1,9
18111743,3,9,7,1,8
18111744,5,7,10,2,11
18111745,4,9,5,6,2
18111746,10,11,1,7,9
18111747,6,7,5,9,1
18111748,10,3,11,4,2
18111749,7,3,9,2,6
18111750,10,1,8,5,6
18111751,8,5,11,10,9
18111752,6,9,1,5,2
18111753,7,1,4,2,8
18111754,1,6,8,3,4
18111755,5,2,8,1,11
18111756,4,2,9,3,6
18111757,4,7,2,3,6
18111758,11,7,10,4,3
18111759,11,9,4,7,10
18111760,4,9,11,1,8
18111761,11,1,4,7,5
18111762,8,5,6,2,9
18111763,6,11,1,2,7
18111764,8,3,1,10,11
18111765,8,6,2,3,7
18111766,4,3,5,1,8
18111767,9,6,4,11,8
18111768,6,4,5,9,7
18111769,9,5,6,3,10
18111770,1,7,4,2,3
18111771,4,9,5,8,11
18111772,8,4,10,1,7
18111773,3,8,1,6,2
18111774,4,10,3,1,8
18111775,4,1,10,9,6
18111776,9,6,2,10,8
18111777,3,10,1,11,5
18111778,3,4,5,7,2
18111779,9,8,3,6,5
18111780,6,1,7,5,9
18111781,8,7,11,10,4
18111782,8,1,11,7,2
18111801,7,3,2,6,4
18111802,9,3,4,6,2
18111803,10,7,4,3,2
18111804,1,7,5,10,3
18111805,7,2,6,9,10
18111806,1,7,9,4,3
18111807,5,10,3,7,2
18111808,11,6,3,9,5
18111809,7,3,2,6,10
18111810,8,7,11,9,5
18111811,7,6,3,11,1
18111812,2,5,3,8,9
18111813,1,5,7,10,2
18111814,8,10,3,1,2
18111815,4,3,7,11,9
18111816,8,4,6,9,3
18111817,5,4,6,10,8
18111818,6,4,1,7,2
18111819,6,7,1,2,4
18111820,9,6,3,8,1
18111821,4,1,9,7,3
18111822,9,7,8,6,5
18111823,9,11,4,8,2
18111824,6,9,4,8,10
18111825,6,2,10,7,3
18111826,7,4,9,6,11
18111827,7,10,1,9,4
18111828,9,1,5,3,10
18111829,11,10,4,7,1
18111830,9,7,4,5,1
18111831,10,9,6,1,8
18111832,7,1,10,3,9
18111833,11,2,9,1,3
18111834,5,6,1,11,4
18111835,6,9,7,2,4
18111836,9,4,5,7,8
18111837,7,2,4,1,3
18111838,9,2,11,7,3
18111839,4,9,2,1,5
18111840,11,4,1,6,9
18111841,2,6,4,10,7
18111842,11,2,9,4,1
18111843,3,8,7,2,10
18111844,4,10,5,7,2
18111845,10,2,7,11,4
18111846,1,7,8,11,10
18111847,6,3,7,1,5
18111848,1,3,2,4,6
18111849,11,9,4,2,6
18111850,10,6,3,4,1
18111851,3,10,7,11,6
18111852,7,11,2,4,6
18111853,10,8,11,5,3
18111854,7,10,6,8,2
18111855,1,2,9,7,11
18111856,8,4,7,2,5
18111857,7,6,2,4,5
18111858,7,8,9,11,6
18111859,5,11,8,10,4
18111860,8,3,2,7,9
18111861,11,6,7,9,3
18111862,6,10,7,9,2
18111863,7,8,4,1,2
18111864,4,11,6,7,10
18111865,4,6,11,3,1
18111866,2,7,9,5,6
18111867,6,2,1,11,5
18111868,7,5,9,6,10
18111869,2,7,8,1,9
18111870,6,9,5,3,8
18111871,2,5,11,8,4
18111872,8,9,11,3,2
18111873,8,5,2,10,9
18111874,4,1,9,3,10
18111875,3,4,1,10,5
18111876,7,1,4,9,11
18111877,3,2,11,10,1
18111878,8,2,9,4,11
18111879,4,11,7,1,9
18111880,8,10,4,6,2
18111881,5,4,11,8,2
18111882,9,4,10,1,8
18111901,4,5,1,3,6
18111902,4,11,5,3,2
18111903,9,5,4,8,10
18111904,10,9,4,1,3
18111905,8,6,11,7,5
18111906,5,11,9,7,10
18111907,6,5,4,9,7
18111908,2,5,3,9,1
18111909,5,6,9,10,7
18111910,4,9,2,3,1
18111911,5,7,6,1,11
18111912,8,10,5,1,4
18111913,3,4,8,7,2
18111914,7,3,10,9,8
18111915,7,2,8,5,6
18111916,6,9,11,7,1
18111917,6,7,2,3,5
18111918,11,5,6,4,9
18111919,8,7,1,3,5
18111920,5,2,9,4,6
18111921,10,11,7,3,5
18111922,5,3,10,4,2
18111923,7,1,2,10,6
18111924,8,2,7,10,6
18111925,1,2,3,8,6
18111926,6,7,4,9,8
18111927,11,8,7,5,3
18111928,8,4,5,10,9
18111929,1,5,3,7,6
18111930,3,10,1,4,9
18111931,4,10,5,3,1
18111932,6,9,1,4,3
18111933,5,10,7,6,9
18111934,1,11,10,3,7
18111935,8,3,7,10,2
18111936,10,11,8,3,9
18111937,3,5,9,11,6
18111938,11,2,9,10,5
18111939,11,6,4,7,9
18111940,11,5,7,9,10
18111941,6,10,1,9,5
18111942,9,11,10,3,8
18111943,7,8,11,1,5
18111944,8,6,11,5,1
18111945,10,8,4,6,11
18111946,1,2,10,6,9
18111947,10,11,1,5,3
18111948,9,10,8,11,5
18111949,5,1,10,11,6
18111950,3,5,2,1,6
18111951,1,4,10,3,11
18111952,4,2,6,8,1
18111953,6,8,1,7,2
18111954,1,8,9,2,4
18111955,3,5,9,1,10
18111956,2,3,8,4,7
18111957,9,6,7,10,3
18111958,10,2,5,9,4
18111959,2,7,1,4,10
18111960,6,1,2,3,10
18111961,11,7,4,3,8
18111962,9,2,10,11,8
18111963,5,3,11,8,1
18111964,2,6,8,11,4
18111965,7,9,4,6,3
18111966,5,8,9,1,10
18111967,7,9,5,8,4
18111968,6,10,5,11,2
18111969,9,2,7,4,3
18111970,2,3,8,5,9
18111971,1,9,11,6,5
18111972,8,7,11,10,2
18111973,6,11,10,3,4
18111974,2,4,3,5,10
18111975,5,11,9,7,3
18111976,8,11,4,5,10
18111977,4,9,8,5,7
18111978,9,11,7,6,4
18111979,7,11,4,10,9
18111980,4,7,5,3,10
18111981,6,4,7,8,1
18111982,3,1,6,11,8
18112001,8,4,3,2,10
18112002,8,10,3,5,9
18112003,5,11,9,7,4
18112004,2,11,8,3,10
18112005,4,7,3,1,5
18112006,4,1,5,3,2
18112007,2,11,5,4,9
18112008,6,2,7,1,11
18112009,9,11,6,10,1
18112010,3,4,5,2,11
18112011,10,6,9,1,5
18112012,3,4,8,6,2
18112013,7,6,11,3,2
18112014,8,10,2,1,7
18112015,2,3,8,6,1
18112016,4,2,7,8,11
18112017,6,5,10,4,7
18112018,6,8,11,3,9
18112019,8,1,2,9,10
18112020,1,7,5,4,3
18112021,6,1,10,8,9
18112022,9,3,6,10,4
18112023,8,4,9,10,11
18112024,1,8,3,10,5
18112025,4,11,10,7,1
18112026,4,7,11,5,9
18112027,2,10,9,6,5
18112028,1,2,4,9,6
18112029,3,5,10,7,11
18112030,4,11,5,9,10
18112031,3,7,10,5,1
18112032,8,3,10,5,6
18112033,6,1,4,10,9
18112034,7,6,5,1,8
18112035,7,2,6,5,11
18112036,4,2,8,9,10
18112037,3,6,2,5,4
18112038,2,10,4,6,5
18112039,9,11,4,1,10
18112040,2,6,9,11,10
18112041,2,9,6,3,11
18112042,8,1,4,9,10
18112043,2,6,1,4,5
18112044,2,5,1,4,8
18112045,1,11,2,4,8
18112046,5,10,6,4,11
18112047,11,10,6,1,7
18112048,10,11,3,7,4
18112049,7,5,2,1,9
18112050,9,7,2,11,6
18112051,5,3,9,11,1
18112052,5,4,8,2,11
18112053,4,9,1,7,11
18112054,7,9,6,1,10
18112055,5,6,1,10,4
18112056,7,2,8,11,5
18112057,4,3,8,9,1
18112058,7,3,6,11,5
18112059,5,10,9,6,7
18112060,1,7,9,3,2
18112061,1,2,9,5,4
18112062,1,7,3,6,11
18112063,11,5,10,7,2
18112064,3,1,8,9,2
18112065,5,1,2,7,6
18112066,2,8,4,6,11
18112067,3,5,6,7,11
18112068,2,1,6,10,4
18112069,6,8,11,7,9
18112070,5,1,8,9,6
18112071,4,7,5,2,6
18112072,10,7,2,11,6
18112073,6,7,4,10,5
18112074,9,11,4,1,3
18112075,1,4,3,11,9
18112076,10,3,5,9,11
18112077,3,4,9,11,10
18112078,9,5,8,6,11
18112079,5,9,7,10,1
18112080,1,8,10,2,5
18112081,3,10,2,8,7
18112082,4,1,2,10,5
18112101,8,2,9,10,1
18112102,4,11,10,5,9
18112103,1,9,10,7,3
18112104,6,7,4,8,10
18112105,1,11,4,3,8
18112106,11,1,6,9,8
18112107,10,4,6,1,11
18112108,1,4,2,11,7
18112109,1,3,8,9,5
18112110,7,11,6,9,10
18112111,4,9,3,8,2
18112112,1,5,9,10,11
18112113,5,9,7,10,4
18112114,3,11,4,9,7
18112115,5,7,6,10,2
18112116,1,8,9,2,4
18112117,5,2,8,4,6
18112118,10,7,6,4,1
18112119,5,11,3,2,1
18112120,4,9,10,1,3
18112121,7,2,11,6,5
18112122,6,5,10,8,9
18112123,6,3,4,8,10
18112124,2,7,1,4,11
18112125,2,5,9,6,7
18112126,7,2,9,6,10
18112127,2,11,4,1,5
18112128,3,2,7,9,10
18112129,8,5,6,1,9
18112130,7,11,3,1,5
18112131,10,1,2,8,5
18112132,7,3,4,9,11
18112133,7,3,8,1,10
18112134,2,11,6,1,7
18112135,8,7,4,1,3
18112136,8,5,6,4,9
18112137,1,8,9,3,6
18112138,9,8,7,1,10
18112139,10,6,5,7,8
18112140,9,5,7,11,3
18112141,6,11,10,7,8
18112142,4,9,10,6,2
18112143,9,7,11,5,3
18112144,1,8,9,5,4
18112145,8,4,9,11,10
18112146,7,1,2,10,9
18112147,4,3,2,11,1
18112148,4,1,6,10,2
18112149,6,4,1,2,7
18112150,10,6,1,7,8
18112151,7,6,3,2,1
18112152,2,11,10,5,4
18112153,1,6,3,8,4
18112154,3,7,5,6,11
18112155,4,7,6,1,3
18112156,5,1,4,3,7
18112157,7,10,11,8,3
18112158,9,5,6,1,2
18112159,11,5,1,8,10
18112160,7,6,2,11,5
18112161,8,10,9,5,6
18112162,3,4,5,11,1
18112163,4,8,7,6,11
18112164,10,6,7,9,3
18112165,11,9,3,2,4
18112166,3,8,6,2,5
18112167,2,10,8,6,5
18112168,3,6,2,8,10
18112169,2,4,6,8,5
18112170,4,7,1,9,10
18112171,6,11,8,3,10
18112172,7,10,11,3,8
18112173,9,6,11,3,2
18112174,6,8,11,2,5
18112175,3,9,1,8,4
18112176,7,9,6,2,3
18112177,5,7,3,9,8
18112178,4,10,1,5,3
18112179,8,2,10,7,5
18112180,1,3,2,4,7
18112181,6,8,10,4,11
18112182,2,3,11,9,5
18112201,10,4,3,8,7
18112202,4,10,9,8,2
18112203,11,3,6,10,7
18112204,5,2,1,10,11
18112205,8,7,1,6,9
18112206,2,3,8,10,4
18112207,1,5,10,7,2
18112208,8,1,9,7,5
18112209,5,8,6,7,4
18112210,11,1,3,9,6
18112211,6,8,4,1,10
18112212,6,1,7,9,4
18112213,7,6,10,11,1
18112214,9,5,6,2,4
18112215,5,3,9,7,4
18112216,8,4,2,11,6
18112217,8,3,9,2,1
18112218,10,7,6,2,5
18112219,5,2,8,7,1
18112220,6,11,3,2,4
18112221,9,3,7,6,10
18112222,10,4,1,3,7
18112223,11,3,7,9,2
18112224,6,7,1,4,2
18112225,4,10,7,9,6
18112226,3,5,10,4,7
18112227,1,7,5,11,6
18112228,10,4,6,9,8
18112229,3,7,9,2,11
18112230,6,11,1,10,9
18112231,4,2,1,5,6
18112232,7,8,3,2,4
18112233,4,3,11,5,8
18112234,7,3,5,2,9
18112235,8,2,3,5,10
18112236,2,8,9,6,1
18112237,8,6,4,5,3
18112238,2,9,5,11,7
18112239,6,3,4,10,8
18112240,10,4,8,9,1
18112241,9,1,6,4,3
18112242,6,3,11,7,1
18112243,6,1,11,8,7
18112244,4,9,1,5,6
18112245,10,9,2,7,3
18112246,7,9,1,5,11
18112247,2,10,8,9,6
18112248,5,7,8,10,4
18112249,4,3,7,6,10
18112250,6,9,11,4,7
18112251,6,5,4,1,7
18112252,1,2,8,11,3
18112253,6,11,1,4,5
18112254,3,8,9,1,11
18112255,4,11,5,1,6
18112256,9,10,1,8,6
18112257,1,6,7,9,2
18112258,3,6,8,10,7
18112259,9,7,3,8,6
18112260,9,6,2,8,4
18112261,4,3,2,9,8
18112262,3,1,8,6,9
18112263,11,2,9,4,6
18112264,11,10,8,3,2
18112265,5,9,2,3,11
18112266,11,1,4,2,10
18112267,1,8,5,7,9
18112268,3,1,4,8,6
18112269,7,3,8,5,4
18112270,7,10,2,4,6
18112271,11,3,8,9,1
18112272,9,2,8,5,3
18112273,1,3,6,5,10
18112274,5,7,10,6,9
18112275,10,9,1,7,2
18112276,1,4,9,8,6
18112277,1,4,11,6,10
18112278,4,9,6,1,3
18112279,3,5,8,7,9
18112280,11,2,9,10,5
18112281,10,7,6,8,4
18112282,8,5,9,3,11
18112301,9,11,2,1,10
18112302,8,6,1,2,7
18112303,3,9,4,11,6
18112304,10,4,8,9,7
18112305,2,1,8,11,10
18112306,4,11,10,1,2
18112307,9,8,3,7,6
18112308,5,3,2,10,11
18112309,7,9,5,10,6
18112310,9,7,10,6,8
18112311,10,1,6,3,5
18112312,3,7,1,5,11
18112313,9,3,5,4,1
18112314,4,3,8,5,11
18112315,11,6,10,2,1
18112316,4,6,8,1,3
18112317,9,5,10,2,4
18112318,1,2,9,5,8
18112319,1,2,8,10,11
18112320,9,5,10,11,3
18112321,6,3,10,11,5
18112322,5,7,1,4,3
18112323,10,8,2,3,6
18112324,8,4,11,10,2
18112325,4,7,10,3,8
18112326,9,1,11,8,7
18112327,3,1,6,2,4
18112328,7,9,8,3,1
18112329,1,4,5,7,2
18112330,4,10,6,7,11
18112331,11,2,3,6,7
18112332,5,4,11,6,2
18112333,7,5,9,10,6
18112334,7,3,5,2,4
18112335,4,1,11,9,6
18112336,11,2,4,1,7
18112337,4,2,10,11,3
18112338,5,8,3,9,11
18112339,4,11,5,1,9
18112340,4,10,11,6,3
18112341,11,10,1,6,3
18112342,11,2,1,5,4
18112343,2,6,9,4,1
18112344,9,2,11,8,4
18112345,9,2,4,1,5
18112346,5,4,6,7,11
18112347,1,5,2,11,8
18112348,9,11,5,4,8
18112349,6,9,1,7,11
18112350,9,11,5,8,1
18112351,4,9,6,11,7
18112352,3,4,10,1,6
18112353,3,7,2,8,11
18112354,10,11,3,2,7
18112355,1,9,2,7,8
18112356,4,2,1,7,5
18112357,6,1,11,4,3
18112358,1,7,4,5,6
18112359,8,7,10,11,2
18112360,2,4,10,3,8
18112361,6,11,1,4,9
18112362,4,7,2,9,3
18112363,6,4,3,7,9
18112364,3,9,11,8,4
18112365,4,2,1,6,3
18112366,10,3,5,2,4
18112367,7,3,10,8,4
18112368,8,3,7,6,11
18112369,10,11,2,4,9
18112370,5,1,2,7,11
18112371,6,10,9,3,4
18112372,1,6,11,4,2
18112373,9,1,3,6,8
18112374,11,3,7,6,5
18112375,8,5,11,7,6
18112376,6,7,3,9,2
18112377,1,5,4,6,11
18112378,10,11,8,6,7
18112379,7,8,10,9,11
18112380,5,1,3,8,6
18112381,5,3,6,11,7
18112382,4,2,7,5,10
18112401,6,3,2,5,10
18112402,1,8,2,9,3
18112403,1,7,8,5,2
18112404,4,7,6,3,2
18112405,5,9,3,10,1
18112406,11,7,5,9,1
18112407,1,6,7,4,2
18112408,7,2,8,5,6
18112409,6,4,7,2,10
18112410,8,10,11,1,5
18112411,7,2,5,6,10
18112412,3,7,10,9,11
18112413,6,8,3,9,7
18112414,3,11,9,5,1
18112415,10,4,9,8,6
18112416,7,6,8,4,1
18112417,3,7,9,4,10
18112418,9,3,11,8,6
18112419,9,8,11,2,7
18112420,3,5,10,7,6
18112421,9,11,3,1,10
18112422,1,9,4,2,10
18112423,1,8,7,9,6
18112424,11,7,2,1,9
18112425,3,6,2,4,10
18112426,7,6,1,10,8
18112427,8,6,4,11,9
18112428,1,8,9,2,6
18112429,10,4,3,1,2
18112430,4,7,3,11,5
18112431,10,7,11,2,4
18112432,2,3,10,8,1
18112433,11,3,10,4,9
18112434,6,9,4,2,7
18112435,7,10,3,9,4
18112436,5,8,6,9,10
18112437,8,6,4,7,2
18112438,11,10,8,5,4
18112439,8,3,7,2,1
18112440,5,6,2,3,8
18112441,3,2,5,8,1
18112442,1,5,8,4,2
18112443,4,9,3,10,7
18112444,7,9,4,5,10
18112445,6,10,8,5,1
18112446,3,6,4,8,1
18112447,11,4,6,5,7
18112448,11,8,2,7,5
18112449,2,8,3,11,7
18112450,3,7,8,2,1
18112451,7,11,6,4,5
18112452,6,8,11,9,2
18112453,6,5,2,1,7
18112454,7,2,4,11,8
18112455,4,3,11,9,5
18112456,7,11,5,1,9
18112457,9,11,4,2,1
18112458,2,7,11,8,6
18112459,8,3,5,9,7
18112460,8,3,1,9,11
18112461,9,3,2,8,6
18112462,5,7,6,4,1
18112463,3,10,9,4,8
18112464,10,4,6,8,1
18112465,10,2,3,11,5
18112466,5,11,10,6,7
18112467,8,6,5,2,4
18112468,11,10,4,5,1
18112469,6,5,9,8,1
18112470,8,10,9,3,7
18112471,8,6,4,9,11
18112472,5,8,4,9,7
18112473,6,4,9,11,8
18112474,5,2,8,3,9
18112475,7,5,2,6,10
18112476,8,11,3,7,9
18112477,8,11,6,4,10
18112478,7,5,6,9,8
18112479,10,11,7,5,4
18112480,1,8,5,2,3
18112481,5,1,2,11,9
18112482,7,8,11,10,6
18112501,4,9,1,6,10
18112502,7,1,10,9,3
18112503,3,9,11,4,6
18112504,10,11,9,1,5
18112505,7,8,3,11,2
18112506,3,8,1,5,9
18112507,8,1,11,2,9
18112508,6,9,1,8,7
18112509,10,3,7,6,4
18112510,1,8,6,7,3
18112511,4,7,2,6,3
18112512,9,10,8,3,6
18112513,4,1,3,8,5
18112514,4,2,10,6,11
18112515,10,3,1,9,6
18112516,5,10,11,7,1
18112517,1,2,4,7,10
18112518,5,10,8,2,4
18112519,1,9,4,8,2
18112520,4,9,6,8,2
18112521,3,9,6,5,11
18112522,9,10,5,3,8
18112523,5,8,3,2,4
18112524,3,4,2,7,11
18112525,11,7,6,2,10
18112526,4,2,1,7,6
18112527,5,7,4,10,6
18112528,1,6,3,2,4
18112529,1,2,11,10,9
18112530,2,1,3,7,8
18112531,11,5,2,3,10
18112532,11,10,4,6,1
18112533,3,2,6,1,8
18112534,3,6,2,10,8
18112535,9,8,7,4,11
18112536,3,8,7,11,10
18112537,10,8,7,3,5
18112538,11,3,2,8,5
18112539,5,6,3,9,7
18112540,10,2,8,1,3
18112541,9,2,1,6,10
18112542,11,5,2,9,7
18112543,4,2,1,9,8
18112544,11,8,4,3,1
18112545,11,3,5,9,10
18112546,4,6,7,2,8
18112547,11,4,7,5,1
18112548,10,6,9,5,4
18112549,11,3,6,5,1
18112550,9,3,1,4,5
18112551,7,3,11,1,6
18112552,7,1,8,9,6
18112553,7,8,11,2,10
18112554,11,1,7,9,3
18112555,4,5,1,3,8
18112556,5,10,2,9,7
18112557,7,9,4,8,1
18112558,9,11,2,3,4
18112559,9,7,5,11,4
18112560,9,10,2,3,1
18112561,5,11,1,2,3
18112562,10,6,7,4,11
18112563,5,1,7,6,9
18112564,7,5,1,4,8
18112565,5,2,8,1,3
18112566,4,6,10,7,5
18112567,1,9,10,11,5
18112568,9,6,1,10,5
18112569,6,2,11,4,3
18112570,1,9,4,2,5
18112571,3,11,9,5,6
18112572,8,4,10,9,3
18112573,8,9,3,10,11
18112574,9,6,5,1,7
18112575,2,4,3,9,11
18112576,10,8,4,3,7
18112577,6,5,3,11,2
18112578,9,10,2,3,5
18112579,3,9,5,11,1
18112580,10,5,1,3,7
18112581,10,6,4,9,3
18112582,1,9,11,8,7
18112601,9,3,10,5,4
18112602,5,3,7,1,9
18112603,10,1,9,3,8
18112604,10,11,9,2,8
18112605,4,11,5,10,6
18112606,5,9,8,3,11
18112607,2,6,7,3,8
18112608,2,5,1,3,7
18112609,2,3,4,8,5
18112610,3,10,4,11,5
18112611,10,8,2,1,3
18112612,3,8,4,9,11
18112613,4,2,11,3,6
18112614,2,5,7,8,1
18112615,4,7,10,2,5
18112616,1,6,4,2,11
18112617,10,3,11,4,6
18112618,3,6,2,4,10
18112619,8,9,6,2,7
18112620,3,6,4,5,1
18112621,4,7,9,1,11
18112622,2,5,8,11,3
18112623,6,1,2,9,8
18112624,2,4,5,8,10
18112625,3,1,6,8,7
18112626,5,6,7,2,3
18112627,11,4,8,5,2
18112628,1,10,11,7,4
18112629,1,6,2,5,4
18112630,4,1,10,9,6
18112631,9,7,5,1,10
18112632,6,2,9,3,5
18112633,11,10,1,2,9
18112634,5,6,8,2,9
18112635,11,5,7,4,1
18112636,4,7,9,5,10
18112637,3,7,10,2,5
18112638,8,7,2,10,3
18112639,4,9,6,8,3
18112640,5,4,3,10,8
18112641,9,7,3,4,10
18112642,10,1,7,8,4
18112643,6,2,8,9,4
18112644,11,6,3,8,7
18112645,1,2,8,3,10
18112646,7,10,9,4,2
18112647,1,6,10,3,9
18112648,8,11,9,10,6
18112649,10,7,3,6,4
18112650,4,6,5,11,9
18112651,3,10,11,2,5
18112652,2,4,3,1,5
18112653,7,6,3,8,5
18112654,5,2,4,1,10
18112655,5,8,9,11,3
18112656,5,9,8,11,7
18112657,8,9,7,3,1
18112658,10,1,11,8,5
18112659,11,3,4,1,6
18112660,4,11,1,3,10
18112661,2,7,10,6,4
18112662,10,2,1,3,8
18112663,3,9,1,7,10
18112664,6,1,5,10,11
18112665,9,1,11,3,10
18112666,3,6,5,9,7
18112667,7,2,1,10,9
18112668,7,4,8,6,11
18112669,4,7,6,10,1
18112670,11,6,9,1,7
18112671,8,1,10,3,11
18112672,6,5,11,9,10
18112673,4,1,10,6,8
18112674,1,6,8,5,4
18112675,2,6,8,3,11
18112676,10,4,8,5,9
18112677,7,1,6,9,11
18112678,4,9,1,6,7
18112679,7,8,9,1,2
18112680,10,4,2,3,1
18112681,7,5,10,3,8
18112682,11,4,5,1,7
18112701,2,4,1,10,7
18112702,6,7,3,2,10
18112703,8,5,11,2,6
18112704,9,7,8,1,11
18112705,2,5,6,8,3
18112706,7,2,5,9,3
18112707,9,2,8,4,6
18112708,8,5,4,2,1
18112709,8,6,11,2,1
18112710,2,3,11,10,9
18112711,5,9,4,11,6
18112712,9,7,3,11,8
18112713,2,3,10,1,7
18112714,6,9,11,4,10
18112715,11,5,8,10,2
18112716,5,11,9,2,3
18112717,4,10,6,5,2
18112718,2,8,6,11,3
18112719,11,10,8,6,4
18112720,6,1,7,10,4
18112721,11,6,8,9,7
18112722,7,1,5,11,9
18112723,2,7,9,1,4
18112724,6,11,4,7,5
18112725,6,3,10,1,7
18112726,9,7,11,4,5
18112727,3,4,6,2,1
18112728,9,11,8,1,4
18112729,11,7,8,10,1
18112730,6,9,5,11,7
18112731,8,9,10,5,7
18112732,3,5,10,2,1
18112733,8,5,9,3,10
18112734,11,1,6,9,2
18112735,2,10,6,5,8
18112736,5,2,10,6,8
18112737,11,7,4,10,8
18112738,7,9,2,3,11
18112739,11,2,8,5,9
18112740,10,1,5,8,2
18112741,9,3,1,11,6
18112742,1,3,5,4,8
18112743,11,8,6,9,3
18112744,9,7,10,6,4
18112745,7,2,3,9,4
18112746,5,6,1,11,9
18112747,5,4,6,9,8
18112748,5,10,11,6,8
18112749,9,6,3,11,8
18112750,2,8,9,1,5
18112751,8,4,5,1,7
18112752,6,8,11,3,2
18112753,3,4,6,8,2
18112754,4,6,7,1,3
18112755,5,4,8,7,9
18112756,10,4,6,3,8
18112757,6,1,7,8,11
18112758,9,6,5,8,1
18112759,1,6,4,7,5
18112760,11,1,4,9,6
18112761,3,5,4,2,6
18112762,5,10,2,11,3
18112763,11,7,3,8,9
18112764,1,6,10,5,4
18112765,4,6,8,1,9
18112766,10,2,9,11,5
18112767,3,1,4,5,6
18112768,9,8,11,4,1
18112769,10,11,6,3,1
18112770,8,11,3,1,6
18112771,11,10,6,3,9
18112772,7,5,8,10,6
18112773,1,5,7,10,6
18112774,2,10,1,8,7
18112775,4,5,8,7,10
18112776,10,1,8,7,3
18112777,4,11,10,5,8
18112778,11,6,1,3,5
18112779,10,8,9,2,4
18112780,4,11,2,3,7
18112781,4,1,6,10,8
18112782,5,2,10,11,7
18112801,6,11,1,5,8
18112802,10,4,9,5,3
18112803,6,1,7,5,3
18112804,3,10,8,1,4
18112805,9,4,6,1,7
18112806,10,5,7,6,1
18112807,5,6,10,9,8
18112808,1,9,7,8,10
18112809,5,10,8,3,7
18112810,4,9,10,8,7
18112811,1,11,10,2,9
18112812,4,1,3,8,2
18112813,5,9,10,8,2
18112814,2,8,10,1,5
18112815,6,1,9,7,3
18112816,6,10,1,11,4
18112817,11,5,2,3,7
18112818,5,9,2,7,4
18112819,5,4,2,9,11
18112820,7,11,5,8,9
18112821,1,11,3,7,5
18112822,9,5,10,3,2
18112823,8,9,4,5,7
18112824,2,4,10,3,11
18112825,10,5,6,7,2
18112826,9,6,8,1,2
18112827,8,5,3,10,6
18112828,1,10,8,7,9
18112829,8,7,5,11,3
18112830,5,4,11,9,8
18112831,4,7,11,1,10
18112832,3,11,6,2,1
18112833,2,7,9,4,11
18112834,9,8,1,10,5
18112835,3,11,9,4,2
18112836,9,7,1,4,5
18112837,4,2,9,1,10
18112838,10,4,2,5,3
18112839,1,9,11,2,3
18112840,11,6,3,4,7
18112841,1,2,8,3,11
18112842,9,2,3,1,8
18112843,11,9,7,1,8
18112844,4,5,10,7,9
18112845,2,11,10,8,7
18112846,6,9,3,8,1
18112847,1,9,6,3,7
18112848,8,4,7,1,2
18112849,6,8,1,5,10
18112850,10,2,5,9,7
18112851,1,6,4,9,5
18112852,5,10,6,11,2
18112853,2,7,10,6,1
18112854,2,5,10,7,4
18112855,8,3,11,5,7
18112856,2,7,3,11,9
18112857,7,4,9,3,10
18112858,1,7,10,4,5
18112859,7,1,4,3,5
18112860,7,9,1,11,4
18112861,2,5,9,3,6
18112862,1,8,6,10,5
18112863,1,10,4,2,7
18112864,11,2,5,3,4
18112865,3,4,5,9,8
18112866,1,4,10,5,7
18112867,7,5,3,4,11
18112868,10,2,9,6,4
18112869,10,9,3,7,4
18112870,5,6,3,11,10
18112871,11,9,5,1,3
18112872,8,6,2,4,9
18112873,1,5,7,9,4
18112874,8,11,4,5,7
18112875,11,7,9,1,3
18112876,7,9,11,5,4
18112877,5,6,11,3,2
18112878,3,4,7,2,6
18112879,3,5,8,1,6
18112880,8,7,11,2,6
18112881,10,4,5,9,3
18112882,3,5,10,9,1
18112901,11,6,2,7,5
18112902,2,1,4,5,6
18112903,6,1,2,10,4
18112904,3,2,1,7,11
18112905,9,6,8,7,4
18112906,8,7,10,2,9
18112907,1,3,8,10,9
18112908,10,6,4,9,11
18112909,6,2,7,1,8
18112910,4,11,1,6,10
18112911,4,10,1,9,5
18112912,2,7,10,1,5
18112913,8,11,7,3,4
18112914,2,5,11,4,8
18112915,6,3,11,5,9
18112916,4,7,6,5,3
18112917,8,7,9,5,1
18112918,1,9,5,2,10
18112919,10,8,1,4,5
18112920,2,11,9,6,4
18112921,9,4,8,10,2
18112922,11,3,2,4,9
18112923,9,1,3,6,8
18112924,11,3,10,4,1
18112925,11,9,6,10,7
18112926,5,6,4,8,11
18112927,7,4,2,11,1
18112928,6,9,3,8,5
18112929,7,3,10,5,11
18112930,4,9,7,11,2
18112931,7,11,8,1,5
18112932,6,4,1,11,10
18112933,4,5,8,11,6
18112934,1,6,8,7,5
18112935,10,3,5,4,7
18112936,4,2,10,11,9
18112937,4,1,7,11,2
18112938,11,1,2,8,4
18112939,9,8,5,4,10
18112940,5,1,11,9,6
18112941,2,3,1,7,8
18112942,10,7,9,3,6
18112943,9,11,3,5,8
18112944,4,10,9,6,1
18112945,7,8,3,11,5
18112946,3,1,5,7,2
18112947,4,1,8,6,11
18112948,3,11,6,2,4
18112949,11,6,7,5,4
18112950,11,7,8,6,10
18112951,6,7,1,11,4
18112952,1,7,9,11,3
18112953,3,7,2,11,9
18112954,11,1,3,6,2
18112955,1,2,5,10,8
18112956,7,8,11,10,1
18112957,10,9,4,8,5
18112958,3,7,8,10,11
18112959,9,2,4,8,1
18112960,11,4,8,10,1
18112961,5,2,4,6,8
18112962,9,11,2,8,5
18112963,10,3,7,6,5
18112964,4,10,5,6,8
18112965,9,1,6,4,11
18112966,7,2,4,11,3
18112967,8,10,4,5,2
18112968,7,10,5,4,1
18112969,3,11,7,6,10
18112970,1,6,3,11,7
18112971,6,2,10,4,7
18112972,1,9,11,4,7
18112973,9,11,5,10,2
18112974,7,6,11,10,9
18112975,8,5,10,6,11
18112976,11,4,3,5,7
18112977,7,1,4,3,8
18112978,6,4,11,7,2
18112979,6,1,8,11,7
18112980,2,5,8,3,1
18112981,11,7,1,10,6
18112982,4,1,9,2,5
18113001,10,5,1,7,11
18113002,4,9,2,1,10
18113003,4,1,2,3,11
18113004,1,9,7,5,3
18113005,7,9,1,11,4
18113006,8,4,1,7,10
18113007,7,6,2,3,1
18113008,11,9,2,10,1
18113009,9,4,11,10,1
18113010,4,2,6,1,11
18113011,11,3,7,6,10
18113012,10,3,6,8,4
18113013,1,5,8,7,10
18113014,7,2,6,11,9
18113015,3,10,1,11,4
18113016,1,3,4,6,10
18113017,6,7,1,11,4
18113018,6,9,5,7,8
18113019,1,6,7,3,4
18113020,3,5,6,4,1
18113021,8,4,7,2,9
18113022,4,8,11,6,9
18113023,3,7,2,10,1
18113024,2,11,1,3,6
18113025,2,6,9,3,8
18113026,11,5,6,3,1
18113027,6,2,4,9,3
18113028,7,10,5,11,2
18113029,5,2,8,7,9
18113030,11,5,7,3,10
18113031,11,3,8,10,4
18113032,9,6,4,11,3
18113033,9,6,10,7,4
18113034,3,11,10,9,8
18113035,7,4,2,11,8
18113036,9,6,2,5,8
18113037,5,9,10,8,2
18113038,8,7,5,3,11
18113039,5,4,8,10,9
18113040,3,2,7,8,4
18113041,9,5,3,10,6
18113042,10,4,9,2,1
18113043,2,9,3,4,10
18113044,8,3,11,7,4
18113045,10,9,6,1,4
18113046,5,8,6,3,9
18113047,5,2,7,4,1
18113048,2,10,1,4,3
18113049,1,11,6,5,10
18113050,7,4,5,11,6
18113051,11,5,10,4,8
18113052,6,1,2,4,9
18113053,9,10,3,1,6
18113054,3,11,1,5,4
18113055,3,4,5,10,2
18113056,9,6,8,5,10
18113057,5,4,2,3,8
18113058,6,9,2,4,1
18113059,5,10,9,2,4
18113060,8,2,6,7,10
18113061,8,9,11,5,10
18113062,8,2,1,10,9
18113063,7,8,9,5,11
18113064,2,3,5,7,10
18113065,7,6,11,10,5
18113066,7,2,8,11,1
18113067,2,8,1,6,11
18113068,8,2,5,1,3
18113069,9,5,8,6,1
18113070,7,11,6,10,1
18113071,6,4,5,11,9
18113072,4,10,2,9,11
18113073,5,9,7,4,2
18113074,1,9,4,5,2
18113075,11,3,2,6,9
18113076,5,8,2,3,7
18113077,9,5,2,4,6
18113078,1,2,11,6,7
18113079,6,8,3,11,7
18113080,1,11,9,5,8
18113081,9,11,6,1,7
18113082,5,7,11,9,6
