18120101,11,5,8,2,4
18120102,2,10,1,11,9
18120103,2,11,7,8,1
18120104,10,9,2,1,7
18120105,4,2,8,5,1
18120106,10,3,8,6,5
18120107,2,11,3,4,7
18120108,4,8,5,2,9
18120109,1,6,11,5,7
18120110,10,4,3,9,5
18120111,8,10,3,5,1
18120112,3,6,11,7,1
18120113,6,2,4,7,5
18120114,2,6,3,9,11
18120115,3,6,5,4,7
18120116,10,11,4,5,1
18120117,7,2,11,1,4
18120118,3,9,5,7,2
18120119,8,1,10,9,6
18120120,9,8,10,11,6
18120121,11,8,6,7,10
18120122,2,3,5,8,4
18120123,6,1,8,11,5
18120124,2,4,8,9,7
18120125,11,3,4,10,5
18120126,11,1,2,10,7
18120127,3,4,11,2,5
18120128,4,6,8,5,1
18120129,7,3,4,9,5
18120130,8,11,6,2,9
18120131,2,3,4,6,1
18120132,5,8,1,10,6
18120133,9,5,10,3,6
18120134,6,2,4,11,7
18120135,4,2,3,9,1
18120136,3,8,5,4,6
18120137,7,11,10,8,1
18120138,11,3,5,4,9
18120139,4,3,2,10,8
18120140,1,6,7,5,10
18120141,9,4,7,8,1
18120142,6,3,9,10,8
18120143,9,11,6,8,4
18120144,9,4,7,8,2
18120145,8,7,3,11,2
18120146,2,4,10,3,5
18120147,9,7,8,3,11
18120148,8,4,10,5,11
18120149,6,1,11,3,4
18120150,1,7,4,5,11
18120151,6,3,8,1,4
18120152,9,8,3,4,6
18120153,1,10,11,4,2
18120154,8,5,7,3,4
18120155,9,6,5,4,10
18120156,2,6,10,7,4
18120157,7,5,6,10,11
18120158,1,4,10,5,3
18120159,11,6,7,10,4
18120160,9,8,1,10,5
18120161,7,4,11,9,10
18120162,9,7,4,8,1
18120163,1,6,4,11,10
18120164,11,4,2,3,8
18120165,3,10,8,6,2
18120166,4,1,9,10,6
18120167,4,9,5,7,10
18120168,11,7,2,5,6
18120169,3,11,6,2,4
18120170,7,10,11,8,3
18120171,8,9,2,5,3
18120172,2,11,8,10,1
18120173,1,4,5,9,7
18120174,6,9,3,4,5
18120175,1,5,6,3,2
18120176,3,5,2,8,11
18120177,6,3,8,2,1
18120178,4,9,6,10,5
18120179,4,2,6,10,11
18120180,11,5,9,10,2
18120181,11,5,9,3,2
18120182,1,4,8,5,10
18120201,2,7,3,10,1
18120202,10,8,4,2,1
18120203,4,5,7,9,6
18120204,11,9,1,6,4
18120205,6,3,8,10,2
18120206,9,7,3,2,6
18120207,7,2,10,5,9
18120208,5,6,9,4,10
18120209,4,3,10,7,8
18120210,7,5,3,6,9
18120211,11,1,3,6,7
18120212,3,8,10,4,1
18120213,11,10,6,9,3
18120214,10,5,9,8,4
18120215,5,2,4,1,9
18120216,6,9,10,5,1
18120217,11,2,10,5,1
18120218,4,9,5,7,2
18120219,8,9,10,5,6
18120220,8,4,2,5,9
18120221,1,2,3,9,8
18120222,5,3,9,8,1
18120223,11,1,7,8,10
18120224,10,2,5,1,11
18120225,9,5,4,11,6
18120226,9,10,4,8,7
18120227,5,8,1,4,7
18120228,6,11,10,1,4
18120229,7,4,2,8,9
18120230,8,11,9,7,10
18120231,8,10,1,4,9
18120232,9,8,4,3,6
18120233,6,11,3,1,9
18120234,10,2,5,6,8
18120235,11,7,4,5,2
18120236,1,3,10,11,7
18120237,11,4,5,7,1
18120238,1,2,4,6,7
18120239,10,5,9,6,1
18120240,4,2,5,7,9
18120241,3,10,11,4,6
18120242,10,3,5,11,6
18120243,9,8,10,6,11
18120244,11,7,3,9,2
18120245,5,6,4,8,10
18120246,11,5,6,9,1
18120247,3,6,10,11,2
18120248,10,6,4,3,5
18120249,5,3,7,11,1
18120250,10,6,2,4,8
18120251,4,2,3,1,5
18120252,10,11,3,7,5
18120253,7,10,9,6,4
18120254,1,2,8,4,7
18120255,3,8,9,5,1
18120256,10,5,3,11,1
18120257,2,10,4,7,1
18120258,10,8,1,6,5
18120259,3,7,11,1,2
18120260,8,10,11,5,1
18120261,5,7,4,10,1
18120262,8,5,10,3,7
18120263,1,11,4,9,7
18120264,3,2,7,4,6
18120265,8,1,2,9,7
18120266,4,11,1,3,6
18120267,10,9,4,11,2
18120268,8,5,10,1,3
18120269,3,9,2,6,10
18120270,7,9,6,4,11
18120271,9,10,3,8,11
18120272,9,1,5,2,8
18120273,7,1,11,6,4
18120274,9,2,7,8,4
18120275,7,1,3,8,11
18120276,1,10,4,6,7
18120277,10,4,1,6,11
18120278,1,8,7,3,9
18120279,9,10,6,1,5
18120280,11,5,7,3,1
18120281,2,4,8,9,11
18120282,5,6,4,9,8
18120301,7,10,6,1,4
18120302,9,4,8,5,11
18120303,6,9,11,1,5
18120304,1,6,3,2,10
18120305,4,7,5,1,11
18120306,1,10,11,3,6
18120307,7,10,4,8,6
18120308,11,1,9,7,4
18120309,2,10,11,9,4
18120310,6,4,9,2,5
18120311,6,5,4,3,1
18120312,5,9,8,7,3
18120313,4,6,10,3,7
18120314,2,10,3,5,4
18120315,8,10,11,1,2
18120316,10,7,9,6,3
18120317,9,10,11,7,5
18120318,6,2,5,8,3
18120319,8,2,4,6,9
18120320,1,9,11,10,8
18120321,11,3,10,9,4
18120322,5,7,1,11,2
18120323,2,8,5,6,9
18120324,4,2,6,1,5
18120325,5,4,9,8,7
18120326,11,8,5,6,10
18120327,9,11,4,1,2
18120328,5,11,2,1,3
18120329,10,9,2,3,5
18120330,6,8,9,3,4
18120331,8,4,9,5,6
18120332,10,11,2,5,9
18120333,9,4,8,6,10
18120334,4,7,1,9,3
18120335,9,10,8,6,7
18120336,4,1,7,11,10
18120337,1,6,5,3,2
18120338,11,2,9,7,4
18120339,2,11,7,10,6
18120340,3,9,5,6,8
18120341,9,1,10,11,8
18120342,9,8,7,11,5
18120343,5,10,1,3,7
18120344,1,2,7,6,5
18120345,11,1,3,9,10
18120346,5,8,10,1,11
18120347,11,1,7,2,8
18120348,4,3,6,9,10
18120349,10,2,1,6,4
18120350,5,6,3,1,11
18120351,4,7,5,1,8
18120352,3,11,4,8,1
18120353,5,10,11,2,7
18120354,3,10,9,2,6
18120355,6,8,11,7,9
18120356,6,4,10,5,2
18120357,10,7,2,3,1
18120358,3,1,7,4,2
18120359,8,9,7,2,4
18120360,4,1,9,3,7
18120361,4,7,11,10,1
18120362,8,1,10,7,11
18120363,11,1,2,10,6
18120364,11,7,2,1,9
18120365,5,10,7,11,6
18120366,8,5,9,2,11
18120367,5,7,9,6,3
18120368,7,11,5,9,2
18120369,2,8,9,6,10
18120370,3,5,8,6,7
18120371,10,4,6,5,3
18120372,7,5,10,4,3
18120373,11,3,6,10,7
18120374,2,4,9,5,10
18120375,9,3,6,4,8
18120376,2,10,6,4,11
18120377,2,3,4,10,11
18120378,7,2,11,5,9
18120379,3,1,5,8,6
18120380,10,5,1,3,4
18120381,5,11,1,4,7
18120382,3,10,6,8,7
18120401,9,5,3,7,6
18120402,10,11,5,4,7
18120403,10,5,7,2,6
18120404,10,8,5,6,1
18120405,2,9,4,7,10
18120406,4,7,10,2,9
18120407,1,8,11,2,3
18120408,9,10,1,4,6
18120409,3,1,10,2,4
18120410,6,3,10,11,9
18120411,10,4,11,2,5
18120412,8,10,3,1,11
18120413,5,7,2,8,9
18120414,8,6,10,4,3
18120415,11,10,2,3,6
18120416,6,7,11,1,8
18120417,2,9,8,1,11
18120418,11,4,5,10,9
18120419,3,11,9,1,2
18120420,9,6,2,11,8
18120421,4,9,7,6,1
18120422,1,3,8,6,9
18120423,3,6,2,11,10
18120424,6,8,10,2,1
18120425,11,4,5,1,7
18120426,3,7,2,10,9
18120427,9,2,11,10,5
18120428,3,2,5,11,6
18120429,11,5,8,1,6
18120430,11,6,7,3,2
18120431,9,5,1,7,3
18120432,6,9,2,8,4
18120433,11,2,10,8,3
18120434,8,9,11,3,1
18120435,9,2,5,10,6
18120436,10,11,5,6,8
18120437,11,1,9,6,8
18120438,4,3,11,9,1
18120439,2,9,3,1,8
18120440,1,2,8,10,4
18120441,7,6,2,4,8
18120442,1,10,8,7,2
18120443,3,6,10,9,11
18120444,1,9,10,6,11
18120445,7,3,1,4,2
18120446,6,5,9,4,1
18120447,3,8,4,11,7
18120448,4,8,1,3,6
18120449,5,4,1,11,9
18120450,4,6,1,9,3
18120451,11,8,2,6,5
18120452,10,1,4,2,9
18120453,3,6,10,2,1
18120454,7,8,3,10,6
18120455,11,9,8,7,3
18120456,8,3,10,4,6
18120457,9,2,6,1,5
18120458,11,3,1,8,5
18120459,11,2,5,7,3
18120460,4,7,1,8,11
18120461,10,2,8,6,7
18120462,3,8,11,4,10
18120463,7,4,3,5,10
18120464,4,7,5,10,6
18120465,9,10,1,7,2
18120466,1,4,3,10,8
18120467,3,1,10,8,4
18120468,9,2,8,3,7
18120469,9,11,3,7,6
18120470,7,10,11,5,1
18120471,6,7,10,9,8
18120472,9,1,8,4,11
18120473,5,6,9,3,7
18120474,9,10,7,2,4
18120475,1,4,3,7,2
18120476,1,4,10,5,8
18120477,6,2,4,5,11
18120478,6,5,7,2,3
18120479,4,9,2,5,7
18120480,2,3,6,8,10
18120481,2,1,9,8,11
18120482,11,7,6,9,3
18120501,2,9,5,4,7
18120502,9,8,3,2,1
18120503,8,3,5,10,1
18120504,3,8,9,6,11
18120505,11,9,6,3,4
18120506,3,4,11,6,5
18120507,11,5,3,2,9
18120508,11,7,3,10,6
18120509,8,9,4,11,10
18120510,7,2,8,5,3
18120511,10,4,1,7,2
18120512,7,6,2,10,8
18120513,10,11,2,4,6
18120514,10,6,5,4,8
18120515,6,3,2,9,1
18120516,1,5,8,6,9
18120517,2,6,9,5,8
18120518,7,1,9,5,3
18120519,1,2,4,9,11
18120520,3,5,8,11,10
18120521,10,2,5,9,1
18120522,1,11,10,9,8
18120523,5,2,8,11,1
18120524,1,6,11,3,9
18120525,2,9,5,10,4
18120526,1,5,6,4,2
18120527,1,6,4,11,5
18120528,1,5,3,6,4
18120529,8,1,10,7,2
18120530,2,9,11,5,3
18120531,5,2,10,7,9
18120532,7,8,5,11,4
18120533,2,10,6,4,8
18120534,2,11,4,6,7
18120535,8,3,5,1,9
18120536,10,9,2,8,11
18120537,5,3,2,10,4
18120538,8,5,7,2,6
18120539,11,9,5,6,10
18120540,5,2,7,4,9
18120541,6,7,11,1,10
18120542,4,9,10,2,6
18120543,2,8,11,3,6
18120544,10,6,1,4,5
18120545,10,1,2,5,11
18120546,3,6,11,4,5
18120547,1,5,7,3,9
18120548,4,9,10,5,7
18120549,1,11,10,3,7
18120550,1,6,10,8,2
18120551,1,2,10,4,6
18120552,10,6,5,3,1
18120553,5,2,7,1,8
18120554,9,7,4,6,10
18120555,5,3,7,8,2
18120556,9,3,8,6,4
18120557,3,6,5,7,11
18120558,10,2,8,4,7
18120559,2,11,10,8,1
18120560,3,1,10,6,11
18120561,2,5,7,9,4
18120562,8,7,9,3,2
18120563,1,5,10,3,2
18120564,10,3,4,6,2
18120565,4,6,10,1,11
18120566,8,10,4,9,7
18120567,9,11,1,4,3
18120568,7,1,5,10,6
18120569,11,10,6,3,5
18120570,10,4,6,7,8
18120571,1,8,6,3,11
18120572,2,8,6,10,4
18120573,2,6,9,10,8
18120574,4,7,5,6,1
18120575,10,4,7,11,9
18120576,10,5,4,6,1
18120577,11,1,3,5,8
18120578,1,6,3,2,8
18120579,9,7,3,11,8
18120580,2,5,3,7,9
18120581,7,3,2,9,8
18120582,11,1,10,9,5
18120601,5,11,6,1,9
18120602,8,3,7,6,10
18120603,4,9,5,1,8
18120604,11,6,5,4,1
18120605,6,1,10,8,11
18120606,4,7,8,11,10
18120607,2,9,7,5,3
18120608,5,1,3,10,7
18120609,8,1,10,6,9
18120610,10,3,1,2,6
18120611,2,6,1,5,9
18120612,4,7,6,5,8
18120613,1,3,11,9,5
18120614,9,1,2,6,8
18120615,8,3,9,2,7
18120616,9,11,7,10,1
18120617,11,2,6,1,7
18120618,8,10,1,3,5
18120619,11,8,6,9,5
18120620,11,10,9,1,4
18120621,1,2,6,7,10
18120622,1,11,2,10,6
18120623,6,2,1,7,10
18120624,8,4,9,7,11
18120625,7,5,6,11,3
18120626,2,8,3,11,9
18120627,6,5,9,7,1
18120628,8,2,7,4,5
18120629,9,4,2,10,3
18120630,10,1,9,11,7
18120631,8,5,10,2,7
18120632,2,6,5,11,10
18120633,6,4,9,2,10
18120634,5,10,3,9,8
18120635,10,7,8,4,2
18120636,3,10,7,8,2
18120637,6,1,5,4,10
18120638,10,8,7,5,9
18120639,5,8,1,3,11
18120640,10,4,7,11,6
18120641,1,9,8,7,6
18120642,6,2,10,1,5
18120643,8,3,11,1,5
18120644,11,2,10,6,5
18120645,6,9,11,2,4
18120646,5,11,9,4,7
18120647,1,5,3,4,8
18120648,11,5,7,3,10
18120649,5,7,2,10,11
18120650,11,5,1,2,10
18120651,11,9,10,5,8
18120652,1,7,3,5,10
18120653,11,10,9,8,4
18120654,3,9,8,11,4
18120655,5,9,1,7,11
18120656,6,2,11,4,8
18120657,10,1,11,6,2
18120658,7,11,8,3,4
18120659,11,7,6,2,3
18120660,10,4,3,6,5
18120661,4,10,7,5,8
18120662,6,2,10,7,3
18120663,9,4,6,3,5
18120664,11,1,9,3,5
18120665,9,3,1,4,11
18120666,4,9,5,7,6
18120667,3,10,4,1,6
18120668,8,5,1,2,3
18120669,2,8,5,7,10
18120670,2,1,8,10,3
18120671,10,8,11,2,6
18120672,6,5,3,8,10
18120673,4,10,3,5,11
18120674,5,1,8,9,3
18120675,2,7,6,1,9
18120676,3,1,9,6,10
18120677,6,3,10,1,8
18120678,4,5,11,10,7
18120679,5,2,10,7,4
18120680,7,10,11,2,3
18120681,10,11,3,9,1
18120682,6,2,9,1,3
18120701,11,1,5,6,3
18120702,7,10,5,2,8
18120703,11,10,1,8,7
18120704,5,10,3,7,1
18120705,5,2,8,4,10
18120706,4,7,1,9,3
18120707,4,11,10,5,3
18120708,1,2,11,8,5
18120709,8,2,6,4,5
18120710,7,2,5,9,6
18120711,2,3,1,9,5
18120712,5,9,11,3,10
18120713,5,9,2,4,6
18120714,11,3,8,10,5
18120715,8,5,7,4,9
18120716,2,5,6,11,8
18120717,3,5,11,8,6
18120718,2,8,6,10,1
18120719,10,3,6,4,7
18120720,8,1,7,5,4
18120721,11,6,9,5,7
18120722,2,4,10,5,1
18120723,9,7,10,2,4
18120724,6,5,8,9,7
18120725,11,4,7,8,2
18120726,4,11,9,6,2
18120727,10,7,9,1,2
18120728,1,11,2,7,3
18120729,10,6,7,9,3
18120730,3,8,4,9,5
18120731,7,5,4,2,8
18120732,11,2,1,3,7
18120733,10,4,2,8,6
18120734,4,6,9,1,8
18120735,4,10,2,8,11
18120736,6,11,5,3,7
18120737,9,6,11,10,7
18120738,1,2,9,11,6
18120739,5,6,4,10,11
18120740,3,9,4,7,1
18120741,8,2,9,5,6
18120742,11,1,8,9,2
18120743,2,10,9,4,3
18120744,6,3,10,8,4
18120745,7,5,6,2,3
18120746,10,4,11,1,9
18120747,1,4,6,9,11
18120748,8,4,1,3,11
18120749,6,11,2,3,4
18120750,6,7,2,4,9
18120751,9,11,6,8,5
18120752,3,6,9,10,8
18120753,10,8,6,7,2
18120754,7,2,8,3,5
18120755,1,9,8,5,6
18120756,1,9,7,10,4
18120757,4,11,2,8,3
18120758,5,9,6,8,3
18120759,9,1,3,5,10
18120760,8,11,3,1,2
18120761,1,5,11,7,3
18120762,4,8,5,3,9
18120763,3,2,9,11,10
18120764,3,9,5,11,6
18120765,3,6,9,10,11
18120766,4,6,7,8,3
18120767,6,2,5,9,3
18120768,6,4,3,2,9
18120769,4,8,6,7,5
18120770,3,8,2,6,11
18120771,7,6,3,1,5
18120772,6,5,1,9,8
18120773,1,10,6,2,11
18120774,7,3,5,9,2
18120775,4,5,1,11,2
18120776,9,1,5,4,3
18120777,4,11,6,3,5
18120778,10,9,8,4,5
18120779,5,3,6,2,1
18120780,2,1,10,4,5
18120781,6,8,4,9,1
18120782,10,5,6,7,1
18120801,1,11,6,9,2
18120802,7,11,5,3,2
18120803,8,2,4,6,1
18120804,10,11,5,4,6
18120805,7,8,3,10,4
18120806,9,8,1,4,6
18120807,5,6,3,2,10
18120808,6,9,5,8,7
18120809,10,11,6,1,5
18120810,11,7,1,6,5
18120811,11,6,3,2,1
18120812,6,8,11,2,1
18120813,10,2,4,11,6
18120814,9,4,10,1,11
18120815,4,1,2,10,9
18120816,10,9,8,7,11
18120817,2,11,8,9,3
18120818,4,3,6,7,11
18120819,1,5,8,11,3
18120820,7,2,4,3,11
18120821,9,10,7,4,5
18120822,9,1,10,11,8
18120823,5,4,3,6,11
18120824,4,10,2,9,1
18120825,1,6,11,5,2
18120826,7,4,1,6,3
18120827,3,4,10,2,6
18120828,4,9,10,11,1
18120829,11,10,6,1,3
18120830,1,2,5,3,11
18120831,10,9,4,5,2
18120832,7,8,1,9,3
18120833,1,4,7,8,6
18120834,1,6,3,5,10
18120835,5,8,1,7,6
18120836,9,10,1,4,2
18120837,1,2,11,8,6
18120838,10,9,1,4,7
18120839,11,5,7,8,1
18120840,10,6,1,8,4
18120841,3,4,8,5,1
18120842,10,1,11,2,5
18120843,10,7,11,9,3
18120844,8,7,9,5,10
18120845,6,9,10,5,8
18120846,8,5,9,10,6
18120847,5,9,4,8,10
18120848,7,6,4,11,2
18120849,10,5,9,4,7
18120850,1,9,10,8,5
18120851,3,1,9,2,8
18120852,9,5,1,6,3
18120853,9,8,11,4,7
18120854,11,1,7,4,9
18120855,8,11,2,9,5
18120856,5,10,3,11,6
18120857,8,3,11,7,6
18120858,2,10,3,4,1
18120859,3,6,11,7,4
18120860,10,4,3,2,11
18120861,8,11,10,4,2
18120862,4,7,3,2,5
18120863,11,10,2,3,8
18120864,7,5,3,6,8
18120865,3,5,11,10,8
18120866,11,5,10,3,8
18120867,3,7,2,8,6
18120868,9,8,11,10,6
18120869,6,5,3,1,4
18120870,7,6,9,8,3
18120871,7,5,6,3,4
18120872,8,7,4,6,1
18120873,7,8,1,9,6
18120874,7,3,1,6,2
18120875,8,2,11,3,10
18120876,2,6,3,10,1
18120877,7,10,1,6,8
18120878,6,9,1,5,10
18120879,3,2,1,8,6
18120880,6,4,7,8,10
18120881,4,5,8,6,2
18120882,11,5,2,10,7
18120901,10,6,11,3,4
18120902,1,8,4,7,10
18120903,3,7,8,1,5
18120904,1,2,6,8,9
18120905,11,5,1,8,2
18120906,9,2,1,8,6
18120907,6,3,7,1,4
18120908,1,2,8,4,5
18120909,5,1,6,11,2
18120910,4,9,7,11,1
18120911,3,11,10,9,6
18120912,7,3,4,11,5
18120913,4,8,2,3,7
18120914,9,8,1,10,6
18120915,6,8,5,2,10
18120916,11,4,3,8,10
18120917,9,5,4,3,2
18120918,11,8,7,2,3
18120919,2,10,3,8,11
18120920,6,11,7,1,9
18120921,5,4,6,2,3
18120922,6,3,4,7,11
18120923,8,7,11,6,5
18120924,1,5,6,7,11
18120925,7,10,3,8,2
18120926,4,8,1,5,2
18120927,3,10,6,11,5
18120928,9,5,3,2,11
18120929,4,2,5,3,11
18120930,4,9,2,1,5
18120931,1,7,9,4,2
18120932,2,1,6,7,8
18120933,6,7,1,4,3
18120934,1,10,5,7,6
18120935,10,3,2,9,1
18120936,11,2,5,10,1
18120937,7,1,2,11,8
18120938,5,11,3,8,1
18120939,2,11,7,9,10
18120940,1,11,9,10,6
18120941,10,5,9,1,3
18120942,8,5,11,4,2
18120943,1,4,3,6,10
18120944,11,3,2,9,10
18120945,11,5,9,7,3
18120946,5,11,4,3,10
18120947,6,4,7,10,5
18120948,5,11,1,9,7
18120949,3,10,2,11,5
18120950,8,9,5,10,3
18120951,8,2,5,7,1
18120952,7,8,1,10,9
18120953,9,10,5,3,7
18120954,6,10,3,2,7
18120955,5,11,4,8,3
18120956,7,4,9,5,6
18120957,6,5,10,4,11
18120958,6,4,10,3,7
18120959,3,6,11,5,7
18120960,8,3,7,11,5
18120961,3,4,1,11,8
18120962,6,7,9,4,5
18120963,6,1,3,10,2
18120964,4,7,6,3,10
18120965,5,10,11,8,2
18120966,3,6,4,1,7
18120967,9,10,1,2,11
18120968,11,6,2,4,5
18120969,6,11,5,4,9
18120970,5,2,4,3,9
18120971,8,7,2,9,6
18120972,3,8,10,4,6
18120973,4,5,8,2,11
18120974,10,11,2,9,6
18120975,6,1,7,10,8
18120976,10,5,2,4,1
18120977,2,6,1,4,3
18120978,10,11,2,8,4
18120979,4,9,6,8,5
18120980,2,7,10,6,9
18120981,2,10,4,1,6
18120982,10,7,11,1,9
18121001,5,10,6,3,8
18121002,1,8,6,10,3
18121003,11,8,3,2,9
18121004,3,8,7,2,9
18121005,6,4,8,11,9
18121006,7,1,5,8,6
18121007,10,11,3,8,9
18121008,3,1,4,8,10
18121009,9,5,6,8,1
18121010,7,5,11,8,3
18121011,9,11,4,7,6
18121012,8,1,4,7,5
18121013,10,6,9,1,2
18121014,5,9,8,6,7
18121015,2,7,3,5,10
18121016,7,10,4,8,6
18121017,5,1,3,8,2
18121018,3,4,1,2,11
18121019,8,11,4,10,7
18121020,5,8,1,9,6
18121021,9,10,1,11,4
18121022,2,11,8,7,6
18121023,4,10,9,7,6
18121024,11,4,6,9,10
18121025,7,6,8,9,5
18121026,11,6,5,2,3
18121027,1,9,11,4,6
18121028,10,2,8,7,1
18121029,8,3,10,7,2
18121030,11,10,6,7,9
18121031,10,8,5,6,9
18121032,3,4,10,2,8
18121033,2,11,7,10,3
18121034,7,9,2,5,6
18121035,2,7,9,1,8
18121036,6,3,7,2,11
18121037,6,5,11,7,8
18121038,8,1,7,4,11
18121039,11,4,9,10,3
18121040,1,8,2,4,11
18121041,8,11,2,9,1
18121042,3,7,8,1,10
18121043,8,2,9,5,11
18121044,4,3,1,6,11
18121045,2,10,9,6,5
18121046,3,10,6,4,5
18121047,5,2,3,9,10
18121048,2,8,6,4,9
18121049,5,7,4,3,9
18121050,8,11,2,6,1
18121051,11,9,10,7,1
18121052,10,7,11,4,5
18121053,9,4,1,11,6
18121054,6,7,3,8,10
18121055,9,4,1,7,11
18121056,7,3,8,5,1
18121057,9,10,6,5,11
18121058,5,4,11,1,2
18121059,4,7,8,1,5
18121060,6,1,9,5,3
18121061,9,7,10,1,5
18121062,10,9,6,11,5
18121063,7,2,6,5,9
18121064,6,4,9,5,11
18121065,2,1,7,11,4
18121066,6,5,1,3,11
18121067,10,11,2,1,3
18121068,9,4,1,8,10
18121069,8,7,6,1,4
18121070,5,2,4,7,11
18121071,10,1,5,11,9
18121072,11,2,6,3,1
18121073,11,7,6,8,9
18121074,7,4,3,8,10
18121075,8,2,10,7,1
18121076,9,1,10,8,3
18121077,6,10,9,11,1
18121078,9,1,4,5,10
18121079,3,2,6,8,11
18121080,10,9,7,8,1
18121081,11,6,9,3,2
18121082,2,10,9,6,1
18121101,2,5,9,6,3
18121102,2,8,4,5,6
18121103,5,10,9,4,1
18121104,1,3,2,4,6
18121105,4,1,9,7,6
18121106,11,1,3,9,5
18121107,6,9,11,4,5
18121108,4,2,5,3,1
18121109,11,1,8,4,7
18121110,1,3,10,2,9
18121111,4,10,6,1,7
18121112,11,8,3,6,4
18121113,9,1,7,2,6
18121114,1,6,11,5,4
18121115,7,2,8,4,9
18121116,10,8,7,2,9
18121117,10,1,7,3,8
18121118,11,7,2,5,4
18121119,7,10,6,11,1
18121120,1,7,8,3,11
18121121,11,1,4,3,8
18121122,7,4,2,10,8
18121123,9,8,1,7,4
18121124,11,6,3,2,5
18121125,2,3,9,5,8
18121126,10,3,7,4,1
18121127,8,4,9,2,6
18121128,4,7,5,6,2
18121129,2,3,11,8,4
18121130,5,10,6,2,3
18121131,4,10,11,2,1
18121132,3,1,9,5,2
18121133,2,6,8,3,11
18121134,11,4,9,6,5
18121135,4,10,8,3,6
18121136,8,10,4,7,5
18121137,3,6,9,4,10
18121138,11,8,3,2,1
18121139,9,7,11,4,1
18121140,9,2,11,3,5
18121141,2,5,6,8,11
18121142,2,11,6,4,7
18121143,2,1,5,11,9
18121144,8,2,7,5,10
18121145,5,1,3,11,4
18121146,10,2,4,8,7
18121147,1,4,3,9,8
18121148,5,1,6,3,2
18121149,4,2,3,8,10
18121150,11,5,8,2,3
18121151,8,7,9,3,6
18121152,4,7,2,10,8
18121153,8,1,11,5,4
18121154,4,7,2,1,9
18121155,9,3,4,5,7
18121156,9,10,11,4,7
18121157,10,8,6,5,2
18121158,9,5,11,7,2
18121159,10,11,7,5,8
18121160,7,9,4,1,11
18121161,4,5,1,9,7
18121162,6,8,2,1,5
18121163,11,7,1,3,9
18121164,5,4,7,8,11
18121165,3,4,9,8,1
18121166,8,5,9,6,10
18121167,6,7,4,1,8
18121168,4,11,9,5,8
18121169,8,4,2,1,9
18121170,4,11,5,7,9
18121171,3,8,11,5,7
18121172,4,2,9,10,11
18121173,11,4,7,10,1
18121174,11,2,9,10,3
18121175,10,2,6,11,8
18121176,3,1,2,9,10
18121177,5,9,2,8,6
18121178,5,6,2,11,3
18121179,6,7,3,8,2
18121180,1,2,10,9,8
18121181,1,7,10,9,5
18121182,6,10,1,2,3
18121201,11,5,6,2,4
18121202,6,1,8,3,4
18121203,4,9,3,8,5
18121204,2,9,3,11,4
18121205,9,3,8,7,2
18121206,10,4,3,1,9
18121207,11,7,5,10,2
18121208,7,4,8,9,11
18121209,3,7,2,9,6
18121210,3,10,11,2,6
18121211,6,9,7,8,2
18121212,11,5,7,9,8
18121213,3,6,7,11,2
18121214,2,5,7,6,10
18121215,1,6,5,10,11
18121216,4,2,8,3,5
18121217,10,2,5,7,11
18121218,9,6,8,5,3
18121219,3,7,10,8,1
18121220,3,8,1,6,9
18121221,1,5,9,6,11
18121222,6,2,5,7,3
18121223,11,10,4,9,7
18121224,6,1,3,4,11
18121225,10,2,1,5,7
18121226,4,11,2,7,1
18121227,3,8,10,1,2
18121228,7,11,4,5,6
18121229,4,2,3,10,5
18121230,8,9,10,5,7
18121231,6,3,11,5,1
18121232,2,4,7,5,11
18121233,1,4,3,5,8
18121234,7,3,1,8,4
18121235,2,4,1,9,6
18121236,1,5,6,4,11
18121237,3,5,1,7,9
18121238,4,6,9,2,7
18121239,8,5,3,9,11
18121240,4,7,6,3,5
18121241,7,1,2,11,5
18121242,10,3,6,9,11
18121243,9,3,8,7,5
18121244,6,11,10,5,2
18121245,3,5,8,9,2
18121246,8,1,11,2,9
18121247,11,5,8,2,10
18121248,7,4,3,1,10
18121249,7,4,8,9,11
18121250,5,10,7,6,8
18121251,4,1,10,6,11
18121252,4,6,5,9,1
18121253,1,3,9,4,6
18121254,5,7,8,3,10
18121255,11,9,1,4,3
18121256,8,10,6,2,5
18121257,11,3,9,2,4
18121258,3,7,4,6,10
18121259,2,1,7,5,3
18121260,4,3,10,9,2
18121261,5,9,4,6,1
18121262,7,1,3,8,5
18121263,8,1,4,11,5
18121264,7,8,10,9,5
18121265,5,8,4,9,2
18121266,6,4,10,9,8
18121267,3,10,9,2,4
18121268,7,8,6,2,5
18121269,7,4,1,5,10
18121270,5,11,8,10,9
18121271,8,1,6,4,2
18121272,3,1,5,11,8
18121273,6,11,1,7,2
18121274,3,6,1,4,9
18121275,11,7,4,2,6
18121276,7,10,11,6,4
18121277,10,6,2,1,7
18121278,1,3,5,8,6
18121279,9,5,10,7,1
18121280,5,7,3,10,4
18121281,6,3,8,5,1
18121282,9,8,7,2,6
18121301,1,10,5,2,9
18121302,4,10,9,6,5
18121303,5,3,10,8,6
18121304,8,9,1,11,7
18121305,5,10,7,8,11
18121306,5,4,8,2,9
18121307,6,2,8,10,9
18121308,6,3,7,9,1
18121309,2,4,7,5,9
18121310,6,9,5,2,8
18121311,8,4,2,7,3
18121312,6,9,2,10,5
18121313,6,5,9,3,10
18121314,10,9,6,7,4
18121315,10,9,6,7,5
18121316,2,4,8,3,9
18121317,8,9,3,5,1
18121318,9,10,6,5,7
18121319,9,8,4,7,11
18121320,2,3,5,10,7
18121321,6,9,4,8,3
18121322,6,2,10,11,9
18121323,3,1,10,5,4
18121324,10,7,9,11,1
18121325,9,5,4,8,6
18121326,8,1,4,10,2
18121327,11,1,5,4,6
18121328,7,10,11,4,5
18121329,5,4,1,11,6
18121330,1,11,10,7,5
18121331,7,11,4,6,1
18121332,3,6,5,10,8
18121333,3,1,5,2,4
18121334,8,2,10,7,3
18121335,10,3,4,5,6
18121336,3,6,10,7,5
18121337,10,7,11,3,9
18121338,6,7,10,2,9
18121339,6,11,5,4,10
18121340,2,3,8,7,6
18121341,5,1,6,3,8
18121342,8,7,1,2,11
18121343,9,7,3,10,5
18121344,9,2,3,11,7
18121345,7,3,1,10,9
18121346,1,11,7,10,3
18121347,9,4,10,8,5
18121348,7,6,1,3,10
18121349,6,11,3,2,1
18121350,1,2,7,4,8
18121351,8,5,3,1,10
18121352,9,10,5,6,7
18121353,8,9,2,1,6
18121354,5,1,8,9,2
18121355,10,9,7,2,1
18121356,9,2,5,6,7
18121357,1,9,4,11,10
18121358,7,4,2,10,8
18121359,6,3,8,7,2
18121360,6,7,4,10,2
18121361,6,4,1,2,7
18121362,8,5,9,7,1
18121363,2,10,7,3,4
18121364,10,7,8,6,1
18121365,4,11,3,9,5
18121366,2,8,1,9,5
18121367,1,9,5,11,2
18121368,2,6,3,8,7
18121369,5,2,10,4,7
18121370,11,3,5,7,6
18121371,1,11,5,2,3
18121372,4,2,9,6,1
18121373,6,7,5,8,9
18121374,10,7,5,11,1
18121375,3,8,9,1,5
18121376,2,7,1,8,11
18121377,3,2,4,7,10
18121378,8,6,1,3,7
18121379,4,9,10,11,1
18121380,11,2,9,10,5
18121381,10,8,5,4,9
18121382,11,8,2,7,5
18121401,11,6,1,5,10
18121402,4,2,1,3,11
18121403,7,3,5,4,2
18121404,6,1,3,4,5
18121405,10,1,7,4,2
18121406,9,3,1,10,7
18121407,4,11,2,5,10
18121408,6,11,5,1,2
18121409,9,11,5,3,8
18121410,10,11,5,2,8
18121411,5,9,2,10,4
18121412,6,2,10,9,3
18121413,11,2,3,7,5
18121414,11,2,3,5,8
18121415,2,8,9,4,5
18121416,6,4,10,8,7
18121417,3,11,6,10,7
18121418,4,9,2,1,3
18121419,2,11,7,10,1
18121420,1,3,9,2,5
18121421,10,3,4,11,7
18121422,2,11,3,9,4
18121423,7,4,9,6,2
18121424,2,9,8,3,11
18121425,10,7,6,11,2
18121426,11,1,7,2,6
18121427,2,11,3,1,9
18121428,1,5,2,11,8
18121429,9,3,2,11,5
18121430,9,8,3,2,11
18121431,7,6,4,8,10
18121432,2,3,6,1,5
18121433,8,5,7,11,6
18121434,9,1,3,4,10
18121435,8,2,9,1,3
18121436,6,4,1,3,8
18121437,5,9,3,10,4
18121438,5,9,1,7,2
18121439,2,6,8,7,10
18121440,6,1,11,10,5
18121441,4,6,7,2,9
18121442,1,6,9,10,2
18121443,9,4,5,6,10
18121444,1,9,10,3,5
18121445,3,7,2,4,10
18121446,4,5,6,9,10
18121447,4,9,11,7,10
18121448,5,2,1,6,8
18121449,7,2,4,11,10
18121450,10,11,1,2,3
18121451,10,6,2,7,4
18121452,2,5,4,7,6
18121453,11,7,10,1,6
18121454,3,5,4,8,9
18121455,11,5,7,4,1
18121456,1,11,9,10,3
18121457,2,9,11,7,8
18121458,9,10,2,8,4
18121459,8,5,6,2,10
18121460,1,2,9,10,6
18121461,7,9,11,10,2
18121462,8,1,4,5,11
18121463,11,2,4,3,6
18121464,6,4,1,10,11
18121465,4,8,10,1,2
18121466,3,1,11,10,9
18121467,9,4,10,5,3
18121468,11,10,1,4,2
18121469,10,11,3,8,1
18121470,7,2,6,10,4
18121471,1,8,9,2,11
18121472,4,8,11,2,10
18121473,6,9,3,4,1
18121474,10,3,7,6,5
18121475,7,1,6,3,4
18121476,4,11,10,5,9
18121477,11,2,8,10,6
18121478,1,9,5,11,6
18121479,10,8,4,7,2
18121480,10,4,7,6,11
18121481,10,4,3,9,7
18121482,7,2,11,1,3
18121501,2,8,6,5,9
18121502,7,2,1,11,6
18121503,3,8,5,6,4
18121504,4,6,5,10,8
18121505,9,5,4,11,1
18121506,9,10,3,2,8
18121507,9,2,11,3,1
18121508,6,7,4,10,8
18121509,3,10,4,11,7
18121510,1,10,6,11,8
18121511,11,5,6,8,2
18121512,2,8,10,11,5
18121513,11,3,4,6,9
18121514,2,3,6,7,8
18121515,10,9,4,1,7
18121516,1,11,7,9,6
18121517,7,2,3,8,11
18121518,1,9,5,4,8
18121519,3,5,11,8,6
18121520,3,11,5,10,8
18121521,11,2,1,7,10
18121522,6,4,10,2,5
18121523,1,11,9,4,5
18121524,1,8,9,4,3
18121525,1,3,10,11,8
18121526,9,2,3,10,8
18121527,11,4,3,7,1
18121528,8,1,4,3,10
18121529,10,8,7,3,6
18121530,1,11,7,10,2
18121531,6,9,5,11,3
18121532,7,6,2,1,11
18121533,3,1,5,7,10
18121534,3,10,8,4,6
18121535,2,4,11,3,5
18121536,9,5,1,10,6
18121537,4,7,1,10,5
18121538,8,4,7,6,3
18121539,9,5,4,7,3
18121540,7,11,2,8,9
18121541,1,5,3,9,11
18121542,7,6,1,10,9
18121543,5,1,4,2,6
18121544,4,1,3,10,6
18121545,5,11,6,8,1
18121546,2,5,8,3,11
18121547,2,1,7,5,8
18121548,6,5,8,10,1
18121549,7,10,4,11,9
18121550,1,3,9,5,7
18121551,5,10,6,11,8
18121552,10,2,1,4,3
18121553,10,4,1,9,11
18121554,5,10,2,9,1
18121555,5,1,3,8,11
18121556,5,9,10,1,3
18121557,4,7,1,6,9
18121558,3,2,8,11,9
18121559,3,1,10,8,4
18121560,8,10,2,3,9
18121561,9,11,1,7,3
18121562,4,10,5,7,6
18121563,8,3,1,7,9
18121564,4,3,10,11,6
18121565,7,1,11,10,6
18121566,11,2,6,4,9
18121567,11,6,3,10,1
18121568,7,4,11,9,3
18121569,9,3,4,11,8
18121570,5,3,6,7,2
18121571,3,8,4,7,1
18121572,5,3,4,2,8
18121573,5,11,7,10,4
18121574,6,8,3,4,11
18121575,2,1,6,5,9
18121576,4,11,6,3,2
18121577,2,1,9,11,5
18121578,9,11,8,1,2
18121579,2,7,8,9,10
18121580,8,5,2,6,4
18121581,10,4,11,3,8
18121582,6,8,7,10,1
18121601,4,8,3,6,1
18121602,10,11,1,6,8
18121603,4,8,1,9,7
18121604,6,8,2,11,7
18121605,6,5,4,7,9
18121606,3,7,8,2,9
18121607,7,1,5,6,11
18121608,11,3,9,7,4
18121609,6,8,1,5,4
18121610,8,10,3,7,4
18121611,1,4,10,2,6
18121612,1,7,10,11,6
18121613,11,5,1,6,3
18121614,7,4,8,11,10
18121615,6,8,4,7,9
18121616,11,8,3,1,7
18121617,1,9,4,8,2
18121618,7,5,6,9,2
18121619,1,2,9,4,3
18121620,7,8,11,9,6
18121621,5,11,4,3,8
18121622,1,3,11,5,6
18121623,3,5,8,7,2
18121624,9,5,2,7,11
18121625,6,1,4,7,2
18121626,3,7,11,1,9
18121627,8,6,7,5,9
18121628,6,11,2,1,4
18121629,3,9,10,4,6
18121630,9,5,10,1,8
18121631,8,5,9,6,3
18121632,7,9,2,4,6
18121633,7,5,6,3,11
18121634,10,7,4,9,8
18121635,7,8,3,2,1
18121636,5,8,11,1,7
18121637,4,6,9,8,7
18121638,5,4,10,2,1
18121639,11,9,4,2,1
18121640,5,7,1,3,8
18121641,7,6,11,5,2
18121642,6,1,5,9,8
18121643,3,7,6,1,11
18121644,9,7,3,11,5
18121645,3,11,6,7,8
18121646,6,3,8,11,9
18121647,9,8,1,5,2
18121648,8,2,5,7,6
18121649,7,5,8,11,4
18121650,2,4,11,8,3
18121651,8,4,7,5,3
18121652,9,8,3,1,2
18121653,1,3,6,10,8
18121654,3,5,7,6,2
18121655,3,5,11,2,8
18121656,9,5,6,7,3
18121657,7,2,6,9,8
18121658,11,4,10,5,9
18121659,10,6,5,11,7
18121660,8,7,11,10,6
18121661,3,8,6,4,2
18121662,6,5,11,8,9
18121663,10,9,11,4,8
18121664,8,7,4,11,10
18121665,6,5,1,10,11
18121666,1,4,2,11,5
18121667,10,9,6,3,2
18121668,7,6,10,4,11
18121669,5,8,4,9,6
18121670,6,9,1,3,8
18121671,4,5,9,11,8
18121672,2,11,4,3,8
18121673,6,2,5,4,11
18121674,1,7,6,4,2
18121675,4,11,10,5,2
18121676,9,4,7,2,3
18121677,10,2,3,7,5
18121678,2,4,6,9,3
18121679,8,10,1,6,5
18121680,2,7,1,6,8
18121681,7,2,1,11,5
18121682,9,10,7,6,3
18121701,6,1,7,9,4
18121702,8,1,7,3,9
18121703,5,7,3,1,2
18121704,11,3,9,2,4
18121705,11,6,5,9,4
18121706,7,5,3,10,1
18121707,10,3,6,5,4
18121708,7,9,3,5,6
18121709,9,2,8,11,10
18121710,2,4,8,11,3
18121711,10,7,3,8,2
18121712,3,10,9,1,5
18121713,9,6,2,3,1
18121714,5,7,9,2,8
18121715,8,7,3,9,6
18121716,5,7,3,10,9
18121717,10,2,7,11,4
18121718,10,3,6,2,9
18121719,2,8,7,3,9
18121720,8,5,3,1,7
18121721,1,3,7,6,5
18121722,9,3,8,7,1
18121723,5,2,1,8,11
18121724,2,6,1,8,10
18121725,11,7,10,8,4
18121726,3,8,7,6,9
18121727,10,1,9,6,5
18121728,4,2,3,9,10
18121729,10,6,4,11,1
18121730,6,10,5,7,1
18121731,7,4,1,11,10
18121732,8,5,2,6,1
18121733,11,5,1,2,3
18121734,7,8,5,11,3
18121735,8,1,2,6,9
18121736,3,10,4,5,8
18121737,9,6,7,1,8
18121738,7,3,10,1,8
18121739,6,4,9,7,5
18121740,4,5,8,2,7
18121741,4,11,10,3,1
18121742,10,2,11,6,5
18121743,11,3,2,8,10
18121744,5,7,11,8,9
18121745,4,5,11,2,9
18121746,1,4,11,10,7
18121747,11,10,3,7,6
18121748,1,6,11,8,9
18121749,11,5,2,9,6
18121750,8,7,6,1,2
18121751,11,5,2,7,8
18121752,3,6,2,10,11
18121753,8,6,1,7,3
18121754,7,11,3,6,1
18121755,1,10,3,7,6
18121756,11,7,6,3,9
18121757,5,6,8,3,11
18121758,9,8,11,2,1
18121759,5,9,7,6,8
18121760,4,1,11,2,6
18121761,7,10,3,2,8
18121762,10,3,5,9,6
18121763,4,9,6,5,7
18121764,6,7,8,10,9
18121765,10,5,3,8,7
18121766,9,10,3,4,5
18121767,5,10,3,4,2
18121768,4,2,9,1,11
18121769,5,1,11,3,8
18121770,5,2,3,10,8
18121771,5,2,7,4,10
18121772,7,1,3,8,10
18121773,9,8,7,1,3
18121774,9,1,6,8,10
18121775,9,8,7,11,1
18121776,6,1,10,11,5
18121777,9,7,4,8,11
18121778,3,2,5,4,6
18121779,5,7,1,6,3
18121780,9,5,10,2,7
18121781,1,6,10,2,5
18121782,11,6,2,7,3
18121801,2,5,10,7,4
18121802,11,9,7,8,3
18121803,2,3,1,8,11
18121804,4,1,5,2,9
18121805,2,3,9,8,7
18121806,3,9,6,10,4
18121807,4,1,3,7,9
18121808,11,2,1,7,3
18121809,4,3,11,5,7
18121810,11,3,6,9,5
18121811,4,7,2,11,10
18121812,10,7,4,8,11
18121813,7,9,1,6,4
18121814,4,3,9,7,11
18121815,7,2,8,4,5
18121816,2,9,3,5,1
18121817,8,9,3,7,2
18121818,5,11,4,10,6
18121819,6,9,11,2,10
18121820,11,4,6,3,2
18121821,1,11,4,10,8
18121822,11,3,10,1,8
18121823,1,2,9,7,10
18121824,8,6,1,9,4
18121825,9,3,2,7,1
18121826,8,3,6,4,11
18121827,9,8,2,3,4
18121828,10,5,3,1,6
18121829,9,10,3,11,1
18121830,11,5,6,10,8
18121831,8,10,1,2,4
18121832,10,6,7,9,5
18121833,6,3,9,10,7
18121834,5,7,6,8,3
18121835,4,8,5,2,7
18121836,2,5,8,6,1
18121837,2,3,4,5,6
18121838,9,6,3,10,11
18121839,5,9,7,3,10
18121840,6,8,7,3,4
18121841,2,1,5,4,6
18121842,10,11,8,6,3
18121843,4,1,8,11,3
18121844,4,9,7,11,3
18121845,2,8,7,11,5
18121846,8,9,11,4,5
18121847,5,9,11,8,10
18121848,11,1,9,8,3
18121849,3,2,11,5,10
18121850,9,8,11,1,2
18121851,10,11,7,1,9
18121852,7,1,10,8,3
18121853,5,6,2,4,8
18121854,5,10,1,2,7
18121855,3,6,7,2,5
18121856,4,6,2,3,8
18121857,10,9,5,11,2
18121858,9,11,6,7,4
18121859,1,2,4,7,9
18121860,11,3,9,5,10
18121861,2,6,1,9,10
18121862,10,1,3,8,11
18121863,11,4,7,9,10
18121864,9,8,4,5,1
18121865,1,11,5,7,9
18121866,7,3,10,4,8
18121867,2,5,11,10,9
18121868,9,3,7,4,1
18121869,2,7,1,5,4
18121870,7,4,11,9,10
18121871,11,3,5,2,1
18121872,5,11,3,10,1
18121873,9,2,1,4,11
18121874,4,2,6,7,11
18121875,2,5,7,10,3
18121876,3,6,2,4,10
18121877,8,7,6,9,11
18121878,1,2,6,3,8
18121879,11,1,3,8,9
18121880,1,6,3,2,8
18121881,2,11,10,8,7
18121882,11,5,10,7,8
18121901,5,2,3,11,1
18121902,3,7,4,2,9
18121903,3,4,7,1,6
18121904,3,6,5,1,8
18121905,2,7,1,10,6
18121906,6,10,9,8,7
18121907,9,2,1,11,5
18121908,9,2,6,4,10
18121909,8,4,2,9,10
18121910,10,1,5,4,2
18121911,8,3,4,5,1
18121912,1,3,6,8,4
18121913,1,4,9,8,6
18121914,10,11,3,5,2
18121915,11,8,9,10,5
18121916,5,2,8,7,6
18121917,10,8,1,7,6
18121918,8,7,5,10,6
18121919,3,7,9,8,11
18121920,2,8,6,5,11
18121921,4,10,6,5,9
18121922,8,7,5,3,1
18121923,11,2,4,5,9
18121924,9,7,5,10,1
18121925,5,2,4,10,3
18121926,7,9,11,4,2
18121927,4,2,8,3,7
18121928,3,10,4,6,8
18121929,10,5,11,3,8
18121930,8,7,1,3,9
18121931,5,11,10,1,7
18121932,1,2,10,5,6
18121933,9,6,5,2,7
18121934,9,10,7,1,11
18121935,10,2,5,8,7
18121936,5,3,1,4,7
18121937,7,4,6,5,3
18121938,5,8,3,7,9
18121939,11,1,7,9,3
18121940,2,4,1,10,5
18121941,11,5,3,4,1
18121942,6,10,1,8,4
18121943,11,4,10,3,7
18121944,7,8,6,2,3
18121945,3,1,5,11,10
18121946,3,1,5,4,9
18121947,9,5,7,1,6
18121948,1,5,2,6,3
18121949,8,4,7,3,11
18121950,7,3,8,9,10
18121951,11,2,1,4,3
18121952,8,1,10,2,9
18121953,6,4,3,11,1
18121954,1,6,7,11,8
18121955,9,2,3,10,11
18121956,9,5,11,3,4
18121957,4,9,10,3,1
18121958,2,11,10,7,8
18121959,11,8,6,4,1
18121960,1,2,6,7,9
18121961,4,9,6,2,5
18121962,7,8,4,2,9
18121963,1,7,8,4,9
18121964,4,5,3,8,1
18121965,7,3,11,2,1
18121966,3,10,8,6,5
18121967,5,2,4,11,7
18121968,5,4,11,10,1
18121969,5,4,7,3,1
18121970,4,5,9,1,6
18121971,9,1,7,10,11
18121972,8,2,6,4,11
18121973,8,9,3,10,1
18121974,5,1,11,6,8
18121975,9,11,1,2,10
18121976,7,10,11,8,9
18121977,11,10,8,5,1
18121978,3,5,7,11,6
18121979,8,1,3,6,2
18121980,11,6,5,2,7
18121981,8,11,1,6,10
18121982,4,3,9,5,6
18122001,11,4,8,3,9
18122002,3,11,2,5,8
18122003,11,5,4,1,10
18122004,6,7,1,10,3
18122005,2,10,4,9,7
18122006,1,3,11,4,5
18122007,4,10,1,9,2
18122008,1,6,2,11,4
18122009,5,8,2,9,6
18122010,7,8,5,10,3
18122011,10,3,2,9,1
18122012,4,6,2,11,5
18122013,3,9,8,11,2
18122014,3,2,7,10,8
18122015,10,1,7,4,2
18122016,3,4,10,9,6
18122017,3,10,1,2,5
18122018,11,2,10,9,7
18122019,10,9,8,5,3
18122020,10,6,7,5,4
18122021,8,2,1,7,11
18122022,7,2,3,11,1
18122023,10,11,1,8,2
18122024,6,8,1,5,10
18122025,8,9,5,6,4
18122026,3,4,2,7,8
18122027,10,7,11,2,4
18122028,5,9,10,1,7
18122029,8,5,4,6,9
18122030,6,7,5,10,2
18122031,2,6,3,1,10
18122032,9,10,3,11,6
18122033,3,10,5,7,8
18122034,1,11,2,4,3
18122035,8,11,3,10,5
18122036,7,3,5,8,1
18122037,6,5,2,11,7
18122038,6,10,9,2,4
18122039,10,4,8,11,7
18122040,5,10,3,7,6
18122041,11,7,8,10,9
18122042,5,6,8,11,10
18122043,2,5,7,6,8
18122044,8,7,4,9,1
18122045,10,7,11,1,9
18122046,5,6,7,3,9
18122047,11,1,5,10,8
18122048,1,2,7,10,8
18122049,5,10,1,4,3
18122050,2,5,8,11,10
18122051,4,3,9,7,6
18122052,10,11,3,1,8
18122053,5,6,3,4,8
18122054,6,1,9,8,2
18122055,4,6,9,8,1
18122056,10,8,4,6,3
18122057,7,2,11,4,8
18122058,3,9,6,5,8
18122059,5,6,9,1,10
18122060,4,3,8,10,6
18122061,8,3,6,10,11
18122062,5,1,3,8,10
18122063,8,1,11,5,9
18122064,7,11,8,9,5
18122065,1,2,11,3,7
18122066,2,8,9,1,4
18122067,6,5,3,7,8
18122068,11,6,1,7,9
18122069,5,9,7,10,11
18122070,5,7,10,6,9
18122071,2,1,6,11,7
18122072,3,5,7,1,11
18122073,3,2,4,5,8
18122074,5,11,9,3,10
18122075,5,4,3,2,9
18122076,8,10,7,11,5
18122077,11,8,7,3,1
18122078,9,10,2,1,7
18122079,1,6,3,4,11
18122080,7,1,10,9,4
18122081,7,2,11,5,9
18122082,6,11,7,1,2
18122101,10,11,7,9,3
18122102,9,4,7,2,1
18122103,4,2,10,3,9
18122104,1,7,8,4,9
18122105,3,11,2,6,1
18122106,11,6,1,4,2
18122107,1,5,10,11,7
18122108,10,3,4,8,2
18122109,5,11,9,8,3
18122110,7,1,8,6,5
18122111,1,11,2,6,10
18122112,5,1,4,2,3
18122113,7,10,2,5,3
18122114,5,4,11,9,2
18122115,6,11,9,8,3
18122116,9,1,11,3,8
18122117,4,9,2,3,5
18122118,1,10,3,6,5
18122119,6,2,11,8,1
18122120,10,8,4,2,6
18122121,11,3,7,6,8
18122122,7,2,3,5,9
18122123,2,6,4,11,10
18122124,5,11,8,4,2
18122125,7,2,3,10,8
18122126,6,3,11,5,4
18122127,7,5,1,11,3
18122128,4,8,6,7,2
18122129,9,1,10,7,5
18122130,10,1,6,2,3
18122131,1,9,2,11,10
18122132,6,2,10,4,5
18122133,4,3,9,5,7
18122134,7,5,2,3,6
18122135,7,6,1,9,8
18122136,8,11,4,9,10
18122137,2,3,4,7,9
18122138,7,11,4,3,2
18122139,6,4,3,9,10
18122140,5,11,1,10,3
18122141,8,2,1,6,11
18122142,10,9,11,6,5
18122143,11,3,1,4,9
18122144,5,11,8,7,3
18122145,5,11,10,7,2
18122146,8,2,4,1,5
18122147,7,6,9,2,11
18122148,6,7,9,4,10
18122149,6,11,8,10,2
18122150,7,9,10,5,6
18122151,1,8,5,3,6
18122152,7,1,5,6,3
18122153,11,6,1,3,5
18122154,6,5,7,1,10
18122155,6,7,8,4,3
18122156,3,11,1,10,7
18122157,7,5,3,8,11
18122158,8,6,7,9,10
18122159,6,11,8,3,10
18122160,1,8,4,6,2
18122161,7,4,11,10,5
18122162,3,5,6,1,7
18122163,8,11,6,2,10
18122164,10,9,4,1,2
18122165,2,8,11,3,7
18122166,5,9,3,7,2
18122167,2,4,10,3,9
18122168,6,10,1,3,9
18122169,7,9,6,4,5
18122170,10,9,11,8,5
18122171,11,2,6,10,9
18122172,2,8,1,11,7
18122173,9,8,1,10,5
18122174,3,5,10,9,7
18122175,6,9,4,10,3
18122176,1,2,9,7,3
18122177,5,3,6,2,8
18122178,8,4,1,3,10
18122179,4,5,9,3,2
18122180,9,4,7,1,10
18122181,3,7,11,4,8
18122182,11,8,1,6,5
18122201,8,2,6,10,9
18122202,11,7,2,5,10
18122203,10,2,5,9,1
18122204,1,6,7,11,4
18122205,11,8,4,5,3
18122206,3,4,6,2,9
18122207,1,7,4,10,3
18122208,1,3,5,7,10
18122209,10,3,2,4,6
18122210,11,2,7,5,3
18122211,3,11,5,7,9
18122212,7,8,4,6,1
18122213,2,1,6,3,4
18122214,11,5,8,9,1
18122215,9,6,8,3,2
18122216,11,10,6,2,5
18122217,11,2,8,7,10
18122218,4,9,2,5,3
18122219,5,6,2,3,4
18122220,3,2,1,11,8
18122221,2,8,11,7,6
18122222,7,1,2,5,11
18122223,3,2,10,7,9
18122224,11,4,10,1,8
18122225,10,3,1,5,8
18122226,9,6,1,2,3
18122227,2,4,6,11,9
18122228,2,8,1,9,11
18122229,10,1,11,4,8
18122230,4,3,1,10,9
18122231,8,11,7,9,2
18122232,4,1,11,7,8
18122233,6,9,7,11,2
18122234,3,11,4,10,2
18122235,5,3,10,11,6
18122236,1,2,3,10,9
18122237,11,2,10,6,1
18122238,9,2,8,10,7
18122239,7,10,5,9,1
18122240,11,8,5,1,7
18122241,10,8,6,3,7
18122242,10,3,4,2,7
18122243,10,5,8,6,9
18122244,10,5,6,4,1
18122245,6,1,2,3,7
18122246,5,9,6,11,10
18122247,1,11,8,4,5
18122248,1,5,7,10,3
18122249,1,3,2,8,11
18122250,6,5,1,4,2
18122251,3,8,11,6,1
18122252,8,3,6,11,9
18122253,10,11,7,3,9
18122254,9,10,7,4,1
18122255,7,1,10,4,3
18122256,2,3,7,6,10
18122257,5,9,7,4,6
18122258,7,2,8,6,4
18122259,7,1,4,10,3
18122260,1,3,5,7,10
18122261,2,1,5,4,8
18122262,1,9,7,3,5
18122263,11,6,2,9,7
18122264,11,10,2,4,1
18122265,9,1,7,3,6
18122266,1,3,6,4,5
18122267,2,9,8,4,1
18122268,11,8,9,7,2
18122269,8,11,3,7,4
18122270,5,3,9,11,6
18122271,6,10,1,11,8
18122272,3,11,2,1,8
18122273,4,2,3,6,9
18122274,7,3,9,1,8
18122275,9,2,10,3,7
18122276,10,2,4,5,6
18122277,9,5,7,3,10
18122278,9,8,6,10,4
18122279,6,9,11,5,7
18122280,7,9,3,2,4
18122281,8,11,10,2,1
18122282,2,9,7,1,10
18122301,7,6,8,10,3
18122302,6,2,10,5,1
18122303,3,1,5,9,10
18122304,9,11,8,5,7
18122305,1,9,5,10,4
18122306,3,2,8,7,6
18122307,7,1,11,10,6
18122308,7,1,4,11,5
18122309,11,4,7,3,5
18122310,3,6,9,8,2
18122311,1,2,5,11,10
18122312,6,5,7,11,4
18122313,3,9,10,1,7
18122314,4,1,8,7,10
18122315,8,6,11,4,9
18122316,4,10,2,8,11
18122317,6,5,11,1,2
18122318,6,1,8,7,9
18122319,4,3,6,8,5
18122320,4,8,11,9,6
18122321,10,7,3,11,8
18122322,3,7,6,5,1
18122323,7,2,10,11,6
18122324,5,10,6,1,7
18122325,11,2,10,7,9
18122326,1,5,6,4,7
18122327,8,11,5,10,4
18122328,2,4,11,7,10
18122329,7,11,5,6,3
18122330,5,4,3,8,11
18122331,8,4,11,6,9
18122332,10,4,11,2,1
18122333,1,6,5,8,9
18122334,5,7,6,1,10
18122335,1,3,4,2,7
18122336,9,1,3,4,6
18122337,4,11,5,9,8
18122338,7,2,11,5,8
18122339,10,2,9,4,6
18122340,5,1,6,11,4
18122341,5,3,4,6,11
18122342,8,6,5,7,9
18122343,8,7,4,9,5
18122344,1,11,8,9,5
18122345,6,2,1,3,11
18122346,6,1,9,10,5
18122347,4,6,3,7,10
18122348,5,7,9,2,6
18122349,9,8,6,2,11
18122350,2,6,7,1,5
18122351,9,3,6,4,10
18122352,6,5,3,7,9
18122353,5,11,2,6,3
18122354,10,1,9,3,8
18122355,1,11,7,10,3
18122356,8,5,7,3,6
18122357,6,8,10,5,1
18122358,5,6,3,10,11
18122359,8,6,3,2,9
18122360,6,1,8,4,11
18122361,4,11,2,7,1
18122362,7,1,10,5,3
18122363,11,3,2,8,4
18122364,6,3,10,2,8
18122365,11,1,6,3,2
18122366,5,7,4,6,2
18122367,1,4,5,6,7
18122368,4,10,1,9,6
18122369,3,5,10,1,9
18122370,4,11,9,8,6
18122371,8,1,3,7,11
18122372,5,6,11,9,4
18122373,11,8,4,2,7
18122374,8,5,2,6,3
18122375,2,5,4,8,9
18122376,9,10,11,4,3
18122377,5,6,4,10,1
18122378,2,8,4,11,9
18122379,9,10,1,4,5
18122380,4,2,1,3,10
18122381,6,1,11,9,2
18122382,7,8,6,9,10
18122401,4,10,7,9,6
18122402,9,8,6,2,7
18122403,10,5,6,1,8
18122404,6,11,5,3,8
18122405,4,6,1,9,5
18122406,10,4,8,1,7
18122407,8,11,10,4,9
18122408,9,8,7,2,11
18122409,11,9,3,5,10
18122410,1,5,3,8,6
18122411,3,11,4,9,6
18122412,4,2,3,1,11
18122413,5,1,9,11,4
18122414,8,1,5,10,3
18122415,9,8,7,5,2
18122416,11,5,7,2,6
18122417,2,8,3,5,6
18122418,3,9,2,10,7
18122419,7,11,1,4,6
18122420,2,6,4,10,8
18122421,8,10,5,4,7
18122422,5,7,4,10,3
18122423,8,10,2,4,5
18122424,10,8,3,1,2
18122425,8,2,3,4,11
18122426,2,5,1,9,4
18122427,1,11,5,10,6
18122428,9,10,2,7,1
18122429,6,11,7,8,3
18122430,9,4,3,2,7
18122431,3,7,2,10,8
18122432,11,6,2,5,10
18122433,10,9,7,3,11
18122434,8,6,3,9,11
18122435,3,6,7,10,9
18122436,7,6,3,10,9
18122437,10,7,1,2,11
18122438,7,10,3,9,11
18122439,8,6,10,11,9
18122440,3,7,11,2,8
18122441,11,8,1,7,10
18122442,11,7,1,10,6
18122443,7,10,11,6,5
18122444,2,6,5,10,11
18122445,11,5,4,3,2
18122446,2,8,6,9,10
18122447,5,1,6,8,10
18122448,4,7,11,2,10
18122449,5,9,6,8,2
18122450,8,10,2,1,9
18122451,11,1,3,5,4
18122452,8,5,3,9,2
18122453,8,1,5,7,10
18122454,1,5,6,11,2
18122455,1,6,11,2,3
18122456,4,6,7,11,3
18122457,1,2,8,3,5
18122458,2,8,7,3,11
18122459,5,9,7,1,11
18122460,4,2,11,7,6
18122461,6,7,2,11,5
18122462,2,1,6,9,5
18122463,7,4,5,1,10
18122464,11,8,1,7,9
18122465,11,1,6,4,10
18122466,6,10,8,5,7
18122467,4,2,9,10,5
18122468,1,5,6,9,4
18122469,11,6,2,5,10
18122470,9,1,3,2,5
18122471,9,1,8,10,2
18122472,3,7,4,5,6
18122473,6,5,7,8,9
18122474,3,6,9,2,10
18122475,11,1,4,3,2
18122476,5,10,1,3,11
18122477,2,11,10,4,3
18122478,3,6,10,5,8
18122479,3,6,10,11,2
18122480,5,2,9,3,8
18122481,4,5,3,11,6
18122482,9,5,4,11,2
18122501,4,10,2,11,7
18122502,6,5,9,2,7
18122503,2,1,10,3,7
18122504,4,6,11,1,9
18122505,3,4,10,5,8
18122506,7,4,1,5,2
18122507,3,1,2,5,10
18122508,11,4,8,3,9
18122509,6,10,5,8,9
18122510,7,10,3,6,11
18122511,1,11,7,8,10
18122512,2,8,1,3,9
18122513,1,10,7,11,3
18122514,6,10,2,7,4
18122515,9,4,6,7,10
18122516,7,1,2,11,6
18122517,11,4,6,5,9
18122518,8,3,7,4,11
18122519,7,3,4,9,6
18122520,9,10,5,7,3
18122521,6,4,3,11,10
18122522,4,11,2,9,1
18122523,8,7,11,5,6
18122524,11,6,7,10,5
18122525,8,3,2,1,4
18122526,5,8,2,11,7
18122527,6,7,1,9,10
18122528,8,1,5,6,11
18122529,10,7,11,5,4
18122530,5,9,1,3,10
18122531,7,4,10,3,5
18122532,5,9,2,10,6
18122533,3,7,4,8,2
18122534,4,3,7,8,10
18122535,2,11,1,3,8
18122536,8,9,4,3,2
18122537,9,3,8,5,11
18122538,1,10,4,8,5
18122539,5,11,3,4,9
18122540,11,7,8,10,2
18122541,10,4,6,3,8
18122542,5,4,3,8,1
18122543,2,7,10,6,11
18122544,1,9,4,3,11
18122545,5,11,2,10,1
18122546,1,11,10,9,5
18122547,9,7,6,4,2
18122548,1,7,3,10,2
18122549,10,8,5,11,1
18122550,9,8,11,1,5
18122551,1,9,8,4,7
18122552,8,5,6,4,3
18122553,3,1,11,6,4
18122554,8,5,2,4,7
18122555,7,10,8,1,3
18122556,5,6,3,2,8
18122557,3,4,2,7,9
18122558,9,3,11,4,8
18122559,6,9,5,4,11
18122560,4,6,2,1,10
18122561,7,4,2,11,3
18122562,2,7,10,4,1
18122563,2,4,1,7,8
18122564,2,6,10,5,4
18122565,1,10,7,9,6
18122566,10,2,7,11,3
18122567,5,8,10,11,2
18122568,7,5,2,9,8
18122569,11,9,5,10,3
18122570,2,7,5,3,8
18122571,5,1,6,9,2
18122572,5,1,8,11,7
18122573,4,10,8,9,11
18122574,7,3,6,2,8
18122575,7,11,10,2,1
18122576,2,7,3,5,6
18122577,1,10,5,7,3
18122578,3,5,11,4,8
18122579,4,7,9,11,10
18122580,11,3,10,5,6
18122581,7,6,4,11,3
18122582,7,1,10,6,8
18122601,9,2,4,5,11
18122602,6,11,8,9,1
18122603,4,8,2,9,7
18122604,3,10,1,7,4
18122605,2,4,7,3,10
18122606,1,6,2,5,7
18122607,5,3,11,2,7
18122608,10,7,6,5,2
18122609,7,6,2,4,1
18122610,5,9,6,8,1
18122611,8,5,4,11,6
18122612,11,1,9,5,10
18122613,8,1,4,6,9
18122614,6,4,7,9,2
18122615,6,8,3,9,2
18122616,7,8,1,4,2
18122617,1,7,8,10,3
18122618,4,3,2,7,6
18122619,7,5,8,9,11
18122620,3,2,9,11,8
18122621,6,5,1,10,9
18122622,4,9,7,8,6
18122623,8,5,1,7,10
18122624,2,5,11,3,4
18122625,1,2,10,4,9
18122626,5,10,9,3,8
18122627,2,5,4,10,6
18122628,3,9,2,1,6
18122629,9,4,3,5,1
18122630,11,8,10,7,5
18122631,3,2,11,8,10
18122632,7,4,1,6,9
18122633,5,9,1,6,11
18122634,5,3,10,6,4
18122635,10,4,9,2,11
18122636,10,5,4,2,11
18122637,4,5,8,2,11
18122638,6,1,5,2,11
18122639,7,9,3,2,8
18122640,8,4,2,11,7
18122641,10,7,6,5,9
18122642,1,6,11,7,10
18122643,1,6,3,7,5
18122644,9,8,10,7,5
18122645,2,11,10,6,9
18122646,4,9,1,2,3
18122647,1,7,2,11,5
18122648,10,2,9,6,11
18122649,8,9,3,4,10
18122650,11,9,2,6,3
18122651,6,10,9,5,11
18122652,8,11,2,7,3
18122653,10,9,2,5,3
18122654,1,4,7,3,11
18122655,4,7,8,9,1
18122656,7,6,1,4,2
18122657,1,7,4,10,11
18122658,11,4,7,10,9
18122659,5,3,1,11,9
18122660,4,9,10,5,3
18122661,11,9,1,8,5
18122662,5,10,3,11,9
18122663,7,2,10,11,3
18122664,6,9,11,5,1
18122665,3,2,7,5,10
18122666,5,6,2,10,1
18122667,7,2,1,5,6
18122668,9,6,8,5,11
18122669,5,11,10,6,3
18122670,1,10,7,11,6
18122671,6,4,1,9,10
18122672,9,4,10,1,11
18122673,3,1,9,2,6
18122674,4,6,3,9,2
18122675,5,10,3,2,7
18122676,1,11,6,5,3
18122677,2,6,11,4,5
18122678,1,3,4,2,11
18122679,10,6,8,2,11
18122680,8,11,4,2,3
18122681,7,8,11,6,10
18122682,7,11,8,9,10
18122701,7,5,8,2,9
18122702,8,9,2,11,6
18122703,11,9,3,4,7
18122704,4,3,11,8,1
18122705,10,3,6,4,7
18122706,5,11,10,9,6
18122707,7,9,10,3,8
18122708,3,9,5,7,6
18122709,5,3,4,9,6
18122710,11,5,1,2,9
18122711,3,8,10,4,9
18122712,6,7,9,11,10
18122713,5,8,9,10,6
18122714,5,8,6,9,2
18122715,2,11,4,6,5
18122716,7,1,9,2,11
18122717,10,4,11,6,2
18122718,7,11,2,5,10
18122719,9,4,2,10,7
18122720,9,10,4,5,3
18122721,9,5,2,4,11
18122722,5,2,8,7,3
18122723,10,1,5,4,8
18122724,2,6,1,5,11
18122725,7,1,2,11,8
18122726,5,6,9,7,8
18122727,3,4,7,11,6
18122728,5,9,10,6,3
18122729,9,7,2,4,5
18122730,9,8,5,7,3
18122731,4,5,9,7,11
18122732,2,3,6,8,4
18122733,11,1,2,9,3
18122734,6,2,4,11,10
18122735,4,10,9,7,5
18122736,4,7,1,10,3
18122737,3,10,8,4,5
18122738,10,5,3,4,11
18122739,11,8,2,7,10
18122740,3,10,7,9,11
18122741,6,9,1,5,3
18122742,7,10,1,6,9
18122743,1,9,3,5,10
18122744,3,7,11,5,10
18122745,7,4,2,5,11
18122746,7,9,11,10,4
18122747,6,2,3,11,7
18122748,5,10,3,2,9
18122749,10,8,9,4,1
18122750,6,2,7,5,1
18122751,8,6,7,5,3
18122752,1,2,6,4,7
18122753,8,6,3,9,7
18122754,1,11,4,5,8
18122755,8,3,1,4,11
18122756,1,7,5,10,2
18122757,11,8,5,3,1
18122758,8,1,5,11,7
18122759,4,7,5,8,3
18122760,9,5,2,4,11
18122761,8,4,10,11,1
18122762,7,11,10,9,1
18122763,1,4,11,8,10
18122764,5,2,6,10,9
18122765,1,4,9,7,11
18122766,9,7,5,3,4
18122767,7,6,9,11,3
18122768,3,5,11,7,10
18122769,3,8,2,9,4
18122770,6,2,5,1,10
18122771,5,7,2,10,9
18122772,10,6,8,1,5
18122773,3,10,7,6,2
18122774,9,8,2,7,11
18122775,4,9,2,5,8
18122776,1,4,8,10,2
18122777,2,5,9,4,3
18122778,10,9,5,1,6
18122779,8,4,11,2,5
18122780,7,1,6,9,11
18122781,7,9,1,4,2
18122782,3,1,5,8,11
18122801,7,10,2,5,3
18122802,5,4,7,3,6
18122803,10,7,2,1,3
18122804,5,1,8,4,2
18122805,6,1,5,2,8
18122806,4,7,11,1,3
18122807,6,8,5,1,2
18122808,9,4,3,5,6
18122809,3,10,2,4,5
18122810,6,8,3,5,11
18122811,8,1,9,3,6
18122812,5,2,8,7,1
18122813,4,8,3,1,2
18122814,5,1,3,4,10
18122815,1,9,6,2,11
18122816,9,1,10,8,5
18122817,7,1,11,8,3
18122818,5,10,11,3,1
18122819,1,11,4,9,2
18122820,8,11,7,1,2
18122821,11,2,5,10,8
18122822,6,5,4,8,3
18122823,10,11,9,3,5
18122824,5,9,4,11,6
18122825,6,10,2,1,3
18122826,2,7,8,5,4
18122827,11,7,6,10,8
18122828,5,11,6,9,8
18122829,11,8,3,10,2
18122830,9,10,1,2,11
18122831,2,7,6,11,8
18122832,3,5,6,11,2
18122833,10,11,8,9,6
18122834,8,5,3,11,7
18122835,1,5,9,10,4
18122836,11,7,8,4,1
18122837,10,11,6,2,1
18122838,11,6,5,7,1
18122839,3,5,4,2,6
18122840,8,11,7,5,3
18122841,1,10,3,6,7
18122842,8,9,4,5,11
18122843,9,7,1,3,6
18122844,3,7,8,4,11
18122845,10,11,9,8,4
18122846,5,9,3,4,11
18122847,8,11,4,5,3
18122848,10,11,1,8,7
18122849,10,4,3,11,8
18122850,6,2,7,1,4
18122851,8,11,10,7,3
18122852,4,7,1,11,10
18122853,11,10,1,2,9
18122854,9,7,10,4,3
18122855,9,8,11,7,10
18122856,5,7,6,10,4
18122857,6,10,9,3,11
18122858,9,10,2,1,11
18122859,9,5,8,10,6
18122860,2,8,4,7,9
18122861,11,7,10,6,1
18122862,3,10,2,5,8
18122863,10,6,5,1,4
18122864,4,3,1,5,9
18122865,5,6,3,11,4
18122866,9,8,5,6,7
18122867,2,8,6,7,9
18122868,4,6,1,2,9
18122869,11,9,7,6,3
18122870,7,6,10,1,3
18122871,3,5,2,8,7
18122872,9,7,5,6,11
18122873,11,6,3,2,5
18122874,10,11,9,8,7
18122875,9,2,4,8,10
18122876,2,11,5,3,8
18122877,5,7,6,10,8
18122878,2,5,6,9,1
18122879,11,7,9,5,2
18122880,4,8,11,2,1
18122881,9,2,3,7,4
18122882,6,1,11,10,4
18122901,3,6,4,11,2
18122902,1,3,2,10,7
18122903,4,11,6,1,7
18122904,2,3,11,7,8
18122905,10,5,2,11,7
18122906,8,2,11,4,9
18122907,2,3,6,9,7
18122908,11,4,6,10,5
18122909,1,4,9,5,6
18122910,8,7,9,2,11
18122911,9,4,3,6,8
18122912,1,11,3,10,6
18122913,11,2,6,10,8
18122914,1,9,10,7,3
18122915,6,2,5,8,9
18122916,1,11,8,4,2
18122917,10,6,5,1,11
18122918,7,2,6,5,9
18122919,9,7,11,8,5
18122920,10,3,9,11,1
18122921,6,8,4,3,9
18122922,4,3,10,7,11
18122923,1,7,4,3,10
18122924,11,1,2,4,7
18122925,11,2,3,1,5
18122926,5,2,8,9,3
18122927,4,11,2,5,8
18122928,11,1,2,10,3
18122929,5,7,8,6,9
18122930,10,6,7,1,8
18122931,11,6,10,2,3
18122932,7,5,8,10,9
18122933,4,5,11,6,8
18122934,3,1,8,9,7
18122935,3,9,1,2,8
18122936,9,4,3,5,10
18122937,3,8,7,10,5
18122938,4,8,10,1,11
18122939,8,2,5,6,9
18122940,10,4,8,2,1
18122941,9,8,7,2,1
18122942,4,3,11,10,8
18122943,5,11,2,4,10
18122944,10,7,5,11,9
18122945,11,4,10,1,8
18122946,11,1,2,7,4
18122947,1,11,3,6,4
18122948,3,8,4,11,2
18122949,11,7,9,5,2
18122950,2,10,5,8,3
18122951,4,11,1,6,5
18122952,2,4,6,10,5
18122953,10,8,3,4,9
18122954,5,4,6,1,8
18122955,10,2,5,4,3
18122956,2,5,10,7,1
18122957,4,9,8,11,5
18122958,9,6,3,7,5
18122959,1,11,9,2,10
18122960,1,10,11,8,7
18122961,10,6,2,4,11
18122962,9,5,10,7,4
18122963,7,6,11,5,9
18122964,4,6,7,8,2
18122965,2,11,1,10,8
18122966,2,6,11,7,8
18122967,2,7,1,11,6
18122968,10,1,5,8,2
18122969,6,5,11,4,8
18122970,5,6,2,3,4
18122971,3,5,2,4,11
18122972,5,4,6,1,7
18122973,3,10,2,8,4
18122974,9,2,11,7,8
18122975,9,10,11,6,5
18122976,9,1,10,5,11
18122977,10,2,11,9,3
18122978,11,5,7,1,9
18122979,7,2,9,6,4
18122980,2,4,11,6,10
18122981,11,4,2,6,3
18122982,11,6,9,8,5
18123001,3,1,9,5,10
18123002,3,11,2,10,5
18123003,1,3,6,4,10
18123004,10,1,6,3,5
18123005,9,2,1,4,5
18123006,3,2,9,1,11
18123007,10,6,4,1,8
18123008,10,7,3,2,5
18123009,8,3,1,10,9
18123010,2,11,8,9,4
18123011,4,1,3,5,8
18123012,3,2,9,10,11
18123013,3,8,4,6,1
18123014,8,7,5,3,10
18123015,6,1,11,10,3
18123016,1,11,5,6,9
18123017,6,3,8,5,7
18123018,10,5,4,9,6
18123019,10,5,1,11,7
18123020,2,1,11,3,9
18123021,11,2,6,8,1
18123022,3,11,10,8,9
18123023,8,7,9,10,3
18123024,11,5,4,7,6
18123025,10,5,8,7,4
18123026,3,2,6,4,7
18123027,1,10,6,4,11
18123028,11,8,9,3,6
18123029,6,9,3,7,4
18123030,7,2,8,3,9
18123031,5,8,6,7,10
18123032,3,8,10,4,2
18123033,1,9,4,2,8
18123034,1,5,9,3,10
18123035,3,2,1,9,10
18123036,8,11,3,2,5
18123037,1,6,7,3,11
18123038,9,1,10,8,6
18123039,10,1,7,6,5
18123040,1,8,3,11,4
18123041,1,7,8,4,3
18123042,9,4,3,10,8
18123043,10,3,9,4,11
18123044,7,5,1,8,9
18123045,8,6,11,9,4
18123046,2,5,9,4,1
18123047,4,2,7,8,10
18123048,5,7,10,6,11
18123049,10,2,11,6,7
18123050,11,3,7,10,4
18123051,5,4,3,8,1
18123052,6,4,1,5,11
18123053,2,6,4,1,7
18123054,7,5,1,4,3
18123055,5,8,3,4,7
18123056,2,11,1,7,6
18123057,8,2,3,5,6
18123058,10,8,1,2,6
18123059,10,9,8,3,1
18123060,6,7,1,4,10
18123061,10,4,8,6,3
18123062,9,1,10,11,6
18123063,9,1,6,10,4
18123064,8,3,5,4,11
18123065,2,1,7,11,8
18123066,6,10,8,4,5
18123067,5,4,6,2,9
18123068,9,10,4,2,1
18123069,6,11,10,2,7
18123070,11,4,10,7,8
18123071,6,3,7,2,9
18123072,8,11,7,3,5
18123073,4,1,3,11,2
18123074,5,4,8,7,2
18123075,9,8,11,5,1
18123076,4,5,11,9,3
18123077,7,8,6,4,11
18123078,4,2,7,10,3
18123079,1,10,3,8,4
18123080,5,10,6,3,9
18123081,4,6,5,3,9
18123082,2,5,9,4,3
18123101,11,9,2,4,7
18123102,3,6,9,5,2
18123103,1,8,10,7,4
18123104,5,1,9,8,3
18123105,6,9,4,10,11
18123106,4,6,11,7,8
18123107,9,2,5,8,6
18123108,8,9,2,6,3
18123109,6,11,5,3,2
18123110,1,2,10,5,7
18123111,11,1,10,8,6
18123112,7,4,2,5,8
18123113,10,7,9,3,6
18123114,7,2,8,10,1
18123115,4,3,8,6,10
18123116,2,6,1,9,5
18123117,1,6,3,5,2
18123118,8,7,1,2,11
18123119,7,9,1,10,4
18123120,6,8,2,4,5
18123121,3,1,7,2,4
18123122,11,9,6,3,5
18123123,5,6,2,9,10
18123124,8,3,11,1,10
18123125,1,6,2,5,3
18123126,5,8,3,1,6
18123127,3,8,1,11,5
18123128,3,4,1,8,6
18123129,4,9,10,3,8
18123130,10,8,9,7,3
18123131,8,11,3,9,4
18123132,3,4,10,6,2
18123133,7,5,4,1,11
18123134,8,3,2,1,9
18123135,6,11,9,8,5
18123136,9,11,8,1,6
18123137,11,6,2,10,3
18123138,2,7,5,8,3
18123139,4,3,9,11,6
18123140,1,4,7,3,11
18123141,5,11,8,9,6
18123142,1,7,2,9,4
18123143,9,3,10,8,6
18123144,9,2,4,6,3
18123145,11,6,1,7,3
18123146,7,4,2,8,6
18123147,8,9,6,5,10
18123148,1,5,7,2,8
18123149,10,5,2,6,8
18123150,3,10,6,7,8
18123151,1,5,8,11,10
18123152,5,2,1,9,11
18123153,7,10,9,5,1
18123154,11,3,9,10,1
18123155,9,1,11,3,10
18123156,9,11,6,3,8
18123157,8,5,4,11,10
18123158,8,3,5,2,4
18123159,9,7,11,8,5
18123160,9,5,4,3,1
18123161,9,8,5,10,6
18123162,7,11,3,4,10
18123163,6,4,1,5,7
18123164,3,8,10,11,2
18123165,2,9,10,8,7
18123166,6,7,1,2,5
18123167,5,11,9,1,4
18123168,11,3,5,4,6
18123169,5,4,3,8,6
18123170,9,6,11,1,7
18123171,6,4,5,9,7
18123172,6,3,11,10,4
18123173,9,3,1,8,6
18123174,10,2,9,4,11
18123175,2,4,3,11,6
18123176,9,8,1,11,4
18123177,9,11,8,7,4
18123178,10,9,7,8,11
18123179,5,7,4,10,9
18123180,3,5,1,8,9
18123181,2,10,7,5,4
18123182,11,6,5,7,8
