19070101,10,8,3,11,6
19070102,6,8,9,11,1
19070103,8,6,10,9,2
19070104,11,9,7,3,2
19070105,5,2,7,8,10
19070106,4,11,9,5,10
19070107,4,3,7,2,10
19070108,7,6,9,10,5
19070109,1,8,5,3,2
19070110,11,8,2,3,1
19070111,5,8,10,1,3
19070112,7,8,10,11,5
19070113,4,10,2,8,6
19070114,4,5,6,11,10
19070115,5,6,2,3,8
19070116,4,3,9,7,5
19070117,5,3,9,8,10
19070118,5,1,3,4,8
19070119,1,2,6,7,4
19070120,10,4,8,11,1
19070121,6,2,4,8,5
19070122,2,3,9,6,8
19070123,9,5,4,11,10
19070124,3,2,10,1,8
19070125,10,2,7,4,5
19070126,2,1,9,8,10
19070127,4,8,9,2,10
19070128,3,6,4,9,11
19070129,11,4,9,6,10
19070130,8,9,2,11,7
19070131,3,11,6,10,8
19070132,6,10,3,2,9
19070133,4,7,3,6,8
19070134,5,7,1,10,9
19070135,2,3,1,5,7
19070136,6,7,1,9,8
19070137,9,10,5,4,3
19070138,6,4,3,1,11
19070139,8,11,1,6,2
19070140,11,10,6,9,1
19070141,3,8,2,9,11
19070201,7,10,4,8,1
19070202,2,11,10,1,7
19070203,10,4,1,2,11
19070204,11,9,7,8,3
19070205,5,6,1,10,9
19070206,10,7,8,4,3
19070207,3,10,1,11,9
19070208,8,7,4,5,9
19070209,5,10,2,1,7
19070210,7,3,11,4,2
19070211,5,8,3,2,9
19070212,7,8,1,6,2
19070213,3,2,7,1,10
19070214,2,10,1,4,6
19070215,6,11,3,1,10
19070216,3,11,5,4,6
19070217,1,2,7,9,8
19070218,10,2,3,9,5
19070219,8,5,2,1,6
19070220,5,1,3,11,10
19070221,11,8,9,1,10
19070222,10,6,8,7,4
19070223,9,7,5,8,2
19070224,3,4,1,7,8
19070225,1,8,4,5,11
19070226,7,3,10,8,6
19070227,8,6,4,7,1
19070228,2,9,10,11,8
19070229,6,11,4,7,10
19070230,3,1,2,7,5
19070231,6,8,2,7,3
19070232,3,6,5,9,8
19070233,4,10,1,9,3
19070234,3,11,5,8,10
19070235,11,4,3,10,8
19070236,10,4,9,5,7
19070237,8,3,5,7,4
19070238,5,1,7,10,4
19070239,7,11,8,3,9
19070240,5,8,10,2,6
19070241,1,11,7,3,8
19070301,2,9,6,7,3
19070302,11,4,10,3,2
19070303,1,6,3,8,7
19070304,4,9,7,6,11
19070305,6,7,3,4,2
19070306,4,5,9,6,10
19070307,11,2,4,5,10
19070308,4,7,11,6,2
19070309,10,5,11,1,4
19070310,10,7,2,6,8
19070311,1,4,7,8,5
19070312,8,11,5,7,10
19070313,8,7,2,11,5
19070314,11,4,8,6,10
19070315,8,7,11,9,1
19070316,5,3,4,2,8
19070317,9,6,3,4,2
19070318,7,8,5,6,2
19070319,6,5,4,10,2
19070320,2,4,3,9,11
19070321,7,9,1,8,11
19070322,11,10,9,4,3
19070323,1,5,6,11,10
19070324,2,10,4,6,1
19070325,8,10,7,2,5
19070326,6,3,5,7,10
19070327,10,7,8,6,1
19070328,11,1,5,9,7
19070329,4,6,1,10,2
19070330,7,3,1,6,5
19070331,2,4,6,3,1
19070332,4,2,10,11,7
19070333,8,10,4,2,1
19070334,9,5,10,2,1
19070335,8,4,3,5,11
19070336,3,1,8,10,2
19070337,2,7,4,1,9
19070338,6,9,2,4,7
19070339,1,8,2,3,6
19070340,11,2,1,8,7
19070341,4,9,3,10,5
19070401,7,9,6,5,3
19070402,7,5,2,10,11
19070403,10,4,7,2,1
19070404,1,3,11,2,5
19070405,3,7,1,4,9
19070406,5,11,3,9,2
19070407,6,7,11,1,9
19070408,4,3,1,7,5
19070409,9,1,7,4,3
19070410,2,6,8,4,7
19070411,3,7,5,10,6
19070412,9,6,7,2,3
19070413,11,7,5,6,1
19070414,2,11,7,9,5
19070415,5,11,2,10,4
19070416,4,5,2,11,9
19070417,8,6,7,1,11
19070418,11,9,5,8,6
19070419,10,8,6,4,7
19070420,9,11,10,8,1
19070421,7,10,1,6,9
19070422,5,7,3,9,6
19070423,2,1,4,11,6
19070424,10,5,2,11,4
19070425,2,10,3,4,7
19070426,1,3,9,4,7
19070427,6,8,11,10,3
19070428,2,3,10,5,9
19070429,5,8,1,11,3
19070430,11,10,6,5,2
19070431,5,1,11,10,7
19070432,10,9,2,7,6
19070433,10,4,2,6,9
19070434,5,1,6,10,3
19070435,3,10,7,9,6
19070436,2,11,1,3,5
19070437,8,5,3,7,9
19070438,8,5,1,7,11
19070439,5,9,11,2,1
19070440,4,7,5,6,11
19070441,4,5,11,2,1
19070501,7,2,1,11,5
19070502,9,3,5,10,6
19070503,2,11,9,1,6
19070504,5,4,3,7,11
19070505,2,5,1,8,11
19070506,3,11,2,8,4
19070507,6,4,3,5,11
19070508,3,4,10,5,2
19070509,7,8,2,4,3
19070510,9,8,5,10,3
19070511,9,3,6,5,2
19070512,6,8,2,11,10
19070513,2,1,7,6,10
19070514,3,8,2,7,9
19070515,1,8,4,10,9
19070516,9,4,1,7,8
19070517,8,1,6,3,9
19070518,7,6,2,8,9
19070519,3,8,6,1,9
19070520,10,3,1,5,8
19070521,10,8,5,11,7
19070522,8,4,5,2,9
19070523,5,10,2,11,7
19070524,1,5,3,4,2
19070525,4,11,7,2,5
19070526,10,5,11,1,4
19070527,4,6,5,7,10
19070528,1,8,6,11,2
19070529,4,11,10,9,5
19070530,10,9,11,3,2
19070531,11,4,3,2,1
19070532,8,2,10,6,9
19070533,4,10,2,11,8
19070534,10,2,8,6,5
19070535,8,4,10,9,7
19070536,2,8,7,4,6
19070537,2,5,3,10,8
19070538,9,4,11,3,10
19070539,7,9,6,8,11
19070540,5,3,9,10,11
19070541,8,3,5,11,7
19070601,8,10,3,4,6
19070602,4,5,10,9,8
19070603,6,8,2,5,7
19070604,4,11,3,10,6
19070605,7,9,2,3,8
19070606,6,8,3,1,9
19070607,9,5,7,11,2
19070608,6,10,2,8,11
19070609,10,1,4,11,5
19070610,5,8,4,3,9
19070611,4,8,7,1,5
19070612,7,1,5,11,8
19070613,11,7,5,1,10
19070614,11,3,10,6,4
19070615,10,4,5,11,7
19070616,8,9,5,3,2
19070617,8,3,7,10,4
19070618,6,9,7,4,10
19070619,7,9,4,2,8
19070620,3,4,9,7,11
19070621,1,11,6,3,2
19070622,7,1,9,5,10
19070623,3,2,4,6,10
19070624,3,8,4,7,9
19070625,2,6,9,5,4
19070626,8,3,6,7,10
19070627,8,6,7,11,2
19070628,3,6,1,2,7
19070629,2,1,9,3,11
19070630,3,9,7,1,5
19070631,5,2,11,10,6
19070632,6,9,5,10,11
19070633,9,2,11,5,6
19070634,11,7,9,10,5
19070635,1,9,6,7,5
19070636,10,5,11,1,7
19070637,8,10,9,4,3
19070638,4,6,2,5,11
19070639,10,6,2,1,3
19070640,4,7,11,8,2
19070641,9,2,11,8,3
19070701,4,1,5,2,9
19070702,3,4,10,7,5
19070703,5,4,3,1,8
19070704,2,11,9,8,5
19070705,8,2,4,7,11
19070706,4,5,6,9,7
19070707,6,10,7,8,5
19070708,3,8,11,10,4
19070709,11,1,5,7,4
19070710,4,9,7,5,2
19070711,11,4,8,5,6
19070712,7,8,5,9,2
19070713,8,4,10,6,9
19070714,5,6,3,7,2
19070715,10,9,11,2,7
19070716,9,1,10,5,6
19070717,4,6,1,5,9
19070718,1,7,4,5,9
19070719,9,5,2,6,10
19070720,8,6,11,1,3
19070721,8,1,7,6,4
19070722,8,7,2,1,5
19070723,4,8,1,9,10
19070724,7,9,3,10,8
19070725,10,8,3,4,1
19070726,1,11,3,6,5
19070727,8,3,9,1,7
19070728,6,2,11,8,1
19070729,7,2,4,3,8
19070730,1,4,2,7,3
19070731,3,1,9,8,10
19070732,6,1,7,2,5
19070733,4,2,3,1,8
19070734,8,10,7,11,3
19070735,6,4,9,2,7
19070736,1,9,5,11,7
19070737,1,8,4,10,6
19070738,10,4,5,6,7
19070739,3,5,7,9,11
19070740,2,5,7,8,6
19070741,2,3,10,9,8
19070801,6,8,10,9,4
19070802,7,11,9,3,1
19070803,11,7,10,4,9
19070804,9,3,2,5,11
19070805,10,2,11,8,9
19070806,7,5,9,6,3
19070807,1,10,8,5,9
19070808,1,7,5,6,9
19070809,5,7,2,8,1
19070810,6,11,10,5,3
19070811,11,9,6,7,3
19070812,8,6,1,2,9
19070813,3,7,10,9,11
19070814,3,8,2,5,1
19070815,8,11,2,6,5
19070816,2,6,9,4,11
19070817,3,5,8,1,10
19070818,3,6,8,1,7
19070819,11,2,7,10,8
19070820,11,4,5,3,6
19070821,8,5,2,9,10
19070822,7,8,4,10,9
19070823,6,8,1,3,9
19070824,6,11,1,4,5
19070825,2,7,6,11,5
19070826,2,11,5,9,3
19070827,1,7,9,11,3
19070828,2,11,7,3,1
19070829,11,1,6,10,3
19070830,9,8,4,1,2
19070831,4,11,1,7,5
19070832,11,2,6,9,1
19070833,5,7,1,8,4
19070834,3,4,7,11,5
19070835,11,6,9,5,10
19070836,6,11,4,5,7
19070837,3,6,9,10,8
19070838,3,7,4,2,1
19070839,1,8,4,5,6
19070840,9,1,10,4,2
19070841,9,10,7,4,3
19070901,3,5,9,10,6
19070902,6,7,10,5,8
19070903,5,8,2,6,9
19070904,8,7,10,6,9
19070905,6,11,7,10,9
19070906,3,7,8,10,11
19070907,3,8,1,11,9
19070908,11,8,9,10,6
19070909,2,8,10,11,9
19070910,11,2,5,7,3
19070911,5,8,11,3,9
19070912,8,4,9,2,11
19070913,6,3,7,10,2
19070914,3,11,7,8,6
19070915,2,3,10,4,6
19070916,1,2,6,3,8
19070917,6,1,5,7,3
19070918,9,5,3,7,8
19070919,9,6,8,4,1
19070920,7,11,4,3,6
19070921,6,8,11,3,9
19070922,3,8,4,2,9
19070923,2,9,10,7,3
19070924,10,7,6,8,1
19070925,4,8,2,6,11
19070926,1,4,11,6,5
19070927,5,11,1,9,10
19070928,2,7,11,4,5
19070929,1,6,11,7,4
19070930,11,4,6,10,8
19070931,1,6,9,11,2
19070932,2,10,5,4,1
19070933,10,4,9,7,1
19070934,5,8,4,11,6
19070935,8,7,5,3,10
19070936,10,7,4,3,2
19070937,4,7,1,10,8
19070938,8,1,6,3,10
19070939,5,2,11,4,8
19070940,7,8,10,6,3
19070941,7,1,3,8,6
19071001,5,1,3,10,11
19071002,1,8,11,10,4
19071003,2,11,4,3,5
19071004,11,5,3,1,4
19071005,10,2,8,3,4
19071006,5,9,11,1,8
19071007,5,6,4,3,9
19071008,7,5,3,11,9
19071009,4,6,9,5,2
19071010,2,7,8,6,10
19071011,7,2,1,9,11
19071012,5,6,2,1,4
19071013,6,4,11,10,3
19071014,9,10,7,6,5
19071015,2,6,10,4,1
19071016,7,11,5,3,8
19071017,3,11,7,4,8
19071018,5,2,7,8,6
19071019,1,3,5,6,7
19071020,9,8,2,6,10
19071021,4,10,7,8,9
19071022,4,6,7,5,3
19071023,5,10,8,2,11
19071024,4,7,1,2,5
19071025,1,9,11,5,6
19071026,1,6,3,2,10
19071027,10,3,8,6,11
19071028,9,7,6,10,11
19071029,11,3,6,9,4
19071030,3,5,11,1,2
19071031,8,4,3,10,9
19071032,11,1,9,3,2
19071033,9,6,2,8,7
19071034,7,8,3,9,2
19071035,4,2,10,1,6
19071036,5,6,9,10,4
19071037,8,7,3,10,1
19071038,7,1,3,11,2
19071039,5,10,7,11,6
19071040,3,6,7,9,11
19071041,11,1,10,7,9
19071101,6,11,2,1,8
19071102,5,9,1,8,10
19071103,6,8,5,7,10
19071104,11,7,2,5,4
19071105,4,6,3,11,7
19071106,7,8,9,2,3
19071107,1,9,3,7,2
19071108,3,1,9,6,4
19071109,10,3,2,5,8
19071110,10,8,7,2,3
19071111,5,2,8,10,4
19071112,10,2,8,3,4
19071113,5,4,2,8,10
19071114,11,10,4,1,2
19071115,3,9,2,4,7
19071116,7,5,11,6,2
19071117,4,3,6,1,11
19071118,1,6,4,9,2
19071119,10,6,1,2,4
19071120,4,11,1,9,6
19071121,8,1,7,11,10
19071122,1,4,8,7,10
19071123,1,3,8,11,9
19071124,5,10,1,4,8
19071125,4,7,9,10,5
19071126,9,3,7,1,5
19071127,11,4,3,2,8
19071128,1,8,5,11,9
19071129,9,8,5,6,3
19071130,1,8,10,7,11
19071131,4,10,7,1,2
19071132,7,2,11,10,3
19071133,6,5,7,1,10
19071134,9,5,11,2,10
19071135,2,8,3,9,1
19071136,11,9,6,10,3
19071137,1,5,6,11,9
19071138,7,9,2,10,6
19071139,8,3,5,2,1
19071140,8,11,5,7,2
19071141,8,5,11,1,4
19071201,1,10,9,2,8
19071202,4,5,1,10,2
19071203,11,1,7,4,10
19071204,7,4,9,8,6
19071205,1,3,8,11,5
19071206,2,9,3,1,8
19071207,8,5,4,7,3
19071208,4,7,8,11,1
19071209,6,2,10,8,5
19071210,4,7,11,2,1
19071211,1,3,7,8,6
19071212,8,11,5,3,6
19071213,9,4,1,8,6
19071214,8,4,5,2,6
19071215,4,9,2,3,10
19071216,3,4,9,8,7
19071217,11,2,1,5,8
19071218,11,3,5,2,4
19071219,2,5,10,9,6
19071220,1,4,7,9,6
19071221,11,5,6,10,1
19071222,4,2,10,3,1
19071223,5,9,10,4,3
19071224,4,5,3,10,8
19071225,6,2,8,11,7
19071226,10,11,8,2,3
19071227,6,2,4,5,7
19071228,7,11,8,2,1
19071229,4,1,6,5,11
19071230,4,3,10,8,6
19071231,1,6,7,4,3
19071232,6,11,9,7,4
19071233,4,3,8,10,11
19071234,2,9,6,8,1
19071235,10,8,11,7,3
19071236,9,5,4,8,11
19071237,6,1,9,11,3
19071238,9,6,1,10,11
19071239,7,11,2,9,3
19071240,9,11,3,2,8
19071241,3,5,7,4,9
19071301,8,6,1,5,2
19071302,10,11,4,9,1
19071303,1,9,3,6,10
19071304,5,3,2,8,11
19071305,4,2,7,3,6
19071306,4,3,6,10,8
19071307,6,10,8,5,3
19071308,6,2,5,3,1
19071309,8,2,9,4,7
19071310,6,11,1,10,7
19071311,5,1,8,4,3
19071312,8,1,11,3,4
19071313,2,6,7,4,11
19071314,1,7,8,10,4
19071315,8,10,4,11,1
19071316,11,4,8,5,10
19071317,2,10,4,6,3
19071318,4,3,7,9,1
19071319,5,8,1,9,3
19071320,7,3,8,4,6
19071321,11,8,1,3,7
19071322,5,11,10,9,4
19071323,9,2,5,3,1
19071324,7,8,1,4,5
19071325,9,6,4,2,1
19071326,9,10,1,6,11
19071327,4,1,10,11,6
19071328,3,6,5,9,1
19071329,6,9,10,11,2
19071330,7,3,6,11,2
19071331,3,8,2,5,4
19071332,11,10,8,1,5
19071333,5,2,8,6,10
19071334,8,6,10,2,11
19071335,4,9,5,7,1
19071336,4,5,2,9,11
19071337,8,5,11,9,10
19071338,3,4,5,11,6
19071339,11,2,5,7,4
19071340,5,9,2,3,6
19071341,6,5,11,4,9
19071401,10,2,1,9,6
19071402,10,11,3,5,7
19071403,7,8,2,4,9
19071404,9,7,6,10,3
19071405,5,4,8,1,9
19071406,10,1,11,7,4
19071407,5,1,7,10,3
19071408,2,11,10,9,3
19071409,5,8,7,2,9
19071410,5,8,7,2,9
19071411,8,3,7,1,5
19071412,6,7,9,2,4
19071413,10,3,2,6,7
19071414,5,7,8,9,6
19071415,2,8,11,10,4
19071416,5,8,11,3,1
19071417,3,5,6,10,11
19071418,7,4,3,5,11
19071419,2,11,3,9,4
19071420,4,11,8,7,9
19071421,5,1,6,9,3
19071422,7,3,11,8,9
19071423,4,8,9,11,7
19071424,5,2,1,3,10
19071425,5,7,10,4,1
19071426,5,3,10,7,2
19071427,7,8,1,9,11
19071428,11,6,7,9,10
19071429,10,2,3,9,11
19071430,4,10,9,2,8
19071431,11,4,5,3,6
19071432,11,1,10,9,8
19071433,11,1,4,3,6
19071434,8,10,5,3,2
19071435,2,6,1,5,7
19071436,5,1,9,11,6
19071437,2,7,1,8,3
19071438,2,3,8,11,6
19071439,3,5,9,11,1
19071440,11,2,4,6,8
19071441,1,11,2,3,4
19071501,2,9,5,1,4
19071502,8,4,10,7,5
19071503,9,2,1,11,6
19071504,2,3,10,9,8
19071505,10,11,4,6,5
19071506,4,11,3,5,8
19071507,1,11,2,10,7
19071508,8,2,5,4,6
19071509,1,7,11,9,8
19071510,10,1,8,11,5
19071511,5,4,6,10,1
19071512,6,2,3,5,11
19071513,3,8,7,9,10
19071514,6,9,7,11,8
19071515,3,1,4,7,9
19071516,9,6,11,5,7
19071517,9,6,1,11,2
19071518,3,4,9,1,7
19071519,3,7,6,11,10
19071520,5,11,6,7,3
19071521,2,9,10,3,6
19071522,3,4,6,11,1
19071523,2,10,7,6,11
19071524,3,11,7,8,1
19071525,8,10,7,11,2
19071526,3,6,8,1,7
19071527,9,7,6,3,2
19071528,3,11,10,2,6
19071529,6,8,11,2,10
19071530,11,3,2,1,7
19071531,6,10,3,4,8
19071532,3,4,8,5,7
19071533,4,6,8,11,1
19071534,7,3,2,8,10
19071535,11,3,10,5,7
19071536,3,10,5,8,6
19071537,9,2,7,5,3
19071538,5,2,3,11,1
19071539,1,5,7,3,10
19071540,8,4,5,10,3
19071541,2,7,6,8,1
19071601,9,2,8,5,7
19071602,1,8,2,3,11
19071603,4,11,7,5,9
19071604,5,11,8,2,3
19071605,2,9,11,6,7
19071606,10,2,8,5,4
19071607,4,5,9,10,8
19071608,5,6,2,7,4
19071609,7,9,5,8,6
19071610,7,4,11,2,5
19071611,6,5,4,3,7
19071612,3,9,8,4,2
19071613,11,4,1,9,6
19071614,6,8,9,7,2
19071615,10,6,9,3,1
19071616,1,9,10,6,4
19071617,5,6,2,1,8
19071618,8,11,6,1,4
19071619,10,2,11,8,5
19071620,11,3,2,9,4
19071621,10,3,7,2,1
19071622,10,5,9,4,7
19071623,8,4,7,10,5
19071624,9,10,3,5,2
19071625,11,1,4,7,3
19071626,8,2,6,10,9
19071627,10,11,2,3,9
19071628,10,1,3,11,6
19071629,10,3,5,11,2
19071630,6,5,2,7,8
19071631,6,9,8,10,11
19071632,7,3,11,1,6
19071633,11,4,7,8,1
19071634,1,3,10,8,4
19071635,3,7,1,4,2
19071636,2,11,3,7,1
19071637,3,7,1,9,6
19071638,1,6,11,5,4
19071639,7,6,2,11,5
19071640,2,11,10,9,3
19071641,3,2,8,10,7
19071701,8,11,9,1,3
19071702,1,9,6,8,4
19071703,9,4,1,6,11
19071704,6,11,8,1,9
19071705,6,11,3,1,5
19071706,8,5,7,2,11
19071707,7,4,11,6,3
19071708,11,7,4,5,10
19071709,5,9,7,11,3
19071710,2,9,3,7,11
19071711,1,10,4,6,3
19071712,6,4,11,8,9
19071713,1,7,11,10,5
19071714,11,4,9,8,6
19071715,2,4,1,3,9
19071716,5,6,9,7,2
19071717,4,3,5,11,2
19071718,4,6,1,11,5
19071719,7,9,2,5,6
19071720,4,7,6,2,8
19071721,7,1,6,5,10
19071722,11,1,2,6,10
19071723,9,3,5,2,4
19071724,10,2,5,4,3
19071725,3,4,2,7,5
19071726,1,5,2,10,9
19071727,3,9,11,10,5
19071728,1,2,4,6,3
19071729,11,1,7,9,3
19071730,3,6,7,8,5
19071731,1,4,11,7,3
19071732,1,9,8,3,2
19071733,8,6,5,11,9
19071734,1,10,5,6,9
19071735,9,6,4,5,8
19071736,3,2,9,8,7
19071737,5,6,4,10,11
19071738,7,3,1,6,10
19071739,9,10,3,2,6
19071740,7,6,4,11,1
19071741,6,3,10,11,2
19071801,10,3,6,7,5
19071802,9,11,8,10,2
19071803,5,10,6,9,1
19071804,4,10,2,7,1
19071805,5,7,10,9,4
19071806,7,3,1,4,6
19071807,11,8,4,10,3
19071808,4,7,6,11,10
19071809,6,4,10,7,3
19071810,8,2,11,3,1
19071811,9,2,8,4,3
19071812,4,2,8,9,1
19071813,8,6,1,10,11
19071814,1,7,8,6,11
19071815,3,8,10,4,7
19071816,2,11,8,10,5
19071817,8,11,5,1,9
19071818,8,4,7,3,6
19071819,8,6,2,5,7
19071820,11,9,8,5,1
19071821,11,2,6,4,1
19071822,4,8,7,6,10
19071823,6,2,7,5,3
19071824,4,11,3,6,5
19071825,10,8,4,1,6
19071826,8,2,9,4,6
19071827,9,11,7,2,8
19071828,10,3,11,7,2
19071829,9,6,10,5,7
19071830,11,4,1,3,9
19071831,5,11,4,10,9
19071832,6,9,3,7,4
19071833,2,5,3,8,1
19071834,1,8,9,11,4
19071835,1,7,5,2,9
19071836,1,10,2,7,3
19071837,7,6,2,5,3
19071838,6,2,1,10,7
19071839,2,9,6,5,7
19071840,7,9,4,8,2
19071841,1,2,4,5,3
19071901,10,8,1,5,6
19071902,10,5,6,1,7
19071903,8,6,5,10,7
19071904,4,2,3,6,9
19071905,8,1,5,11,2
19071906,3,1,5,11,7
19071907,6,2,11,9,1
19071908,6,2,7,5,10
19071909,11,6,10,4,5
19071910,7,4,9,6,10
19071911,7,1,3,2,4
19071912,6,9,1,5,3
19071913,10,7,4,5,2
19071914,1,9,10,11,3
19071915,11,9,3,7,8
19071916,10,7,8,6,9
19071917,3,7,5,6,8
19071918,3,6,8,10,7
19071919,5,10,9,3,7
19071920,5,2,10,6,9
19071921,2,8,11,3,4
19071922,6,8,3,7,11
19071923,4,7,2,6,9
19071924,11,8,7,6,10
19071925,5,9,4,8,2
19071926,4,6,11,5,1
19071927,5,1,7,2,9
19071928,9,6,4,7,2
19071929,4,1,11,10,6
19071930,4,1,11,10,6
19071931,5,1,7,3,8
19071932,10,1,2,8,6
19071933,5,2,1,7,10
19071934,11,3,8,2,10
19071935,4,6,10,2,1
19071936,8,3,9,1,11
19071937,7,11,5,1,9
19071938,6,5,8,9,1
19071939,3,1,10,7,9
19071940,4,3,8,11,9
19071941,4,5,10,2,8
19072001,4,6,5,1,3
19072002,5,6,3,2,7
19072003,6,11,7,4,3
19072004,11,4,7,6,2
19072005,5,8,4,2,6
19072006,2,9,6,7,11
19072007,2,3,9,1,8
19072008,2,8,5,11,6
19072009,5,9,1,10,6
19072010,3,4,2,9,11
19072011,7,1,3,8,2
19072012,6,5,3,4,9
19072013,11,7,9,3,5
19072014,8,5,9,1,10
19072015,1,2,4,6,7
19072016,1,10,9,6,5
19072017,7,10,4,6,8
19072018,4,9,8,5,11
19072019,3,7,9,2,4
19072020,10,9,7,3,4
19072021,9,1,10,6,11
19072022,9,5,8,3,4
19072023,1,8,2,11,10
19072024,8,7,5,10,2
19072025,7,4,5,11,2
19072026,1,2,4,8,3
19072027,2,7,9,11,8
19072028,7,4,1,9,10
19072029,9,7,5,10,4
19072030,7,9,2,10,5
19072031,6,8,10,3,11
19072032,7,5,2,8,1
19072033,3,9,2,8,11
19072034,7,2,8,10,9
19072035,1,4,11,3,6
19072036,4,8,9,1,7
19072037,9,11,2,4,6
19072038,11,8,9,2,4
19072039,2,7,11,5,6
19072040,3,10,4,7,5
19072041,1,3,8,7,10
19072101,7,11,8,10,2
19072102,10,8,7,2,3
19072103,1,6,10,9,4
19072104,9,2,8,1,6
19072105,9,10,2,8,6
19072106,3,10,7,6,11
19072107,7,10,4,6,2
19072108,3,4,2,11,1
19072109,5,11,6,8,4
19072110,1,11,7,10,9
19072111,8,2,10,7,11
19072112,9,1,11,8,10
19072113,6,5,4,8,7
19072114,3,7,11,1,5
19072115,7,4,3,8,10
19072116,10,8,9,6,2
19072117,9,5,4,11,6
19072118,1,7,4,9,8
19072119,2,10,7,8,11
19072120,10,8,1,6,2
19072121,7,2,4,1,3
19072122,2,5,7,3,9
19072123,6,5,9,8,3
19072124,4,1,6,11,10
19072125,10,2,8,1,9
19072126,1,7,5,10,9
19072127,3,10,1,2,8
19072128,3,8,5,4,1
19072129,6,4,11,1,8
19072130,6,3,1,9,10
19072131,6,2,5,1,8
19072132,6,3,10,1,11
19072133,7,6,2,1,9
19072134,1,8,10,2,6
19072135,7,11,8,4,2
19072136,1,10,8,2,11
19072137,3,2,4,9,6
19072138,4,7,3,10,6
19072139,10,5,9,8,11
19072140,9,3,5,2,10
19072141,4,5,2,7,3
19072201,7,6,5,3,1
19072202,10,1,5,9,8
19072203,6,2,1,3,7
19072204,7,9,6,8,3
19072205,2,7,1,11,10
19072206,10,9,8,3,7
19072207,2,3,6,1,10
19072208,10,6,8,4,11
19072209,9,7,2,8,5
19072210,4,6,8,10,9
19072211,7,3,8,2,6
19072212,2,3,4,9,6
19072213,1,9,7,3,8
19072214,3,11,9,6,1
19072215,1,6,11,8,5
19072216,7,1,11,3,5
19072217,4,7,3,11,6
19072218,2,1,11,6,4
19072219,8,1,3,2,10
19072220,8,1,4,5,7
19072221,5,8,2,3,4
19072222,7,6,11,2,1
19072223,2,11,7,10,6
19072224,8,10,3,2,4
19072225,9,5,4,11,6
19072226,2,11,4,3,7
19072227,11,3,5,2,1
19072228,8,2,4,6,10
19072229,2,3,5,10,11
19072230,7,5,11,8,3
19072231,3,8,1,5,10
19072232,7,6,5,10,1
19072233,8,5,6,11,7
19072234,10,11,9,8,1
19072235,2,1,4,8,7
19072236,10,11,1,6,5
19072237,1,10,7,9,2
19072238,4,3,2,1,10
19072239,1,5,4,6,2
19072240,1,2,11,7,3
19072241,11,5,7,1,10
19072301,4,2,3,9,8
19072302,11,9,3,4,6
19072303,6,3,1,2,5
19072304,2,9,3,10,6
19072305,10,5,1,7,2
19072306,3,10,6,4,5
19072307,5,10,2,3,9
19072308,6,10,3,5,9
19072309,2,11,6,4,8
19072310,9,2,4,10,11
19072311,11,10,6,2,1
19072312,8,9,6,1,4
19072313,3,7,11,1,5
19072314,1,8,9,6,7
19072315,8,7,11,9,1
19072316,8,3,4,5,10
19072317,2,4,1,9,8
19072318,2,9,1,10,7
19072319,6,9,10,3,11
19072320,7,10,9,5,4
19072321,10,4,5,3,7
19072322,2,8,7,3,11
19072323,7,11,9,1,4
19072324,1,2,9,10,4
19072325,11,7,5,3,1
19072326,8,4,6,5,3
19072327,4,9,5,2,11
19072328,8,11,6,2,5
19072329,6,10,5,4,11
19072330,5,8,4,11,1
19072331,1,6,4,7,11
19072332,9,4,6,5,8
19072333,4,10,5,1,8
19072334,2,3,8,5,9
19072335,3,9,6,1,8
19072336,8,9,3,11,1
19072337,4,8,1,3,6
19072338,5,9,7,3,8
19072339,8,5,11,7,6
19072340,7,4,1,11,5
19072341,6,7,5,2,4
19072401,1,2,11,8,4
19072402,8,1,3,5,10
19072403,5,2,7,4,8
19072404,8,5,10,1,6
19072405,4,10,11,9,1
19072406,10,5,4,6,7
19072407,4,2,10,7,9
19072408,9,2,6,4,7
19072409,3,6,2,4,5
19072410,11,9,2,3,10
19072411,3,9,6,1,8
19072412,2,8,6,9,4
19072413,5,4,11,2,6
19072414,9,2,8,1,5
19072415,9,2,3,6,11
19072416,7,2,8,6,11
19072417,9,6,7,1,3
19072418,5,8,9,11,1
19072419,10,6,8,4,3
19072420,1,7,5,9,11
19072421,8,4,5,3,2
19072422,7,2,4,9,3
19072423,4,11,6,10,9
19072424,10,7,9,11,2
19072425,10,1,8,5,11
19072426,5,4,2,7,1
19072427,3,4,7,6,5
19072428,9,6,1,10,3
19072429,3,10,6,11,1
19072430,9,7,4,10,1
19072431,9,4,11,1,2
19072432,5,6,9,11,2
19072433,5,4,7,3,6
19072434,10,7,11,3,5
19072435,9,5,4,11,1
19072436,9,8,3,6,1
19072437,3,10,1,11,7
19072438,11,3,4,2,10
19072439,3,5,8,4,11
19072440,6,3,2,8,10
19072441,4,8,3,7,1
19072501,8,1,6,7,4
19072502,6,10,3,9,7
19072503,10,9,8,5,4
19072504,3,7,10,5,4
19072505,7,1,11,9,5
19072506,10,7,5,6,2
19072507,1,11,9,2,8
19072508,6,9,5,1,10
19072509,7,2,10,3,1
19072510,7,3,8,11,1
19072511,8,9,10,7,6
19072512,5,3,1,4,2
19072513,2,10,9,7,8
19072514,1,8,2,9,7
19072515,5,1,10,4,7
19072516,9,8,5,4,3
19072517,10,8,4,3,11
19072518,3,7,10,5,1
19072519,1,2,9,6,4
19072520,8,5,2,6,11
19072521,6,9,4,1,5
19072522,1,2,10,6,5
19072523,11,4,6,5,7
19072524,2,1,3,6,10
19072525,2,10,7,6,11
19072526,8,2,9,10,7
19072527,11,3,10,5,1
19072528,9,11,2,6,7
19072529,5,11,7,9,4
19072530,8,2,4,3,9
19072531,3,6,11,8,9
19072532,3,2,4,5,6
19072533,11,8,1,2,6
19072534,11,1,9,8,4
19072535,2,11,5,8,10
19072536,3,4,6,1,7
19072537,11,9,8,3,7
19072538,9,11,7,1,2
19072539,9,5,7,10,4
19072540,11,4,2,1,9
19072541,9,5,4,10,7
19072601,1,7,10,5,8
19072602,5,4,3,2,11
19072603,9,6,11,8,5
19072604,9,10,8,7,4
19072605,10,11,6,4,5
19072606,3,7,2,6,9
19072607,4,9,2,6,3
19072608,1,8,10,2,9
19072609,2,5,7,8,11
19072610,8,9,4,7,1
19072611,3,7,10,9,11
19072612,7,1,3,4,6
19072613,11,7,1,3,8
19072614,8,11,10,9,6
19072615,11,8,10,2,7
19072616,1,9,8,6,4
19072617,6,4,8,3,9
19072618,2,11,9,4,5
19072619,1,3,2,11,4
19072620,10,11,3,7,9
19072621,5,8,9,2,3
19072622,6,2,7,1,9
19072623,9,6,5,3,2
19072624,2,11,9,1,10
19072625,11,4,2,1,10
19072626,4,11,10,3,8
19072627,6,1,5,4,9
19072628,11,8,9,6,10
19072629,7,2,9,3,8
19072630,1,9,4,3,10
19072631,7,11,5,3,8
19072632,6,2,8,7,9
19072633,11,1,10,9,3
19072634,8,3,2,1,6
19072635,6,9,4,2,11
19072636,8,10,1,5,2
19072637,7,9,3,2,10
19072638,3,6,1,10,8
19072639,6,1,8,7,10
19072640,8,2,3,4,10
19072641,6,7,9,8,5
19072701,5,8,4,11,9
19072702,9,8,11,6,2
19072703,6,2,4,5,11
19072704,11,3,7,6,2
19072705,3,10,11,8,2
19072706,9,10,11,6,4
19072707,8,2,4,3,11
19072708,7,1,11,4,2
19072709,4,9,3,5,1
19072710,11,10,6,1,2
19072711,9,1,3,2,8
19072712,11,4,1,7,10
19072713,8,9,11,3,10
19072714,7,11,9,6,10
19072715,7,4,11,8,2
19072716,6,9,8,11,4
19072717,8,7,5,6,4
19072718,8,5,9,2,11
19072719,3,4,1,10,9
19072720,7,3,8,2,6
19072721,5,10,3,1,8
19072722,9,11,10,7,2
19072723,5,2,4,11,9
19072724,5,4,2,9,10
19072725,1,3,5,11,4
19072726,3,10,11,6,4
19072727,7,2,9,10,3
19072728,1,7,8,2,4
19072729,8,7,6,9,3
19072730,2,5,10,1,6
19072731,4,2,9,5,3
19072732,8,9,1,2,3
19072733,2,3,6,9,8
19072734,5,6,4,2,9
19072735,4,8,1,7,3
19072736,10,9,5,2,11
19072737,10,8,1,2,5
19072738,8,3,10,7,11
19072739,2,4,9,10,7
19072740,1,8,9,5,4
19072741,11,5,6,9,3
19072801,10,5,11,9,8
19072802,7,2,5,4,11
19072803,1,3,2,10,4
19072804,4,3,1,2,8
19072805,1,10,6,3,11
19072806,7,11,4,10,8
19072807,3,1,11,4,9
19072808,11,4,8,10,6
19072809,3,1,7,2,8
19072810,2,9,7,3,11
19072811,7,4,5,2,3
19072812,1,2,5,4,8
19072813,3,10,11,9,6
19072814,1,5,6,10,8
19072815,8,2,1,7,5
19072816,1,11,6,3,9
19072817,3,6,9,8,5
19072818,2,6,4,9,10
19072819,10,1,5,7,8
19072820,7,1,9,5,4
19072821,8,6,10,1,3
19072822,5,1,3,7,2
19072823,8,11,7,1,9
19072824,9,3,1,8,7
19072825,10,7,8,4,1
19072826,1,8,6,3,11
19072827,3,7,1,10,2
19072828,3,9,1,10,7
19072829,6,10,7,1,5
19072830,6,9,11,8,10
19072831,1,6,7,3,4
19072832,11,9,4,7,1
19072833,11,10,2,9,4
19072834,3,10,4,7,1
19072835,2,3,9,4,10
19072836,3,2,10,1,6
19072837,9,2,11,10,7
19072838,5,6,8,10,3
19072839,11,1,9,10,8
19072840,2,3,11,9,4
19072841,11,1,8,7,3
19072901,6,7,2,11,10
19072902,7,10,4,5,6
19072903,2,4,7,5,6
19072904,8,3,7,6,4
19072905,4,6,8,10,3
19072906,11,8,4,7,3
19072907,2,4,7,5,11
19072908,11,8,7,2,9
19072909,10,3,2,8,1
19072910,4,11,1,7,6
19072911,6,2,4,3,10
19072912,8,3,9,7,6
19072913,10,8,5,9,11
19072914,4,6,9,2,10
19072915,5,6,11,3,9
19072916,2,10,9,1,3
19072917,2,8,9,6,7
19072918,4,9,6,11,5
19072919,2,11,1,7,4
19072920,5,1,4,3,9
19072921,5,11,10,6,7
19072922,9,10,7,1,5
19072923,1,3,10,11,5
19072924,8,2,4,11,6
19072925,5,2,10,1,8
19072926,11,9,6,4,2
19072927,7,8,3,11,9
19072928,4,6,10,5,2
19072929,6,1,11,9,4
19072930,11,6,5,9,4
19072931,11,10,1,3,2
19072932,11,5,1,3,2
19072933,9,7,8,6,5
19072934,1,11,4,3,6
19072935,6,7,2,8,11
19072936,4,11,9,2,10
19072937,1,11,6,8,2
19072938,11,3,5,4,7
19072939,3,10,2,6,9
19072940,4,9,3,10,6
19072941,7,11,10,8,2
19073001,3,1,11,9,5
19073002,9,2,1,8,6
19073003,8,3,9,11,1
19073004,5,1,3,7,11
19073005,9,2,4,8,3
19073006,7,1,3,5,8
19073007,2,9,5,3,11
19073008,2,11,3,1,5
19073009,2,3,5,4,11
19073010,11,1,5,9,2
19073011,4,9,8,11,5
19073012,11,5,4,1,2
19073013,6,1,8,11,2
19073014,1,11,9,3,5
19073015,6,1,11,10,9
19073016,9,11,2,4,3
19073017,5,11,2,3,10
19073018,11,6,3,9,5
19073019,9,6,8,7,3
19073020,9,2,8,6,7
19073021,10,3,11,2,8
19073022,6,9,8,2,10
19073023,1,3,11,10,6
19073024,6,9,2,1,3
19073025,5,3,2,4,8
19073026,1,9,10,8,7
19073027,3,4,10,6,7
19073028,1,3,9,5,11
19073029,11,5,6,9,8
19073030,3,8,9,7,1
19073031,8,11,6,3,7
19073032,11,9,5,10,1
19073033,9,10,6,11,8
19073034,7,6,2,3,11
19073035,3,4,7,6,9
19073036,5,10,6,9,1
19073037,9,1,5,7,2
19073038,9,1,8,10,11
19073039,6,7,11,2,10
19073040,2,11,3,8,7
19073041,3,9,4,5,8
19073101,9,4,2,3,7
19073102,8,10,1,7,11
19073103,10,9,1,6,8
19073104,3,7,2,1,6
19073105,1,2,4,5,7
19073106,6,4,1,3,10
19073107,6,7,10,11,8
19073108,2,8,7,1,10
19073109,5,6,3,9,7
19073110,1,5,10,8,9
19073111,8,7,1,6,11
19073112,1,4,9,7,5
19073113,8,6,7,11,9
19073114,8,9,2,1,10
19073115,11,3,9,1,7
19073116,5,4,6,1,3
19073117,8,4,9,7,1
19073118,7,1,8,4,10
19073119,3,8,6,1,11
19073120,8,1,9,10,7
19073121,5,4,2,7,6
19073122,11,3,6,8,4
19073123,8,4,10,7,6
19073124,4,9,5,1,6
19073125,4,3,5,9,10
19073126,9,4,6,2,8
19073127,5,11,8,2,10
19073128,5,9,1,6,10
19073129,3,1,6,4,5
19073130,9,7,2,4,11
19073131,3,9,8,1,4
19073132,6,3,8,2,11
19073133,4,1,3,9,6
19073134,9,2,7,4,1
19073135,6,7,4,5,1
19073136,3,5,2,7,4
19073137,2,4,1,10,9
19073138,2,10,6,7,4
19073139,6,9,5,2,3
19073140,2,5,4,8,10
19073141,3,11,10,4,8
