18040101,7,8,11,1,3
18040102,3,10,8,4,2
18040103,7,2,3,9,8
18040104,6,5,10,9,4
18040105,2,5,11,10,4
18040106,8,11,10,1,6
18040107,7,2,6,3,8
18040108,7,11,6,1,8
18040109,2,10,4,6,7
18040110,2,8,9,7,6
18040111,8,11,4,1,6
18040112,6,11,7,3,4
18040113,6,4,11,9,2
18040114,9,5,6,10,1
18040115,4,8,10,1,5
18040116,10,7,3,2,9
18040117,1,9,10,3,7
18040118,4,6,3,11,10
18040119,10,3,8,6,4
18040120,4,10,3,5,9
18040121,4,1,9,11,5
18040122,2,10,1,4,9
18040123,1,5,10,6,7
18040124,1,7,9,11,5
18040125,9,6,1,11,2
18040126,6,4,9,7,5
18040127,7,9,3,8,10
18040128,9,5,8,2,11
18040129,7,3,8,4,6
18040130,3,11,8,5,10
18040131,11,3,2,5,7
18040132,2,4,9,10,7
18040133,6,1,10,9,5
18040134,6,8,2,3,1
18040135,8,1,4,9,11
18040136,7,9,3,5,2
18040137,1,6,3,9,7
18040138,10,11,3,4,1
18040139,4,3,2,8,7
18040140,1,10,5,8,3
18040141,3,10,9,5,8
18040142,3,7,5,9,6
18040143,6,7,10,3,5
18040144,4,2,10,6,5
18040145,2,6,1,11,8
18040146,8,9,3,4,7
18040147,9,2,8,6,1
18040148,4,7,1,5,3
18040149,10,4,8,2,7
18040150,3,6,4,5,7
18040151,4,1,11,8,3
18040152,7,3,1,6,8
18040153,2,1,4,3,7
18040154,5,2,8,7,9
18040155,8,4,1,10,6
18040156,1,3,5,2,4
18040157,3,6,8,9,11
18040158,10,1,7,3,5
18040159,8,2,3,4,6
18040160,1,7,5,6,11
18040161,9,6,5,11,1
18040162,9,4,11,6,1
18040163,9,2,1,8,11
18040164,9,4,5,10,7
18040165,3,10,4,11,2
18040166,1,2,4,10,11
18040167,5,8,4,7,6
18040168,1,7,10,4,2
18040169,6,4,1,8,5
18040170,7,8,6,9,2
18040171,5,3,11,8,1
18040172,10,7,1,6,3
18040173,5,1,11,9,2
18040174,8,7,4,11,1
18040175,1,8,6,11,9
18040176,3,8,7,2,9
18040177,2,9,4,10,1
18040178,7,6,4,3,11
18040179,9,6,7,8,11
18040180,11,3,7,9,4
18040181,7,8,5,1,2
18040182,6,8,1,7,5
18040201,7,11,1,4,6
18040202,8,6,1,11,5
18040203,1,2,3,11,7
18040204,7,10,4,9,11
18040205,9,6,4,10,8
18040206,6,1,11,7,9
18040207,1,10,3,7,8
18040208,4,5,2,9,3
18040209,4,8,7,2,3
18040210,5,11,1,9,2
18040211,1,10,8,9,4
18040212,7,11,1,8,5
18040213,10,6,2,11,5
18040214,8,10,2,1,11
18040215,6,3,7,10,4
18040216,4,2,1,7,9
18040217,3,7,8,11,4
18040218,8,9,5,1,11
18040219,11,7,8,2,5
18040220,2,3,7,1,11
18040221,9,11,5,8,7
18040222,9,3,11,8,10
18040223,3,8,2,6,4
18040224,9,5,1,4,11
18040225,7,10,8,11,1
18040226,8,3,10,2,5
18040227,1,4,11,2,3
18040228,9,11,1,7,4
18040229,3,5,11,9,6
18040230,1,2,5,6,7
18040231,3,7,1,6,10
18040232,9,11,7,3,8
18040233,10,9,2,6,11
18040234,11,3,10,9,4
18040235,3,2,9,1,7
18040236,4,1,5,10,7
18040237,8,2,10,9,11
18040238,5,9,3,2,4
18040239,4,2,10,5,7
18040240,2,8,5,7,6
18040241,5,8,3,6,2
18040242,7,11,10,9,8
18040243,5,3,1,4,11
18040244,4,7,1,5,11
18040245,9,8,1,7,2
18040246,7,9,6,2,4
18040247,4,5,9,3,6
18040248,8,11,7,6,1
18040249,6,5,4,10,2
18040250,9,11,5,10,6
18040251,7,8,11,1,2
18040252,1,11,9,4,2
18040253,8,11,5,1,3
18040254,9,8,7,1,11
18040255,10,1,4,7,3
18040256,3,7,11,8,2
18040257,1,9,3,6,4
18040258,11,1,3,7,9
18040259,6,3,4,5,2
18040260,7,4,11,8,9
18040261,5,3,2,9,4
18040262,3,8,2,6,10
18040263,5,9,8,1,6
18040264,5,6,2,10,11
18040265,11,2,5,6,10
18040266,6,1,5,4,8
18040267,11,1,3,8,9
18040268,11,2,6,10,4
18040269,3,4,6,1,5
18040270,6,11,10,3,4
18040271,7,8,2,6,11
18040272,10,3,5,4,2
18040273,1,9,8,11,5
18040274,5,4,9,2,3
18040275,9,1,6,11,3
18040276,3,9,7,5,2
18040277,2,10,4,1,8
18040278,6,8,3,9,2
18040279,6,1,7,8,11
18040280,11,5,6,9,4
18040281,3,2,11,8,4
18040282,6,10,4,3,8
18040301,10,8,3,7,2
18040302,7,3,2,8,11
18040303,7,6,10,11,3
18040304,6,7,3,8,9
18040305,4,10,8,9,6
18040306,6,3,7,10,4
18040307,1,5,7,11,9
18040308,8,9,11,3,7
18040309,3,1,9,5,6
18040310,6,10,1,5,9
18040311,5,8,7,4,9
18040312,11,7,2,6,5
18040313,7,3,11,2,5
18040314,4,11,2,9,7
18040315,3,1,7,4,8
18040316,8,9,5,4,11
18040317,10,6,1,3,9
18040318,1,4,2,6,5
18040319,4,7,10,1,6
18040320,1,8,7,9,3
18040321,11,6,7,3,8
18040322,5,10,1,3,4
18040323,10,8,2,5,4
18040324,11,9,7,8,2
18040325,4,2,10,1,11
18040326,7,11,10,9,1
18040327,6,11,3,9,2
18040328,3,9,1,11,2
18040329,5,6,10,2,8
18040330,7,8,9,5,2
18040331,5,11,2,8,7
18040332,7,4,1,10,2
18040333,8,3,1,5,10
18040334,1,8,3,4,6
18040335,1,6,10,9,7
18040336,10,1,8,4,5
18040337,6,10,1,2,4
18040338,6,11,7,1,2
18040339,2,4,5,7,10
18040340,10,2,9,3,7
18040341,5,9,11,10,4
18040342,1,4,9,5,6
18040343,9,6,1,8,4
18040344,7,4,10,1,5
18040345,7,3,4,11,2
18040346,6,9,4,7,11
18040347,10,7,8,6,5
18040348,3,9,1,5,10
18040349,6,5,3,7,9
18040350,7,8,2,1,4
18040351,3,10,5,9,8
18040352,7,6,1,10,3
18040353,7,1,11,10,3
18040354,4,6,10,9,7
18040355,4,2,3,8,9
18040356,5,11,4,10,6
18040357,10,5,8,2,9
18040358,11,7,1,10,5
18040359,9,3,7,4,1
18040360,2,6,8,3,10
18040361,6,11,8,5,4
18040362,6,5,4,3,10
18040363,7,6,8,4,2
18040364,5,1,2,8,10
18040365,1,5,7,2,9
18040366,9,10,11,8,3
18040367,1,6,8,7,4
18040368,1,6,3,2,10
18040369,4,3,1,8,11
18040370,2,3,9,7,4
18040371,4,11,7,5,9
18040372,6,4,10,8,9
18040373,3,5,6,7,10
18040374,2,8,7,6,10
18040375,7,9,3,11,10
18040376,7,10,6,5,8
18040377,7,9,8,1,3
18040378,5,6,10,1,3
18040379,11,7,4,1,6
18040380,8,10,7,1,3
18040381,9,11,4,10,5
18040382,5,1,3,11,9
18040401,4,8,3,10,5
18040402,5,3,10,7,9
18040403,4,9,8,2,1
18040404,2,10,5,3,4
18040405,6,4,2,3,10
18040406,3,5,1,2,10
18040407,9,8,6,5,11
18040408,11,10,2,1,7
18040409,10,7,3,2,11
18040410,7,9,2,6,3
18040411,5,1,3,2,6
18040412,5,3,6,8,11
18040413,7,9,1,5,8
18040414,8,1,5,10,11
18040415,8,9,10,6,2
18040416,2,8,6,10,4
18040417,7,5,11,10,9
18040418,2,10,5,7,3
18040419,6,9,2,3,11
18040420,10,3,9,8,6
18040421,10,1,7,4,3
18040422,9,2,3,10,7
18040423,2,1,5,3,8
18040424,8,4,1,3,10
18040425,10,2,1,7,6
18040426,11,3,10,4,6
18040427,5,8,1,9,6
18040428,9,10,6,2,4
18040429,1,4,7,11,5
18040430,7,1,4,10,9
18040431,8,9,10,5,7
18040432,3,4,2,7,9
18040433,7,9,4,1,11
18040434,2,5,11,7,6
18040435,1,3,10,11,2
18040436,9,5,10,7,2
18040437,8,5,9,1,11
18040438,1,8,5,4,10
18040439,4,9,6,5,3
18040440,10,11,7,1,2
18040441,9,7,3,11,8
18040442,5,4,8,1,11
18040443,6,9,5,7,1
18040444,1,7,11,8,2
18040445,5,6,8,1,11
18040446,1,5,6,11,3
18040447,9,7,5,2,6
18040448,2,7,9,10,4
18040449,10,1,6,7,2
18040450,9,5,4,11,3
18040451,2,3,5,6,1
18040452,4,1,6,11,2
18040453,3,10,1,11,7
18040454,10,5,4,8,7
18040455,9,2,7,5,10
18040456,2,9,6,10,4
18040457,10,1,9,6,3
18040458,9,1,3,5,10
18040459,11,9,2,4,7
18040460,5,2,10,1,4
18040461,11,6,1,10,3
18040462,5,9,1,7,10
18040463,2,6,11,7,8
18040464,5,10,7,8,9
18040465,11,2,7,10,8
18040466,4,3,10,5,7
18040467,3,1,4,6,7
18040468,2,5,4,9,8
18040469,9,2,8,3,1
18040470,9,4,2,10,6
18040471,10,4,2,7,3
18040472,4,1,9,10,7
18040473,7,5,11,1,3
18040474,11,8,3,9,4
18040475,10,9,6,2,3
18040476,5,8,4,2,3
18040477,6,10,9,7,8
18040478,7,1,2,3,9
18040479,7,3,11,5,6
18040480,2,4,10,5,8
18040481,7,10,2,5,11
18040482,6,3,8,2,4
18040501,7,2,6,1,5
18040502,8,9,3,10,2
18040503,1,11,10,4,5
18040504,11,8,5,2,3
18040505,3,7,2,8,5
18040506,8,11,6,10,4
18040507,8,5,11,4,7
18040508,5,11,10,7,4
18040509,5,4,6,1,10
18040510,11,5,4,7,3
18040511,10,2,4,8,9
18040512,9,3,2,10,5
18040513,4,8,10,3,7
18040514,4,1,5,9,6
18040515,4,6,10,3,8
18040516,2,4,10,6,8
18040517,5,7,3,9,8
18040518,9,3,6,10,4
18040519,9,11,1,3,5
18040520,6,9,1,7,11
18040521,7,11,2,5,10
18040522,6,3,10,2,9
18040523,8,10,6,5,9
18040524,11,5,3,2,6
18040525,9,3,10,2,4
18040526,8,5,1,11,7
18040527,10,7,1,2,6
18040528,8,7,9,4,3
18040529,6,8,1,11,4
18040530,5,7,6,11,8
18040531,9,1,5,6,4
18040532,1,10,7,2,9
18040533,4,1,2,7,9
18040534,9,6,5,4,10
18040535,9,11,6,3,4
18040536,10,2,1,6,7
18040537,5,11,2,4,9
18040538,1,6,5,10,3
18040539,5,1,4,2,11
18040540,8,9,3,6,7
18040541,10,9,1,8,5
18040542,1,11,3,4,2
18040543,2,3,6,7,4
18040544,8,9,11,7,1
18040545,3,5,8,10,6
18040546,11,10,6,7,8
18040547,4,6,7,2,5
18040548,10,3,5,11,1
18040549,6,10,4,1,5
18040550,5,2,8,1,7
18040551,11,3,10,5,9
18040552,5,2,9,10,1
18040553,10,6,2,7,8
18040554,8,7,10,5,9
18040555,2,5,6,7,10
18040556,6,10,4,5,7
18040557,1,7,2,9,6
18040558,7,6,1,4,11
18040559,4,5,7,8,11
18040560,7,8,1,6,10
18040561,2,10,1,5,8
18040562,10,8,2,9,1
18040563,4,1,11,3,2
18040564,7,5,9,8,10
18040565,5,6,2,9,10
18040566,1,7,10,5,6
18040567,5,4,9,11,1
18040568,5,1,4,2,8
18040569,10,3,11,7,8
18040570,7,4,5,2,9
18040571,9,5,7,1,4
18040572,3,10,9,1,4
18040573,10,6,1,4,5
18040574,3,4,2,5,10
18040575,8,5,1,9,11
18040576,3,5,11,1,6
18040577,10,3,7,8,1
18040578,7,11,2,1,3
18040579,2,6,7,8,4
18040580,2,7,3,10,4
18040581,3,8,9,1,5
18040582,10,6,5,1,4
18040601,1,6,9,7,5
18040602,4,1,8,6,3
18040603,5,1,9,11,7
18040604,1,6,5,7,10
18040605,4,7,10,3,5
18040606,10,11,4,8,2
18040607,1,6,9,7,2
18040608,11,8,1,5,3
18040609,8,11,3,10,1
18040610,10,5,3,2,4
18040611,7,1,5,4,8
18040612,5,7,9,1,8
18040613,7,5,6,10,11
18040614,11,10,3,7,5
18040615,7,2,3,5,11
18040616,8,2,3,1,5
18040617,2,6,3,11,7
18040618,3,6,1,8,2
18040619,8,4,11,7,1
18040620,8,7,9,6,10
18040621,4,8,11,1,2
18040622,1,4,6,9,5
18040623,4,6,3,7,1
18040624,6,2,9,10,7
18040625,7,9,8,10,6
18040626,4,9,1,6,2
18040627,4,9,10,6,1
18040628,10,7,2,11,8
18040629,7,6,5,2,10
18040630,9,4,10,3,6
18040631,7,8,10,6,2
18040632,11,4,1,10,3
18040633,9,1,7,3,2
18040634,4,2,10,9,8
18040635,10,6,3,5,9
18040636,1,8,11,2,3
18040637,5,2,10,3,1
18040638,3,10,8,6,1
18040639,1,7,4,6,9
18040640,3,4,2,6,10
18040641,10,3,5,4,6
18040642,2,1,5,6,4
18040643,1,8,4,11,7
18040644,4,3,5,9,6
18040645,6,11,1,4,8
18040646,9,5,4,7,1
18040647,7,10,6,1,5
18040648,5,10,4,9,3
18040649,9,7,4,6,3
18040650,4,3,1,7,10
18040651,9,7,2,3,5
18040652,2,1,5,8,9
18040653,9,4,3,10,7
18040654,3,6,7,1,2
18040655,1,3,5,10,11
18040656,7,2,6,4,8
18040657,9,3,1,10,2
18040658,5,11,4,2,3
18040659,6,3,5,8,11
18040660,2,1,5,11,9
18040661,2,11,4,1,10
18040662,2,7,6,10,4
18040663,7,1,11,8,3
18040664,9,1,8,5,4
18040665,4,3,5,8,1
18040666,9,11,10,6,2
18040667,5,6,10,4,11
18040668,11,10,7,9,5
18040669,3,4,5,2,1
18040670,9,8,10,2,6
18040671,3,9,5,4,11
18040672,7,8,1,5,9
18040673,3,7,9,8,1
18040674,3,7,1,11,6
18040675,2,9,3,1,8
18040676,7,10,11,8,9
18040677,3,5,10,4,11
18040678,1,9,2,6,3
18040679,7,2,11,5,9
18040680,5,7,2,4,8
18040681,7,1,5,8,4
18040682,6,4,2,3,1
18040701,1,5,8,11,4
18040702,11,1,7,6,10
18040703,1,2,7,5,10
18040704,6,3,7,11,9
18040705,8,10,1,6,5
18040706,7,9,6,5,4
18040707,4,5,8,3,1
18040708,7,4,11,3,10
18040709,5,11,7,4,1
18040710,2,1,3,7,5
18040711,3,10,7,2,9
18040712,1,6,11,10,7
18040713,10,7,2,9,5
18040714,9,4,1,3,8
18040715,1,9,11,5,10
18040716,10,4,2,11,8
18040717,10,3,1,4,9
18040718,3,9,11,1,4
18040719,8,3,11,7,6
18040720,3,9,8,10,6
18040721,5,6,11,3,9
18040722,6,10,4,3,11
18040723,9,8,4,6,3
18040724,3,4,8,2,7
18040725,1,6,3,5,7
18040726,8,5,2,10,1
18040727,11,7,5,1,2
18040728,4,8,6,5,2
18040729,4,1,7,10,3
18040730,11,4,1,7,2
18040731,6,3,1,7,2
18040732,2,11,1,9,10
18040733,10,1,9,3,4
18040734,2,10,1,4,9
18040735,8,5,2,4,6
18040736,8,10,1,11,3
18040737,2,11,7,6,8
18040738,4,5,6,11,3
18040739,1,2,11,6,10
18040740,7,9,6,10,2
18040741,4,7,5,2,10
18040742,5,6,1,11,10
18040743,7,1,5,2,8
18040744,5,2,11,4,10
18040745,5,6,4,11,9
18040746,8,10,9,7,1
18040747,10,3,4,5,11
18040748,6,9,10,2,5
18040749,6,4,5,1,7
18040750,8,5,2,9,3
18040751,2,1,10,5,11
18040752,4,11,3,7,8
18040753,3,6,10,7,9
18040754,11,10,1,8,2
18040755,5,9,6,11,1
18040756,1,3,9,10,11
18040757,2,4,5,6,11
18040758,11,9,7,6,3
18040759,11,3,1,5,6
18040760,10,11,2,8,5
18040761,10,9,6,11,2
18040762,2,10,7,4,6
18040763,9,8,5,7,4
18040764,2,6,4,10,7
18040765,11,9,6,3,8
18040766,11,6,10,2,9
18040767,6,9,2,1,10
18040768,6,11,5,8,10
18040769,8,7,9,4,10
18040770,3,9,6,10,7
18040771,11,8,9,7,2
18040772,2,5,4,1,11
18040773,3,6,1,4,2
18040774,10,9,6,7,8
18040775,3,9,2,4,10
18040776,11,9,4,5,1
18040777,6,2,9,11,5
18040778,9,6,10,2,7
18040779,9,2,11,10,1
18040780,2,10,7,6,1
18040781,2,4,9,3,1
18040782,6,4,8,5,1
18040801,5,1,8,2,11
18040802,11,10,1,4,8
18040803,9,1,10,5,11
18040804,11,3,1,6,5
18040805,11,2,7,8,9
18040806,10,8,9,4,2
18040807,3,2,7,9,10
18040808,11,10,5,7,8
18040809,1,11,8,6,5
18040810,7,3,11,4,8
18040811,3,1,2,7,6
18040812,11,5,7,3,2
18040813,11,3,1,7,9
18040814,10,3,4,6,7
18040815,3,1,6,11,4
18040816,11,2,9,3,7
18040817,11,4,2,6,7
18040818,1,6,2,9,8
18040819,2,5,8,1,9
18040820,7,8,10,2,3
18040821,1,10,5,7,8
18040822,9,7,10,4,5
18040823,7,2,9,11,5
18040824,2,11,5,3,4
18040825,6,5,11,7,8
18040826,5,9,7,11,1
18040827,2,9,8,5,10
18040828,10,4,5,7,6
18040829,3,11,6,1,7
18040830,3,6,4,7,9
18040831,5,6,4,7,8
18040832,10,9,11,3,4
18040833,3,2,8,10,9
18040834,3,5,6,7,10
18040835,2,3,8,9,1
18040836,8,1,6,4,3
18040837,1,5,11,3,6
18040838,7,4,9,3,1
18040839,7,5,1,6,9
18040840,1,3,6,8,2
18040841,5,3,6,7,1
18040842,2,10,4,7,11
18040843,2,11,6,4,1
18040844,9,7,2,1,3
18040845,5,7,1,6,4
18040846,2,7,8,10,6
18040847,8,6,9,1,7
18040848,10,3,11,7,4
18040849,1,5,3,2,8
18040850,8,2,9,7,4
18040851,4,3,8,5,6
18040852,8,3,4,9,11
18040853,6,3,2,1,10
18040854,1,3,4,10,9
18040855,9,11,1,7,5
18040856,3,5,10,1,2
18040857,10,2,8,4,6
18040858,8,3,10,4,6
18040859,3,1,11,10,6
18040860,9,4,7,2,11
18040861,3,7,1,9,6
18040862,4,10,11,3,6
18040863,8,1,11,7,9
18040864,6,7,11,9,10
18040865,4,11,6,5,8
18040866,2,4,6,11,7
18040867,3,6,10,4,2
18040868,8,1,7,10,2
18040869,1,3,10,11,7
18040870,9,10,7,2,6
18040871,1,9,6,7,5
18040872,1,11,10,5,6
18040873,4,5,1,9,11
18040874,10,2,9,11,6
18040875,10,4,1,7,9
18040876,7,5,3,9,2
18040877,8,4,2,1,11
18040878,5,1,7,9,2
18040879,9,10,11,3,7
18040880,9,5,4,8,10
18040881,1,5,9,3,8
18040882,11,1,7,10,5
18040901,11,10,8,2,6
18040902,7,1,9,8,2
18040903,11,10,6,9,8
18040904,1,4,7,9,2
18040905,8,7,4,10,5
18040906,8,3,5,6,2
18040907,9,8,7,4,6
18040908,6,10,5,3,9
18040909,2,3,6,7,10
18040910,8,7,6,3,2
18040911,9,11,3,6,8
18040912,7,8,6,3,4
18040913,6,5,10,9,4
18040914,8,1,10,2,4
18040915,10,11,8,6,7
18040916,2,4,1,3,7
18040917,3,7,9,2,6
18040918,11,10,5,1,4
18040919,6,9,4,1,2
18040920,8,9,5,11,6
18040921,2,9,7,3,1
18040922,9,4,5,3,2
18040923,3,7,8,1,6
18040924,3,4,7,9,8
18040925,2,8,5,4,7
18040926,4,3,2,5,8
18040927,4,5,3,11,9
18040928,10,7,8,5,2
18040929,9,10,6,1,5
18040930,11,6,7,10,4
18040931,4,6,9,11,5
18040932,9,7,10,8,2
18040933,6,11,1,9,10
18040934,10,3,11,6,9
18040935,9,4,7,10,6
18040936,2,7,1,4,5
18040937,6,1,7,3,10
18040938,4,11,3,6,7
18040939,11,4,9,7,2
18040940,6,5,11,7,1
18040941,5,3,9,8,1
18040942,11,5,10,6,2
18040943,4,3,2,8,6
18040944,1,4,10,9,5
18040945,4,7,8,11,10
18040946,11,9,1,8,3
18040947,11,1,8,6,9
18040948,4,3,5,6,9
18040949,5,2,9,4,1
18040950,5,2,3,7,11
18040951,3,2,11,7,5
18040952,1,10,7,9,6
18040953,4,9,2,7,11
18040954,4,6,5,10,7
18040955,7,1,10,3,8
18040956,6,9,7,11,1
18040957,4,8,1,10,9
18040958,9,3,6,11,1
18040959,1,3,10,2,6
18040960,10,3,2,1,8
18040961,11,9,5,8,3
18040962,4,6,8,3,11
18040963,5,2,6,8,3
18040964,9,1,3,4,8
18040965,2,4,11,5,7
18040966,1,10,4,3,6
18040967,6,9,3,5,4
18040968,1,3,8,11,9
18040969,6,7,5,2,1
18040970,4,2,10,3,7
18040971,1,6,11,4,7
18040972,10,4,1,6,5
18040973,11,6,8,10,9
18040974,9,10,4,2,5
18040975,3,6,10,9,7
18040976,1,2,11,7,4
18040977,5,7,8,10,6
18040978,3,7,2,9,4
18040979,8,4,2,1,9
18040980,11,1,6,3,5
18040981,8,6,11,5,9
18040982,7,4,3,11,2
18041001,11,6,10,8,5
18041002,1,10,4,6,11
18041003,1,2,5,4,6
18041004,2,6,10,9,7
18041005,8,3,1,6,11
18041006,10,9,2,3,5
18041007,1,8,3,9,2
18041008,2,6,3,5,8
18041009,6,2,7,3,11
18041010,4,8,10,1,3
18041011,11,7,6,9,3
18041012,9,8,4,11,10
18041013,3,6,7,9,2
18041014,5,2,10,1,4
18041015,7,10,2,6,9
18041016,3,10,9,1,4
18041017,11,8,7,3,5
18041018,8,11,9,1,4
18041019,6,4,11,3,5
18041020,3,4,11,8,9
18041021,9,6,10,5,1
18041022,7,4,10,9,8
18041023,1,2,6,10,3
18041024,6,10,5,11,8
18041025,1,10,11,9,6
18041026,9,8,1,5,4
18041027,10,11,7,5,8
18041028,1,6,10,8,7
18041029,10,4,7,5,9
18041030,5,2,4,6,7
18041031,7,11,9,1,5
18041032,6,4,3,2,11
18041033,8,4,7,9,1
18041034,11,10,7,5,1
18041035,7,10,5,2,1
18041036,10,1,9,3,8
18041037,2,4,10,1,6
18041038,3,10,8,9,6
18041039,7,2,11,5,9
18041040,9,2,4,6,1
18041041,6,10,1,7,11
18041042,9,7,2,5,3
18041043,5,10,3,7,9
18041044,6,3,5,9,8
18041045,4,9,8,2,3
18041046,2,10,1,5,6
18041047,11,10,8,6,9
18041048,10,5,3,2,6
18041049,11,7,8,9,2
18041050,7,4,3,1,9
18041051,11,6,3,9,8
18041052,9,4,3,10,2
18041053,10,6,3,11,2
18041054,11,10,2,8,4
18041055,11,5,10,2,6
18041056,2,9,8,6,3
18041057,4,10,11,5,3
18041058,7,4,9,1,3
18041059,4,7,11,1,8
18041060,2,4,8,5,6
18041061,11,5,6,10,7
18041062,2,7,6,3,4
18041063,9,1,10,11,2
18041064,11,3,6,7,1
18041065,3,11,5,10,9
18041066,9,1,3,2,8
18041067,2,4,10,3,7
18041068,8,4,7,11,5
18041069,1,10,7,8,9
18041070,7,3,10,9,1
18041071,4,10,7,1,8
18041072,1,7,8,3,6
18041073,3,9,4,11,5
18041074,9,8,11,1,10
18041075,4,9,3,7,11
18041076,8,7,1,3,5
18041077,4,1,11,9,7
18041078,8,4,2,11,10
18041079,10,5,4,1,3
18041080,8,7,11,5,6
18041081,5,1,9,10,3
18041082,3,2,8,9,4
18041101,4,11,7,3,1
18041102,7,3,8,9,11
18041103,1,11,5,10,4
18041104,6,1,9,8,5
18041105,2,6,5,7,3
18041106,4,7,8,3,5
18041107,4,8,1,11,5
18041108,10,6,1,2,4
18041109,7,4,9,1,10
18041110,6,4,7,1,9
18041111,5,8,2,9,1
18041112,6,1,11,10,3
18041113,1,9,8,3,7
18041114,8,9,10,1,6
18041115,10,8,3,11,9
18041116,4,1,8,7,6
18041117,2,3,10,1,9
18041118,4,5,8,11,3
18041119,7,9,4,11,3
18041120,11,5,4,1,2
18041121,2,4,6,5,11
18041122,6,10,2,9,11
18041123,1,11,3,10,9
18041124,6,2,8,3,4
18041125,5,2,3,7,10
18041126,4,5,3,6,2
18041127,6,8,4,11,7
18041128,3,5,7,11,6
18041129,1,5,8,3,11
18041130,8,2,7,5,6
18041131,8,11,1,4,6
18041132,2,8,7,4,6
18041133,11,10,8,7,3
18041134,9,7,3,5,11
18041135,5,8,7,1,11
18041136,7,2,9,10,4
18041137,9,10,3,1,7
18041138,7,3,11,5,10
18041139,3,8,4,5,11
18041140,4,1,5,2,10
18041141,3,11,1,4,2
18041142,1,7,5,8,2
18041143,1,4,3,9,2
18041144,9,7,4,2,3
18041145,5,8,3,11,9
18041146,9,1,11,3,2
18041147,11,10,6,4,9
18041148,2,1,7,8,3
18041149,10,3,1,2,6
18041150,11,3,7,1,8
18041151,9,3,1,5,7
18041152,1,2,11,5,4
18041153,1,5,2,4,8
18041154,10,8,5,3,7
18041155,3,1,6,2,11
18041156,2,7,11,9,1
18041157,2,8,5,10,6
18041158,1,11,7,10,4
18041159,7,6,10,9,11
18041160,8,2,4,7,1
18041161,7,2,11,1,5
18041162,1,6,9,5,7
18041163,9,6,5,3,10
18041164,7,6,8,1,4
18041165,8,1,10,2,11
18041166,5,6,3,7,8
18041167,2,10,6,7,3
18041168,3,10,6,5,2
18041169,10,7,6,11,2
18041170,5,3,7,10,9
18041171,4,3,1,10,5
18041172,7,4,10,8,1
18041173,8,9,7,5,4
18041174,2,4,8,9,10
18041175,2,11,3,5,4
18041176,1,11,4,2,8
18041177,1,2,6,8,5
18041178,8,6,7,3,2
18041179,11,10,3,4,1
18041180,7,6,11,5,2
18041181,3,2,7,6,5
18041182,8,5,4,6,10
18041201,3,5,11,6,8
18041202,11,7,5,8,9
18041203,9,1,8,7,4
18041204,4,6,7,8,1
18041205,2,6,10,4,3
18041206,6,7,4,2,11
18041207,8,7,3,9,10
18041208,5,1,3,9,11
18041209,10,1,3,9,5
18041210,9,1,6,4,8
18041211,8,4,7,9,1
18041212,9,2,8,1,3
18041213,1,5,6,8,3
18041214,2,3,9,6,10
18041215,2,6,3,11,8
18041216,7,3,4,11,1
18041217,5,6,11,4,8
18041218,6,3,5,10,9
18041219,11,4,2,10,7
18041220,3,1,6,8,10
18041221,10,9,5,8,2
18041222,1,5,2,10,11
18041223,4,10,7,8,3
18041224,1,3,11,9,8
18041225,2,3,5,11,1
18041226,4,10,5,9,1
18041227,4,3,5,11,8
18041228,1,6,11,7,3
18041229,5,11,3,6,7
18041230,9,8,6,4,10
18041231,5,6,10,1,9
18041232,1,4,8,9,7
18041233,6,9,7,2,11
18041234,11,9,3,8,1
18041235,4,1,6,3,9
18041236,10,6,5,7,11
18041237,2,1,5,8,3
18041238,10,11,5,7,6
18041239,8,5,2,3,4
18041240,5,4,11,1,6
18041241,4,1,8,7,10
18041242,6,10,11,9,7
18041243,11,9,3,10,1
18041244,2,4,1,7,9
18041245,1,10,8,2,9
18041246,1,5,6,4,8
18041247,3,4,9,10,8
18041248,9,1,4,6,11
18041249,9,10,11,4,8
18041250,2,1,9,10,5
18041251,3,5,1,4,2
18041252,11,7,4,10,2
18041253,3,9,7,1,2
18041254,3,10,6,1,2
18041255,1,7,9,8,2
18041256,3,9,4,7,6
18041257,5,3,8,1,2
18041258,1,10,3,5,8
18041259,4,6,7,9,8
18041260,1,8,7,10,11
18041261,6,4,10,7,2
18041262,7,9,11,2,1
18041263,4,7,1,8,6
18041264,9,7,3,2,1
18041265,4,9,3,5,1
18041266,5,2,11,4,6
18041267,8,5,10,2,4
18041268,7,8,6,11,10
18041269,1,3,4,7,10
18041270,9,3,5,6,10
18041271,10,4,8,5,11
18041272,1,7,3,6,9
18041273,1,10,7,11,8
18041274,5,10,8,7,9
18041275,2,4,9,8,10
18041276,9,2,11,4,10
18041277,2,10,11,3,8
18041278,7,5,4,1,3
18041279,11,4,2,1,8
18041280,10,11,8,4,2
18041281,1,8,7,11,10
18041282,8,4,1,2,5
18041301,8,10,4,6,5
18041302,1,4,9,7,8
18041303,3,10,6,1,11
18041304,4,2,6,7,1
18041305,6,2,9,8,1
18041306,5,11,3,4,1
18041307,1,10,6,7,2
18041308,11,4,5,9,6
18041309,6,2,11,9,8
18041310,10,11,1,5,2
18041311,8,3,7,6,9
18041312,3,4,1,5,11
18041313,1,2,8,4,6
18041314,11,8,10,3,5
18041315,1,11,4,9,2
18041316,9,2,1,6,7
18041317,1,4,7,5,2
18041318,2,11,9,4,6
18041319,5,6,1,2,9
18041320,11,4,2,6,10
18041321,11,1,4,8,2
18041322,5,3,4,7,1
18041323,1,4,8,3,6
18041324,10,2,4,7,6
18041325,11,2,9,10,6
18041326,5,11,3,10,9
18041327,4,9,5,10,6
18041328,8,2,4,3,1
18041329,2,11,9,4,1
18041330,8,3,4,11,9
18041331,2,9,8,3,10
18041332,3,10,8,1,4
18041333,10,6,5,3,11
18041334,10,2,5,1,4
18041335,3,7,5,9,10
18041336,11,2,5,1,9
18041337,4,1,7,8,6
18041338,11,9,10,7,6
18041339,11,10,6,8,5
18041340,3,8,10,9,1
18041341,10,1,4,6,9
18041342,7,10,1,6,11
18041343,3,2,7,5,10
18041344,1,3,6,10,11
18041345,1,6,7,11,5
18041346,7,4,3,1,5
18041347,8,5,3,2,7
18041348,10,7,5,3,4
18041349,7,3,9,8,5
18041350,1,3,7,8,11
18041351,11,5,3,8,6
18041352,5,9,4,2,8
18041353,3,7,10,11,4
18041354,10,6,7,5,4
18041355,7,11,1,8,3
18041356,9,4,7,5,6
18041357,7,10,2,6,5
18041358,4,3,11,2,10
18041359,8,10,4,3,9
18041360,11,1,2,8,5
18041361,10,5,3,9,7
18041362,4,6,8,1,11
18041363,8,1,4,7,10
18041364,11,3,4,10,1
18041365,9,11,5,1,7
18041366,4,6,10,7,2
18041367,1,5,2,4,6
18041368,3,6,5,8,7
18041369,9,6,8,3,5
18041370,4,1,10,3,11
18041371,2,8,5,9,4
18041372,9,11,5,10,6
18041373,1,5,2,6,4
18041374,4,5,6,9,10
18041375,2,3,8,11,10
18041376,7,11,1,2,5
18041377,2,6,3,10,8
18041378,3,8,10,5,11
18041379,4,5,1,9,10
18041380,4,9,11,10,6
18041381,3,4,6,2,11
18041382,11,3,6,2,5
18041401,9,11,8,10,5
18041402,9,7,10,1,11
18041403,8,9,10,3,2
18041404,7,11,4,1,6
18041405,7,11,8,5,10
18041406,7,2,11,4,6
18041407,2,4,8,11,10
18041408,11,2,10,5,8
18041409,4,8,2,10,5
18041410,11,7,5,1,3
18041411,11,5,8,7,9
18041412,2,10,3,6,1
18041413,9,5,10,1,7
18041414,1,11,7,9,6
18041415,11,10,2,1,3
18041416,6,1,10,7,2
18041417,2,1,4,3,7
18041418,3,2,1,7,9
18041419,11,5,6,10,4
18041420,3,5,7,4,10
18041421,11,7,1,9,2
18041422,3,6,1,2,7
18041423,6,9,10,8,11
18041424,7,9,3,8,10
18041425,2,7,8,1,3
18041426,3,7,5,11,9
18041427,6,1,10,11,9
18041428,6,8,11,10,3
18041429,8,2,3,5,6
18041430,1,3,10,6,11
18041431,8,4,1,5,3
18041432,5,11,9,3,4
18041433,8,9,2,4,7
18041434,6,7,2,3,5
18041435,6,8,2,11,3
18041436,5,7,1,11,2
18041437,7,3,5,1,11
18041438,10,4,9,7,6
18041439,7,5,8,10,1
18041440,3,6,7,5,8
18041441,2,1,10,5,6
18041442,10,1,11,8,7
18041443,4,10,5,9,2
18041444,11,8,10,2,7
18041445,7,3,9,5,4
18041446,7,6,5,2,4
18041447,4,8,2,11,1
18041448,7,3,5,11,1
18041449,9,11,2,5,7
18041450,4,7,11,9,2
18041451,7,2,6,8,10
18041452,6,7,2,4,9
18041453,8,10,9,11,2
18041454,1,7,6,2,10
18041455,4,11,9,7,6
18041456,9,10,3,2,11
18041457,1,11,9,3,8
18041458,7,11,6,1,5
18041459,1,7,5,11,4
18041460,11,3,2,10,5
18041461,8,6,9,3,4
18041462,9,11,1,8,5
18041463,2,3,5,6,1
18041464,7,11,2,1,5
18041465,2,9,7,1,3
18041466,5,10,1,9,3
18041467,10,1,3,8,5
18041468,1,10,3,4,8
18041469,5,7,2,1,10
18041470,8,1,7,11,10
18041471,2,9,8,4,11
18041472,1,9,11,4,3
18041473,4,2,10,6,3
18041474,6,10,3,2,5
18041475,3,1,10,11,5
18041476,10,7,9,3,8
18041477,8,5,9,3,2
18041478,1,10,11,6,2
18041479,2,4,3,7,8
18041480,11,7,4,8,10
18041481,8,10,1,4,9
18041482,11,3,1,5,6
18041501,10,7,2,4,6
18041502,11,7,5,10,8
18041503,11,3,9,4,5
18041504,11,4,5,1,7
18041505,2,5,8,7,4
18041506,7,5,8,11,10
18041507,2,10,1,8,3
18041508,10,5,8,9,3
18041509,5,3,8,4,9
18041510,2,9,11,4,8
18041511,6,10,9,8,4
18041512,7,4,5,11,9
18041513,5,3,11,7,6
18041514,1,3,8,6,2
18041515,5,10,11,7,1
18041516,5,4,10,1,2
18041517,6,4,8,2,1
18041518,11,9,2,1,5
18041519,7,8,3,5,9
18041520,5,2,8,10,1
18041521,5,10,2,1,6
18041522,10,8,6,11,1
18041523,2,7,9,8,10
18041524,4,6,10,3,9
18041525,10,2,9,8,6
18041526,1,2,5,8,10
18041527,5,10,7,2,9
18041528,2,1,10,5,6
18041529,1,9,2,8,7
18041530,9,10,5,2,3
18041531,1,4,5,6,8
18041532,9,3,1,5,2
18041533,8,5,1,3,7
18041534,3,11,10,9,8
18041535,9,7,10,6,2
18041536,10,8,3,7,5
18041537,1,3,5,10,11
18041538,8,10,11,7,3
18041539,4,6,1,3,9
18041540,9,2,1,11,6
18041541,11,6,1,10,3
18041542,5,1,11,3,6
18041543,6,8,10,9,5
18041544,9,2,10,6,11
18041545,3,9,5,1,8
18041546,1,10,7,4,11
18041547,11,10,9,7,5
18041548,3,7,4,1,6
18041549,8,1,4,3,2
18041550,7,9,4,8,5
18041551,6,9,7,8,1
18041552,11,5,6,7,3
18041553,1,2,8,9,7
18041554,8,6,5,7,9
18041555,9,7,2,6,4
18041556,6,1,3,7,5
18041557,10,6,11,5,9
18041558,2,1,6,10,7
18041559,11,2,5,7,10
18041560,11,3,2,6,7
18041561,7,6,8,5,4
18041562,6,2,5,8,4
18041563,6,9,11,10,5
18041564,9,10,8,11,2
18041565,5,9,10,2,4
18041566,9,10,6,7,8
18041567,10,4,6,5,8
18041568,4,1,2,3,8
18041569,8,7,11,10,1
18041570,5,1,6,4,11
18041571,6,4,3,8,5
18041572,9,3,4,10,11
18041573,5,2,1,3,4
18041574,9,3,11,7,10
18041575,6,5,11,1,2
18041576,2,11,7,4,8
18041577,7,11,3,10,1
18041578,11,3,1,10,9
18041579,4,1,11,5,8
18041580,7,9,2,8,10
18041581,5,1,2,6,3
18041582,5,11,10,3,4
18041601,5,2,1,9,3
18041602,9,11,6,10,3
18041603,4,8,1,5,2
18041604,8,10,7,6,4
18041605,9,1,8,7,4
18041606,8,6,2,3,4
18041607,8,9,1,11,10
18041608,11,3,10,4,8
18041609,8,7,4,2,6
18041610,3,11,5,9,1
18041611,1,2,11,6,4
18041612,4,10,8,6,1
18041613,6,5,9,4,8
18041614,5,7,1,8,4
18041615,3,5,2,8,4
18041616,11,9,8,10,7
18041617,8,1,9,5,4
18041618,6,2,10,8,5
18041619,11,9,10,1,6
18041620,8,10,9,4,3
18041621,6,2,4,5,10
18041622,2,7,6,8,1
18041623,4,7,1,11,10
18041624,8,6,4,3,10
18041625,3,6,4,2,8
18041626,10,5,11,1,7
18041627,11,10,4,7,6
18041628,11,9,8,4,5
18041629,6,3,4,7,10
18041630,2,1,11,8,3
18041631,10,6,8,7,11
18041632,8,7,1,2,3
18041633,6,7,1,5,2
18041634,6,8,11,4,2
18041635,9,2,4,6,3
18041636,8,6,2,3,4
18041637,11,2,8,9,4
18041638,10,2,9,11,6
18041639,6,11,8,2,3
18041640,2,11,6,5,3
18041641,8,1,4,11,2
18041642,7,3,1,8,9
18041643,11,5,2,1,6
18041644,10,2,7,1,3
18041645,9,6,5,11,3
18041646,1,7,11,4,5
18041647,4,2,8,7,6
18041648,11,9,2,7,5
18041649,4,11,8,2,6
18041650,5,10,1,4,9
18041651,11,1,7,8,6
18041652,1,2,11,9,5
18041653,8,5,9,1,6
18041654,4,11,9,6,3
18041655,11,6,1,2,10
18041656,4,1,7,5,9
18041657,3,9,5,11,1
18041658,10,9,2,5,8
18041659,5,3,11,1,9
18041660,10,3,2,5,7
18041661,1,11,7,10,4
18041662,1,3,4,8,11
18041663,2,9,1,3,7
18041664,5,7,9,3,10
18041665,10,9,8,5,3
18041666,5,11,7,8,10
18041667,2,6,4,1,5
18041668,7,11,6,10,1
18041669,11,6,7,2,5
18041670,10,8,7,11,2
18041671,5,1,4,9,3
18041672,1,6,7,8,9
18041673,5,4,8,6,7
18041674,9,2,7,4,3
18041675,11,8,2,6,7
18041676,10,1,2,6,9
18041677,2,3,7,8,10
18041678,11,1,3,7,9
18041679,8,6,1,7,2
18041680,3,4,9,6,5
18041681,2,10,3,7,9
18041682,3,6,5,11,8
18041701,11,4,3,8,2
18041702,4,8,3,9,10
18041703,3,11,7,10,8
18041704,3,10,9,1,11
18041705,1,2,9,6,11
18041706,7,9,8,2,4
18041707,9,3,4,10,5
18041708,2,11,5,3,10
18041709,7,6,1,8,2
18041710,5,11,10,6,2
18041711,8,11,9,4,10
18041712,1,3,8,10,2
18041713,4,8,7,10,6
18041714,1,6,8,7,2
18041715,3,6,5,2,10
18041716,8,1,4,2,11
18041717,1,4,3,5,11
18041718,6,2,1,5,3
18041719,10,7,9,5,11
18041720,7,3,5,10,4
18041721,8,4,2,11,9
18041722,6,4,11,1,8
18041723,4,2,7,9,1
18041724,1,5,8,7,6
18041725,2,8,9,11,7
18041726,8,4,6,2,11
18041727,7,4,1,11,2
18041728,11,9,6,2,1
18041729,1,3,11,9,2
18041730,7,2,3,6,4
18041731,6,1,10,2,11
18041732,4,5,10,3,8
18041733,9,3,2,7,1
18041734,7,2,3,10,6
18041735,7,1,10,8,9
18041736,11,7,4,8,10
18041737,8,3,1,9,10
18041738,8,9,2,6,7
18041739,10,3,5,2,9
18041740,1,8,3,7,6
18041741,3,1,6,5,7
18041742,2,8,5,10,3
18041743,1,5,6,2,7
18041744,5,11,1,3,10
18041745,7,6,2,3,11
18041746,4,6,11,8,9
18041747,6,4,1,9,8
18041748,10,7,8,1,3
18041749,9,2,5,11,3
18041750,4,8,3,7,9
18041751,9,3,10,7,11
18041752,5,9,1,4,3
18041753,9,2,8,4,3
18041754,7,6,1,11,4
18041755,11,3,1,8,7
18041756,9,4,10,6,7
18041757,7,2,10,9,1
18041758,4,6,3,11,5
18041759,2,7,6,1,3
18041760,10,2,7,1,11
18041761,2,3,11,7,9
18041762,7,10,2,9,3
18041763,11,7,6,8,9
18041764,8,11,5,7,6
18041765,3,11,7,4,1
18041766,1,3,9,11,6
18041767,3,5,2,11,1
18041768,4,5,3,8,2
18041769,4,6,11,1,7
18041770,5,9,8,4,2
18041771,10,2,6,11,7
18041772,5,10,9,7,2
18041773,5,10,11,6,1
18041774,9,6,7,4,10
18041775,7,3,6,5,11
18041776,6,10,1,11,4
18041777,8,10,7,6,1
18041778,6,7,1,9,3
18041779,4,5,11,2,3
18041780,6,10,8,4,3
18041781,1,3,6,5,7
18041782,1,8,6,7,2
18041801,7,3,10,6,2
18041802,8,4,7,5,1
18041803,6,2,3,1,4
18041804,10,2,1,4,5
18041805,5,2,7,6,10
18041806,10,2,1,4,8
18041807,10,4,11,6,7
18041808,5,7,6,1,3
18041809,7,2,11,5,4
18041810,8,7,3,5,2
18041811,3,1,8,2,7
18041812,9,8,1,6,3
18041813,3,5,2,7,10
18041814,3,4,1,6,8
18041815,1,5,8,2,7
18041816,3,4,11,10,5
18041817,8,2,7,10,11
18041818,6,1,5,7,10
18041819,3,10,2,1,9
18041820,10,5,3,11,1
18041821,1,9,7,10,2
18041822,10,4,8,3,11
18041823,5,2,9,7,11
18041824,6,10,7,3,8
18041825,4,7,2,11,9
18041826,2,3,5,7,1
18041827,1,5,2,11,8
18041828,1,5,7,3,4
18041829,7,3,11,6,1
18041830,7,9,1,3,8
18041831,5,1,11,4,3
18041832,4,7,11,2,6
18041833,7,10,1,3,4
18041834,5,1,8,9,3
18041835,10,5,3,6,4
18041836,11,10,2,8,3
18041837,3,1,8,2,4
18041838,9,5,2,11,8
18041839,4,9,10,6,3
18041840,9,10,1,5,6
18041841,5,4,11,6,9
18041842,11,8,5,9,4
18041843,9,4,3,5,6
18041844,9,4,11,7,2
18041845,2,9,6,10,11
18041846,6,4,2,11,9
18041847,1,4,9,11,10
18041848,4,8,6,10,3
18041849,2,9,11,8,10
18041850,4,7,8,3,10
18041851,6,5,8,3,2
18041852,11,1,2,10,6
18041853,10,4,9,7,5
18041854,10,4,7,11,3
18041855,1,5,3,8,6
18041856,9,4,1,5,6
18041857,4,1,9,7,3
18041858,5,9,2,4,6
18041859,10,5,6,1,9
18041860,11,3,2,8,9
18041861,10,6,5,3,4
18041862,1,2,3,5,6
18041863,1,11,5,8,6
18041864,2,1,3,4,8
18041865,3,7,8,4,9
18041866,2,7,1,9,10
18041867,9,4,1,8,11
18041868,9,6,7,4,2
18041869,3,9,6,10,7
18041870,7,4,3,8,10
18041871,10,1,11,8,7
18041872,11,5,7,6,10
18041873,11,9,5,7,6
18041874,9,2,6,10,3
18041875,8,3,4,6,2
18041876,7,10,11,8,5
18041877,3,11,8,6,7
18041878,3,2,8,9,4
18041879,6,7,8,10,3
18041880,10,1,4,6,9
18041881,5,8,7,11,3
18041882,8,5,4,9,3
18041901,6,3,2,11,9
18041902,1,5,6,8,4
18041903,9,8,3,1,2
18041904,9,11,4,1,5
18041905,5,2,7,4,11
18041906,9,6,4,1,3
18041907,8,4,7,2,5
18041908,3,2,4,5,1
18041909,5,7,3,8,1
18041910,3,4,6,9,5
18041911,3,9,10,2,8
18041912,2,7,3,9,11
18041913,10,6,4,3,11
18041914,4,8,9,10,7
18041915,11,1,5,8,9
18041916,3,4,9,2,11
18041917,10,8,1,2,4
18041918,1,4,8,9,5
18041919,8,2,1,10,3
18041920,6,5,8,11,3
18041921,1,6,10,11,3
18041922,8,7,9,4,5
18041923,11,10,9,1,6
18041924,4,11,7,8,6
18041925,1,9,11,4,2
18041926,1,3,5,7,11
18041927,2,8,3,11,7
18041928,4,1,9,11,5
18041929,9,11,4,3,5
18041930,10,7,6,4,11
18041931,6,11,7,2,5
18041932,5,1,7,10,11
18041933,10,5,4,7,9
18041934,9,1,3,10,11
18041935,5,1,6,2,4
18041936,10,1,3,5,7
18041937,5,9,7,2,4
18041938,4,5,1,6,3
18041939,4,6,10,7,9
18041940,4,2,11,5,9
18041941,7,8,3,2,10
18041942,4,7,10,6,1
18041943,2,4,10,5,3
18041944,8,3,5,6,10
18041945,9,11,10,7,2
18041946,8,2,5,3,9
18041947,3,5,2,10,9
18041948,9,7,8,1,11
18041949,7,11,8,10,9
18041950,6,1,3,11,5
18041951,10,2,3,6,8
18041952,2,3,5,9,4
18041953,7,3,4,10,2
18041954,3,10,8,9,5
18041955,4,3,2,11,6
18041956,10,3,9,1,5
18041957,3,5,9,4,10
18041958,5,4,1,10,8
18041959,5,7,8,9,10
18041960,1,4,8,7,6
18041961,1,6,11,8,2
18041962,4,8,7,6,1
18041963,9,8,4,11,5
18041964,5,1,3,6,4
18041965,7,2,9,8,6
18041966,5,7,9,3,2
18041967,1,2,11,10,7
18041968,7,6,2,9,1
18041969,10,8,1,11,2
18041970,3,9,11,2,7
18041971,9,8,10,11,3
18041972,11,4,7,9,6
18041973,4,10,5,9,2
18041974,10,2,8,1,5
18041975,1,5,6,11,10
18041976,9,7,8,1,6
18041977,2,4,9,3,5
18041978,4,2,6,7,9
18041979,9,2,5,11,3
18041980,4,10,8,11,1
18041981,2,11,8,10,5
18041982,5,1,7,10,2
18042001,9,5,8,3,11
18042002,11,10,5,6,2
18042003,4,10,9,2,1
18042004,9,2,10,6,5
18042005,6,2,1,7,9
18042006,10,6,9,7,4
18042007,1,8,11,10,5
18042008,3,11,8,4,10
18042009,11,5,9,1,6
18042010,4,7,9,8,6
18042011,3,4,9,2,5
18042012,10,9,1,4,3
18042013,2,5,3,1,4
18042014,1,6,2,8,5
18042015,10,7,6,5,4
18042016,9,11,1,6,2
18042017,9,5,7,2,3
18042018,5,3,1,7,11
18042019,6,11,4,3,9
18042020,2,7,8,4,11
18042021,11,1,9,3,6
18042022,6,7,9,1,4
18042023,6,3,11,1,4
18042024,9,1,3,4,11
18042025,1,4,3,5,9
18042026,11,1,8,2,6
18042027,5,6,9,10,2
18042028,5,3,4,6,1
18042029,4,2,6,10,7
18042030,5,4,6,1,7
18042031,11,4,2,9,5
18042032,1,11,3,5,4
18042033,6,2,3,5,11
18042034,11,3,9,10,7
18042035,5,8,9,7,2
18042036,10,7,11,5,6
18042037,3,11,1,4,8
18042038,8,2,9,4,7
18042039,7,8,9,3,5
18042040,6,4,2,3,5
18042041,11,10,5,2,4
18042042,1,4,8,10,9
18042043,10,8,6,3,4
18042044,7,4,6,10,2
18042045,8,2,5,3,4
18042046,10,4,7,6,11
18042047,3,11,5,6,7
18042048,4,3,11,7,1
18042049,5,11,3,7,8
18042050,2,6,3,10,4
18042051,2,5,11,3,1
18042052,7,10,11,4,1
18042053,8,5,7,3,6
18042054,5,7,8,1,4
18042055,7,2,10,11,8
18042056,1,10,3,8,5
18042057,4,9,2,10,5
18042058,9,1,10,7,5
18042059,4,5,11,10,9
18042060,1,2,9,8,3
18042061,4,6,5,3,2
18042062,3,1,7,5,2
18042063,8,6,3,1,4
18042064,7,2,9,4,5
18042065,9,6,2,11,5
18042066,1,4,11,9,3
18042067,9,3,2,1,7
18042068,1,6,5,11,7
18042069,1,3,5,4,8
18042070,5,11,1,7,6
18042071,4,11,7,8,6
18042072,9,2,4,6,11
18042073,9,3,10,6,2
18042074,9,3,6,10,11
18042075,2,6,1,8,5
18042076,10,5,8,4,3
18042077,9,1,11,3,4
18042078,11,1,7,10,8
18042079,9,11,1,2,5
18042080,7,6,11,4,1
18042081,9,3,6,5,10
18042082,1,11,2,7,3
18042101,1,2,8,6,5
18042102,2,5,4,11,1
18042103,7,9,11,1,10
18042104,6,5,10,11,3
18042105,10,7,2,4,6
18042106,9,8,1,3,7
18042107,10,3,9,4,11
18042108,4,10,8,3,5
18042109,11,6,7,10,5
18042110,1,11,10,7,4
18042111,7,1,10,9,2
18042112,5,4,9,6,3
18042113,9,1,10,4,7
18042114,1,10,11,9,6
18042115,11,3,5,7,9
18042116,6,7,8,5,9
18042117,11,10,9,6,5
18042118,3,4,7,5,9
18042119,7,1,5,4,10
18042120,2,8,11,6,9
18042121,5,3,10,1,4
18042122,5,6,3,7,1
18042123,9,7,8,2,5
18042124,2,8,7,6,1
18042125,3,4,1,5,10
18042126,6,8,4,2,10
18042127,2,8,1,7,6
18042128,8,4,1,10,6
18042129,10,11,9,6,8
18042130,9,1,11,6,4
18042131,1,8,7,3,6
18042132,3,1,7,9,4
18042133,3,1,2,11,10
18042134,7,9,11,6,10
18042135,11,5,1,7,10
18042136,4,2,1,3,11
18042137,3,1,10,6,11
18042138,10,9,2,3,11
18042139,5,10,1,8,11
18042140,4,1,6,3,8
18042141,8,10,5,4,3
18042142,3,8,5,1,7
18042143,2,4,7,5,9
18042144,6,2,1,9,3
18042145,8,4,5,10,3
18042146,10,8,11,2,4
18042147,7,5,1,9,4
18042148,9,3,11,5,7
18042149,11,1,2,8,6
18042150,6,3,11,1,4
18042151,10,7,1,3,2
18042152,1,4,2,5,6
18042153,6,10,2,7,1
18042154,6,8,9,7,11
18042155,2,5,6,7,8
18042156,8,4,5,3,7
18042157,8,5,9,7,3
18042158,9,4,7,3,1
18042159,2,3,7,8,1
18042160,2,5,7,3,8
18042161,11,7,9,2,8
18042162,4,8,5,9,11
18042163,9,3,1,4,6
18042164,6,11,1,4,7
18042165,10,5,4,2,1
18042166,5,11,2,1,3
18042167,2,1,5,4,9
18042168,10,5,11,6,3
18042169,8,5,6,11,7
18042170,2,4,10,6,3
18042171,8,2,10,1,5
18042172,2,7,11,5,10
18042173,3,6,2,7,9
18042174,8,1,10,4,7
18042175,11,8,2,6,5
18042176,11,8,10,1,5
18042177,1,4,11,5,3
18042178,8,5,6,9,11
18042179,5,7,1,9,8
18042180,3,6,2,9,11
18042181,6,11,8,7,9
18042182,8,6,3,9,1
18042201,4,7,9,8,3
18042202,1,8,7,10,6
18042203,6,10,11,3,1
18042204,11,6,8,1,9
18042205,5,4,7,8,1
18042206,9,10,2,3,4
18042207,11,7,2,5,1
18042208,11,1,4,9,5
18042209,2,6,1,4,10
18042210,11,8,5,2,10
18042211,3,10,4,11,9
18042212,5,2,9,8,10
18042213,7,6,8,11,10
18042214,9,10,6,5,1
18042215,10,8,6,4,1
18042216,1,6,7,5,2
18042217,10,9,6,4,1
18042218,1,8,3,9,7
18042219,4,10,8,2,9
18042220,5,3,2,4,8
18042221,5,9,6,4,7
18042222,1,3,4,7,9
18042223,3,4,8,6,10
18042224,4,7,10,1,6
18042225,8,9,5,7,1
18042226,4,9,5,7,8
18042227,10,3,9,11,1
18042228,10,4,1,3,7
18042229,5,9,3,6,8
18042230,9,11,10,2,5
18042231,3,7,9,6,4
18042232,9,7,8,10,2
18042233,5,1,8,6,7
18042234,8,3,11,9,10
18042235,10,9,1,11,5
18042236,11,6,4,5,10
18042237,11,1,9,5,2
18042238,7,1,11,8,4
18042239,7,8,10,6,3
18042240,1,2,8,6,5
18042241,3,10,1,8,11
18042242,7,11,8,5,2
18042243,7,2,8,3,5
18042244,10,7,4,1,2
18042245,9,3,2,8,5
18042246,6,3,4,1,9
18042247,9,11,1,10,4
18042248,3,8,4,5,9
18042249,10,5,2,6,7
18042250,11,4,8,1,6
18042251,7,1,4,9,6
18042252,4,8,1,6,2
18042253,11,4,1,9,7
18042254,8,6,1,9,3
18042255,4,11,1,10,8
18042256,3,9,4,11,6
18042257,11,8,10,2,9
18042258,10,7,5,3,4
18042259,11,1,5,4,8
18042260,7,4,5,8,1
18042261,11,10,9,2,7
18042262,9,3,6,1,11
18042263,7,6,5,2,4
18042264,1,3,10,8,4
18042265,4,1,7,10,2
18042266,2,5,11,1,6
18042267,2,9,8,10,6
18042268,8,11,3,5,2
18042269,11,6,5,2,7
18042270,11,2,3,4,5
18042271,3,7,9,2,11
18042272,7,2,9,10,5
18042273,2,8,3,1,11
18042274,3,7,9,6,8
18042275,6,3,10,2,5
18042276,7,8,3,10,1
18042277,9,2,11,5,6
18042278,2,1,10,8,7
18042279,2,8,10,1,4
18042280,3,6,1,4,2
18042281,1,10,11,9,7
18042282,7,9,11,6,4
18042301,1,5,10,6,8
18042302,3,10,5,6,7
18042303,5,9,4,11,7
18042304,7,10,4,1,5
18042305,8,4,6,1,3
18042306,10,3,2,9,8
18042307,5,9,10,4,1
18042308,9,7,4,11,8
18042309,8,10,5,6,3
18042310,9,10,7,8,1
18042311,7,2,8,3,5
18042312,8,6,5,2,11
18042313,2,6,11,3,10
18042314,10,2,8,7,5
18042315,7,6,3,11,2
18042316,1,4,5,10,7
18042317,8,1,4,10,6
18042318,11,5,1,2,4
18042319,6,10,2,8,7
18042320,8,4,9,1,6
18042321,1,8,11,10,3
18042322,4,1,3,9,2
18042323,10,6,3,4,7
18042324,3,9,4,5,11
18042325,3,4,5,7,11
18042326,1,10,8,2,3
18042327,4,11,2,10,8
18042328,11,2,4,8,9
18042329,3,8,10,7,1
18042330,11,6,1,9,4
18042331,4,9,6,3,8
18042332,5,11,10,6,2
18042333,2,11,10,8,9
18042334,6,11,7,1,8
18042335,3,5,9,8,11
18042336,8,4,3,11,2
18042337,3,9,8,6,10
18042338,1,11,4,7,6
18042339,9,2,4,1,10
18042340,2,1,10,6,3
18042341,5,2,8,4,1
18042342,6,8,7,2,1
18042343,4,8,7,6,5
18042344,8,6,4,2,11
18042345,11,3,9,8,4
18042346,1,3,2,4,10
18042347,5,3,10,2,1
18042348,11,8,10,9,3
18042349,4,11,3,5,9
18042350,7,9,4,1,5
18042351,10,3,8,9,5
18042352,7,9,10,2,5
18042353,11,8,9,2,3
18042354,3,8,10,4,6
18042355,8,9,2,3,1
18042356,9,6,8,3,2
18042357,7,11,5,1,8
18042358,2,7,3,1,5
18042359,11,1,4,6,3
18042360,8,1,6,2,7
18042361,8,10,1,11,5
18042362,8,11,7,5,2
18042363,2,8,7,9,4
18042364,8,3,7,6,2
18042365,9,10,11,1,6
18042366,9,5,11,2,4
18042367,4,9,6,10,3
18042368,4,6,3,7,8
18042369,1,8,3,5,10
18042370,1,6,8,3,11
18042371,4,2,10,5,1
18042372,3,2,11,5,10
18042373,3,1,6,9,11
18042374,6,2,5,7,1
18042375,3,2,10,4,7
18042376,2,6,1,10,4
18042377,10,9,11,4,6
18042378,11,10,7,1,6
18042379,6,2,7,9,1
18042380,2,7,6,4,10
18042381,10,5,11,9,6
18042382,7,11,10,5,3
18042401,4,2,6,5,1
18042402,3,2,10,5,11
18042403,10,7,8,2,6
18042404,1,5,4,8,7
18042405,1,3,4,6,5
18042406,10,5,4,1,3
18042407,7,9,4,5,1
18042408,6,5,4,9,11
18042409,9,10,4,8,7
18042410,11,8,2,5,10
18042411,8,11,9,2,6
18042412,5,2,11,8,4
18042413,3,9,4,10,1
18042414,7,9,11,2,10
18042415,8,9,4,2,3
18042416,11,8,5,6,9
18042417,9,6,7,5,4
18042418,5,4,3,2,10
18042419,11,2,10,1,5
18042420,1,2,8,10,9
18042421,6,4,11,9,8
18042422,6,8,11,7,10
18042423,4,2,10,3,11
18042424,4,5,3,7,11
18042425,3,8,6,2,11
18042426,8,2,3,4,6
18042427,3,8,2,10,9
18042428,8,10,3,2,9
18042429,5,8,11,3,6
18042430,9,7,3,4,10
18042431,7,4,5,9,2
18042432,3,10,1,11,6
18042433,9,10,6,1,4
18042434,5,11,4,8,1
18042435,9,4,8,7,5
18042436,4,10,2,11,1
18042437,7,10,9,4,6
18042438,6,7,4,1,2
18042439,9,5,8,7,1
18042440,8,7,9,6,1
18042441,7,4,9,10,11
18042442,10,4,6,2,9
18042443,10,11,6,4,5
18042444,7,9,2,6,8
18042445,4,8,10,3,5
18042446,6,10,4,8,1
18042447,7,2,8,9,10
18042448,4,1,10,11,7
18042449,5,7,4,2,9
18042450,9,6,8,4,3
18042451,9,7,10,11,8
18042452,7,2,8,6,11
18042453,1,5,9,11,3
18042454,9,1,2,8,4
18042455,1,11,3,4,5
18042456,2,10,6,9,11
18042457,11,5,3,9,8
18042458,4,2,8,9,1
18042459,2,11,1,9,5
18042460,4,1,11,5,8
18042461,6,10,7,9,1
18042462,2,10,11,3,1
18042463,9,5,10,6,7
18042464,5,8,10,3,1
18042465,10,3,9,5,7
18042466,8,1,5,7,3
18042467,8,9,11,2,5
18042468,6,10,5,2,9
18042469,4,9,1,7,10
18042470,8,10,1,9,6
18042471,4,7,3,2,5
18042472,10,2,8,3,1
18042473,6,4,5,9,10
18042474,10,1,3,11,2
18042475,10,3,6,9,4
18042476,6,9,11,7,2
18042477,10,1,3,8,4
18042478,5,3,1,6,2
18042479,10,4,1,5,3
18042480,6,3,4,10,8
18042481,4,6,1,2,11
18042482,8,9,1,2,4
18042501,2,3,10,5,9
18042502,10,7,11,6,5
18042503,6,1,5,8,4
18042504,5,1,10,11,2
18042505,5,9,2,11,10
18042506,5,9,8,11,4
18042507,5,4,8,10,9
18042508,8,1,10,3,11
18042509,10,9,5,8,6
18042510,5,1,3,2,7
18042511,5,1,10,4,3
18042512,9,11,6,5,10
18042513,1,6,5,4,3
18042514,8,4,3,6,9
18042515,8,3,5,10,4
18042516,3,2,5,9,11
18042517,8,4,2,1,6
18042518,1,8,11,9,6
18042519,3,1,10,6,7
18042520,10,2,1,11,5
18042521,6,4,9,2,10
18042522,2,1,9,4,11
18042523,8,6,2,1,9
18042524,4,9,11,7,3
18042525,6,1,8,4,3
18042526,10,5,8,9,4
18042527,5,1,11,3,7
18042528,1,8,9,6,7
18042529,9,10,5,8,6
18042530,5,8,10,6,1
18042531,3,1,7,10,5
18042532,2,5,1,6,10
18042533,2,3,11,7,5
18042534,4,6,2,3,11
18042535,7,11,10,9,8
18042536,2,4,5,1,3
18042537,10,5,4,7,9
18042538,7,4,2,9,1
18042539,3,5,1,11,10
18042540,4,2,5,10,11
18042541,5,1,11,10,7
18042542,3,10,7,4,9
18042543,3,7,11,6,2
18042544,5,10,7,2,11
18042545,7,4,10,11,5
18042546,7,2,5,9,10
18042547,3,4,2,6,8
18042548,3,4,10,1,5
18042549,9,10,1,3,8
18042550,1,11,6,4,10
18042551,5,9,7,3,10
18042552,7,11,10,3,8
18042553,9,6,5,10,1
18042554,2,5,11,3,6
18042555,2,8,6,1,9
18042556,9,11,4,8,2
18042557,1,9,2,6,8
18042558,9,10,7,11,2
18042559,3,2,4,10,8
18042560,8,4,2,11,9
18042561,3,4,5,1,10
18042562,6,11,3,7,2
18042563,3,11,6,2,9
18042564,2,3,8,7,5
18042565,6,5,3,8,4
18042566,10,6,3,7,2
18042567,11,5,9,4,7
18042568,3,9,2,10,4
18042569,4,10,8,5,11
18042570,6,5,9,1,7
18042571,5,2,11,1,6
18042572,4,3,9,1,2
18042573,1,3,11,8,6
18042574,1,6,7,11,4
18042575,6,11,9,2,4
18042576,2,3,9,7,8
18042577,10,2,4,7,9
18042578,8,3,10,2,7
18042579,3,1,9,7,4
18042580,9,3,11,1,7
18042581,6,5,2,11,9
18042582,10,3,9,8,2
18042601,4,5,1,9,8
18042602,8,10,5,11,6
18042603,8,10,11,7,6
18042604,2,8,10,7,4
18042605,5,11,3,1,2
18042606,9,3,6,10,2
18042607,8,3,4,9,5
18042608,5,1,2,8,7
18042609,1,2,11,8,5
18042610,5,11,9,10,6
18042611,3,2,1,8,10
18042612,10,11,3,6,5
18042613,6,1,3,9,4
18042614,3,9,4,5,7
18042615,10,1,9,8,11
18042616,1,11,10,4,6
18042617,5,9,8,7,11
18042618,6,5,9,4,8
18042619,8,4,10,5,1
18042620,2,5,8,4,3
18042621,2,6,11,7,10
18042622,9,11,2,8,1
18042623,7,4,3,6,1
18042624,6,2,8,5,9
18042625,11,6,1,7,5
18042626,1,10,7,4,2
18042627,7,5,4,11,6
18042628,3,4,1,10,5
18042629,7,9,5,6,3
18042630,10,3,9,4,7
18042631,2,3,10,9,6
18042632,2,1,5,6,4
18042633,2,3,9,11,7
18042634,1,4,5,8,10
18042635,3,10,8,11,2
18042636,9,8,2,4,10
18042637,5,3,10,9,4
18042638,10,11,2,8,4
18042639,2,3,10,1,7
18042640,8,2,11,1,5
18042641,11,7,4,3,9
18042642,4,6,8,11,3
18042643,8,9,4,10,11
18042644,9,7,11,5,8
18042645,5,9,1,3,4
18042646,7,6,1,2,8
18042647,1,9,7,11,6
18042648,6,5,10,11,2
18042649,3,5,6,1,2
18042650,10,11,8,7,2
18042651,3,8,7,9,11
18042652,2,10,3,11,4
18042653,5,10,2,1,11
18042654,4,5,9,8,2
18042655,5,1,11,3,6
18042656,3,4,7,2,10
18042657,7,4,2,11,9
18042658,5,7,3,6,8
18042659,3,5,11,9,8
18042660,5,6,2,10,9
18042661,11,1,6,8,4
18042662,3,11,6,5,9
18042663,8,2,10,4,9
18042664,10,4,6,8,11
18042665,2,10,5,1,9
18042666,1,10,9,5,3
18042667,10,11,8,5,9
18042668,1,11,7,2,6
18042669,8,3,7,5,2
18042670,7,5,10,8,2
18042671,2,6,4,5,9
18042672,3,7,2,6,4
18042673,11,5,1,8,2
18042674,7,3,5,2,9
18042675,8,4,1,11,2
18042676,3,7,2,10,9
18042677,10,9,3,6,7
18042678,11,9,1,7,5
18042679,5,3,8,4,11
18042680,2,11,3,4,8
18042681,3,10,8,2,1
18042682,2,5,6,3,8
18042701,8,5,4,7,11
18042702,9,6,10,2,8
18042703,10,9,11,5,1
18042704,10,8,3,1,7
18042705,2,4,8,6,11
18042706,2,9,8,3,4
18042707,10,5,8,3,11
18042708,1,10,6,2,9
18042709,4,3,6,2,9
18042710,7,9,10,8,6
18042711,11,5,3,4,1
18042712,7,2,4,3,8
18042713,11,10,5,3,8
18042714,9,7,6,2,5
18042715,5,3,1,7,2
18042716,8,10,7,9,6
18042717,3,2,7,6,9
18042718,1,8,11,9,7
18042719,1,4,7,11,2
18042720,4,2,5,1,3
18042721,7,4,9,2,8
18042722,2,11,3,5,1
18042723,3,7,9,6,5
18042724,2,4,5,9,11
18042725,9,11,1,10,5
18042726,5,4,11,6,1
18042727,11,2,7,4,8
18042728,8,7,1,5,9
18042729,11,7,5,3,9
18042730,9,3,10,5,7
18042731,6,11,8,5,4
18042732,8,6,5,4,7
18042733,11,8,10,2,4
18042734,9,6,1,10,7
18042735,7,10,2,3,1
18042736,3,2,10,9,5
18042737,1,2,10,6,11
18042738,10,11,7,8,3
18042739,1,6,4,2,10
18042740,8,1,11,6,10
18042741,4,3,6,8,7
18042742,3,10,2,6,1
18042743,9,6,7,1,11
18042744,3,9,2,11,6
18042745,7,8,2,5,11
18042746,2,1,8,7,4
18042747,8,1,3,5,10
18042748,9,7,11,4,1
18042749,9,2,11,1,5
18042750,6,8,2,1,7
18042751,3,5,2,11,10
18042752,7,2,11,8,6
18042753,1,11,9,8,6
18042754,2,11,10,4,9
18042755,9,7,4,6,3
18042756,4,8,2,5,9
18042757,9,1,5,10,2
18042758,7,8,3,10,4
18042759,11,10,4,3,9
18042760,1,2,4,5,8
18042761,7,8,1,2,3
18042762,1,3,10,11,2
18042763,1,2,3,11,5
18042764,6,9,3,1,11
18042765,6,5,9,7,3
18042766,10,8,3,7,4
18042767,11,10,7,8,1
18042768,6,4,1,5,3
18042769,7,8,1,9,5
18042770,4,9,6,2,7
18042771,5,4,1,9,2
18042772,7,3,8,4,5
18042773,7,10,6,8,1
18042774,6,7,8,10,4
18042775,2,4,7,5,10
18042776,8,10,3,11,7
18042777,3,4,10,9,6
18042778,5,11,3,7,2
18042779,5,9,3,1,11
18042780,8,7,9,5,1
18042781,3,10,2,11,5
18042782,10,7,2,4,5
18042801,7,11,8,6,2
18042802,8,6,9,11,5
18042803,6,3,5,1,10
18042804,2,3,9,1,5
18042805,6,10,3,5,7
18042806,7,11,2,6,4
18042807,6,4,7,1,9
18042808,2,9,10,11,4
18042809,10,11,5,6,8
18042810,3,7,1,10,6
18042811,6,4,5,7,2
18042812,9,2,10,7,5
18042813,10,1,7,4,5
18042814,6,1,4,3,5
18042815,1,6,3,10,11
18042816,5,1,10,11,6
18042817,2,1,10,5,11
18042818,7,1,5,9,8
18042819,4,6,2,9,11
18042820,7,11,6,5,1
18042821,4,8,3,6,11
18042822,1,4,2,9,6
18042823,5,2,7,3,6
18042824,5,8,1,6,3
18042825,4,7,5,9,11
18042826,1,6,7,2,5
18042827,4,7,2,5,3
18042828,2,4,7,5,8
18042829,3,11,5,9,2
18042830,9,11,2,3,1
18042831,10,8,7,6,4
18042832,9,5,1,10,6
18042833,3,10,4,1,8
18042834,3,1,9,2,7
18042835,9,4,2,8,1
18042836,9,8,1,7,3
18042837,7,8,1,9,2
18042838,11,9,3,10,8
18042839,6,8,3,10,11
18042840,2,10,8,6,3
18042841,11,10,7,5,2
18042842,7,4,6,3,8
18042843,7,4,11,2,3
18042844,4,2,3,7,1
18042845,10,4,11,6,9
18042846,11,6,4,8,7
18042847,8,5,11,7,10
18042848,6,1,10,11,9
18042849,8,7,6,9,10
18042850,10,9,11,7,1
18042851,9,10,3,7,6
18042852,1,11,9,7,8
18042853,3,11,2,10,6
18042854,10,4,8,5,11
18042855,10,3,2,6,9
18042856,5,6,8,3,11
18042857,7,10,9,5,8
18042858,9,11,7,5,1
18042859,6,7,3,2,5
18042860,4,10,8,7,3
18042861,6,10,8,1,9
18042862,9,4,10,11,3
18042863,10,5,4,2,1
18042864,3,2,1,11,4
18042865,4,3,1,8,7
18042866,6,11,9,8,5
18042867,8,7,2,11,3
18042868,7,1,6,3,9
18042869,7,3,2,6,10
18042870,3,10,9,11,2
18042871,1,6,7,4,2
18042872,2,4,11,1,7
18042873,10,11,5,2,3
18042874,7,6,2,3,8
18042875,11,10,1,6,5
18042876,7,9,11,1,2
18042877,8,1,3,10,7
18042878,2,1,11,8,7
18042879,2,6,9,5,3
18042880,9,2,11,1,8
18042881,6,7,9,1,3
18042882,9,10,6,5,7
18042901,5,1,4,7,8
18042902,8,1,3,5,6
18042903,3,5,11,9,8
18042904,1,10,6,7,4
18042905,1,6,10,11,8
18042906,9,1,4,6,2
18042907,5,11,8,6,1
18042908,8,7,9,10,4
18042909,2,8,7,5,6
18042910,8,5,10,11,1
18042911,1,2,9,11,3
18042912,10,2,8,4,5
18042913,5,8,3,9,6
18042914,3,1,11,6,5
18042915,9,2,6,8,11
18042916,4,3,7,2,11
18042917,5,3,8,1,6
18042918,9,6,3,10,11
18042919,11,5,7,2,8
18042920,5,3,7,11,9
18042921,3,1,6,8,5
18042922,3,8,10,5,7
18042923,10,8,5,11,4
18042924,9,4,3,11,2
18042925,7,9,1,5,4
18042926,10,7,1,5,6
18042927,11,9,4,1,2
18042928,7,10,4,6,8
18042929,8,3,6,11,2
18042930,11,2,10,9,5
18042931,8,9,1,2,11
18042932,6,9,1,10,7
18042933,5,3,7,1,4
18042934,8,9,5,4,11
18042935,11,3,9,5,6
18042936,6,11,8,5,4
18042937,9,7,3,1,8
18042938,1,10,8,4,9
18042939,1,4,5,9,8
18042940,5,8,2,3,7
18042941,6,4,11,7,2
18042942,6,10,4,1,5
18042943,5,1,6,4,7
18042944,11,7,4,3,10
18042945,11,6,1,2,7
18042946,9,1,8,4,3
18042947,2,4,10,9,7
18042948,2,8,3,4,9
18042949,9,4,2,3,10
18042950,11,2,4,8,5
18042951,2,7,6,5,8
18042952,7,10,9,8,3
18042953,5,4,3,7,6
18042954,4,1,3,7,6
18042955,2,7,8,11,4
18042956,6,4,9,7,10
18042957,2,8,3,5,1
18042958,9,5,8,10,2
18042959,11,10,8,7,5
18042960,3,7,1,2,5
18042961,1,3,4,6,5
18042962,6,2,4,5,8
18042963,5,9,11,7,2
18042964,8,2,10,6,5
18042965,8,3,11,10,9
18042966,9,6,10,7,5
18042967,2,6,10,5,4
18042968,6,7,11,5,3
18042969,11,1,2,5,8
18042970,2,11,7,8,3
18042971,7,8,6,11,4
18042972,9,8,4,10,1
18042973,7,1,2,10,9
18042974,5,7,6,1,9
18042975,7,3,1,11,10
18042976,3,6,10,5,9
18042977,3,7,1,10,6
18042978,4,6,8,9,10
18042979,6,7,1,4,5
18042980,4,1,9,2,11
18042981,2,4,1,8,3
18042982,1,7,4,3,10
18043001,7,8,3,2,9
18043002,3,2,10,6,4
18043003,2,4,5,7,3
18043004,5,10,9,1,4
18043005,8,1,3,5,4
18043006,1,7,11,6,2
18043007,1,7,11,3,5
18043008,6,4,11,7,8
18043009,4,5,6,11,9
18043010,6,9,11,4,3
18043011,2,1,6,10,5
18043012,10,9,8,5,3
18043013,4,1,7,2,3
18043014,9,3,1,8,7
18043015,7,11,6,1,2
18043016,8,1,11,9,2
18043017,3,1,5,7,10
18043018,1,8,4,11,9
18043019,9,11,6,3,2
18043020,2,7,6,10,4
18043021,7,5,4,1,11
18043022,5,9,3,7,6
18043023,1,11,3,7,8
18043024,2,10,1,3,6
18043025,1,5,2,10,4
18043026,3,5,10,4,7
18043027,3,7,2,5,10
18043028,4,1,5,6,2
18043029,7,6,8,2,1
18043030,8,3,7,1,5
18043031,9,11,8,1,4
18043032,11,9,5,3,10
18043033,6,7,1,10,2
18043034,11,8,7,10,4
18043035,8,5,4,9,2
18043036,11,5,1,2,3
18043037,2,4,11,10,1
18043038,8,5,10,11,2
18043039,8,3,10,1,5
18043040,8,7,3,4,5
18043041,4,8,7,9,5
18043042,5,10,9,3,1
18043043,9,4,8,10,5
18043044,5,7,8,11,4
18043045,6,5,10,4,8
18043046,9,11,10,7,3
18043047,9,6,10,7,11
18043048,11,5,9,10,3
18043049,11,10,9,8,5
18043050,11,10,9,8,5
18043051,6,9,8,7,1
18043052,1,7,2,11,5
18043053,11,3,6,5,8
18043054,8,6,11,2,1
18043055,5,2,7,6,4
18043056,3,4,5,2,9
18043057,6,2,10,9,1
18043058,2,1,3,9,5
18043059,6,4,11,9,3
18043060,8,4,2,10,11
18043061,3,5,6,4,1
18043062,5,7,6,2,8
18043063,8,10,7,11,5
18043064,8,10,1,5,9
18043065,8,11,7,1,2
18043066,6,11,2,3,7
18043067,2,6,10,11,4
18043068,3,11,10,6,9
18043069,8,9,7,10,3
18043070,2,6,8,9,1
18043071,11,5,10,9,7
18043072,8,1,4,6,10
18043073,10,3,2,7,11
18043074,4,9,5,2,1
18043075,3,11,9,8,5
18043076,10,3,7,9,11
18043077,5,3,6,8,10
18043078,4,5,2,3,1
18043079,8,7,9,3,2
18043080,4,8,7,1,6
18043081,11,8,4,1,2
18043082,11,9,8,4,7
