19040101,8,6,3,1,11
19040102,8,4,11,5,3
19040103,6,11,7,2,1
19040104,4,1,8,7,11
19040105,2,4,8,3,9
19040106,1,8,4,3,6
19040107,7,5,6,9,3
19040108,1,2,10,4,9
19040109,5,11,4,7,3
19040110,9,1,7,11,4
19040111,7,2,11,9,4
19040112,1,4,6,9,2
19040113,2,4,10,1,11
19040114,5,11,4,7,8
19040115,3,11,10,5,7
19040116,2,9,7,6,5
19040117,2,8,11,9,4
19040118,10,3,1,5,8
19040119,9,1,10,6,11
19040120,4,5,3,7,11
19040121,2,8,7,4,3
19040122,9,4,1,6,3
19040123,2,6,7,5,1
19040124,5,6,8,10,2
19040125,6,8,1,2,5
19040126,5,10,4,2,7
19040127,11,6,3,1,8
19040128,2,9,1,5,8
19040129,3,1,9,11,2
19040130,10,7,3,5,8
19040131,8,3,5,1,9
19040132,9,7,11,3,5
19040133,7,11,5,9,2
19040134,8,6,7,9,3
19040135,3,6,10,7,4
19040136,7,6,11,3,4
19040137,3,9,7,1,5
19040138,11,6,2,10,3
19040139,10,8,1,6,5
19040140,7,1,8,11,6
19040141,1,10,2,8,5
19040142,3,10,5,6,8
19040201,3,5,4,7,1
19040202,3,8,10,11,5
19040203,4,6,11,1,5
19040204,7,1,5,11,4
19040205,1,9,2,4,5
19040206,2,4,6,10,1
19040207,8,7,6,11,10
19040208,1,5,9,2,11
19040209,6,9,10,11,4
19040210,1,5,7,6,8
19040211,6,11,7,4,5
19040212,4,1,11,7,3
19040213,7,9,6,10,11
19040214,5,7,6,11,8
19040215,6,10,4,1,7
19040216,4,5,11,9,6
19040217,3,7,4,5,1
19040218,5,1,3,8,4
19040219,9,8,3,4,7
19040220,11,5,10,2,3
19040221,11,7,3,4,1
19040222,11,7,8,4,1
19040223,4,7,3,2,8
19040224,8,9,1,3,5
19040225,11,8,4,2,5
19040226,1,11,8,7,3
19040227,10,5,6,9,7
19040228,5,8,1,11,2
19040229,10,7,6,1,2
19040230,8,1,3,11,5
19040231,9,3,1,4,5
19040232,4,9,2,3,7
19040233,10,6,2,11,4
19040234,7,8,9,3,2
19040235,3,7,9,10,6
19040236,5,9,2,3,4
19040237,11,8,6,10,4
19040238,5,11,9,1,2
19040239,4,7,5,1,6
19040240,7,4,1,5,6
19040241,6,4,8,5,11
19040242,2,8,5,7,10
19040301,6,2,10,8,9
19040302,7,8,2,5,3
19040303,4,11,2,10,5
19040304,6,8,5,1,10
19040305,3,2,5,6,1
19040306,2,1,10,11,8
19040307,10,9,8,4,1
19040308,2,4,11,10,3
19040309,11,10,5,7,4
19040310,1,6,7,3,4
19040311,8,9,5,3,4
19040312,9,8,11,5,3
19040313,6,2,8,3,10
19040314,9,1,2,7,11
19040315,6,1,11,2,9
19040316,9,3,7,11,4
19040317,1,8,11,7,2
19040318,7,1,3,11,2
19040319,5,9,1,11,2
19040320,7,8,5,6,11
19040321,11,6,7,9,2
19040322,7,5,10,4,8
19040323,3,7,8,10,9
19040324,5,11,3,1,2
19040325,6,11,3,9,10
19040326,5,9,11,8,10
19040327,1,8,5,4,6
19040328,5,9,1,11,8
19040329,11,3,2,4,6
19040330,3,8,6,2,4
19040331,2,7,1,4,11
19040332,8,10,11,1,4
19040333,4,10,2,3,7
19040334,10,1,9,6,3
19040335,10,9,11,5,3
19040336,6,9,7,10,8
19040337,3,9,7,5,4
19040338,7,9,4,5,8
19040339,2,7,6,9,4
19040340,3,8,6,2,9
19040341,7,3,1,4,8
19040342,5,1,3,10,7
19040401,1,8,5,10,7
19040402,11,2,3,9,7
19040403,3,10,9,7,2
19040404,10,7,1,9,5
19040405,11,4,6,7,3
19040406,9,1,11,10,5
19040407,7,8,2,6,11
19040408,7,4,3,6,10
19040409,7,1,10,11,6
19040410,9,7,1,10,2
19040411,4,2,6,10,7
19040412,1,10,9,3,4
19040413,2,9,7,8,6
19040414,10,3,1,4,11
19040415,7,3,4,1,6
19040416,6,8,11,10,2
19040417,7,5,9,8,11
19040418,6,2,11,10,4
19040419,1,8,5,10,7
19040420,1,8,5,10,7
19040421,2,9,11,5,3
19040422,2,4,7,5,1
19040423,6,4,9,8,10
19040424,2,7,3,4,5
19040425,11,1,10,7,4
19040426,6,7,9,10,4
19040427,9,4,3,2,10
19040428,11,1,9,6,5
19040429,4,2,1,8,7
19040430,8,9,3,11,2
19040431,6,9,8,7,5
19040432,4,2,10,9,8
19040433,4,3,2,1,5
19040434,1,7,6,5,3
19040435,8,4,11,5,7
19040436,6,7,2,3,9
19040437,3,6,2,11,10
19040438,3,9,8,2,5
19040439,10,5,6,9,1
19040440,4,8,3,2,6
19040441,4,5,8,11,2
19040442,4,2,7,3,10
19040501,7,11,3,9,5
19040502,2,6,5,4,8
19040503,9,8,7,10,4
19040504,1,3,11,6,8
19040505,2,10,6,1,8
19040506,5,7,4,11,1
19040507,7,9,8,5,10
19040508,2,8,10,9,1
19040509,4,1,6,7,5
19040510,9,3,10,1,8
19040511,4,8,11,7,6
19040512,2,3,7,9,8
19040513,1,5,9,4,8
19040514,11,6,4,1,2
19040515,11,1,7,4,2
19040516,4,9,5,7,8
19040517,7,5,9,6,11
19040518,7,4,5,2,8
19040519,1,9,4,3,10
19040520,2,6,4,3,8
19040521,11,9,2,10,1
19040522,3,5,4,1,11
19040523,9,2,4,8,6
19040524,9,10,7,6,2
19040525,3,8,10,5,6
19040526,10,7,3,5,11
19040527,9,11,2,4,6
19040528,6,10,2,1,11
19040529,5,3,2,4,10
19040530,1,7,4,3,2
19040531,9,6,4,3,7
19040532,8,9,1,2,6
19040533,5,2,6,8,4
19040534,6,8,1,5,11
19040535,5,11,7,6,10
19040536,8,6,1,7,9
19040537,5,6,1,4,8
19040538,8,2,5,7,3
19040539,10,4,1,6,8
19040540,5,11,7,2,9
19040541,3,1,5,8,11
19040542,9,4,2,10,7
19040601,5,8,9,11,1
19040602,2,9,7,8,10
19040603,10,2,5,6,9
19040604,10,5,3,9,7
19040605,5,11,6,2,3
19040606,2,9,10,11,7
19040607,6,5,10,4,11
19040608,11,9,1,10,6
19040609,5,11,10,8,3
19040610,4,9,1,11,5
19040611,3,7,4,1,8
19040612,9,4,7,11,3
19040613,4,8,5,9,6
19040614,6,10,3,2,1
19040615,7,1,8,11,5
19040616,6,4,8,9,5
19040617,8,3,10,7,11
19040618,11,4,2,7,3
19040619,9,1,7,4,2
19040620,5,1,8,11,4
19040621,3,7,4,2,6
19040622,1,10,2,11,6
19040623,7,6,9,2,8
19040624,6,9,3,8,4
19040625,5,11,10,3,2
19040626,9,11,4,7,10
19040627,7,8,11,4,2
19040628,3,2,9,8,11
19040629,6,5,7,9,10
19040630,1,7,9,6,10
19040631,10,2,8,6,4
19040632,11,8,10,5,9
19040633,6,2,10,11,1
19040634,3,7,8,6,5
19040635,8,3,6,1,11
19040636,10,11,5,9,7
19040637,9,10,1,2,6
19040638,9,5,10,7,6
19040639,2,4,6,8,11
19040640,9,1,6,7,2
19040641,2,8,7,4,3
19040642,11,5,7,2,6
19040701,4,5,9,10,11
19040702,7,10,2,5,11
19040703,6,10,8,1,2
19040704,9,4,7,2,10
19040705,6,3,10,4,7
19040706,3,4,10,7,8
19040707,7,8,2,9,11
19040708,1,7,2,11,3
19040709,9,3,2,8,10
19040710,5,4,2,11,10
19040711,7,9,5,6,10
19040712,9,1,4,3,10
19040713,9,1,10,6,2
19040714,7,4,11,5,3
19040715,9,5,3,4,6
19040716,9,2,11,7,8
19040717,7,9,2,5,1
19040718,2,1,6,7,5
19040719,4,9,6,3,10
19040720,3,9,10,4,8
19040721,1,6,11,10,3
19040722,6,5,11,3,9
19040723,3,9,7,8,10
19040724,5,8,9,4,7
19040725,9,2,7,6,5
19040726,10,7,4,1,11
19040727,4,10,1,11,7
19040728,11,7,5,4,1
19040729,5,6,10,9,7
19040730,5,9,11,1,6
19040731,9,7,2,11,10
19040732,9,8,5,7,6
19040733,9,8,2,1,4
19040734,11,2,9,1,3
19040735,6,9,11,3,7
19040736,5,10,2,4,8
19040737,2,6,5,4,11
19040738,4,2,10,6,5
19040739,1,8,5,2,3
19040740,7,4,3,2,6
19040741,5,9,4,1,8
19040742,10,5,8,3,9
19040801,7,4,8,1,11
19040802,3,8,11,4,7
19040803,10,7,3,4,1
19040804,2,10,11,8,7
19040805,7,11,2,3,9
19040806,11,2,7,3,10
19040807,3,7,5,4,9
19040808,6,3,1,5,9
19040809,6,1,11,5,4
19040810,3,8,9,5,2
19040811,7,8,9,10,11
19040812,7,10,8,1,6
19040813,9,10,11,3,1
19040814,5,1,4,11,6
19040815,2,8,9,11,5
19040816,10,2,7,4,11
19040817,2,10,9,5,6
19040818,4,6,7,3,8
19040819,3,11,2,6,7
19040820,6,8,9,1,10
19040821,8,9,7,10,5
19040822,1,4,6,10,7
19040823,7,8,9,5,11
19040824,2,7,11,3,9
19040825,9,10,5,11,2
19040826,1,7,2,8,3
19040827,9,7,5,11,10
19040828,11,6,5,7,10
19040829,6,11,9,2,10
19040830,5,9,6,1,8
19040831,9,8,5,7,3
19040832,5,11,7,8,10
19040833,8,7,4,9,10
19040834,11,7,3,2,4
19040835,7,6,1,4,11
19040836,9,10,1,3,4
19040837,10,9,8,11,3
19040838,3,9,4,6,10
19040839,2,5,6,11,9
19040840,2,4,11,7,9
19040841,11,2,8,10,5
19040842,6,5,11,2,3
19040901,1,9,4,11,5
19040902,1,6,9,4,7
19040903,11,5,8,9,4
19040904,9,1,3,8,2
19040905,7,4,8,1,3
19040906,5,10,8,2,11
19040907,6,4,2,5,7
19040908,10,11,6,8,3
19040909,3,8,6,1,2
19040910,1,3,4,7,9
19040911,3,10,8,9,7
19040912,10,5,2,8,4
19040913,11,10,7,2,4
19040914,6,7,10,8,3
19040915,8,3,2,6,7
19040916,10,3,7,6,11
19040917,7,4,10,9,11
19040918,10,9,7,5,4
19040919,4,5,8,11,1
19040920,6,7,5,8,10
19040921,1,9,3,8,6
19040922,4,10,7,5,9
19040923,6,10,11,1,4
19040924,1,10,4,8,9
19040925,8,1,6,5,3
19040926,9,5,4,7,10
19040927,9,7,5,11,4
19040928,7,4,10,1,5
19040929,5,4,1,7,6
19040930,11,8,5,10,6
19040931,11,3,5,8,7
19040932,9,2,5,6,8
19040933,9,4,8,1,6
19040934,4,6,1,3,7
19040935,6,4,3,10,7
19040936,2,4,3,8,6
19040937,9,3,10,2,8
19040938,5,11,7,2,1
19040939,10,7,9,4,2
19040940,11,6,9,10,2
19040941,6,5,10,1,4
19040942,3,2,4,9,6
19041001,5,6,10,1,3
19041002,9,3,7,1,10
19041003,7,9,6,3,4
19041004,9,5,11,10,4
19041005,11,5,1,3,6
19041006,3,5,1,4,2
19041007,3,8,6,10,4
19041008,5,4,1,10,2
19041009,8,2,1,7,3
19041010,3,9,10,6,5
19041011,11,2,4,3,9
19041012,11,10,6,1,5
19041013,3,4,9,5,1
19041014,7,8,11,9,3
19041015,5,6,8,9,2
19041016,4,6,9,11,7
19041017,7,1,2,11,5
19041018,10,8,7,4,2
19041019,10,9,2,6,7
19041020,1,3,8,11,2
19041021,7,5,8,11,10
19041022,11,4,1,10,5
19041023,8,10,2,6,11
19041024,3,8,11,5,9
19041025,3,11,7,2,6
19041026,6,10,9,7,5
19041027,10,2,5,3,6
19041028,4,9,1,5,6
19041029,4,1,8,9,7
19041030,9,5,2,7,4
19041031,9,5,4,10,7
19041032,6,8,5,7,11
19041033,3,10,9,11,7
19041034,4,2,11,8,10
19041035,6,2,4,8,7
19041036,10,5,9,7,4
19041037,5,9,2,3,6
19041038,9,6,1,2,10
19041039,9,4,10,6,11
19041040,3,1,4,7,6
19041041,10,11,3,7,9
19041042,9,3,2,7,6
19041101,8,4,2,5,9
19041102,5,4,1,2,11
19041103,4,7,8,6,1
19041104,9,7,4,3,8
19041105,1,6,10,2,7
19041106,5,10,8,2,9
19041107,5,2,4,1,6
19041108,6,2,9,8,7
19041109,3,1,9,2,8
19041110,3,5,11,10,8
19041111,4,1,5,3,7
19041112,5,10,6,9,7
19041113,8,7,1,10,6
19041114,3,1,10,8,11
19041115,11,8,4,7,9
19041116,3,10,8,1,11
19041117,9,8,2,1,3
19041118,8,9,10,5,7
19041119,7,5,9,8,1
19041120,10,1,9,8,5
19041121,2,1,9,3,6
19041122,9,6,7,11,2
19041123,5,8,4,11,6
19041124,7,9,10,1,8
19041125,10,2,5,4,3
19041126,8,7,2,5,1
19041127,4,9,7,6,10
19041128,4,8,10,2,7
19041129,2,10,9,8,11
19041130,6,11,5,4,8
19041131,6,4,11,3,8
19041132,9,10,8,11,3
19041133,5,11,4,6,7
19041134,9,6,2,4,8
19041135,1,7,6,2,8
19041136,4,11,3,10,9
19041137,7,9,11,6,8
19041138,2,8,5,3,6
19041139,10,5,7,9,4
19041140,4,11,10,2,5
19041141,5,3,8,11,6
19041142,9,1,4,8,6
19041201,11,10,2,7,6
19041202,3,9,1,11,10
19041203,11,6,10,5,2
19041204,8,4,5,1,7
19041205,11,7,8,6,1
19041206,5,3,11,7,6
19041207,2,1,9,6,4
19041208,3,2,11,9,4
19041209,5,3,9,8,11
19041210,8,1,2,10,7
19041211,5,1,10,11,3
19041212,8,5,9,4,3
19041213,7,1,4,11,3
19041214,2,5,9,1,4
19041215,5,4,11,9,1
19041216,7,10,11,5,3
19041217,11,4,10,7,2
19041218,10,8,4,11,6
19041219,2,5,6,4,10
19041220,6,11,9,5,8
19041221,7,9,10,3,1
19041222,5,10,1,6,2
19041223,5,10,3,1,11
19041224,2,8,3,11,5
19041225,4,9,1,5,8
19041226,11,6,9,7,4
19041227,8,6,2,1,4
19041228,5,4,2,8,9
19041229,7,10,5,8,11
19041230,1,10,7,9,6
19041231,9,3,5,6,2
19041232,11,5,9,8,2
19041233,10,2,6,7,9
19041234,7,4,6,8,3
19041235,11,3,7,2,5
19041236,9,7,4,5,3
19041237,10,4,8,6,11
19041238,6,11,1,2,5
19041239,4,3,8,6,5
19041240,7,1,2,11,3
19041241,1,2,6,8,9
19041242,9,5,6,11,1
19041301,8,3,1,11,2
19041302,8,2,10,5,11
19041303,2,8,3,9,11
19041304,10,6,8,7,2
19041305,2,9,3,8,11
19041306,7,11,8,2,10
19041307,9,11,8,6,3
19041308,10,7,5,8,1
19041309,4,3,9,2,6
19041310,7,8,4,11,9
19041311,3,8,6,2,10
19041312,8,9,11,6,2
19041313,8,9,3,11,4
19041314,2,5,6,10,1
19041315,10,7,6,11,5
19041316,8,4,1,10,11
19041317,9,1,7,6,11
19041318,9,3,10,6,4
19041319,4,2,6,3,9
19041320,11,9,8,1,10
19041321,10,3,2,9,6
19041322,1,5,10,4,3
19041323,2,5,1,10,7
19041324,9,8,1,6,3
19041325,2,10,3,1,5
19041326,5,6,8,2,7
19041327,4,6,2,9,5
19041328,11,5,9,4,8
19041329,4,9,10,6,5
19041330,10,9,5,7,4
19041331,8,10,7,9,1
19041332,6,8,9,7,11
19041333,7,6,2,11,1
19041334,6,2,3,11,5
19041335,6,11,3,7,8
19041336,1,7,11,6,10
19041337,8,5,9,4,3
19041338,3,7,5,9,4
19041339,2,9,8,10,11
19041340,2,9,10,4,5
19041341,9,11,8,3,6
19041342,2,3,5,4,8
19041401,8,2,5,6,1
19041402,9,2,7,10,3
19041403,7,10,3,5,9
19041404,4,1,10,5,9
19041405,6,7,3,5,9
19041406,3,10,8,2,11
19041407,11,3,8,9,1
19041408,1,9,5,4,8
19041409,4,5,3,1,10
19041410,7,2,5,1,8
19041411,5,9,10,8,3
19041412,9,8,7,5,4
19041413,4,5,8,6,2
19041414,4,7,9,10,3
19041415,1,2,9,3,8
19041416,4,3,9,5,1
19041417,6,9,3,2,10
19041418,7,3,9,4,10
19041419,6,9,2,10,1
19041420,3,6,8,9,5
19041421,2,3,1,5,6
19041422,3,7,6,4,2
19041423,2,8,10,5,3
19041424,10,2,11,9,5
19041425,8,4,11,2,3
19041426,7,9,10,2,1
19041427,7,9,4,8,11
19041428,10,6,3,2,11
19041429,6,1,3,8,11
19041430,11,8,6,9,7
19041431,1,7,6,5,2
19041432,10,7,8,11,4
19041433,3,1,7,11,10
19041434,5,10,11,7,6
19041435,6,9,10,4,1
19041436,6,5,4,11,9
19041437,2,9,10,8,6
19041438,6,8,2,4,10
19041439,5,3,11,1,8
19041440,9,8,2,11,1
19041441,9,2,6,1,11
19041442,2,9,4,8,10
19041501,6,2,9,5,11
19041502,9,5,6,7,2
19041503,1,2,4,7,10
19041504,10,9,5,4,7
19041505,6,5,11,1,7
19041506,8,1,6,9,10
19041507,3,9,6,1,11
19041508,3,11,8,2,10
19041509,4,7,6,3,2
19041510,5,7,2,4,8
19041511,11,9,10,4,7
19041512,11,3,8,6,10
19041513,5,9,1,11,6
19041514,7,2,1,3,6
19041515,4,7,2,3,8
19041516,5,4,1,7,8
19041517,3,6,9,1,5
19041518,9,8,10,5,4
19041519,7,9,4,5,1
19041520,4,2,6,8,1
19041521,9,3,5,4,7
19041522,7,4,8,10,6
19041523,1,6,4,8,11
19041524,8,1,6,5,7
19041525,10,7,3,5,1
19041526,10,6,3,1,2
19041527,10,7,11,1,3
19041528,11,1,6,8,3
19041529,2,6,8,5,11
19041530,4,11,3,9,7
19041531,6,10,3,9,4
19041532,7,11,1,8,3
19041533,4,3,2,5,1
19041534,11,5,3,1,7
19041535,5,3,9,11,10
19041536,11,5,8,6,10
19041537,6,8,1,2,3
19041538,4,10,8,3,9
19041539,10,5,8,6,4
19041540,4,3,5,7,11
19041541,2,8,4,5,7
19041542,5,4,6,10,11
19041601,6,3,1,8,7
19041602,11,4,10,3,6
19041603,9,2,1,7,4
19041604,4,9,11,3,2
19041605,10,3,6,2,1
19041606,5,9,3,11,4
19041607,6,11,1,3,9
19041608,6,5,10,8,9
19041609,7,1,6,5,4
19041610,11,10,1,6,4
19041611,11,10,2,8,6
19041612,3,4,5,2,1
19041613,7,1,4,9,3
19041614,5,3,1,6,10
19041615,1,5,10,7,8
19041616,11,3,4,2,6
19041617,9,3,6,5,10
19041618,6,7,2,11,3
19041619,9,5,10,2,8
19041620,3,8,1,10,2
19041621,11,3,1,4,5
19041622,8,5,9,11,1
19041623,3,11,6,10,1
19041624,9,8,7,11,2
19041625,8,6,2,5,9
19041626,9,5,2,1,7
19041627,11,10,1,9,2
19041628,7,10,4,6,11
19041629,9,1,10,7,4
19041630,1,6,4,2,8
19041631,7,8,5,9,4
19041632,9,3,10,4,5
19041633,8,6,7,3,9
19041634,8,2,6,10,11
19041635,6,4,7,11,5
19041636,7,5,9,1,8
19041637,3,2,10,11,4
19041638,1,2,6,8,5
19041639,4,3,6,8,7
19041640,8,1,6,5,3
19041641,9,3,1,5,11
19041642,9,8,11,5,4
19041701,9,5,8,3,10
19041702,11,2,9,4,1
19041703,9,2,5,1,6
19041704,3,7,1,8,11
19041705,2,3,11,10,7
19041706,4,8,1,2,7
19041707,9,4,2,1,11
19041708,5,3,1,4,11
19041709,11,3,1,5,4
19041710,2,5,9,10,8
19041711,7,4,1,5,6
19041712,4,9,10,8,1
19041713,10,11,4,2,7
19041714,1,2,11,8,9
19041715,4,2,3,10,11
19041716,9,1,2,4,5
19041717,7,4,1,9,10
19041718,9,8,6,3,2
19041719,3,8,7,5,2
19041720,4,10,3,7,2
19041721,8,6,1,4,3
19041722,6,10,7,8,11
19041723,6,2,9,5,8
19041724,11,5,2,7,9
19041725,3,2,11,8,7
19041726,9,11,8,6,1
19041727,9,7,3,10,8
19041728,7,2,10,1,9
19041729,1,11,2,10,9
19041730,10,4,8,7,5
19041731,11,5,1,10,6
19041732,2,4,3,9,6
19041733,7,3,4,10,1
19041734,2,9,6,11,10
19041735,6,10,7,3,8
19041736,5,2,8,9,6
19041737,1,7,5,3,11
19041738,1,4,5,9,2
19041739,5,10,11,1,2
19041740,6,10,5,3,9
19041741,2,7,4,3,6
19041742,3,10,7,8,1
19041801,11,5,10,7,6
19041802,3,4,10,8,2
19041803,3,6,7,11,1
19041804,9,10,2,7,5
19041805,3,7,5,8,6
19041806,1,8,10,5,6
19041807,5,8,11,6,10
19041808,10,11,7,8,9
19041809,11,10,7,2,3
19041810,1,5,2,8,10
19041811,11,5,8,2,6
19041812,11,10,3,9,5
19041813,4,3,10,11,7
19041814,10,1,9,8,7
19041815,10,2,8,1,3
19041816,6,11,3,2,1
19041817,3,11,7,1,9
19041818,2,6,3,11,9
19041819,10,11,5,8,6
19041820,5,1,3,7,2
19041821,1,2,3,5,10
19041822,11,4,6,8,7
19041823,3,5,7,8,6
19041824,3,5,9,6,1
19041825,3,2,1,6,8
19041826,9,2,7,11,6
19041827,5,3,1,10,7
19041828,11,6,4,8,3
19041829,6,1,3,4,11
19041830,1,3,2,4,7
19041831,3,6,7,9,2
19041832,7,6,8,1,11
19041833,3,6,9,10,4
19041834,7,1,10,11,8
19041835,10,9,3,7,11
19041836,2,6,7,3,1
19041837,4,5,9,7,6
19041838,8,7,11,6,1
19041839,8,3,10,7,6
19041840,10,5,8,9,3
19041841,10,3,2,7,9
19041842,10,3,8,7,1
19041901,2,4,10,7,5
19041902,5,2,10,3,6
19041903,7,2,4,1,5
19041904,1,8,2,7,4
19041905,3,7,11,1,5
19041906,9,6,11,3,8
19041907,2,3,4,7,8
19041908,6,2,10,9,4
19041909,7,8,9,3,4
19041910,8,4,7,3,11
19041911,1,2,10,4,3
19041912,6,8,11,3,4
19041913,9,4,1,5,6
19041914,6,1,11,4,10
19041915,2,1,8,3,4
19041916,5,4,8,1,6
19041917,9,7,6,10,2
19041918,9,3,1,11,7
19041919,11,7,1,2,10
19041920,5,8,9,7,2
19041921,8,6,4,9,10
19041922,11,3,9,2,8
19041923,5,1,3,10,7
19041924,3,1,8,2,4
19041925,11,6,4,9,3
19041926,9,8,10,4,2
19041927,11,9,8,1,10
19041928,2,6,11,3,4
19041929,1,7,9,10,4
19041930,9,8,6,11,10
19041931,5,8,2,10,4
19041932,7,4,2,5,1
19041933,6,8,5,7,11
19041934,10,4,3,5,9
19041935,3,9,7,8,5
19041936,10,8,9,3,5
19041937,1,8,10,9,2
19041938,9,11,8,7,3
19041939,5,7,10,2,6
19041940,4,5,11,10,8
19041941,3,1,2,4,9
19041942,1,9,4,10,6
19042001,9,2,7,11,4
19042002,6,5,1,8,10
19042003,3,2,8,1,9
19042004,8,10,3,5,9
19042005,7,10,4,6,5
19042006,10,1,9,4,3
19042007,9,7,4,5,11
19042008,8,2,3,9,4
19042009,6,3,8,5,7
19042010,3,4,8,2,6
19042011,10,8,1,2,4
19042012,6,3,5,1,2
19042013,5,6,4,9,3
19042014,10,2,8,9,5
19042015,8,4,2,7,3
19042016,5,3,2,1,8
19042017,10,6,5,4,7
19042018,9,7,5,10,4
19042019,10,5,6,7,1
19042020,8,3,11,7,9
19042021,1,9,2,6,8
19042022,10,1,2,5,8
19042023,8,4,10,5,3
19042024,5,3,1,6,2
19042025,1,3,7,9,4
19042026,5,3,2,9,10
19042027,2,4,10,9,1
19042028,6,7,8,4,10
19042029,6,4,3,11,1
19042030,5,7,4,1,8
19042031,10,9,5,8,6
19042032,2,8,1,6,5
19042033,9,10,5,1,2
19042034,11,1,4,6,3
19042035,1,2,9,4,3
19042036,10,11,7,2,9
19042037,2,10,4,3,1
19042038,6,8,2,3,10
19042039,1,4,10,2,5
19042040,4,10,9,1,8
19042041,10,6,8,2,4
19042042,11,7,8,5,6
19042101,7,10,4,8,11
19042102,4,1,11,6,10
19042103,7,9,5,4,2
19042104,6,10,5,3,11
19042105,3,10,7,8,1
19042106,3,11,8,6,10
19042107,5,4,9,8,3
19042108,11,5,1,4,3
19042109,10,7,5,8,4
19042110,10,9,11,4,2
19042111,9,10,4,3,11
19042112,2,7,3,1,10
19042113,3,9,10,5,1
19042114,1,6,5,8,3
19042115,5,10,3,1,9
19042116,2,11,10,9,8
19042117,5,11,6,8,4
19042118,10,2,7,5,8
19042119,7,2,4,10,5
19042120,6,3,4,9,10
19042121,1,11,8,7,5
19042122,9,2,3,6,1
19042123,10,4,1,9,11
19042124,9,5,1,2,8
19042125,3,5,6,8,7
19042126,5,1,4,11,6
19042127,11,4,2,5,8
19042128,4,11,9,1,7
19042129,11,7,6,5,1
19042130,10,2,6,8,4
19042131,2,9,5,11,8
19042132,10,9,1,4,11
19042133,9,1,4,2,7
19042134,2,3,6,11,7
19042135,2,3,9,6,7
19042136,10,9,4,2,8
19042137,7,5,8,3,2
19042138,11,7,1,8,2
19042139,11,4,2,9,7
19042140,8,11,1,4,2
19042141,9,1,7,6,10
19042142,5,9,2,4,11
19042201,5,8,4,10,1
19042202,7,9,2,8,5
19042203,7,6,4,9,10
19042204,9,4,6,7,2
19042205,10,11,1,4,2
19042206,8,11,1,9,3
19042207,4,8,5,6,2
19042208,3,9,4,10,1
19042209,8,6,7,9,1
19042210,9,5,8,1,4
19042211,8,3,5,1,7
19042212,7,3,10,11,4
19042213,10,1,5,6,11
19042214,10,1,8,5,2
19042215,11,10,7,9,4
19042216,5,2,7,11,10
19042217,4,8,3,11,6
19042218,3,10,11,1,6
19042219,5,10,4,8,6
19042220,11,9,4,2,8
19042221,11,8,4,5,2
19042222,4,2,10,6,1
19042223,7,5,9,4,6
19042224,3,9,11,10,7
19042225,9,3,7,1,6
19042226,3,10,5,4,9
19042227,2,8,6,5,1
19042228,7,9,10,1,5
19042229,8,9,7,5,4
19042230,7,11,4,8,6
19042231,11,8,3,9,6
19042232,7,1,5,8,4
19042233,8,5,2,9,3
19042234,10,7,9,1,2
19042235,3,11,7,2,1
19042236,4,3,9,7,11
19042237,2,9,1,11,7
19042238,10,4,9,7,11
19042239,4,7,9,11,8
19042240,5,3,2,4,9
19042241,10,8,3,5,9
19042242,6,4,11,9,10
19042301,2,5,9,7,1
19042302,2,11,7,5,10
19042303,1,4,3,10,8
19042304,6,1,3,10,9
19042305,7,6,9,3,11
19042306,1,9,6,3,5
19042307,11,6,8,4,10
19042308,10,11,9,6,1
19042309,4,11,7,10,5
19042310,8,10,7,9,11
19042311,4,5,7,8,11
19042312,9,8,10,3,2
19042313,1,2,5,10,11
19042314,8,2,9,6,1
19042315,5,9,2,8,3
19042316,11,2,7,10,6
19042317,10,8,6,7,11
19042318,9,11,2,5,1
19042319,5,7,2,9,4
19042320,3,5,7,6,1
19042321,5,7,9,10,3
19042322,7,9,4,3,2
19042323,10,3,11,9,1
19042324,7,2,6,8,4
19042325,11,7,1,6,5
19042326,9,1,5,7,3
19042327,8,7,1,5,10
19042328,3,4,2,8,11
19042329,5,9,7,8,4
19042330,8,10,9,7,3
19042331,11,7,10,6,8
19042332,6,11,9,7,1
19042333,2,3,4,8,9
19042334,9,3,4,5,6
19042335,1,7,4,11,5
19042336,6,5,2,7,4
19042337,9,11,4,1,3
19042338,1,10,7,8,4
19042339,1,3,4,10,5
19042340,9,2,8,4,1
19042341,9,3,10,5,8
19042342,6,7,1,11,4
19042401,2,9,5,4,10
19042402,6,4,10,7,9
19042403,3,1,4,2,10
19042404,8,2,10,5,11
19042405,5,3,9,11,7
19042406,1,6,11,8,9
19042407,7,4,5,8,9
19042408,10,2,9,11,6
19042409,6,9,4,2,3
19042410,5,8,7,10,1
19042411,6,5,1,8,2
19042412,7,5,1,6,2
19042413,7,4,11,3,6
19042414,3,1,4,9,6
19042415,1,11,5,6,10
19042416,4,5,3,9,1
19042417,5,11,3,8,10
19042418,6,11,8,4,2
19042419,3,10,6,11,9
19042420,5,3,9,2,11
19042421,8,9,11,6,3
19042422,2,1,9,4,7
19042423,10,5,4,6,7
19042424,8,11,3,6,1
19042425,5,2,10,8,9
19042426,7,11,6,4,2
19042427,11,3,5,7,8
19042428,5,11,10,2,7
19042429,4,6,10,7,9
19042430,7,2,4,9,1
19042431,8,2,6,3,11
19042432,9,10,3,11,4
19042433,9,2,10,8,4
19042434,5,7,3,8,11
19042435,10,9,8,11,7
19042436,7,4,8,3,9
19042437,10,2,6,1,4
19042438,3,11,6,4,9
19042439,2,4,1,6,10
19042440,8,6,10,3,9
19042441,7,6,9,5,3
19042442,11,1,3,4,7
19042501,8,7,9,1,10
19042502,5,6,7,9,2
19042503,5,11,9,3,1
19042504,5,11,9,1,4
19042505,2,3,11,10,8
19042506,7,6,8,10,11
19042507,4,11,2,7,9
19042508,4,10,2,1,7
19042509,10,11,6,7,5
19042510,1,8,10,6,4
19042511,7,4,3,6,11
19042512,3,2,10,4,7
19042513,5,7,11,6,4
19042514,9,11,4,2,1
19042515,3,8,5,6,9
19042516,9,3,10,4,11
19042517,1,6,2,3,11
19042518,1,11,8,9,10
19042519,8,1,11,10,3
19042520,5,8,4,1,2
19042521,11,5,2,1,6
19042522,3,8,7,9,6
19042523,11,1,6,3,7
19042524,6,1,11,9,3
19042525,11,5,4,6,7
19042526,10,5,3,6,11
19042527,3,8,5,6,2
19042528,7,10,4,5,9
19042529,7,9,3,1,4
19042530,8,5,11,7,10
19042531,1,7,11,9,2
19042532,3,5,10,8,2
19042533,10,6,3,5,2
19042534,6,11,7,10,2
19042535,8,2,3,11,9
19042536,10,8,2,11,5
19042537,7,4,6,8,3
19042538,2,1,3,7,10
19042539,6,4,7,3,8
19042540,3,5,7,1,2
19042541,6,10,11,8,7
19042542,11,9,4,6,8
19042601,6,4,7,2,8
19042602,11,1,8,4,9
19042603,10,3,8,7,5
19042604,8,2,11,10,6
19042605,7,2,6,3,11
19042606,5,9,6,7,2
19042607,9,10,8,4,1
19042608,10,11,3,8,1
19042609,9,5,3,6,7
19042610,11,5,4,6,10
19042611,5,4,2,7,3
19042612,5,6,8,11,1
19042613,3,4,8,9,1
19042614,3,11,6,9,1
19042615,5,3,2,10,7
19042616,6,11,3,10,9
19042617,7,11,4,6,5
19042618,7,8,3,6,4
19042619,2,7,9,1,10
19042620,8,10,11,5,4
19042621,9,10,7,2,4
19042622,4,10,9,7,5
19042623,9,5,6,1,7
19042624,3,2,6,1,4
19042625,11,9,5,8,4
19042626,2,4,5,8,6
19042627,7,10,4,5,9
19042628,3,10,5,11,4
19042629,10,11,8,2,4
19042630,8,10,1,2,4
19042631,3,8,10,7,2
19042632,10,11,8,9,4
19042633,11,6,8,7,3
19042634,10,8,7,4,2
19042635,6,7,2,8,9
19042636,5,9,11,7,3
19042637,9,4,6,7,5
19042638,11,6,9,8,2
19042639,2,6,9,10,5
19042640,10,6,3,5,11
19042641,7,2,8,3,11
19042642,4,7,10,11,9
19042701,6,11,10,3,1
19042702,10,6,2,8,5
19042703,6,3,8,1,9
19042704,2,1,6,10,3
19042705,6,9,1,10,8
19042706,7,6,1,2,9
19042707,1,6,4,2,3
19042708,10,3,1,5,7
19042709,8,7,4,9,1
19042710,11,4,10,1,3
19042711,6,1,4,2,10
19042712,3,5,7,1,4
19042713,2,11,1,10,7
19042714,9,3,2,10,7
19042715,11,9,2,5,10
19042716,3,4,1,10,2
19042717,7,3,8,2,6
19042718,3,2,10,1,5
19042719,4,6,3,9,5
19042720,1,3,7,6,9
19042721,8,2,6,4,5
19042722,3,9,8,6,7
19042723,10,3,2,11,7
19042724,2,8,7,3,4
19042725,2,10,5,3,6
19042726,9,4,11,5,3
19042727,4,8,10,5,9
19042728,7,3,10,5,1
19042729,7,5,3,6,11
19042730,2,7,10,9,6
19042731,10,6,7,1,2
19042732,10,1,6,7,8
19042733,10,9,1,3,4
19042734,3,8,11,10,7
19042735,4,2,1,9,10
19042736,5,6,3,2,11
19042737,9,4,6,11,1
19042738,11,4,8,10,5
19042739,7,9,5,11,1
19042740,11,7,2,3,1
19042741,5,4,8,1,6
19042742,8,2,11,6,5
19042801,6,9,7,3,11
19042802,1,11,2,5,6
19042803,10,4,8,9,3
19042804,4,11,7,3,8
19042805,3,11,2,10,4
19042806,4,9,3,8,7
19042807,3,6,7,8,1
19042808,1,8,9,3,4
19042809,11,2,10,5,8
19042810,1,3,9,7,8
19042811,5,9,7,11,8
19042812,3,8,11,4,2
19042813,7,8,4,5,3
19042814,1,9,8,6,2
19042815,5,7,6,1,9
19042816,9,11,10,6,8
19042817,8,7,11,6,5
19042818,1,9,11,5,7
19042819,7,3,5,10,11
19042820,1,9,3,10,6
19042821,3,4,2,10,9
19042822,9,4,10,11,5
19042823,11,3,5,2,1
19042824,9,11,6,4,7
19042825,5,4,7,11,3
19042826,8,6,5,9,7
19042827,11,10,2,6,5
19042828,7,8,1,6,9
19042829,5,6,1,8,9
19042830,2,6,8,7,1
19042831,4,2,1,3,7
19042832,6,1,10,7,5
19042833,2,7,5,6,4
19042834,8,3,11,6,4
19042835,5,11,1,2,3
19042836,3,11,2,10,6
19042837,7,9,2,4,1
19042838,2,10,4,9,7
19042839,11,6,3,2,7
19042840,6,10,7,8,3
19042841,6,2,3,7,8
19042842,6,2,4,8,5
19042901,3,1,9,7,10
19042902,3,1,10,2,5
19042903,3,2,8,1,4
19042904,1,8,3,5,9
19042905,11,4,9,5,8
19042906,6,5,10,3,4
19042907,5,2,10,3,7
19042908,3,7,9,5,6
19042909,4,10,6,5,3
19042910,5,6,2,1,3
19042911,11,7,2,9,6
19042912,5,6,1,4,9
19042913,9,6,5,3,2
19042914,7,2,11,1,6
19042915,4,11,1,8,6
19042916,3,11,8,10,6
19042917,1,4,7,3,8
19042918,5,6,7,10,3
19042919,5,6,10,11,1
19042920,7,9,5,2,1
19042921,1,11,6,10,7
19042922,2,3,7,8,4
19042923,3,8,9,11,10
19042924,10,11,1,9,8
19042925,2,10,6,7,8
19042926,4,1,9,3,11
19042927,5,2,3,1,8
19042928,5,4,1,11,8
19042929,1,3,2,5,8
19042930,2,9,10,1,7
19042931,5,9,2,10,1
19042932,6,11,4,2,10
19042933,1,3,10,8,5
19042934,7,3,9,8,6
19042935,1,7,2,5,4
19042936,3,11,9,2,1
19042937,7,6,9,3,1
19042938,8,10,3,2,5
19042939,5,6,8,3,2
19042940,11,10,6,8,2
19042941,11,9,3,2,6
19042942,6,1,11,2,5
19043001,7,2,4,1,5
19043002,11,8,6,7,5
19043003,8,1,9,6,11
19043004,11,8,4,3,2
19043005,9,10,2,3,5
19043006,6,1,2,8,7
19043007,1,6,10,3,7
19043008,2,11,10,5,7
19043009,7,1,5,3,9
19043010,9,8,11,5,1
19043011,5,11,7,2,9
19043012,6,2,9,8,4
19043013,5,1,9,7,11
19043014,11,3,1,9,6
19043015,5,4,7,6,3
19043016,4,5,10,8,7
19043017,9,11,10,4,8
19043018,4,8,2,3,11
19043019,7,5,3,8,1
19043020,8,4,1,2,10
19043021,11,5,10,2,3
19043022,6,2,3,1,4
19043023,9,8,3,6,7
19043024,3,8,11,9,2
19043025,4,8,10,1,2
19043026,8,2,7,9,4
19043027,11,8,3,5,6
19043028,4,1,9,10,6
19043029,9,1,7,10,2
19043030,2,9,1,6,8
19043031,9,11,1,2,10
19043032,10,11,9,2,5
19043033,11,3,4,6,2
19043034,10,1,4,3,8
19043035,10,7,8,11,1
19043036,9,8,6,1,7
19043037,6,11,2,3,7
19043038,5,8,2,1,7
19043039,8,7,9,4,3
19043040,1,6,4,10,5
19043041,7,1,3,10,5
19043042,3,2,9,10,11
