20040101,4,9,10,1,3
20040102,2,10,5,9,1
20040103,1,10,8,3,5
20040104,1,4,8,10,2
20040105,1,5,11,4,8
20040106,6,2,9,8,5
20040107,11,1,6,10,9
20040108,9,11,1,8,5
20040109,7,6,10,5,4
20040110,1,7,8,10,11
20040111,9,3,10,2,1
20040112,3,2,9,10,6
20040113,3,9,8,6,2
20040114,4,6,11,9,10
20040115,11,6,3,5,7
20040116,4,6,2,5,9
20040117,8,4,5,11,3
20040118,9,1,2,6,7
20040119,1,11,8,7,6
20040120,3,2,5,4,6
20040121,4,1,2,8,7
20040122,1,5,3,7,6
20040123,2,8,7,1,3
20040124,7,9,2,8,5
20040125,9,10,5,4,2
20040126,5,1,10,9,7
20040127,1,5,8,6,9
20040128,11,2,1,7,4
20040129,5,1,10,9,2
20040130,2,10,3,9,4
20040131,5,4,2,3,10
20040132,8,2,4,10,11
20040133,4,11,2,3,1
20040134,6,9,1,7,10
20040135,11,3,9,5,7
20040136,10,2,3,8,4
20040137,11,5,2,10,1
20040138,9,6,2,4,8
20040139,1,9,8,4,6
20040140,4,6,7,3,1
