20050101,7,8,1,3,4
20050102,11,7,1,3,2
20050103,6,5,1,7,9
20050104,5,7,10,11,3
20050105,2,1,10,9,6
20050106,10,6,4,7,9
20050107,7,3,1,11,9
20050108,8,3,7,4,6
20050109,6,5,11,8,7
20050110,10,7,4,3,2
20050111,5,11,9,2,7
20050112,2,11,7,6,9
20050113,3,7,6,2,4
20050114,2,10,4,11,3
20050115,1,6,5,10,4
20050116,10,1,2,9,3
20050117,7,11,2,1,4
20050118,1,3,10,7,2
20050119,7,3,2,11,8
20050120,7,8,4,2,1
20050121,10,9,7,3,8
20050122,10,6,1,8,9
20050123,5,1,11,10,7
20050124,3,8,1,2,9
20050125,6,2,9,3,10
20050126,7,8,9,3,6
20050127,11,2,9,1,4
20050128,5,2,7,9,6
20050129,11,1,10,5,8
20050130,3,10,7,9,11
20050131,7,6,10,5,11
20050132,8,9,3,2,6
20050133,5,7,4,6,10
20050134,8,4,7,3,11
20050135,10,1,2,5,8
20050136,9,5,10,8,4
20050137,6,5,10,8,1
20050138,8,1,4,7,5
20050139,7,1,8,4,6
20050140,7,11,9,3,8
20050141,7,2,4,9,8
