18030101,5,6,11,9,8
18030102,11,4,8,1,5
18030103,7,8,1,11,5
18030104,1,6,10,7,3
18030105,6,5,2,4,3
18030106,9,4,3,6,1
18030107,8,11,10,5,2
18030108,6,7,4,8,10
18030109,10,8,4,5,11
18030110,5,6,4,7,3
18030111,5,2,10,1,3
18030112,2,7,4,6,8
18030113,10,8,5,3,1
18030114,1,9,3,4,8
18030115,9,1,11,3,2
18030116,11,8,5,4,2
18030117,11,5,6,10,3
18030118,5,6,11,9,10
18030119,7,5,10,4,8
18030120,3,8,9,11,2
18030121,3,11,6,7,5
18030122,8,6,1,4,3
18030123,5,3,1,11,8
18030124,7,9,10,5,11
18030125,5,9,4,3,11
18030126,6,3,7,10,5
18030127,2,5,8,7,3
18030128,7,4,10,2,6
18030129,3,1,2,11,5
18030130,11,3,1,7,8
18030131,11,2,1,10,8
18030132,11,9,8,1,10
18030133,6,3,9,11,2
18030134,4,11,5,10,8
18030135,11,10,6,4,7
18030136,6,1,4,11,8
18030137,10,4,7,8,2
18030138,6,9,11,8,4
18030139,4,10,8,5,6
18030140,7,1,4,10,3
18030141,5,9,8,11,1
18030142,3,10,11,8,9
18030143,2,11,4,6,9
18030144,10,5,8,9,6
18030145,7,4,5,1,11
18030146,7,6,2,9,11
18030147,11,9,2,3,1
18030148,9,3,7,10,4
18030149,8,10,1,4,11
18030150,9,11,5,2,7
18030151,6,1,5,7,8
18030152,6,1,10,2,5
18030153,7,2,11,4,5
18030154,1,3,5,8,9
18030155,7,9,5,10,8
18030156,10,6,7,11,8
18030157,9,7,1,2,3
18030158,7,8,6,9,11
18030159,6,4,11,5,9
18030160,9,3,6,4,7
18030161,4,6,3,1,7
18030162,3,7,10,4,2
18030163,2,8,4,9,6
18030164,3,2,10,11,9
18030165,3,7,5,2,8
18030166,8,9,2,1,3
18030167,3,11,8,2,10
18030168,2,11,4,8,5
18030169,6,7,5,11,8
18030170,5,3,2,6,1
18030171,11,6,8,2,1
18030172,5,6,7,3,9
18030173,11,7,1,6,4
18030174,4,1,9,3,11
18030175,7,2,11,10,4
18030176,2,10,5,11,9
18030177,3,1,7,9,6
18030178,6,5,9,2,3
18030179,11,3,9,2,7
18030180,6,3,2,7,8
18030181,9,2,6,1,4
18030182,7,2,9,4,8
18030183,10,7,8,1,4
18030184,5,2,1,9,7
18030201,8,11,1,3,2
18030202,2,4,10,9,11
18030203,8,9,11,3,1
18030204,3,7,4,10,6
18030205,10,1,8,3,5
18030206,3,5,2,8,6
18030207,6,8,3,10,7
18030208,3,9,11,7,2
18030209,1,5,4,11,10
18030210,8,9,3,2,6
18030211,5,4,7,11,9
18030212,7,3,9,2,6
18030213,6,5,7,3,2
18030214,6,5,10,8,7
18030215,1,11,2,3,4
18030216,4,5,8,11,2
18030217,2,1,6,5,10
18030218,11,1,7,8,5
18030219,3,1,5,4,8
18030220,7,10,9,4,6
18030221,8,4,9,10,2
18030222,3,8,4,2,5
18030223,2,1,5,7,9
18030224,2,3,7,10,6
18030225,3,1,5,8,10
18030226,6,9,2,4,7
18030227,10,11,1,2,7
18030228,2,4,5,3,8
18030229,11,3,1,10,9
18030230,7,6,9,1,10
18030231,10,5,1,7,3
18030232,8,1,6,9,7
18030233,3,6,5,9,4
18030234,1,4,3,6,8
18030235,6,2,11,7,3
18030236,4,11,1,2,8
18030237,9,7,8,11,1
18030238,10,3,1,2,8
18030239,6,8,2,10,1
18030240,9,4,6,11,10
18030241,1,10,3,7,5
18030242,4,5,7,3,9
18030243,9,7,11,8,1
18030244,8,1,10,3,11
18030245,4,10,8,11,7
18030246,7,5,4,3,6
18030247,11,8,3,1,5
18030248,2,5,6,1,4
18030249,4,6,10,9,1
18030250,3,11,10,2,1
18030251,3,9,1,11,7
18030252,10,2,9,5,3
18030253,3,7,2,10,5
18030254,4,1,3,11,10
18030255,9,5,7,6,10
18030256,3,6,1,11,4
18030257,8,3,6,7,2
18030258,4,10,9,1,7
18030259,6,1,7,10,5
18030260,8,10,3,9,11
18030261,10,6,5,3,7
18030262,4,9,3,6,7
18030263,1,8,11,10,9
18030264,9,5,6,4,8
18030265,3,7,8,4,6
18030266,2,11,7,3,4
18030267,5,10,4,6,9
18030268,4,11,9,3,2
18030269,5,2,10,7,4
18030270,10,1,6,4,2
18030271,3,7,4,9,8
18030272,5,1,9,8,6
18030273,7,1,11,8,6
18030274,1,5,3,11,2
18030275,2,3,7,5,6
18030276,8,10,7,6,11
18030277,4,3,11,10,6
18030278,7,4,3,8,11
18030279,5,2,4,10,7
18030280,7,8,9,3,5
18030281,11,9,2,1,8
18030282,11,10,2,9,3
18030283,11,8,10,7,6
18030284,1,7,5,6,2
18030301,9,2,3,7,10
18030302,10,11,2,9,8
18030303,8,11,1,7,9
18030304,4,3,6,7,9
18030305,3,6,5,10,11
18030306,7,2,4,6,5
18030307,1,6,9,7,3
18030308,9,10,1,4,2
18030309,4,6,7,5,9
18030310,9,3,1,10,11
18030311,3,2,5,11,9
18030312,3,2,4,11,8
18030313,4,1,2,3,8
18030314,7,10,4,6,1
18030315,9,8,4,2,5
18030316,2,11,3,6,4
18030317,9,4,5,11,3
18030318,4,11,10,6,8
18030319,2,9,11,6,8
18030320,4,11,8,10,1
18030321,5,1,9,11,8
18030322,3,7,5,9,6
18030323,11,2,9,6,8
18030324,7,11,4,3,9
18030325,4,6,10,5,2
18030326,3,4,11,9,6
18030327,1,5,6,10,2
18030328,2,6,5,1,8
18030329,6,10,8,11,5
18030330,7,3,11,6,5
18030331,9,10,7,2,5
18030332,2,11,8,5,9
18030333,7,2,4,3,11
18030334,6,5,11,7,4
18030335,10,1,8,2,11
18030336,10,7,6,3,9
18030337,11,4,1,8,2
18030338,4,11,10,5,9
18030339,11,2,10,6,9
18030340,6,8,7,4,11
18030341,9,1,2,6,3
18030342,1,10,2,7,4
18030343,5,6,4,2,1
18030344,7,8,1,2,5
18030345,11,5,1,9,3
18030346,7,5,3,6,9
18030347,10,9,8,11,4
18030348,1,5,10,11,7
18030349,7,4,3,6,9
18030350,3,2,8,11,1
18030351,3,11,2,1,6
18030352,9,7,2,5,8
18030353,6,11,10,3,7
18030354,3,2,6,11,10
18030355,9,5,4,10,11
18030356,10,4,9,6,1
18030357,9,11,3,2,10
18030358,6,10,9,11,5
18030359,4,3,9,5,1
18030360,2,9,7,6,11
18030361,6,9,10,7,1
18030362,3,6,9,8,5
18030363,5,4,7,9,6
18030364,8,2,4,9,3
18030365,9,5,11,1,10
18030366,4,6,5,11,9
18030367,7,1,3,5,10
18030368,8,9,6,5,3
18030369,8,2,11,1,4
18030370,3,2,7,5,1
18030371,1,8,2,5,7
18030372,11,6,4,1,3
18030373,5,3,11,10,7
18030374,9,8,6,1,2
18030375,9,6,4,10,7
18030376,7,10,2,8,6
18030377,4,8,2,6,3
18030378,5,6,9,7,8
18030379,9,3,7,11,1
18030380,7,6,9,10,4
18030381,11,8,5,3,1
18030382,8,10,6,11,4
18030383,5,1,4,8,11
18030384,8,4,5,1,3
18030401,10,1,7,3,5
18030402,1,11,6,4,7
18030403,10,6,4,11,9
18030404,4,2,5,9,10
18030405,5,10,7,8,3
18030406,4,3,10,8,1
18030407,10,1,5,2,9
18030408,10,2,5,11,1
18030409,6,10,2,9,5
18030410,4,11,8,3,5
18030411,10,4,6,2,1
18030412,1,8,3,7,10
18030413,3,1,10,4,7
18030414,4,9,1,2,8
18030415,11,9,4,3,7
18030416,6,4,9,5,1
18030417,10,3,1,8,11
18030418,11,7,9,5,2
18030419,3,10,5,1,6
18030420,4,11,6,10,3
18030421,2,7,5,10,11
18030422,10,11,4,7,9
18030423,4,6,1,3,2
18030424,6,11,7,3,8
18030425,2,8,11,10,9
18030426,4,10,7,5,3
18030427,5,6,7,8,11
18030428,4,5,8,6,2
18030429,7,11,5,8,9
18030430,4,6,9,11,2
18030431,8,6,11,5,3
18030432,8,3,7,4,6
18030433,8,5,3,11,1
18030434,3,5,1,8,7
18030435,5,7,9,4,6
18030436,11,6,9,5,1
18030437,7,1,9,10,4
18030438,11,1,7,5,10
18030439,1,7,3,10,11
18030440,7,3,8,6,11
18030441,10,9,5,4,7
18030442,11,10,4,3,2
18030443,8,4,5,10,2
18030444,5,6,1,10,7
18030445,3,2,1,8,10
18030446,11,9,7,10,8
18030447,6,2,7,5,10
18030448,7,5,10,11,9
18030449,5,9,4,6,8
18030450,1,10,3,5,11
18030451,6,1,2,7,5
18030452,2,6,1,5,8
18030453,10,3,5,11,9
18030454,5,3,11,8,4
18030455,1,7,5,4,2
18030456,5,4,7,9,10
18030457,6,8,5,3,1
18030458,5,11,10,8,2
18030459,6,5,2,11,9
18030460,5,11,10,9,3
18030461,2,11,9,10,6
18030462,1,6,11,3,5
18030463,4,8,7,1,10
18030464,8,6,1,3,7
18030465,9,3,10,7,1
18030466,7,10,6,9,4
18030467,7,9,1,2,3
18030468,3,6,2,11,7
18030469,9,3,11,5,7
18030470,9,2,6,1,8
18030471,1,4,6,7,9
18030472,4,6,10,8,7
18030473,4,5,3,8,10
18030474,7,5,10,1,8
18030475,4,3,5,1,7
18030476,4,9,6,10,11
18030477,11,10,8,5,9
18030478,5,7,6,11,3
18030479,10,4,6,1,3
18030480,2,7,8,10,9
18030481,3,2,5,8,9
18030482,9,7,4,1,3
18030483,1,3,9,10,7
18030484,6,7,3,8,9
18030501,11,8,6,5,4
18030502,2,6,9,4,11
18030503,9,8,10,4,6
18030504,5,8,11,6,10
18030505,9,1,3,6,5
18030506,2,4,7,6,10
18030507,1,3,7,2,6
18030508,6,10,8,3,9
18030509,11,9,5,8,10
18030510,1,9,7,11,8
18030511,1,9,2,8,4
18030512,7,11,5,6,2
18030513,4,5,8,1,7
18030514,10,6,9,5,3
18030515,7,4,10,9,3
18030516,6,5,2,9,11
18030517,4,2,8,9,7
18030518,11,8,9,1,2
18030519,2,9,3,10,4
18030520,11,8,3,6,7
18030521,3,9,11,5,2
18030522,4,6,11,3,1
18030523,4,11,1,5,9
18030524,9,2,8,7,10
18030525,5,9,2,8,4
18030526,9,8,11,3,1
18030527,10,2,9,8,3
18030528,11,5,9,1,4
18030529,10,5,3,6,4
18030530,2,9,3,7,5
18030531,4,11,6,7,5
18030532,9,7,4,1,10
18030533,4,7,11,1,10
18030534,1,2,4,9,7
18030535,11,7,1,9,8
18030536,1,2,4,10,9
18030537,7,8,11,5,6
18030538,10,9,2,11,3
18030539,11,6,2,3,1
18030540,7,10,11,1,3
18030541,10,8,3,6,9
18030542,8,5,2,4,3
18030543,4,6,10,1,5
18030544,5,1,9,6,10
18030545,3,4,6,1,11
18030546,4,1,5,7,8
18030547,6,9,11,3,4
18030548,5,11,3,7,2
18030549,4,8,9,10,3
18030550,3,5,6,2,1
18030551,7,4,5,1,2
18030552,4,9,1,7,8
18030553,3,6,5,11,7
18030554,11,1,8,2,4
18030555,5,6,3,2,7
18030556,2,3,7,6,11
18030557,5,10,8,7,11
18030558,11,6,5,10,4
18030559,1,11,8,4,6
18030560,6,10,7,4,1
18030561,3,2,11,8,9
18030562,10,11,6,9,5
18030563,8,9,7,5,10
18030564,9,7,6,4,8
18030565,1,9,5,8,6
18030566,8,1,2,7,11
18030567,3,6,11,1,10
18030568,6,8,10,2,1
18030569,4,3,6,1,2
18030570,7,4,2,8,6
18030571,2,10,5,4,1
18030572,2,6,9,8,5
18030573,11,6,9,2,1
18030574,1,11,6,7,4
18030575,1,11,8,5,6
18030576,8,3,2,10,4
18030577,2,9,7,10,8
18030578,7,2,10,4,5
18030579,7,5,1,10,9
18030580,7,11,9,3,5
18030581,6,7,3,1,10
18030582,3,8,5,1,2
18030583,11,1,5,10,6
18030584,2,1,9,10,8
18030601,9,5,10,7,2
18030602,11,7,10,4,9
18030603,7,9,8,11,6
18030604,1,5,2,3,7
18030605,6,10,1,7,2
18030606,6,4,9,3,1
18030607,8,5,9,11,7
18030608,11,6,1,5,7
18030609,3,1,10,6,7
18030610,3,8,11,10,7
18030611,2,1,10,11,7
18030612,3,1,8,11,5
18030613,5,9,2,4,10
18030614,7,9,2,4,8
18030615,8,6,9,7,1
18030616,1,7,2,5,3
18030617,5,11,3,6,9
18030618,1,9,10,5,11
18030619,10,6,11,2,1
18030620,3,7,5,8,2
18030621,9,7,11,2,3
18030622,6,1,8,5,3
18030623,5,7,2,11,9
18030624,11,3,7,10,9
18030625,7,11,4,2,3
18030626,4,6,9,1,7
18030627,11,8,4,9,2
18030628,4,2,6,3,9
18030629,9,5,1,7,4
18030630,7,3,2,11,6
18030631,6,9,4,5,7
18030632,5,11,8,7,1
18030633,7,10,11,2,5
18030634,11,4,7,5,6
18030635,5,10,7,3,11
18030636,7,9,8,4,1
18030637,10,5,4,2,1
18030638,4,3,9,7,5
18030639,3,4,2,8,5
18030640,9,7,4,6,2
18030641,5,7,2,10,3
18030642,11,9,4,5,3
18030643,6,9,5,10,1
18030644,11,5,3,1,9
18030645,1,5,11,7,4
18030646,4,10,6,7,3
18030647,1,3,5,10,4
18030648,1,3,9,8,11
18030649,1,11,10,3,8
18030650,5,9,1,11,4
18030651,9,10,6,4,1
18030652,2,10,4,8,7
18030653,3,9,4,7,11
18030654,8,2,3,4,7
18030655,11,4,5,3,10
18030656,1,8,5,4,7
18030657,2,11,9,4,3
18030658,4,7,11,3,2
18030659,5,4,1,9,7
18030660,10,1,11,9,2
18030661,8,11,9,10,4
18030662,11,6,9,5,10
18030663,3,8,1,4,11
18030664,11,10,2,4,7
18030665,9,1,7,3,10
18030666,4,11,2,10,6
18030667,11,1,8,7,9
18030668,2,6,7,3,4
18030669,3,10,8,5,1
18030670,4,8,6,5,7
18030671,7,2,8,3,4
18030672,3,11,2,5,10
18030673,9,4,8,10,1
18030674,10,9,6,5,3
18030675,4,9,3,11,6
18030676,4,2,10,1,6
18030677,1,10,8,2,5
18030678,11,3,4,1,9
18030679,3,6,5,2,4
18030680,11,9,3,7,8
18030681,7,5,10,9,1
18030682,11,1,5,10,6
18030683,10,1,4,11,3
18030684,7,5,4,1,6
18030701,5,6,10,1,7
18030702,1,8,5,3,7
18030703,11,8,3,1,2
18030704,9,5,1,3,11
18030705,3,7,6,5,4
18030706,8,11,10,9,4
18030707,10,2,8,7,6
18030708,4,1,5,6,7
18030709,9,8,10,7,4
18030710,6,9,11,8,1
18030711,9,1,6,3,11
18030712,8,2,1,11,5
18030713,2,11,6,3,10
18030714,5,7,6,3,8
18030715,9,2,1,11,6
18030716,2,9,4,8,5
18030717,11,7,2,3,5
18030718,9,3,7,5,11
18030719,8,1,5,3,10
18030720,3,11,10,8,9
18030721,10,6,9,3,8
18030722,3,4,8,10,7
18030723,8,4,11,10,6
18030724,2,4,5,7,9
18030725,6,9,5,11,4
18030726,7,11,5,8,1
18030727,4,7,3,9,5
18030728,1,2,6,5,9
18030729,2,6,3,7,9
18030730,2,3,9,11,7
18030731,3,7,8,6,1
18030732,6,3,10,5,2
18030733,6,9,10,7,8
18030734,5,3,9,1,7
18030735,10,4,1,3,6
18030736,11,3,9,8,4
18030737,2,6,3,7,8
18030738,11,9,2,6,4
18030739,6,2,3,1,10
18030740,5,1,7,3,10
18030741,3,6,5,8,11
18030742,2,7,1,11,6
18030743,8,10,2,7,4
18030744,1,9,6,3,8
18030745,1,7,11,9,5
18030746,8,10,2,3,11
18030747,4,11,7,8,2
18030748,11,8,4,1,10
18030749,8,2,10,3,5
18030750,4,5,9,3,7
18030751,4,9,3,2,7
18030752,4,2,1,6,9
18030753,1,10,7,11,2
18030754,1,10,3,7,4
18030755,1,9,11,8,7
18030756,4,8,5,9,3
18030757,8,2,10,9,1
18030758,7,5,6,2,1
18030759,11,3,4,1,9
18030760,6,2,1,8,4
18030761,10,1,6,7,8
18030762,2,8,3,9,1
18030763,10,9,11,8,5
18030764,10,8,3,7,5
18030765,3,6,10,7,9
18030766,7,2,9,10,11
18030767,10,2,7,5,6
18030768,8,11,6,9,2
18030769,9,2,7,6,1
18030770,6,7,5,3,10
18030771,9,11,6,3,7
18030772,1,2,7,8,5
18030773,6,5,7,2,1
18030774,5,10,1,2,6
18030775,3,7,11,5,10
18030776,5,1,3,2,10
18030777,2,7,5,10,11
18030778,7,10,2,3,9
18030779,6,3,7,1,4
18030780,1,6,7,9,10
18030781,4,7,11,8,3
18030782,6,8,3,5,11
18030783,10,3,2,5,8
18030784,9,3,8,7,6
18030801,4,9,11,3,5
18030802,4,10,7,11,5
18030803,9,5,2,6,8
18030804,4,5,1,8,7
18030805,6,8,3,2,9
18030806,4,11,6,7,1
18030807,7,1,5,10,3
18030808,5,7,10,6,3
18030809,11,3,4,1,9
18030810,2,10,4,11,6
18030811,6,11,5,10,9
18030812,1,3,7,2,8
18030813,11,1,7,3,9
18030814,11,7,6,1,3
18030815,6,9,5,7,11
18030816,7,8,3,5,1
18030817,10,8,3,4,7
18030818,10,6,7,4,2
18030819,11,3,9,6,1
18030820,1,11,5,6,3
18030821,7,6,4,1,10
18030822,7,9,4,1,2
18030823,11,4,1,3,5
18030824,4,11,8,1,6
18030825,2,6,11,1,4
18030826,1,5,4,9,8
18030827,9,8,5,6,7
18030828,1,5,6,3,7
18030829,3,6,1,5,8
18030830,10,9,4,5,2
18030831,9,1,4,10,6
18030832,7,4,6,8,1
18030833,11,1,4,9,6
18030834,6,9,4,2,1
18030835,7,3,5,9,8
18030836,6,5,8,7,1
18030837,9,3,5,7,11
18030838,9,2,4,5,7
18030839,5,2,8,9,1
18030840,2,8,1,11,4
18030841,1,7,9,3,11
18030842,1,5,11,2,10
18030843,4,11,3,1,8
18030844,6,8,5,2,4
18030845,11,7,10,4,5
18030846,2,3,10,7,8
18030847,7,3,5,11,4
18030848,9,8,1,2,7
18030849,4,7,3,6,2
18030850,11,4,9,7,10
18030851,1,11,8,3,4
18030852,6,11,1,10,9
18030853,6,3,9,8,7
18030854,9,11,2,1,7
18030855,4,1,5,11,2
18030856,4,3,1,9,11
18030857,4,5,7,6,11
18030858,11,8,7,4,9
18030859,3,9,7,4,11
18030860,2,1,6,4,11
18030861,5,1,10,7,11
18030862,10,1,3,6,4
18030863,11,2,8,5,3
18030864,10,5,11,9,7
18030865,4,3,7,5,1
18030866,11,4,8,5,3
18030867,7,6,3,5,10
18030868,3,5,10,9,4
18030869,9,7,3,8,11
18030870,5,1,3,7,10
18030871,3,4,8,7,1
18030872,2,5,6,7,11
18030873,10,4,1,7,2
18030874,1,4,9,8,5
18030875,2,6,1,3,11
18030876,8,7,3,4,9
18030877,11,7,4,3,5
18030878,1,7,4,10,2
18030879,5,6,1,2,8
18030880,3,5,8,6,1
18030881,2,4,10,6,5
18030882,8,4,3,2,9
18030883,3,8,6,11,1
18030884,10,2,9,7,5
18030901,8,10,5,1,3
18030902,10,5,9,8,4
18030903,5,6,4,2,9
18030904,2,6,10,5,9
18030905,1,9,11,7,2
18030906,7,11,1,9,2
18030907,6,5,3,11,9
18030908,5,2,9,6,1
18030909,11,10,9,4,2
18030910,9,4,7,3,6
18030911,6,9,5,2,7
18030912,9,3,7,1,8
18030913,4,6,2,7,5
18030914,6,7,5,4,1
18030915,2,11,8,4,3
18030916,3,1,10,2,5
18030917,10,5,6,1,9
18030918,7,8,3,6,2
18030919,3,2,1,6,4
18030920,8,5,6,9,4
18030921,3,4,9,8,1
18030922,2,10,8,7,4
18030923,7,3,11,4,8
18030924,1,3,4,6,2
18030925,8,3,6,7,9
18030926,3,10,6,9,2
18030927,10,4,6,3,5
18030928,7,9,11,3,5
18030929,10,4,7,11,1
18030930,5,3,2,6,10
18030931,3,5,7,1,8
18030932,7,8,6,9,1
18030933,9,11,6,1,3
18030934,9,3,4,11,7
18030935,1,2,5,6,7
18030936,2,5,6,7,9
18030937,11,2,3,8,10
18030938,8,5,10,11,1
18030939,5,6,4,3,7
18030940,4,1,7,10,3
18030941,1,8,4,3,2
18030942,2,11,3,5,6
18030943,1,3,7,8,4
18030944,2,10,11,9,8
18030945,3,8,4,6,11
18030946,4,5,3,2,1
18030947,10,2,5,1,4
18030948,2,10,4,1,5
18030949,7,10,4,3,9
18030950,9,2,1,5,6
18030951,3,8,11,4,6
18030952,6,5,3,2,7
18030953,7,3,8,5,10
18030954,6,1,5,4,2
18030955,5,2,7,1,3
18030956,11,1,5,4,3
18030957,6,7,1,11,4
18030958,3,7,8,11,5
18030959,4,7,3,1,9
18030960,3,5,11,1,7
18030961,11,3,4,8,7
18030962,9,4,8,6,10
18030963,5,11,6,8,4
18030964,4,3,11,6,1
18030965,6,2,7,11,4
18030966,10,6,11,5,8
18030967,7,3,10,4,5
18030968,9,8,4,10,1
18030969,5,8,7,11,1
18030970,5,7,6,9,11
18030971,8,10,6,3,9
18030972,5,3,10,1,8
18030973,11,2,7,8,6
18030974,1,8,9,3,11
18030975,3,7,11,8,5
18030976,10,7,9,6,4
18030977,6,2,7,11,4
18030978,4,3,9,6,11
18030979,9,7,8,2,10
18030980,2,8,7,11,1
18030981,6,11,9,7,3
18030982,6,3,7,1,9
18030983,6,7,1,3,11
18030984,3,4,7,5,6
18031001,2,6,8,10,4
18031002,11,7,8,1,6
18031003,8,2,4,5,3
18031004,11,10,8,4,5
18031005,5,2,7,8,11
18031006,8,9,6,7,2
18031007,4,7,3,2,8
18031008,4,9,10,11,7
18031009,10,9,2,1,4
18031010,11,2,7,8,10
18031011,3,10,9,2,4
18031012,10,5,6,4,9
18031013,10,2,11,4,6
18031014,9,1,11,2,6
18031015,4,2,10,11,3
18031016,3,5,1,4,11
18031017,4,5,3,7,8
18031018,6,8,5,4,9
18031019,5,9,3,2,7
18031020,3,4,5,7,2
18031021,11,7,6,10,4
18031022,11,9,8,10,3
18031023,3,6,4,2,10
18031024,4,11,9,1,2
18031025,9,2,8,7,5
18031026,9,3,4,6,1
18031027,2,8,10,3,4
18031028,5,10,3,11,8
18031029,4,6,3,2,10
18031030,2,8,9,3,11
18031031,8,11,6,7,5
18031032,10,2,6,3,9
18031033,10,4,1,8,9
18031034,7,10,6,11,3
18031035,2,1,4,5,11
18031036,6,3,5,4,8
18031037,1,8,6,10,5
18031038,8,6,10,5,3
18031039,6,5,3,7,4
18031040,6,8,9,1,3
18031041,9,6,8,1,3
18031042,3,11,6,8,10
18031043,3,4,7,10,5
18031044,4,10,11,7,3
18031045,2,8,4,3,1
18031046,3,5,11,10,2
18031047,11,9,5,10,6
18031048,2,11,8,5,10
18031049,7,4,10,2,3
18031050,2,7,9,11,6
18031051,2,10,7,11,9
18031052,7,3,2,6,11
18031053,8,5,2,10,7
18031054,6,8,2,9,4
18031055,10,5,11,9,4
18031056,11,9,4,5,7
18031057,11,2,10,4,1
18031058,2,11,3,9,7
18031059,2,8,5,10,9
18031060,8,9,6,7,2
18031061,5,2,10,4,7
18031062,6,2,7,9,3
18031063,5,7,9,1,2
18031064,1,8,9,7,10
18031065,8,5,2,4,10
18031066,4,11,3,1,8
18031067,1,10,3,9,7
18031068,3,2,8,5,7
18031069,4,1,5,11,8
18031070,7,2,5,11,3
18031071,10,7,9,4,3
18031072,8,2,9,4,7
18031073,7,2,4,1,9
18031074,2,4,7,6,3
18031075,11,6,5,8,4
18031076,5,11,2,7,6
18031077,5,8,3,2,7
18031078,11,9,8,5,7
18031079,8,11,5,6,1
18031080,9,6,8,5,1
18031081,5,10,11,8,9
18031082,8,2,4,3,7
18031083,4,9,2,6,10
18031084,3,9,5,6,4
18031101,5,8,1,6,11
18031102,3,10,2,9,7
18031103,11,6,2,7,10
18031104,3,2,9,7,1
18031105,10,8,7,3,5
18031106,3,7,2,5,1
18031107,7,11,2,8,3
18031108,10,2,7,4,6
18031109,2,4,11,5,1
18031110,6,10,5,9,4
18031111,7,1,2,11,10
18031112,1,5,8,6,10
18031113,10,9,1,4,5
18031114,1,9,2,5,10
18031115,3,2,7,6,8
18031116,8,1,3,10,5
18031117,1,11,7,6,4
18031118,4,3,11,6,9
18031119,11,5,7,4,8
18031120,11,6,9,4,5
18031121,10,1,4,5,7
18031122,2,6,11,9,1
18031123,3,6,2,1,9
18031124,10,7,4,6,1
18031125,9,6,3,8,4
18031126,8,4,10,7,11
18031127,6,11,9,3,5
18031128,4,5,11,6,10
18031129,1,2,9,6,11
18031130,8,5,4,2,6
18031131,6,10,9,11,4
18031132,10,3,8,6,11
18031133,3,6,5,1,4
18031134,6,3,8,5,2
18031135,6,10,9,5,3
18031136,11,6,5,9,10
18031137,10,3,8,2,1
18031138,11,6,3,2,9
18031139,6,3,2,1,5
18031140,1,7,8,2,9
18031141,5,8,9,4,3
18031142,3,2,1,10,5
18031143,3,7,5,8,9
18031144,11,5,3,10,1
18031145,4,1,5,3,9
18031146,8,2,5,1,3
18031147,5,1,10,8,4
18031148,7,9,2,8,10
18031149,2,9,1,4,11
18031150,4,5,6,11,8
18031151,4,1,6,10,11
18031152,1,6,3,9,8
18031153,2,6,10,4,7
18031154,10,4,3,6,9
18031155,5,8,9,7,10
18031156,8,4,6,10,3
18031157,7,6,2,11,5
18031158,9,10,5,2,3
18031159,6,7,8,3,1
18031160,3,1,11,8,2
18031161,5,9,7,4,6
18031162,11,8,3,5,7
18031163,9,10,6,7,2
18031164,1,10,9,4,11
18031165,10,5,3,9,2
18031166,8,1,2,6,10
18031167,9,11,5,7,8
18031168,9,5,7,4,8
18031169,2,3,10,8,4
18031170,9,6,3,11,10
18031171,5,1,11,9,7
18031172,6,10,5,2,4
18031173,2,8,6,7,3
18031174,6,8,2,11,10
18031175,11,8,4,2,10
18031176,8,2,4,6,10
18031177,9,4,1,6,11
18031178,7,11,5,3,1
18031179,9,5,1,6,7
18031180,7,5,1,8,11
18031181,9,11,8,10,5
18031182,4,3,7,5,8
18031183,6,9,2,10,11
18031184,8,6,10,4,2
18031201,7,10,11,1,5
18031202,7,8,10,3,6
18031203,5,1,9,3,8
18031204,6,7,10,11,9
18031205,2,4,6,7,10
18031206,6,11,3,1,4
18031207,1,9,10,3,5
18031208,10,5,9,11,1
18031209,1,2,7,5,6
18031210,10,2,4,11,9
18031211,10,2,9,11,8
18031212,5,4,1,7,10
18031213,5,11,2,6,10
18031214,6,2,11,3,1
18031215,4,5,3,11,10
18031216,3,10,8,11,2
18031217,3,7,1,8,6
18031218,10,1,5,4,6
18031219,6,7,10,2,4
18031220,5,3,7,6,9
18031221,4,1,11,6,8
18031222,7,2,10,5,3
18031223,11,2,1,5,7
18031224,7,3,8,10,2
18031225,5,8,9,4,1
18031226,11,7,6,9,1
18031227,3,10,2,4,1
18031228,5,6,4,10,7
18031229,1,9,7,3,8
18031230,8,7,6,9,4
18031231,8,11,1,2,9
18031232,2,8,3,9,1
18031233,9,11,7,4,8
18031234,7,6,5,9,3
18031235,3,4,10,7,2
18031236,9,4,8,7,6
18031237,5,3,1,10,2
18031238,6,8,1,2,3
18031239,11,8,1,9,4
18031240,6,7,5,9,4
18031241,4,2,8,6,10
18031242,10,6,9,2,7
18031243,9,4,1,6,3
18031244,9,10,2,3,6
18031245,1,9,2,3,11
18031246,5,6,3,10,11
18031247,4,7,1,8,11
18031248,6,10,9,5,7
18031249,4,5,9,1,6
18031250,5,8,4,3,11
18031251,7,3,6,4,11
18031252,5,6,11,10,8
18031253,11,4,5,1,2
18031254,7,6,9,11,4
18031255,6,9,11,5,10
18031256,7,2,10,8,11
18031257,2,4,3,6,1
18031258,2,7,5,8,1
18031259,9,10,5,4,7
18031260,2,7,4,3,1
18031261,9,2,1,3,11
18031262,5,9,8,3,11
18031263,6,1,9,11,4
18031264,6,10,5,1,4
18031265,2,4,11,5,10
18031266,4,2,7,8,11
18031267,5,11,3,6,4
18031268,9,1,6,11,5
18031269,9,1,8,10,5
18031270,5,7,3,2,9
18031271,8,9,7,4,5
18031272,7,8,3,1,4
18031273,3,1,10,11,4
18031274,7,1,10,4,6
18031275,9,10,3,1,7
18031276,4,1,9,7,5
18031277,7,3,5,11,9
18031278,4,3,2,9,1
18031279,6,2,4,1,5
18031280,9,11,4,10,6
18031281,5,8,9,3,10
18031282,6,10,5,1,7
18031283,1,8,3,10,6
18031284,9,10,3,5,6
18031301,7,8,1,2,9
18031302,1,6,10,9,4
18031303,2,7,9,11,4
18031304,10,11,4,2,6
18031305,4,5,2,6,11
18031306,4,2,7,1,8
18031307,4,11,2,3,5
18031308,6,5,1,9,7
18031309,2,5,4,6,10
18031310,11,4,1,5,6
18031311,11,2,3,6,7
18031312,11,10,4,1,7
18031313,8,7,1,2,3
18031314,8,4,11,1,5
18031315,9,8,4,11,3
18031316,8,1,11,7,9
18031317,6,8,11,4,5
18031318,7,2,1,5,3
18031319,9,2,11,5,4
18031320,3,10,4,6,9
18031321,11,2,9,3,5
18031322,5,2,4,10,9
18031323,2,6,4,1,3
18031324,5,2,8,11,7
18031325,1,6,5,3,11
18031326,7,11,5,4,1
18031327,6,11,8,10,5
18031328,1,10,9,3,2
18031329,6,1,8,2,11
18031330,11,1,8,9,4
18031331,4,1,5,11,3
18031332,4,7,11,1,2
18031333,1,3,8,10,5
18031334,6,3,2,11,8
18031335,11,7,3,4,2
18031336,4,3,5,1,9
18031337,4,2,7,8,11
18031338,9,3,4,2,5
18031339,10,1,5,11,6
18031340,3,10,9,11,4
18031341,3,9,1,10,2
18031342,7,4,1,5,2
18031343,1,6,7,4,9
18031344,3,5,11,2,10
18031345,2,5,1,11,4
18031346,6,2,5,4,8
18031347,10,7,6,9,1
18031348,4,2,1,11,7
18031349,1,2,11,6,7
18031350,9,5,1,8,2
18031351,11,8,5,1,10
18031352,6,1,2,10,7
18031353,9,4,11,6,8
18031354,3,11,5,9,7
18031355,5,1,2,3,8
18031356,9,1,7,2,8
18031357,4,1,7,2,11
18031358,2,8,3,1,5
18031359,8,11,10,9,5
18031360,3,10,2,8,1
18031361,2,5,10,4,1
18031362,5,2,9,10,1
18031363,3,6,10,11,9
18031364,6,9,10,5,8
18031365,2,11,6,10,8
18031366,9,10,3,8,11
18031367,8,4,7,1,10
18031368,4,1,11,8,6
18031369,9,4,3,1,10
18031370,1,7,10,11,5
18031371,6,4,2,10,9
18031372,11,9,10,1,3
18031373,1,2,11,4,6
18031374,9,6,1,4,3
18031375,4,11,5,10,8
18031376,11,5,4,9,10
18031377,10,7,6,3,9
18031378,6,3,11,5,8
18031379,8,2,11,3,1
18031380,11,7,3,4,5
18031381,10,2,5,1,9
18031382,2,11,1,7,5
18031383,6,9,10,11,1
18031384,7,3,11,5,8
18031401,4,9,3,2,5
18031402,11,9,7,8,10
18031403,10,7,3,9,11
18031404,5,6,11,9,2
18031405,11,8,2,6,5
18031406,1,6,9,7,8
18031407,4,9,7,1,3
18031408,1,9,11,6,4
18031409,3,11,2,5,4
18031410,6,3,9,2,11
18031411,8,6,3,5,2
18031412,3,7,2,5,4
18031413,8,5,7,11,6
18031414,3,4,2,6,10
18031415,6,8,9,3,2
18031416,2,6,8,1,10
18031417,6,1,7,11,4
18031418,10,11,5,2,4
18031419,5,11,2,6,7
18031420,10,11,7,3,1
18031421,8,9,3,7,10
18031422,3,2,9,1,6
18031423,10,2,9,4,6
18031424,9,7,4,8,2
18031425,8,1,4,11,6
18031426,7,4,10,2,8
18031427,4,1,11,5,3
18031428,10,2,9,4,8
18031429,4,9,5,11,2
18031430,10,5,4,8,2
18031431,1,11,9,10,4
18031432,1,6,7,2,4
18031433,6,10,5,8,3
18031434,5,10,3,2,6
18031435,11,3,8,6,5
18031436,10,4,11,7,5
18031437,6,8,9,2,10
18031438,11,5,4,10,6
18031439,2,4,1,9,6
18031440,7,8,5,4,1
18031441,2,5,9,3,10
18031442,4,6,10,7,8
18031443,3,7,4,1,8
18031444,2,9,4,5,11
18031445,8,6,7,5,1
18031446,8,4,1,2,9
18031447,4,1,5,6,3
18031448,5,7,9,3,11
18031449,7,6,10,2,5
18031450,8,10,11,2,5
18031451,10,11,9,4,2
18031452,3,7,4,11,6
18031453,7,1,8,6,11
18031454,8,10,5,3,7
18031455,3,8,5,9,1
18031456,3,9,5,6,8
18031457,9,4,11,2,8
18031458,7,9,6,1,8
18031459,7,2,3,4,9
18031460,1,11,8,9,2
18031461,7,4,3,1,2
18031462,8,6,1,2,7
18031463,5,10,1,11,8
18031464,1,9,5,10,11
18031465,11,1,7,4,5
18031466,5,7,6,2,3
18031467,8,11,4,2,1
18031468,2,5,11,10,7
18031469,7,6,5,3,2
18031470,11,2,4,5,1
18031471,9,6,10,1,3
18031472,2,1,7,6,9
18031473,6,7,2,5,11
18031474,8,2,3,5,1
18031475,4,9,8,6,7
18031476,1,2,5,6,11
18031477,8,10,4,6,2
18031478,6,3,8,2,5
18031479,4,10,1,7,9
18031480,1,2,11,4,9
18031481,7,9,2,6,4
18031482,5,1,2,10,6
18031483,5,2,10,11,4
18031484,8,5,9,7,2
18031501,7,2,3,11,10
18031502,8,10,2,5,3
18031503,9,2,11,10,7
18031504,8,11,10,4,7
18031505,6,9,10,7,5
18031506,2,1,4,8,5
18031507,8,10,11,7,3
18031508,2,1,5,11,8
18031509,3,7,1,9,10
18031510,7,5,11,8,4
18031511,5,6,7,3,10
18031512,1,2,11,5,10
18031513,11,2,1,8,3
18031514,5,9,11,2,8
18031515,5,1,2,3,9
18031516,5,6,2,9,11
18031517,6,8,10,1,2
18031518,1,9,10,7,6
18031519,3,1,6,11,8
18031520,5,1,11,9,3
18031521,5,1,10,6,8
18031522,3,9,1,11,2
18031523,11,7,2,3,4
18031524,3,10,9,1,2
18031525,2,1,11,10,5
18031526,9,4,11,10,3
18031527,9,5,11,7,3
18031528,9,1,8,10,11
18031529,1,11,9,7,10
18031530,9,2,6,8,1
18031531,10,7,2,1,11
18031532,3,6,5,10,8
18031533,8,5,7,3,10
18031534,5,11,3,4,10
18031535,1,8,4,5,6
18031536,7,9,3,4,5
18031537,5,8,11,1,7
18031538,11,3,6,10,1
18031539,2,9,4,5,6
18031540,9,4,7,5,10
18031541,11,1,4,3,2
18031542,3,2,9,6,5
18031543,7,3,6,4,11
18031544,8,9,5,6,3
18031545,4,6,8,3,11
18031546,10,4,6,11,9
18031547,8,5,7,4,10
18031548,2,4,8,1,10
18031549,9,11,2,10,3
18031550,1,11,7,8,2
18031551,8,1,3,10,2
18031552,2,4,5,10,1
18031553,2,9,10,5,6
18031554,7,2,5,11,3
18031555,3,2,10,8,9
18031556,7,10,9,4,8
18031557,2,5,9,7,10
18031558,9,11,7,6,4
18031559,7,9,11,10,4
18031560,4,6,2,1,7
18031561,7,3,5,11,2
18031562,9,5,10,8,2
18031563,2,7,4,6,1
18031564,10,5,3,4,11
18031565,4,5,2,8,3
18031566,6,7,5,8,11
18031567,5,10,3,7,2
18031568,3,8,2,9,7
18031569,3,6,8,2,9
18031570,6,9,7,5,1
18031571,6,10,4,9,8
18031572,7,10,1,2,9
18031573,1,11,4,9,2
18031574,11,1,7,10,6
18031575,6,2,3,9,8
18031576,2,7,5,1,6
18031577,4,9,2,7,1
18031578,5,2,8,9,11
18031579,4,2,10,3,8
18031580,1,2,11,6,10
18031581,7,4,9,1,8
18031582,3,7,5,10,2
18031583,9,11,4,7,3
18031584,7,4,2,11,10
18031601,8,10,9,1,4
18031602,11,8,5,10,2
18031603,3,8,10,7,4
18031604,1,10,2,7,3
18031605,9,3,1,7,11
18031606,8,9,1,11,4
18031607,11,4,3,7,10
18031608,6,7,9,5,3
18031609,6,9,4,7,10
18031610,10,4,3,9,6
18031611,8,7,6,1,9
18031612,5,8,9,2,6
18031613,4,8,11,1,9
18031614,5,11,6,4,3
18031615,7,1,11,2,8
18031616,1,10,11,8,7
18031617,2,4,11,8,7
18031618,1,2,7,9,4
18031619,9,3,1,7,2
18031620,6,1,5,10,8
18031621,11,6,8,5,10
18031622,5,7,2,8,6
18031623,1,10,6,7,8
18031624,11,2,7,5,9
18031625,4,11,7,6,2
18031626,2,6,8,1,10
18031627,3,2,8,11,7
18031628,1,11,2,5,8
18031629,8,4,1,5,9
18031630,4,9,3,8,7
18031631,8,11,4,2,6
18031632,7,6,5,3,11
18031633,11,2,7,1,5
18031634,9,2,5,4,6
18031635,5,3,11,4,9
18031636,1,2,7,8,3
18031637,11,10,5,7,1
18031638,8,7,3,5,9
18031639,8,9,1,11,6
18031640,4,1,5,8,9
18031641,10,8,4,1,11
18031642,8,11,9,3,2
18031643,7,8,6,2,4
18031644,4,8,5,7,10
18031645,7,5,3,8,11
18031646,9,2,11,3,8
18031647,10,4,5,8,2
18031648,8,9,3,7,6
18031649,9,2,11,6,3
18031650,6,10,9,5,2
18031651,2,6,3,1,8
18031652,2,8,1,11,10
18031653,9,11,10,5,2
18031654,2,11,8,7,10
18031655,2,7,4,6,1
18031656,11,8,5,3,6
18031657,10,8,1,6,3
18031658,5,2,9,10,6
18031659,4,7,2,10,5
18031660,6,5,7,2,8
18031661,11,5,1,7,3
18031662,3,9,10,2,5
18031663,8,3,10,11,6
18031664,6,1,10,2,3
18031665,6,4,9,10,2
18031666,2,7,6,8,11
18031667,8,1,6,9,10
18031668,10,4,8,9,1
18031669,9,2,4,6,5
18031670,4,3,5,7,6
18031671,2,3,11,1,4
18031672,7,1,9,5,2
18031673,4,8,2,11,10
18031674,8,5,4,3,6
18031675,3,2,6,4,5
18031676,8,4,3,10,7
18031677,4,3,6,2,10
18031678,6,11,8,9,2
18031679,6,2,9,7,1
18031680,9,8,2,1,7
18031681,4,7,3,8,2
18031682,6,5,8,11,10
18031683,8,6,9,1,2
18031684,11,2,5,6,8
18031701,1,10,9,5,3
18031702,3,7,8,2,5
18031703,9,1,5,7,11
18031704,11,5,3,6,2
18031705,11,4,3,6,2
18031706,3,2,5,4,7
18031707,7,2,5,3,1
18031708,9,6,7,8,4
18031709,5,1,8,4,3
18031710,10,2,9,7,6
18031711,11,3,8,9,5
18031712,11,9,1,8,6
18031713,1,11,10,5,9
18031714,7,8,10,6,4
18031715,11,3,6,1,9
18031716,3,2,5,7,10
18031717,3,6,2,7,5
18031718,5,2,9,3,10
18031719,3,4,8,1,9
18031720,6,3,5,1,7
18031721,2,1,6,9,8
18031722,1,3,5,8,10
18031723,5,10,7,2,1
18031724,3,1,9,6,5
18031725,2,9,11,8,10
18031726,11,9,7,1,2
18031727,11,3,4,7,9
18031728,10,11,6,5,7
18031729,7,11,10,2,1
18031730,7,8,1,10,5
18031731,10,2,7,5,4
18031732,3,11,4,10,8
18031733,10,7,3,9,6
18031734,6,10,3,7,4
18031735,3,2,7,11,4
18031736,7,8,6,5,2
18031737,8,10,7,5,11
18031738,8,11,5,1,10
18031739,4,11,8,3,5
18031740,11,4,5,2,10
18031741,11,4,7,8,2
18031742,11,2,7,9,4
18031743,10,8,4,7,2
18031744,9,2,10,1,6
18031745,4,1,5,10,11
18031746,9,8,4,5,3
18031747,11,5,8,6,3
18031748,6,10,1,8,7
18031749,9,8,2,5,11
18031750,1,9,11,5,7
18031751,11,6,10,8,9
18031752,5,3,1,11,7
18031753,7,1,11,6,9
18031754,11,8,4,7,1
18031755,2,5,1,4,3
18031756,7,11,1,8,9
18031757,9,7,3,4,11
18031758,2,8,9,6,7
18031759,6,5,8,1,9
18031760,8,11,2,3,10
18031761,8,1,4,5,9
18031762,7,3,2,5,4
18031763,5,1,10,2,7
18031764,6,1,5,3,9
18031765,10,9,3,7,11
18031766,1,5,11,10,8
18031767,4,3,8,11,1
18031768,4,6,2,8,7
18031769,2,6,7,4,3
18031770,9,6,5,7,1
18031771,4,11,3,8,9
18031772,9,3,1,7,5
18031773,8,6,2,4,11
18031774,10,4,1,6,8
18031775,7,11,2,4,1
18031776,11,7,3,6,5
18031777,3,6,5,11,4
18031778,8,10,1,4,3
18031779,4,9,11,5,2
18031780,7,2,11,9,3
18031781,6,4,3,5,8
18031782,10,4,3,11,2
18031783,5,7,8,4,10
18031784,8,4,9,10,3
18031801,1,10,4,6,2
18031802,4,1,8,10,5
18031803,3,8,2,7,1
18031804,1,9,7,11,4
18031805,1,10,6,4,8
18031806,11,3,5,8,10
18031807,4,9,10,1,5
18031808,11,7,6,2,8
18031809,6,5,2,9,10
18031810,3,9,5,11,7
18031811,6,1,5,2,4
18031812,7,1,8,6,2
18031813,1,5,10,9,7
18031814,5,2,11,6,1
18031815,1,3,11,10,5
18031816,5,10,4,6,9
18031817,8,4,5,6,1
18031818,8,10,1,5,6
18031819,10,7,3,6,9
18031820,5,7,6,2,11
18031821,10,8,5,6,3
18031822,7,5,1,11,6
18031823,1,7,6,11,8
18031824,7,2,10,5,6
18031825,9,11,6,2,7
18031826,7,5,2,9,3
18031827,9,5,4,11,3
18031828,6,1,8,11,9
18031829,2,6,8,7,11
18031830,11,10,7,8,1
18031831,3,8,11,2,6
18031832,1,11,4,2,8
18031833,11,9,6,3,1
18031834,4,8,9,7,10
18031835,8,5,4,11,9
18031836,3,7,8,4,1
18031837,10,11,3,1,7
18031838,9,4,5,8,3
18031839,6,3,7,10,9
18031840,5,9,6,1,8
18031841,5,9,7,4,1
18031842,6,5,3,11,7
18031843,5,7,1,6,3
18031844,3,7,9,4,10
18031845,11,2,3,4,8
18031846,9,6,3,11,7
18031847,8,10,3,9,5
18031848,4,5,2,6,9
18031849,4,5,9,8,6
18031850,11,2,3,5,4
18031851,11,6,8,7,9
18031852,2,11,3,4,6
18031853,8,9,7,5,2
18031854,2,6,10,7,3
18031855,5,1,6,3,4
18031856,2,1,11,6,10
18031857,9,2,10,6,1
18031858,3,4,5,1,8
18031859,3,8,1,11,2
18031860,11,9,2,1,7
18031861,7,6,3,1,5
18031862,6,3,7,10,5
18031863,3,4,5,9,10
18031864,9,3,10,6,8
18031865,2,4,7,6,3
18031866,9,4,2,8,1
18031867,1,8,7,4,2
18031868,11,4,3,1,8
18031869,7,5,2,9,1
18031870,9,4,10,11,6
18031871,9,4,6,8,2
18031872,9,2,1,10,8
18031873,6,1,10,11,8
18031874,1,2,10,6,8
18031875,8,4,1,9,2
18031876,1,8,10,2,11
18031877,1,11,7,5,9
18031878,7,8,2,11,6
18031879,11,7,3,6,9
18031880,1,2,3,10,9
18031881,9,2,8,10,7
18031882,4,1,7,11,10
18031883,7,11,2,1,8
18031884,2,4,5,11,8
18031901,3,11,7,6,5
18031902,2,10,1,6,9
18031903,6,9,1,3,4
18031904,2,6,8,3,11
18031905,7,3,10,2,5
18031906,1,8,10,9,5
18031907,3,1,2,6,11
18031908,1,5,8,3,7
18031909,10,3,1,7,8
18031910,1,3,5,4,8
18031911,3,8,7,2,1
18031912,5,3,9,1,2
18031913,1,4,5,3,10
18031914,6,3,1,8,7
18031915,9,7,6,3,10
18031916,10,3,5,8,7
18031917,3,7,1,11,6
18031918,4,2,3,1,5
18031919,4,2,1,7,10
18031920,3,7,10,6,9
18031921,11,6,2,1,4
18031922,9,6,7,5,10
18031923,10,9,7,5,1
18031924,5,8,9,7,6
18031925,7,5,4,11,3
18031926,3,6,1,2,7
18031927,9,2,11,3,10
18031928,8,1,4,2,3
18031929,3,5,4,10,1
18031930,5,11,8,10,1
18031931,3,7,1,9,2
18031932,8,5,1,10,11
18031933,4,9,6,11,1
18031934,11,8,10,3,9
18031935,10,6,9,5,2
18031936,2,11,8,10,9
18031937,4,8,1,11,10
18031938,1,2,6,9,7
18031939,9,7,8,10,5
18031940,7,10,4,5,6
18031941,5,4,11,3,8
18031942,5,11,3,1,8
18031943,1,6,2,11,5
18031944,2,1,4,7,3
18031945,1,11,2,9,4
18031946,9,3,7,1,11
18031947,9,8,2,4,7
18031948,11,4,3,1,6
18031949,4,6,5,9,3
18031950,1,10,7,8,9
18031951,3,6,9,8,1
18031952,6,1,7,10,11
18031953,7,1,10,11,9
18031954,11,8,5,6,2
18031955,6,11,1,8,10
18031956,6,1,11,9,8
18031957,3,11,5,10,2
18031958,1,7,8,5,2
18031959,7,3,2,1,11
18031960,9,4,5,6,3
18031961,11,8,5,6,2
18031962,10,4,7,2,11
18031963,4,3,8,1,2
18031964,7,2,1,6,10
18031965,3,1,7,11,9
18031966,8,9,1,6,10
18031967,6,3,7,1,4
18031968,7,3,2,1,4
18031969,6,5,10,1,3
18031970,8,9,7,6,3
18031971,4,5,10,11,7
18031972,2,4,11,9,7
18031973,11,7,9,1,3
18031974,1,6,11,8,2
18031975,7,4,8,11,3
18031976,3,11,8,9,7
18031977,3,10,7,4,9
18031978,2,7,11,6,4
18031979,3,8,5,10,9
18031980,4,2,7,1,10
18031981,5,7,10,11,3
18031982,4,1,3,8,9
18031983,6,3,7,5,2
18031984,4,6,7,1,3
18032001,10,7,6,11,1
18032002,7,9,8,1,10
18032003,6,10,4,9,1
18032004,11,2,7,8,1
18032005,9,10,3,1,4
18032006,5,10,1,9,2
18032007,1,6,10,5,3
18032008,4,5,6,7,8
18032009,6,11,2,3,5
18032010,10,6,3,5,2
18032011,10,9,3,5,6
18032012,2,1,9,10,7
18032013,6,1,4,3,9
18032014,4,2,9,1,8
18032015,9,10,3,11,7
18032016,11,5,10,1,3
18032017,8,5,9,4,6
18032018,1,8,7,5,10
18032019,9,4,10,6,2
18032020,8,3,7,4,6
18032021,7,9,8,6,10
18032022,4,7,5,1,9
18032023,1,7,9,11,10
18032024,3,5,1,6,4
18032025,4,6,8,11,9
18032026,4,7,1,11,10
18032027,7,3,5,6,9
18032028,5,7,10,2,1
18032029,4,3,2,8,6
18032030,10,7,4,5,11
18032031,8,6,3,5,9
18032032,1,11,9,5,3
18032033,6,5,11,7,2
18032034,5,1,4,10,3
18032035,3,6,9,2,5
18032036,2,10,6,3,11
18032037,4,8,3,5,2
18032038,7,3,4,10,2
18032039,2,4,8,10,6
18032040,10,11,2,8,5
18032041,4,2,7,3,10
18032042,3,6,7,5,10
18032043,6,5,4,7,8
18032044,8,11,1,5,6
18032045,2,1,3,11,7
18032046,11,8,4,5,3
18032047,1,8,4,5,7
18032048,4,9,11,2,10
18032049,9,4,1,11,2
18032050,8,7,5,10,3
18032051,8,4,11,2,10
18032052,11,8,3,9,5
18032053,1,10,9,4,7
18032054,5,7,10,8,3
18032055,11,9,3,10,4
18032056,7,8,4,5,6
18032057,7,2,4,1,3
18032058,3,6,10,5,9
18032059,10,7,8,5,1
18032060,4,5,3,9,7
18032061,7,4,8,1,5
18032062,11,3,10,1,9
18032063,4,7,1,9,5
18032064,10,2,1,11,9
18032065,9,5,3,10,2
18032066,8,11,2,10,3
18032067,9,7,1,11,4
18032068,11,1,10,2,8
18032069,5,2,1,10,7
18032070,10,11,4,1,8
18032071,9,8,5,4,10
18032072,8,7,4,5,6
18032073,3,6,2,11,7
18032074,8,4,5,1,10
18032075,2,9,3,1,7
18032076,9,2,11,3,8
18032077,8,11,6,9,1
18032078,1,9,6,2,7
18032079,4,7,10,3,6
18032080,10,7,5,2,3
18032081,3,11,7,5,2
18032082,7,10,2,5,11
18032083,10,11,1,6,5
18032084,3,5,8,4,7
18032101,9,8,6,5,1
18032102,4,7,6,2,5
18032103,7,9,4,3,8
18032104,11,4,7,9,6
18032105,9,5,3,4,11
18032106,11,10,3,4,8
18032107,6,8,3,7,5
18032108,2,1,6,3,9
18032109,9,8,10,1,2
18032110,9,7,6,8,3
18032111,5,10,7,8,1
18032112,1,6,5,11,2
18032113,3,7,10,1,4
18032114,3,5,7,1,4
18032115,9,7,1,2,10
18032116,10,7,5,3,2
18032117,9,6,2,11,8
18032118,7,5,2,8,3
18032119,5,6,4,8,10
18032120,5,11,10,4,6
18032121,11,7,8,5,1
18032122,7,11,3,2,4
18032123,10,7,1,9,5
18032124,4,1,2,7,5
18032125,11,4,8,3,5
18032126,6,8,4,7,3
18032127,10,8,5,2,1
18032128,5,1,3,10,8
18032129,3,10,2,1,7
18032130,6,2,8,9,10
18032131,10,4,9,7,6
18032132,10,7,4,5,3
18032133,10,3,4,7,11
18032134,10,11,4,9,5
18032135,1,5,10,9,11
18032136,5,4,6,3,10
18032137,1,10,4,3,9
18032138,10,8,6,11,1
18032139,6,3,8,4,9
18032140,3,2,6,5,1
18032141,3,5,9,1,2
18032142,10,8,4,6,1
18032143,7,2,6,8,9
18032144,9,7,1,8,5
18032145,10,3,4,2,11
18032146,3,2,7,4,9
18032147,5,7,10,4,1
18032148,3,7,9,4,11
18032149,11,1,8,5,9
18032150,7,9,8,4,11
18032151,9,7,2,11,5
18032152,6,3,1,5,7
18032153,3,11,7,5,10
18032154,1,3,4,2,7
18032155,7,8,11,9,4
18032156,3,5,10,9,8
18032157,8,3,5,1,6
18032158,3,10,9,2,1
18032159,9,2,4,6,7
18032160,2,9,1,6,3
18032161,9,5,4,3,8
18032162,7,1,5,2,11
18032163,11,3,1,8,4
18032164,3,5,7,11,8
18032165,3,6,2,8,10
18032166,3,1,7,6,10
18032167,9,7,11,5,6
18032168,3,5,8,1,11
18032169,1,3,8,7,2
18032170,9,2,3,11,1
18032171,8,4,3,11,10
18032172,4,3,6,1,9
18032173,8,3,6,4,10
18032174,8,11,6,9,10
18032175,8,7,1,5,2
18032176,11,7,4,3,6
18032177,1,10,11,8,3
18032178,3,8,5,2,6
18032179,11,8,6,7,9
18032180,4,2,1,3,7
18032181,2,8,5,10,11
18032182,10,7,9,1,5
18032183,8,6,1,2,10
18032184,2,9,1,5,11
18032201,10,2,7,11,4
18032202,8,5,9,10,7
18032203,7,11,1,9,4
18032204,7,5,9,3,8
18032205,5,6,9,2,11
18032206,11,5,6,2,3
18032207,8,9,11,5,2
18032208,7,3,1,10,9
18032209,11,8,7,2,6
18032210,6,5,3,4,8
18032211,9,5,11,6,10
18032212,8,7,2,10,6
18032213,6,11,3,8,9
18032214,6,7,8,4,11
18032215,11,7,1,3,2
18032216,8,2,10,6,3
18032217,9,7,8,10,4
18032218,9,2,11,6,8
18032219,10,8,9,11,2
18032220,11,9,6,3,2
18032221,7,10,8,4,5
18032222,10,5,2,6,1
18032223,2,8,1,10,7
18032224,9,3,4,5,6
18032225,1,4,3,6,9
18032226,11,8,3,10,4
18032227,4,9,8,2,5
18032228,2,6,10,8,3
18032229,8,7,9,4,2
18032230,11,4,8,10,6
18032231,5,1,10,6,8
18032232,7,8,10,4,11
18032233,1,7,4,3,6
18032234,4,6,3,5,1
18032235,2,6,7,10,4
18032236,10,2,3,6,1
18032237,6,7,10,9,3
18032238,8,10,11,9,3
18032239,7,5,10,1,8
18032240,4,7,11,10,3
18032241,3,10,8,4,11
18032242,1,3,8,6,9
18032243,11,8,9,4,7
18032244,10,6,3,2,1
18032245,7,5,8,9,2
18032246,1,9,7,6,8
18032247,5,10,4,7,8
18032248,6,11,2,9,4
18032249,3,6,10,8,9
18032250,4,11,9,5,3
18032251,3,7,5,9,11
18032252,9,8,10,5,6
18032253,2,7,9,10,1
18032254,4,6,8,5,9
18032255,8,4,11,7,1
18032256,8,11,7,1,5
18032257,7,3,1,4,11
18032258,5,7,10,11,3
18032259,6,4,3,7,9
18032260,4,6,5,11,9
18032261,8,5,3,7,4
18032262,5,6,3,8,1
18032263,9,3,1,8,2
18032264,1,11,10,5,8
18032265,1,11,6,2,8
18032266,10,5,3,9,11
18032267,1,10,4,3,8
18032268,9,8,1,6,7
18032269,9,8,6,1,2
18032270,1,10,9,7,4
18032271,3,1,9,8,11
18032272,10,1,8,7,5
18032273,7,2,4,11,5
18032274,3,8,9,4,10
18032275,7,3,5,2,9
18032276,8,7,6,5,10
18032277,8,3,1,2,6
18032278,11,4,5,2,8
18032279,1,10,7,4,3
18032280,5,4,2,6,11
18032281,5,4,1,7,3
18032282,4,9,11,5,8
18032283,10,7,2,1,9
18032284,3,5,4,1,10
18032301,4,3,7,8,9
18032302,10,3,7,4,5
18032303,11,5,6,8,4
18032304,6,11,3,2,9
18032305,6,5,3,10,2
18032306,8,10,1,7,3
18032307,6,5,10,8,9
18032308,4,9,2,8,6
18032309,11,9,6,2,3
18032310,2,7,1,4,8
18032311,9,4,5,7,2
18032312,9,10,11,7,3
18032313,7,4,11,9,2
18032314,9,10,6,2,3
18032315,7,5,1,11,10
18032316,10,5,4,11,7
18032317,11,4,1,7,5
18032318,11,5,6,1,10
18032319,5,3,11,6,2
18032320,9,5,8,7,11
18032321,7,4,2,11,6
18032322,4,6,3,11,9
18032323,10,6,5,8,4
18032324,8,5,11,6,3
18032325,11,4,10,6,9
18032326,9,3,7,8,6
18032327,10,8,9,1,11
18032328,8,6,4,3,1
18032329,9,1,10,4,3
18032330,5,9,1,6,7
18032331,4,3,5,2,11
18032332,11,7,6,5,4
18032333,8,5,10,4,2
18032334,7,8,1,9,6
18032335,7,11,10,1,3
18032336,6,5,4,2,7
18032337,1,9,4,3,2
18032338,9,5,7,3,11
18032339,8,3,6,11,7
18032340,10,2,8,3,5
18032341,6,10,9,7,8
18032342,10,9,6,2,3
18032343,7,11,8,10,5
18032344,4,3,7,1,2
18032345,2,3,11,4,7
18032346,1,5,10,4,3
18032347,8,1,4,6,10
18032348,5,9,10,3,4
18032349,5,3,1,10,6
18032350,8,10,2,3,9
18032351,7,1,10,8,9
18032352,9,11,7,5,6
18032353,3,8,2,5,7
18032354,7,2,1,11,6
18032355,4,9,5,8,3
18032356,1,2,10,5,4
18032357,2,5,10,7,4
18032358,11,3,1,4,5
18032359,4,1,6,5,9
18032360,10,2,3,11,4
18032361,4,7,3,1,11
18032362,7,6,4,10,2
18032363,5,3,6,2,11
18032364,6,3,5,2,4
18032365,8,4,9,2,3
18032366,5,7,3,8,4
18032367,1,2,11,8,10
18032368,7,5,4,11,1
18032369,1,3,8,6,11
18032370,4,9,10,5,2
18032371,5,10,11,2,9
18032372,10,3,9,2,7
18032373,9,6,10,3,7
18032374,5,4,9,11,2
18032375,5,1,8,2,9
18032376,1,6,5,2,4
18032377,11,3,8,7,1
18032378,2,10,3,11,6
18032379,10,5,2,8,4
18032380,7,10,6,9,2
18032381,4,8,7,2,5
18032382,1,8,7,6,2
18032383,5,7,2,1,9
18032384,2,5,9,3,10
18032401,3,7,5,8,11
18032402,8,9,7,3,1
18032403,9,6,11,4,2
18032404,3,7,6,11,1
18032405,10,3,2,1,4
18032406,7,1,5,3,4
18032407,5,11,2,3,9
18032408,7,6,11,5,10
18032409,2,9,3,7,8
18032410,8,9,10,4,11
18032411,7,4,1,8,2
18032412,3,7,4,10,1
18032413,1,9,2,3,8
18032414,8,7,10,2,4
18032415,7,3,2,1,11
18032416,5,4,11,1,8
18032417,3,2,9,5,8
18032418,5,8,6,11,10
18032419,2,8,10,4,6
18032420,5,6,1,7,11
18032421,7,3,2,1,9
18032422,9,7,3,10,6
18032423,3,1,9,4,7
18032424,10,1,11,4,9
18032425,2,3,5,8,6
18032426,1,6,11,3,4
18032427,5,8,6,11,2
18032428,1,6,10,5,3
18032429,4,2,11,1,6
18032430,11,2,6,4,7
18032431,4,7,10,1,2
18032432,2,9,8,5,10
18032433,11,6,3,1,9
18032434,1,6,2,5,9
18032435,4,5,11,8,10
18032436,3,2,1,8,4
18032437,6,1,3,2,5
18032438,10,2,6,7,8
18032439,10,3,11,4,7
18032440,10,5,2,7,1
18032441,8,7,5,3,2
18032442,3,7,11,10,9
18032443,5,6,2,7,1
18032444,3,5,9,4,1
18032445,5,2,11,6,1
18032446,2,10,11,1,7
18032447,11,9,10,7,6
18032448,11,4,9,6,5
18032449,2,6,10,3,1
18032450,4,6,3,5,9
18032451,7,10,3,1,6
18032452,1,4,3,2,11
18032453,1,2,6,10,9
18032454,10,5,6,4,9
18032455,2,11,1,4,9
18032456,9,8,7,6,1
18032457,11,3,5,10,4
18032458,5,4,8,1,2
18032459,11,2,8,5,3
18032460,3,5,8,11,10
18032461,1,3,7,4,8
18032462,1,7,2,9,6
18032463,11,3,6,4,1
18032464,11,2,9,10,5
18032465,10,7,2,8,9
18032466,8,11,4,3,6
18032467,10,6,3,4,2
18032468,5,7,3,10,4
18032469,9,4,1,7,6
18032470,9,3,8,6,1
18032471,2,11,5,7,4
18032472,2,9,7,8,4
18032473,3,6,4,9,2
18032474,5,9,11,1,3
18032475,9,3,2,5,4
18032476,2,6,3,1,8
18032477,3,5,11,8,4
18032478,7,4,11,5,3
18032479,5,10,1,3,2
18032480,11,9,10,5,7
18032481,3,7,10,6,1
18032482,11,3,6,10,9
18032483,5,2,4,7,11
18032484,7,3,5,2,4
18032501,5,3,2,8,9
18032502,4,2,10,9,6
18032503,1,3,2,10,7
18032504,10,2,7,11,3
18032505,4,8,5,2,10
18032506,4,1,11,7,2
18032507,5,7,10,6,2
18032508,8,2,1,9,3
18032509,7,10,11,9,6
18032510,3,10,7,1,2
18032511,5,2,4,1,10
18032512,5,6,11,10,1
18032513,3,10,8,6,2
18032514,9,1,11,4,6
18032515,4,3,6,8,7
18032516,8,4,2,9,6
18032517,10,4,1,11,5
18032518,11,3,9,4,1
18032519,3,10,7,6,5
18032520,1,10,11,8,7
18032521,5,8,6,7,1
18032522,6,1,8,2,4
18032523,4,9,1,2,11
18032524,3,9,1,4,11
18032525,4,10,7,6,5
18032526,9,5,6,2,10
18032527,8,3,1,11,2
18032528,10,7,11,6,1
18032529,9,1,2,3,10
18032530,7,3,2,8,1
18032531,3,1,7,11,4
18032532,2,5,1,8,4
18032533,11,8,2,7,3
18032534,1,10,4,5,6
18032535,11,1,8,9,7
18032536,2,5,4,1,6
18032537,4,3,9,7,6
18032538,6,1,5,8,2
18032539,10,8,1,7,9
18032540,9,7,6,3,5
18032541,2,10,1,9,7
18032542,10,3,4,11,2
18032543,10,7,8,3,9
18032544,11,7,8,6,10
18032545,3,5,10,4,9
18032546,8,6,5,11,7
18032547,8,9,3,4,1
18032548,6,1,4,8,9
18032549,10,8,4,6,11
18032550,7,11,1,3,10
18032551,5,11,4,7,8
18032552,2,7,4,1,11
18032553,11,7,9,10,2
18032554,4,9,5,11,7
18032555,1,2,8,5,4
18032556,10,5,11,1,4
18032557,10,8,6,1,3
18032558,10,5,2,3,6
18032559,3,8,4,9,6
18032560,9,3,7,10,8
18032561,6,5,4,7,8
18032562,3,1,4,8,5
18032563,5,10,11,3,2
18032564,6,2,4,3,1
18032565,7,11,5,2,4
18032566,10,5,1,11,9
18032567,3,8,10,11,1
18032568,8,3,10,9,1
18032569,3,5,11,7,8
18032570,5,7,3,8,1
18032571,3,8,5,9,7
18032572,4,5,2,8,3
18032573,9,5,4,2,6
18032574,3,10,5,6,7
18032575,11,4,7,10,1
18032576,11,6,7,5,10
18032577,6,7,4,1,8
18032578,7,5,8,3,1
18032579,3,9,1,2,11
18032580,9,7,6,1,8
18032581,4,6,8,9,11
18032582,8,7,11,10,6
18032583,9,10,8,1,4
18032584,2,11,6,10,5
18032601,9,3,11,8,5
18032602,9,6,11,4,7
18032603,5,8,6,4,3
18032604,1,8,11,10,5
18032605,2,11,7,3,8
18032606,9,3,7,5,10
18032607,4,5,1,2,11
18032608,5,1,11,8,3
18032609,8,2,1,7,3
18032610,5,2,4,11,3
18032611,6,3,8,11,10
18032612,10,3,5,6,1
18032613,8,9,10,6,4
18032614,5,6,10,8,2
18032615,1,8,10,6,11
18032616,9,6,3,1,11
18032617,8,11,6,10,7
18032618,2,10,3,4,6
18032619,8,5,7,10,1
18032620,2,1,3,6,7
18032621,5,9,4,3,1
18032622,8,7,4,2,10
18032623,6,10,9,11,8
18032624,7,11,4,9,2
18032625,2,1,7,3,10
18032626,10,11,2,1,5
18032627,1,9,5,11,2
18032628,10,1,9,3,5
18032629,9,6,5,4,1
18032630,8,10,4,3,11
18032631,1,11,3,10,2
18032632,3,11,2,8,5
18032633,10,7,1,6,8
18032634,9,1,8,10,7
18032635,7,3,2,4,5
18032636,9,4,3,6,11
18032637,5,2,11,8,7
18032638,1,10,8,11,5
18032639,3,2,6,9,10
18032640,6,9,3,7,5
18032641,1,8,6,3,11
18032642,1,3,10,11,7
18032643,5,3,8,1,9
18032644,7,9,11,10,2
18032645,6,8,10,5,2
18032646,11,2,3,1,10
18032647,3,9,4,11,2
18032648,5,1,6,9,10
18032649,5,7,9,8,10
18032650,11,9,8,7,5
18032651,7,5,9,11,3
18032652,11,10,9,4,8
18032653,1,10,7,4,5
18032654,7,4,8,9,3
18032655,2,6,1,4,7
18032656,5,2,11,10,7
18032657,9,6,4,3,7
18032658,6,1,4,10,7
18032659,7,4,3,2,6
18032660,11,9,3,10,7
18032661,9,7,8,3,4
18032662,6,2,1,7,9
18032663,10,4,6,9,8
18032664,6,2,3,4,11
18032665,4,7,1,5,6
18032666,6,1,4,9,10
18032667,11,2,9,8,4
18032668,2,10,1,3,5
18032669,9,3,11,7,4
18032670,11,3,6,9,5
18032671,3,1,8,6,4
18032672,5,8,4,9,6
18032673,11,8,3,5,6
18032674,5,1,7,8,2
18032675,5,10,11,4,7
18032676,2,8,10,9,6
18032677,11,1,9,3,8
18032678,8,9,4,7,1
18032679,11,7,9,1,10
18032680,10,2,1,7,9
18032681,5,6,8,10,7
18032682,6,5,3,11,10
18032683,8,3,6,1,2
18032684,3,9,7,6,10
18032701,6,3,7,10,1
18032702,4,6,10,11,5
18032703,11,5,7,8,1
18032704,4,10,9,5,7
18032705,4,3,5,2,10
18032706,6,3,8,5,7
18032707,8,9,6,2,4
18032708,3,2,10,8,1
18032709,2,10,9,6,4
18032710,4,7,6,9,11
18032711,4,11,6,2,5
18032712,8,11,2,7,5
18032713,3,4,5,1,7
18032714,10,5,7,9,3
18032715,2,9,10,3,5
18032716,9,2,5,4,7
18032717,4,5,7,2,6
18032718,9,2,10,7,6
18032719,4,10,7,8,3
18032720,8,11,1,5,9
18032721,9,2,5,6,4
18032722,9,1,11,2,8
18032723,5,4,9,10,6
18032724,3,7,2,11,1
18032725,11,8,5,10,9
18032726,5,3,1,4,10
18032727,1,5,8,7,6
18032728,5,7,2,6,9
18032729,10,1,11,4,9
18032730,6,4,8,11,1
18032731,10,1,4,7,9
18032732,9,10,11,6,3
18032733,10,5,9,3,6
18032734,6,5,2,4,8
18032735,5,11,10,6,1
18032736,11,9,8,1,10
18032737,7,6,9,8,1
18032738,4,7,5,8,6
18032739,8,2,3,5,6
18032740,6,9,8,5,11
18032741,4,6,3,1,9
18032742,6,4,10,5,11
18032743,4,10,7,11,9
18032744,11,6,9,7,4
18032745,4,3,5,2,6
18032746,1,10,9,7,6
18032747,10,4,2,7,3
18032748,11,6,4,7,2
18032749,5,9,6,3,8
18032750,6,2,3,1,7
18032751,10,9,8,2,7
18032752,8,1,2,4,6
18032753,10,4,6,1,5
18032754,2,9,5,3,11
18032755,10,9,4,6,2
18032756,4,2,3,1,11
18032757,7,1,2,3,11
18032758,1,4,6,10,9
18032759,5,8,6,7,10
18032760,1,9,4,10,11
18032761,10,1,11,4,3
18032762,5,4,1,10,6
18032763,10,5,11,3,1
18032764,9,7,2,3,1
18032765,8,4,6,3,5
18032766,11,1,2,7,6
18032767,4,7,10,8,2
18032768,2,10,3,7,6
18032769,10,8,4,6,1
18032770,7,2,10,1,3
18032771,3,8,7,10,1
18032772,3,2,1,8,5
18032773,2,1,8,10,9
18032774,4,3,6,1,7
18032775,11,1,9,3,6
18032776,5,6,3,10,9
18032777,10,9,2,4,6
18032778,5,7,1,6,2
18032779,6,10,8,9,2
18032780,10,7,1,4,3
18032781,6,3,7,2,1
18032782,6,9,2,5,4
18032783,10,3,7,5,6
18032784,1,10,8,3,9
18032801,9,11,6,10,7
18032802,8,9,6,11,2
18032803,4,8,1,5,11
18032804,9,7,5,3,6
18032805,11,5,1,8,6
18032806,5,4,2,1,9
18032807,10,7,9,3,2
18032808,6,5,2,8,10
18032809,10,6,5,3,9
18032810,10,9,4,1,7
18032811,2,1,5,8,11
18032812,1,9,10,7,4
18032813,3,4,5,1,6
18032814,11,3,10,6,1
18032815,10,9,4,1,11
18032816,5,8,7,4,9
18032817,8,7,3,1,6
18032818,1,2,5,3,7
18032819,3,6,2,8,5
18032820,5,7,6,10,8
18032821,2,5,3,6,11
18032822,8,10,2,6,4
18032823,6,1,11,4,9
18032824,5,1,10,8,7
18032825,2,7,8,10,9
18032826,7,1,11,6,5
18032827,4,2,6,5,7
18032828,2,4,9,10,7
18032829,8,1,11,7,5
18032830,9,7,6,10,3
18032831,2,1,9,10,3
18032832,1,4,10,2,3
18032833,5,6,3,7,8
18032834,9,3,8,6,7
18032835,1,9,5,4,11
18032836,7,2,9,6,5
18032837,1,3,6,2,5
18032838,8,6,3,9,7
18032839,3,11,8,9,5
18032840,10,8,4,2,6
18032841,3,1,6,4,7
18032842,5,11,3,10,1
18032843,3,8,2,1,7
18032844,8,2,6,4,3
18032845,7,10,9,8,2
18032846,11,8,10,4,3
18032847,5,3,7,2,6
18032848,11,8,4,9,3
18032849,5,9,2,7,4
18032850,6,10,5,2,1
18032851,8,3,9,11,1
18032852,10,1,5,7,2
18032853,6,11,10,1,8
18032854,7,2,9,4,1
18032855,10,11,6,1,9
18032856,9,10,8,3,11
18032857,4,7,9,5,6
18032858,1,2,6,5,7
18032859,3,4,11,10,6
18032860,11,10,7,1,5
18032861,1,6,7,9,10
18032862,5,4,2,10,11
18032863,3,5,6,11,4
18032864,2,1,11,3,9
18032865,1,6,5,8,7
18032866,5,9,4,8,2
18032867,4,6,7,2,1
18032868,4,10,5,2,9
18032869,7,1,4,9,5
18032870,10,6,1,7,3
18032871,8,9,6,4,7
18032872,4,3,6,1,8
18032873,9,6,1,5,8
18032874,10,4,1,9,2
18032875,3,2,6,10,4
18032876,9,7,5,1,8
18032877,1,7,2,5,11
18032878,9,1,10,4,5
18032879,11,1,2,6,10
18032880,11,3,4,2,6
18032881,4,5,2,11,1
18032882,9,11,6,1,4
18032883,7,10,6,11,9
18032884,7,3,9,8,11
18032901,10,4,9,2,3
18032902,9,4,6,7,1
18032903,1,11,10,5,8
18032904,2,1,11,6,3
18032905,11,8,7,6,10
18032906,5,10,3,11,7
18032907,8,11,6,3,1
18032908,6,4,2,3,9
18032909,7,3,11,8,5
18032910,1,10,11,3,9
18032911,1,2,6,10,5
18032912,4,11,10,3,9
18032913,6,7,10,3,5
18032914,1,5,6,7,4
18032915,7,1,8,5,2
18032916,5,8,2,6,11
18032917,11,9,10,5,8
18032918,8,2,4,1,3
18032919,2,5,10,8,9
18032920,2,11,7,4,6
18032921,4,11,8,9,10
18032922,4,7,1,2,10
18032923,2,7,5,8,10
18032924,8,5,11,2,3
18032925,10,11,9,5,3
18032926,5,7,1,3,6
18032927,11,1,7,5,2
18032928,3,1,8,5,4
18032929,9,5,10,2,11
18032930,7,2,1,11,8
18032931,4,1,2,5,7
18032932,2,3,8,9,10
18032933,8,6,10,7,11
18032934,5,2,4,6,11
18032935,10,4,5,2,6
18032936,5,6,2,4,7
18032937,10,6,4,8,1
18032938,2,9,8,11,7
18032939,5,8,3,11,1
18032940,8,3,6,11,7
18032941,3,2,10,11,5
18032942,11,7,8,9,6
18032943,1,2,9,5,8
18032944,3,4,8,1,7
18032945,1,4,10,7,2
18032946,11,2,8,6,10
18032947,7,1,4,9,11
18032948,2,9,4,3,5
18032949,2,8,3,10,5
18032950,8,10,1,9,4
18032951,7,5,10,6,2
18032952,8,9,6,5,4
18032953,3,7,2,8,5
18032954,10,9,6,7,5
18032955,7,10,9,4,8
18032956,3,10,5,7,2
18032957,4,10,5,2,1
18032958,9,4,8,7,5
18032959,9,6,7,11,3
18032960,10,3,4,8,1
18032961,7,6,3,2,8
18032962,2,6,10,1,8
18032963,6,10,4,8,2
18032964,2,10,9,4,3
18032965,9,5,7,10,3
18032966,1,10,9,7,4
18032967,2,3,5,7,9
18032968,7,4,10,6,5
18032969,10,5,1,7,2
18032970,3,11,7,10,9
18032971,6,3,9,4,7
18032972,10,3,11,6,7
18032973,10,8,9,11,7
18032974,4,10,7,3,1
18032975,3,1,2,4,8
18032976,7,10,2,8,6
18032977,11,5,1,2,10
18032978,2,4,1,3,7
18032979,10,2,1,11,5
18032980,4,3,10,5,7
18032981,3,6,4,5,2
18032982,10,1,4,6,9
18032983,3,5,2,4,8
18032984,8,10,5,1,9
18033001,6,2,8,5,10
18033002,8,9,10,6,4
18033003,11,7,4,2,6
18033004,4,7,10,5,1
18033005,3,10,6,4,2
18033006,3,8,1,6,11
18033007,6,8,7,5,1
18033008,10,1,7,4,8
18033009,6,10,5,11,9
18033010,9,2,7,3,5
18033011,5,7,6,9,2
18033012,8,5,10,9,2
18033013,10,9,1,4,8
18033014,4,1,2,3,6
18033015,9,5,4,3,10
18033016,5,3,8,1,4
18033017,6,10,1,7,5
18033018,9,11,2,5,8
18033019,11,3,8,6,2
18033020,4,6,1,10,9
18033021,1,10,11,5,8
18033022,3,4,1,10,11
18033023,10,11,3,6,8
18033024,10,1,7,6,8
18033025,5,9,10,7,1
18033026,4,1,7,11,8
18033027,7,6,2,9,3
18033028,7,3,5,2,8
18033029,9,2,1,6,7
18033030,10,3,2,8,9
18033031,3,1,7,9,6
18033032,8,9,7,1,2
18033033,2,10,8,5,9
18033034,6,10,4,7,8
18033035,7,1,8,6,3
18033036,11,1,5,9,7
18033037,2,11,1,6,5
18033038,1,8,5,9,7
18033039,9,6,5,11,1
18033040,7,3,10,11,2
18033041,11,1,4,2,7
18033042,3,7,11,8,5
18033043,1,4,3,2,8
18033044,6,4,1,3,7
18033045,2,4,5,8,11
18033046,6,10,8,11,1
18033047,1,11,9,10,7
18033048,8,11,2,6,7
18033049,8,3,6,7,10
18033050,1,2,8,3,10
18033051,4,3,10,5,11
18033052,3,1,2,11,5
18033053,4,9,11,8,6
18033054,7,2,1,8,4
18033055,8,2,5,7,11
18033056,1,6,10,2,11
18033057,4,5,6,7,10
18033058,11,10,9,8,4
18033059,4,6,2,9,8
18033060,2,4,8,6,7
18033061,8,7,5,11,4
18033062,5,9,3,7,2
18033063,1,4,2,8,5
18033064,1,3,11,6,10
18033065,2,9,7,3,8
18033066,1,10,3,8,4
18033067,1,9,7,3,6
18033068,5,3,1,7,8
18033069,2,10,3,11,1
18033070,2,5,11,7,4
18033071,8,10,5,3,1
18033072,5,3,9,7,6
18033073,6,7,8,11,4
18033074,9,4,10,2,1
18033075,4,8,9,2,1
18033076,2,1,4,9,3
18033077,8,7,4,2,11
18033078,10,6,1,2,9
18033079,8,4,10,5,1
18033080,2,4,7,10,3
18033081,9,10,6,11,4
18033082,5,11,4,7,3
18033083,3,6,8,4,11
18033084,6,1,7,4,11
18033101,7,3,5,2,8
18033102,5,11,10,8,9
18033103,4,7,5,11,1
18033104,5,11,1,7,4
18033105,1,6,9,11,3
18033106,1,6,9,2,11
18033107,2,7,4,8,9
18033108,10,3,4,8,1
18033109,9,5,2,11,7
18033110,5,7,4,2,3
18033111,5,10,2,6,3
18033112,3,6,5,4,10
18033113,10,6,4,8,3
18033114,1,6,8,5,4
18033115,2,9,3,5,6
18033116,1,10,7,11,8
18033117,10,6,1,8,2
18033118,7,5,4,1,6
18033119,10,9,4,7,11
18033120,5,7,3,11,9
18033121,6,5,9,8,1
18033122,6,8,1,3,2
18033123,9,1,7,4,10
18033124,9,8,10,2,6
18033125,4,3,10,2,6
18033126,2,10,6,7,1
18033127,1,2,6,10,5
18033128,11,7,9,10,2
18033129,5,2,4,9,11
18033130,9,1,4,10,3
18033131,1,4,6,3,11
18033132,1,11,9,3,2
18033133,7,3,8,1,2
18033134,10,5,3,7,11
18033135,3,5,1,7,11
18033136,3,10,9,7,1
18033137,10,2,4,9,3
18033138,6,9,8,5,2
18033139,3,6,8,1,5
18033140,7,3,1,9,4
18033141,7,11,5,2,4
18033142,6,9,5,10,8
18033143,4,10,3,7,1
18033144,10,1,3,9,6
18033145,2,9,7,4,8
18033146,10,6,11,2,3
18033147,5,3,8,1,2
18033148,9,10,5,6,2
18033149,11,4,5,3,2
18033150,7,11,6,1,5
18033151,9,6,8,10,5
18033152,5,2,8,7,11
18033153,7,11,6,9,8
18033154,9,7,4,5,3
18033155,5,9,10,11,1
18033156,11,2,7,1,9
18033157,3,9,1,10,7
18033158,5,9,11,1,4
18033159,6,1,5,8,2
18033160,11,7,8,10,5
18033161,6,11,2,5,3
18033162,1,5,7,8,11
18033163,10,8,3,1,7
18033164,4,3,2,11,9
18033165,3,8,10,11,1
18033166,4,7,9,3,5
18033167,6,3,7,10,8
18033168,8,2,5,3,4
18033169,2,11,6,10,3
18033170,1,2,3,5,10
18033171,10,11,7,8,3
18033172,1,8,10,11,5
18033173,10,3,11,2,1
18033174,5,6,4,2,7
18033175,1,5,6,8,11
18033176,3,7,5,11,8
18033177,6,1,11,2,9
18033178,1,4,9,5,3
18033179,6,1,2,9,4
18033180,7,4,11,1,9
18033181,4,10,9,3,8
18033182,7,3,11,1,6
18033183,10,7,8,2,5
18033184,4,11,10,7,5
