20031101,10,6,3,8,7
20031102,8,7,9,5,4
20031103,4,2,8,7,11
20031104,7,3,6,11,8
20031105,4,3,9,6,5
20031106,5,10,4,1,6
20031107,4,3,9,1,8
20031108,10,8,5,6,9
20031109,7,3,10,9,5
20031110,6,4,2,7,10
20031111,2,10,6,1,11
20031112,8,4,2,10,7
20031113,9,7,6,10,11
20031114,2,9,4,10,6
20031115,2,8,5,3,1
20031116,9,3,5,11,2
20031117,8,2,11,6,1
20031118,8,7,4,10,2
20031119,10,1,9,5,7
20031120,3,7,9,11,1
20031121,10,5,9,2,4
20031122,2,11,3,6,9
20031123,3,4,10,7,5
20031124,8,10,7,11,5
20031125,8,5,11,1,10
20031126,6,2,7,4,8
20031127,1,4,8,10,2
20031128,3,2,11,9,1
20031129,5,3,1,10,6
20031130,7,3,6,4,5
20031131,7,6,8,4,5
20031132,11,5,1,10,7
20031133,7,1,9,6,4
20031134,4,1,11,2,9
20031135,1,5,10,8,3
20031136,8,1,3,10,6
20031137,1,9,7,4,11
20031138,2,1,8,11,9
20031139,2,1,5,6,7
20031140,6,4,8,1,2
