18090101,5,2,3,1,7
18090102,10,11,6,4,8
18090103,1,3,10,7,9
18090104,8,3,9,2,6
18090105,2,5,8,3,10
18090106,4,2,9,8,5
18090107,4,9,10,8,7
18090108,5,7,6,2,10
18090109,1,8,6,7,3
18090110,9,5,4,10,1
18090111,1,9,4,8,2
18090112,11,6,8,4,10
18090113,11,10,3,2,4
18090114,11,9,7,8,2
18090115,6,9,7,2,11
18090116,9,3,1,5,7
18090117,5,9,2,1,8
18090118,8,4,10,1,11
18090119,7,8,1,6,3
18090120,10,5,9,11,8
18090121,2,1,8,7,6
18090122,8,10,3,2,6
18090123,3,9,8,2,7
18090124,11,5,10,6,3
18090125,3,5,8,1,2
18090126,7,5,2,3,10
18090127,7,6,9,4,2
18090128,5,6,4,8,7
18090129,11,1,9,7,6
18090130,4,6,10,5,1
18090131,3,11,6,5,8
18090132,6,7,3,8,2
18090133,5,10,6,9,4
18090134,7,10,5,1,11
18090135,9,11,1,8,6
18090136,6,1,8,10,3
18090137,10,2,7,4,8
18090138,7,10,9,3,11
18090139,7,1,2,9,3
18090140,3,2,1,9,10
18090141,4,6,2,10,9
18090142,5,6,4,1,7
18090143,2,1,6,9,3
18090144,10,2,6,3,7
18090145,8,11,5,2,10
18090146,1,10,11,9,2
18090147,11,7,10,5,2
18090148,7,9,6,2,11
18090149,1,9,3,6,10
18090150,8,1,6,7,11
18090151,4,10,2,1,7
18090152,1,5,4,3,2
18090153,4,2,1,3,9
18090154,8,1,6,7,5
18090155,10,8,5,6,11
18090156,7,2,4,1,8
18090157,10,1,11,6,5
18090158,3,6,9,11,2
18090159,7,11,1,2,8
18090160,11,6,2,3,5
18090161,9,1,7,11,4
18090162,6,8,7,11,2
18090163,4,3,1,5,10
18090164,1,9,10,7,3
18090165,3,10,2,4,7
18090166,3,9,6,5,10
18090167,8,1,2,6,11
18090168,6,5,7,1,4
18090169,8,1,6,4,5
18090170,2,11,3,1,5
18090171,10,1,3,6,4
18090172,4,7,1,9,3
18090173,6,4,2,9,1
18090174,1,10,9,8,7
18090175,7,5,6,3,8
18090176,4,11,5,7,2
18090177,11,8,7,9,4
18090178,5,11,2,4,6
18090179,8,1,6,4,11
18090180,9,5,2,11,6
18090181,3,10,8,4,5
18090182,4,2,7,3,1
18090183,11,7,9,2,4
18090184,10,2,7,6,1
18090201,3,7,9,1,11
18090202,2,10,9,1,8
18090203,8,4,3,5,7
18090204,7,9,2,8,5
18090205,8,9,6,2,1
18090206,2,3,9,8,7
18090207,9,7,1,6,5
18090208,7,2,11,5,9
18090209,6,8,1,5,7
18090210,11,4,2,3,8
18090211,11,9,4,7,3
18090212,1,9,3,5,6
18090213,4,8,2,11,1
18090214,3,7,8,5,11
18090215,11,8,3,1,4
18090216,10,9,1,5,8
18090217,9,3,10,4,5
18090218,5,11,8,4,1
18090219,1,11,5,3,10
18090220,8,4,10,7,6
18090221,6,4,11,2,3
18090222,10,9,5,4,6
18090223,2,5,4,1,11
18090224,8,7,3,2,10
18090225,7,5,4,6,3
18090226,9,5,6,7,11
18090227,3,6,9,7,2
18090228,6,10,9,11,7
18090229,8,9,10,11,6
18090230,10,5,3,11,7
18090231,2,6,3,5,8
18090232,8,1,5,7,2
18090233,4,9,11,2,8
18090234,7,2,4,8,5
18090235,2,10,4,5,8
18090236,8,6,11,5,3
18090237,10,9,6,8,1
18090238,3,4,2,11,7
18090239,11,2,7,4,1
18090240,7,8,2,9,11
18090241,5,2,3,10,11
18090242,3,4,8,1,11
18090243,1,6,11,5,8
18090244,7,3,2,9,6
18090245,9,11,4,5,6
18090246,8,2,6,4,5
18090247,10,4,7,1,3
18090248,11,7,6,3,4
18090249,5,10,6,11,7
18090250,9,10,3,1,11
18090251,4,3,9,10,2
18090252,1,2,4,7,5
18090253,9,3,2,5,8
18090254,4,9,5,6,2
18090255,6,11,2,1,5
18090256,1,5,11,4,2
18090257,11,6,8,1,10
18090258,6,10,3,11,4
18090259,10,9,5,2,11
18090260,3,6,1,11,5
18090261,1,10,11,9,3
18090262,9,2,1,11,8
18090263,4,9,5,6,2
18090264,6,9,7,5,10
18090265,9,1,11,2,7
18090266,4,5,10,3,2
18090267,3,11,5,6,1
18090268,6,11,9,5,2
18090269,2,7,4,1,10
18090270,10,4,9,5,3
18090271,8,9,5,4,10
18090272,4,7,5,1,11
18090273,11,6,2,7,1
18090274,11,8,4,9,3
18090275,1,10,3,9,5
18090276,9,5,2,4,1
18090277,5,3,1,10,4
18090278,4,7,9,11,1
18090279,4,5,1,11,10
18090280,1,5,7,6,3
18090281,5,11,9,6,2
18090282,7,10,4,2,9
18090283,8,7,4,9,11
18090284,1,9,2,4,11
18090301,11,2,4,10,8
18090302,1,10,7,2,4
18090303,7,2,10,5,1
18090304,11,1,6,5,7
18090305,9,5,4,3,2
18090306,4,10,3,5,2
18090307,10,3,8,7,5
18090308,1,11,7,8,9
18090309,8,11,2,7,3
18090310,2,8,5,10,1
18090311,11,2,10,4,7
18090312,4,9,2,6,11
18090313,1,7,3,9,8
18090314,11,4,7,3,6
18090315,7,10,8,4,6
18090316,6,5,4,2,10
18090317,5,6,7,8,3
18090318,1,3,11,6,10
18090319,8,7,11,4,1
18090320,3,2,11,7,5
18090321,9,2,11,10,7
18090322,1,3,5,11,10
18090323,11,9,6,8,7
18090324,3,5,7,10,8
18090325,6,1,8,2,9
18090326,7,11,3,1,5
18090327,2,5,4,3,10
18090328,10,5,8,9,6
18090329,1,3,10,4,6
18090330,7,1,6,8,3
18090331,1,10,6,4,7
18090332,8,5,7,2,3
18090333,7,1,6,8,4
18090334,9,8,6,5,11
18090335,4,9,11,7,8
18090336,5,8,4,2,11
18090337,7,4,11,1,9
18090338,5,3,1,11,8
18090339,1,8,5,7,6
18090340,9,5,4,1,3
18090341,10,9,6,5,7
18090342,9,10,5,7,2
18090343,8,10,9,5,7
18090344,8,1,6,11,2
18090345,11,1,10,3,9
18090346,8,1,4,9,5
18090347,10,6,11,4,9
18090348,8,6,3,2,1
18090349,11,8,2,9,6
18090350,10,6,4,11,9
18090351,6,5,10,1,11
18090352,3,9,4,11,1
18090353,7,2,11,5,6
18090354,6,2,7,1,10
18090355,8,6,9,11,4
18090356,9,6,7,5,10
18090357,11,3,10,5,7
18090358,1,5,3,6,11
18090359,3,4,2,11,10
18090360,10,5,2,3,6
18090361,4,5,2,7,11
18090362,7,6,1,9,5
18090363,3,2,9,11,5
18090364,5,1,2,3,4
18090365,2,1,3,5,11
18090366,6,10,11,9,7
18090367,7,6,5,9,1
18090368,6,5,10,4,1
18090369,9,8,2,7,3
18090370,6,11,10,5,1
18090371,10,5,11,3,8
18090372,8,9,4,10,7
18090373,9,10,1,3,5
18090374,7,5,4,8,6
18090375,8,9,10,1,4
18090376,8,1,9,6,10
18090377,3,1,9,5,2
18090378,8,7,11,4,6
18090379,7,5,4,8,3
18090380,2,8,9,11,1
18090381,3,11,2,4,8
18090382,11,6,5,4,8
18090383,1,8,2,9,5
18090384,10,4,5,7,1
18090401,2,1,5,4,11
18090402,11,10,5,7,6
18090403,1,6,3,11,8
18090404,3,9,4,10,5
18090405,8,6,7,5,2
18090406,9,1,2,3,6
18090407,1,11,5,10,9
18090408,5,1,4,2,11
18090409,4,1,9,10,11
18090410,7,3,11,10,5
18090411,6,11,3,4,5
18090412,3,6,1,10,2
18090413,3,7,8,1,9
18090414,8,6,9,1,2
18090415,3,7,11,5,10
18090416,6,8,7,1,10
18090417,10,7,3,1,9
18090418,2,11,7,6,10
18090419,5,7,4,6,2
18090420,11,10,4,1,5
18090421,9,4,6,7,5
18090422,3,1,5,8,4
18090423,8,11,6,4,7
18090424,1,11,7,8,5
18090425,11,1,5,2,9
18090426,4,5,6,8,1
18090427,4,8,3,2,1
18090428,3,9,6,10,1
18090429,6,1,11,3,7
18090430,11,9,2,5,8
18090431,2,11,10,4,7
18090432,4,2,9,7,10
18090433,3,7,5,2,4
18090434,8,9,1,2,5
18090435,3,5,7,8,10
18090436,11,3,10,9,4
18090437,2,7,10,1,8
18090438,11,4,10,9,2
18090439,5,10,11,3,9
18090440,1,4,7,10,11
18090441,5,2,3,8,1
18090442,5,3,10,9,6
18090443,8,9,6,10,3
18090444,9,10,3,7,8
18090445,8,11,9,3,2
18090446,7,6,9,10,4
18090447,8,7,3,1,6
18090448,1,6,3,11,8
18090449,8,4,9,10,6
18090450,6,2,10,4,11
18090451,4,1,8,11,9
18090452,11,7,1,4,8
18090453,4,9,3,11,8
18090454,7,5,10,4,9
18090455,9,10,6,5,11
18090456,9,8,2,4,6
18090457,2,3,9,11,5
18090458,8,1,3,6,10
18090459,9,8,2,1,5
18090460,6,3,5,7,1
18090461,10,5,1,4,8
18090462,8,4,3,2,9
18090463,10,5,6,1,4
18090464,1,8,6,4,2
18090465,7,5,9,10,3
18090466,11,7,10,8,6
18090467,10,11,7,1,2
18090468,9,5,7,11,1
18090469,1,9,10,8,4
18090470,6,9,2,7,1
18090471,8,2,3,6,7
18090472,7,10,9,8,3
18090473,4,1,5,11,9
18090474,11,1,3,4,6
18090475,8,10,4,5,11
18090476,6,3,11,5,4
18090477,11,8,2,4,6
18090478,8,1,7,2,9
18090479,11,1,9,8,4
18090480,9,8,6,1,2
18090481,2,4,6,9,7
18090482,3,6,5,10,7
18090483,7,11,5,10,8
18090484,10,11,8,4,7
18090501,3,9,1,10,5
18090502,2,10,6,1,11
18090503,6,4,11,9,1
18090504,2,6,4,7,10
18090505,6,11,8,4,9
18090506,6,10,9,7,5
18090507,5,4,3,7,8
18090508,8,4,9,10,2
18090509,3,5,4,8,9
18090510,2,6,4,8,7
18090511,1,9,7,5,10
18090512,5,11,8,6,3
18090513,11,4,7,10,6
18090514,3,11,1,6,5
18090515,2,3,5,11,6
18090516,6,5,11,2,7
18090517,7,6,10,9,8
18090518,11,8,5,4,7
18090519,4,1,10,6,2
18090520,5,11,7,3,1
18090521,6,4,5,1,10
18090522,7,2,1,6,5
18090523,4,2,5,7,10
18090524,10,4,6,1,11
18090525,5,6,2,9,11
18090526,8,5,1,11,3
18090527,11,1,2,3,4
18090528,9,11,3,7,5
18090529,7,3,6,9,4
18090530,8,10,5,6,7
18090531,4,9,11,5,6
18090532,2,7,11,9,3
18090533,4,9,8,6,5
18090534,11,2,3,1,8
18090535,4,8,3,2,10
18090536,5,1,6,10,2
18090537,8,10,5,9,3
18090538,2,3,5,9,7
18090539,4,7,8,9,6
18090540,2,1,5,3,11
18090541,4,10,8,5,1
18090542,10,3,1,9,7
18090543,8,1,11,10,2
18090544,2,9,10,5,1
18090545,1,11,6,4,10
18090546,7,4,6,8,2
18090547,10,9,1,4,11
18090548,11,8,5,2,4
18090549,2,4,3,8,10
18090550,3,6,11,8,4
18090551,6,1,5,2,4
18090552,10,7,8,2,1
18090553,4,8,3,5,1
18090554,3,10,6,7,5
18090555,1,9,6,7,4
18090556,3,8,5,2,6
18090557,2,3,7,1,11
18090558,1,6,4,11,9
18090559,8,6,2,1,11
18090560,3,9,5,2,11
18090561,8,5,3,4,9
18090562,10,1,5,4,9
18090563,3,7,9,1,4
18090564,9,5,8,11,7
18090565,5,10,8,2,7
18090566,5,3,4,6,10
18090567,9,4,1,11,8
18090568,9,5,11,3,2
18090569,2,9,11,6,7
18090570,3,4,9,7,10
18090571,10,8,5,11,3
18090572,10,5,4,6,1
18090573,1,2,7,10,3
18090574,10,7,4,3,2
18090575,6,3,8,7,2
18090576,7,10,4,8,6
18090577,3,10,7,8,9
18090578,3,10,11,7,1
18090579,9,10,1,7,5
18090580,1,8,7,5,6
18090581,9,10,8,4,3
18090582,6,4,10,2,3
18090583,2,5,9,10,11
18090584,7,5,11,3,10
18090601,6,10,1,5,4
18090602,8,9,6,4,3
18090603,1,10,8,3,11
18090604,6,1,11,9,4
18090605,10,8,4,7,5
18090606,5,8,10,3,6
18090607,3,6,5,1,8
18090608,1,4,6,11,5
18090609,9,3,8,5,4
18090610,3,1,7,5,10
18090611,5,8,7,1,2
18090612,6,3,9,4,10
18090613,7,2,3,11,1
18090614,2,3,6,1,11
18090615,5,9,10,4,2
18090616,5,7,3,8,9
18090617,9,6,1,10,3
18090618,5,10,11,3,9
18090619,7,8,2,4,1
18090620,5,6,11,7,4
18090621,10,1,8,4,5
18090622,7,2,11,3,10
18090623,4,5,2,3,1
18090624,1,11,5,2,4
18090625,3,7,1,10,5
18090626,10,2,1,8,11
18090627,2,10,9,3,4
18090628,11,5,1,2,3
18090629,7,4,5,9,3
18090630,11,4,1,9,7
18090631,3,6,5,4,8
18090632,3,11,1,8,6
18090633,7,6,11,1,5
18090634,8,9,1,6,2
18090635,8,7,4,6,10
18090636,8,5,9,4,3
18090637,11,3,8,1,7
18090638,5,10,3,7,9
18090639,4,11,3,6,10
18090640,11,3,9,5,8
18090641,1,10,6,5,3
18090642,4,7,8,10,11
18090643,8,3,5,9,11
18090644,11,1,9,5,7
18090645,3,7,6,2,5
18090646,4,11,5,10,7
18090647,6,11,1,5,7
18090648,6,10,7,8,1
18090649,10,4,9,7,2
18090650,9,10,8,5,3
18090651,3,4,5,6,10
18090652,8,6,3,4,5
18090653,2,11,9,1,6
18090654,1,2,5,8,6
18090655,5,8,1,9,3
18090656,5,6,9,1,2
18090657,7,10,11,4,6
18090658,7,9,2,6,10
18090659,3,1,4,11,9
18090660,6,8,10,3,2
18090661,10,1,2,8,9
18090662,3,11,8,4,6
18090663,11,10,1,9,6
18090664,1,8,3,5,7
18090665,3,2,6,5,7
18090666,10,2,9,1,8
18090667,1,7,3,11,8
18090668,1,6,2,10,7
18090669,9,1,7,3,2
18090670,11,1,10,4,9
18090671,5,6,8,3,11
18090672,6,9,10,7,3
18090673,5,10,11,4,7
18090674,9,5,3,11,2
18090675,2,4,1,5,3
18090676,10,9,11,1,6
18090677,10,3,2,5,7
18090678,8,3,7,9,5
18090679,2,10,5,3,7
18090680,1,11,9,8,10
18090681,11,6,1,4,7
18090682,5,1,4,7,6
18090683,3,7,2,6,11
18090684,10,8,2,4,5
18090701,11,9,4,8,1
18090702,3,4,2,6,5
18090703,8,5,10,3,2
18090704,2,4,10,3,7
18090705,5,1,3,2,9
18090706,11,7,1,2,6
18090707,9,11,6,7,8
18090708,8,10,2,3,11
18090709,3,1,11,5,9
18090710,2,8,10,6,3
18090711,3,1,4,8,11
18090712,2,11,9,8,6
18090713,7,11,4,6,9
18090714,4,6,10,3,1
18090715,6,10,4,1,2
18090716,5,8,1,4,9
18090717,8,7,4,3,9
18090718,4,6,1,11,8
18090719,1,11,6,5,2
18090720,7,9,11,3,8
18090721,10,4,2,7,1
18090722,7,9,6,11,10
18090723,11,6,10,4,1
18090724,7,6,11,2,8
18090725,1,5,3,6,9
18090726,9,8,1,11,3
18090727,4,2,5,10,11
18090728,3,4,11,2,6
18090729,1,8,3,5,11
18090730,6,3,1,7,8
18090731,4,11,9,2,7
18090732,9,3,1,8,5
18090733,10,5,8,3,1
18090734,7,10,2,11,3
18090735,4,6,8,9,3
18090736,1,3,10,2,9
18090737,6,8,4,2,7
18090738,1,5,9,3,7
18090739,6,4,1,3,10
18090740,10,11,8,2,1
18090741,5,8,6,11,3
18090742,1,10,7,8,4
18090743,11,3,1,6,8
18090744,7,10,11,1,5
18090745,5,11,1,4,8
18090746,5,10,9,4,2
18090747,7,5,2,9,8
18090748,2,4,6,10,1
18090749,9,10,11,2,1
18090750,4,9,5,6,7
18090751,4,5,1,7,10
18090752,7,3,2,1,11
18090753,8,4,1,9,5
18090754,1,4,9,10,11
18090755,2,3,8,1,11
18090756,5,10,3,2,6
18090757,1,9,2,7,6
18090758,10,7,4,6,11
18090759,9,6,11,8,4
18090760,4,6,10,11,3
18090761,6,3,4,9,11
18090762,8,2,5,9,10
18090763,5,4,8,6,11
18090764,2,8,10,11,3
18090765,6,4,2,1,3
18090766,9,11,3,2,1
18090767,4,10,3,6,11
18090768,11,6,2,7,5
18090769,11,6,9,5,2
18090770,11,3,5,8,6
18090771,7,11,3,5,6
18090772,2,4,6,7,3
18090773,6,7,8,4,10
18090774,4,2,10,1,6
18090775,2,6,1,3,8
18090776,6,9,4,7,1
18090777,7,1,3,2,6
18090778,5,2,8,3,6
18090779,5,3,7,11,8
18090780,10,2,8,4,1
18090781,10,1,4,2,11
18090782,8,5,7,11,10
18090783,3,6,5,9,4
18090784,7,6,5,9,4
18090801,10,4,3,1,7
18090802,3,6,10,4,1
18090803,7,4,2,3,10
18090804,5,10,1,9,3
18090805,6,8,5,3,9
18090806,9,10,1,4,6
18090807,5,6,2,11,1
18090808,10,5,9,4,7
18090809,9,3,11,4,6
18090810,1,8,2,5,7
18090811,10,11,1,6,9
18090812,9,1,8,3,11
18090813,3,9,10,1,8
18090814,10,11,9,8,6
18090815,9,7,1,5,10
18090816,5,6,4,8,7
18090817,2,7,1,5,8
18090818,10,11,1,4,6
18090819,5,8,9,7,6
18090820,8,11,2,3,10
18090821,6,11,10,1,8
18090822,8,2,1,5,9
18090823,5,7,9,11,1
18090824,6,10,9,7,2
18090825,5,10,7,11,3
18090826,8,1,11,10,4
18090827,7,9,1,4,5
18090828,11,4,5,7,6
18090829,1,9,3,11,4
18090830,4,3,11,5,1
18090831,8,5,6,7,9
18090832,3,10,4,6,8
18090833,1,7,4,8,5
18090834,1,4,10,11,7
18090835,7,5,6,4,2
18090836,11,4,8,6,9
18090837,5,11,4,2,8
18090838,4,6,11,7,3
18090839,10,5,9,8,2
18090840,10,3,8,4,5
18090841,6,1,2,3,7
18090842,6,2,4,11,1
18090843,2,9,1,7,10
18090844,4,1,10,2,11
18090845,2,7,9,4,11
18090846,9,1,7,11,5
18090847,2,6,5,9,7
18090848,3,9,7,6,5
18090849,5,8,1,6,9
18090850,4,11,2,6,8
18090851,10,1,3,6,7
18090852,7,2,9,6,8
18090853,8,7,9,6,4
18090854,11,3,10,6,2
18090855,5,1,9,10,4
18090856,2,11,3,10,5
18090857,8,2,10,6,4
18090858,11,5,10,1,2
18090859,11,7,9,5,2
18090860,6,11,5,3,10
18090861,1,3,8,6,11
18090862,10,11,9,4,2
18090863,2,1,9,6,10
18090864,6,9,7,5,10
18090865,7,11,9,8,2
18090866,8,7,9,6,1
18090867,4,9,8,3,6
18090868,6,2,10,3,1
18090869,1,6,10,9,3
18090870,6,5,2,11,8
18090871,5,2,7,9,3
18090872,2,8,9,10,11
18090873,7,11,1,10,2
18090874,9,3,11,5,7
18090875,7,1,8,6,4
18090876,1,6,2,8,4
18090877,10,7,11,1,9
18090878,11,5,1,3,8
18090879,11,5,6,8,2
18090880,2,6,10,11,9
18090881,9,5,8,4,11
18090882,11,6,3,9,2
18090883,4,1,8,11,7
18090884,11,8,2,1,6
18090901,7,5,11,10,1
18090902,11,9,3,2,5
18090903,11,3,7,8,9
18090904,5,1,3,9,11
18090905,8,9,1,6,10
18090906,10,9,7,8,4
18090907,1,10,4,7,9
18090908,10,4,6,9,11
18090909,11,10,5,1,4
18090910,10,6,5,7,4
18090911,4,7,11,5,1
18090912,1,2,7,8,9
18090913,11,9,10,4,6
18090914,1,6,2,3,9
18090915,2,7,6,8,5
18090916,3,2,10,11,6
18090917,3,5,2,4,11
18090918,1,5,11,6,10
18090919,5,6,7,9,1
18090920,10,7,5,6,3
18090921,5,10,1,2,9
18090922,5,4,6,8,1
18090923,6,2,11,3,7
18090924,3,10,1,11,5
18090925,10,4,1,5,8
18090926,10,5,2,6,3
18090927,3,6,1,5,10
18090928,6,2,1,8,5
18090929,4,3,8,5,1
18090930,9,11,4,7,1
18090931,9,2,8,6,3
18090932,7,10,6,9,11
18090933,7,1,4,11,2
18090934,11,8,10,9,7
18090935,10,11,9,1,8
18090936,9,5,2,6,7
18090937,8,6,5,11,7
18090938,1,8,6,10,11
18090939,7,3,1,9,6
18090940,7,6,3,8,1
18090941,2,10,1,5,7
18090942,9,10,6,5,7
18090943,10,2,3,9,7
18090944,6,5,10,9,1
18090945,3,5,9,8,1
18090946,7,8,9,1,2
18090947,1,7,3,6,10
18090948,7,3,11,6,5
18090949,5,1,2,6,11
18090950,5,7,2,4,3
18090951,3,10,2,9,4
18090952,6,8,5,1,9
18090953,2,6,10,8,11
18090954,7,10,4,2,9
18090955,9,11,6,8,3
18090956,5,3,6,4,8
18090957,7,4,2,6,5
18090958,2,7,5,3,6
18090959,1,7,10,5,9
18090960,3,5,9,11,10
18090961,4,3,8,11,6
18090962,9,7,1,3,5
18090963,9,7,11,8,10
18090964,11,8,5,9,2
18090965,7,11,3,2,9
18090966,5,7,2,8,9
18090967,7,9,1,6,11
18090968,5,2,4,3,9
18090969,11,10,6,5,9
18090970,3,10,2,4,11
18090971,3,10,5,6,8
18090972,1,6,3,8,11
18090973,4,7,5,3,2
18090974,6,11,2,3,10
18090975,7,3,8,1,5
18090976,7,11,10,5,1
18090977,3,2,6,9,7
18090978,7,3,8,5,11
18090979,3,10,4,9,6
18090980,2,8,10,7,1
18090981,2,11,7,1,6
18090982,6,3,4,1,9
18090983,5,3,7,9,2
18090984,10,1,6,5,9
18091001,8,4,3,1,11
18091002,10,5,6,1,7
18091003,3,7,9,2,8
18091004,1,7,10,8,9
18091005,1,7,6,8,4
18091006,7,8,10,5,2
18091007,11,2,8,4,5
18091008,1,11,3,9,2
18091009,4,6,5,7,2
18091010,5,8,2,3,4
18091011,8,7,9,1,5
18091012,11,7,4,9,2
18091013,9,11,4,5,1
18091014,1,10,2,8,4
18091015,5,4,10,11,7
18091016,11,2,4,8,6
18091017,2,9,6,1,8
18091018,3,5,7,8,11
18091019,8,7,10,2,4
18091020,11,10,2,3,6
18091021,8,9,7,2,6
18091022,6,9,7,4,8
18091023,3,10,5,11,7
18091024,1,8,7,11,3
18091025,11,4,9,7,10
18091026,7,10,5,8,3
18091027,1,5,10,6,4
18091028,2,11,8,6,10
18091029,7,5,2,8,4
18091030,8,6,4,3,1
18091031,11,2,9,1,6
18091032,5,1,3,2,9
18091033,7,4,6,2,11
18091034,1,8,4,2,5
18091035,7,1,3,9,11
18091036,2,8,11,5,6
18091037,2,10,6,8,9
18091038,4,10,11,8,5
18091039,7,3,9,2,5
18091040,10,1,3,9,4
18091041,10,11,9,7,8
18091042,2,8,11,6,3
18091043,5,2,4,11,6
18091044,1,10,8,6,5
18091045,8,1,4,2,10
18091046,3,4,9,8,6
18091047,4,6,5,2,1
18091048,8,9,2,7,6
18091049,2,4,9,8,7
18091050,1,5,10,7,3
18091051,6,4,10,5,8
18091052,10,5,2,7,11
18091053,9,7,8,6,5
18091054,4,11,10,9,6
18091055,9,4,1,2,3
18091056,9,8,10,1,11
18091057,1,4,7,6,2
18091058,10,9,4,5,7
18091059,7,1,6,9,2
18091060,11,10,4,6,7
18091061,3,8,9,11,5
18091062,1,6,9,10,11
18091063,2,6,4,5,7
18091064,10,1,4,2,9
18091065,2,10,6,8,11
18091066,7,1,6,10,2
18091067,6,4,9,11,7
18091068,8,4,9,1,5
18091069,9,7,2,5,6
18091070,1,7,5,11,2
18091071,7,5,9,2,10
18091072,11,7,9,10,6
18091073,7,9,8,6,10
18091074,4,10,8,1,2
18091075,10,9,7,8,5
18091076,11,6,8,1,9
18091077,7,2,10,8,11
18091078,11,6,10,2,4
18091079,11,10,3,9,8
18091080,8,2,5,11,3
18091081,9,7,4,11,3
18091082,5,11,3,2,9
18091083,9,6,4,2,3
18091084,7,8,10,2,5
18091101,11,3,1,9,8
18091102,8,1,6,2,5
18091103,5,11,6,4,2
18091104,5,9,4,3,8
18091105,1,2,10,8,11
18091106,6,2,9,11,7
18091107,8,10,5,11,4
18091108,8,5,4,10,7
18091109,11,2,4,6,10
18091110,8,2,1,3,4
18091111,7,5,8,4,1
18091112,9,4,7,8,5
18091113,1,10,11,7,3
18091114,4,6,7,5,11
18091115,10,5,4,6,7
18091116,4,8,2,6,11
18091117,9,4,3,7,8
18091118,10,5,3,6,2
18091119,6,1,2,10,11
18091120,11,8,6,4,9
18091121,4,8,5,11,9
18091122,8,5,3,9,7
18091123,2,3,1,11,5
18091124,10,4,9,2,8
18091125,8,6,9,7,1
18091126,5,4,2,10,9
18091127,7,11,3,2,9
18091128,3,4,8,11,1
18091129,5,3,1,8,4
18091130,2,8,10,5,7
18091131,1,3,8,10,6
18091132,8,1,7,2,6
18091133,2,7,9,6,11
18091134,5,10,11,8,1
18091135,7,9,4,6,8
18091136,2,7,11,3,8
18091137,10,8,2,1,4
18091138,10,5,11,9,2
18091139,6,1,10,8,4
18091140,4,5,6,1,8
18091141,8,4,7,11,1
18091142,7,4,8,6,1
18091143,3,8,2,11,10
18091144,9,2,11,4,8
18091145,8,3,11,7,5
18091146,7,11,3,1,10
18091147,11,10,2,1,3
18091148,3,5,1,9,8
18091149,7,5,3,2,4
18091150,9,10,4,8,7
18091151,5,10,1,3,7
18091152,11,7,3,1,6
18091153,8,10,6,5,1
18091154,4,3,5,8,2
18091155,1,10,5,4,11
18091156,7,5,11,6,3
18091157,7,9,11,4,10
18091158,4,9,6,3,10
18091159,1,9,7,6,4
18091160,10,8,6,11,1
18091161,3,6,5,2,11
18091162,6,5,8,1,4
18091163,5,6,3,4,8
18091164,11,4,6,7,5
18091165,6,8,2,7,9
18091166,10,6,11,4,3
18091167,9,10,11,6,5
18091168,6,7,10,2,8
18091169,7,11,8,6,3
18091170,10,7,3,1,6
18091171,6,1,3,5,9
18091172,9,8,11,4,5
18091173,4,5,9,1,10
18091174,5,6,3,9,10
18091175,2,7,10,1,11
18091176,7,6,5,8,4
18091177,1,10,8,7,3
18091178,7,11,4,10,5
18091179,10,9,5,2,11
18091180,6,11,2,10,8
18091181,6,7,1,5,2
18091182,11,5,8,9,3
18091183,8,4,11,5,9
18091184,4,5,11,2,9
18091201,4,10,6,11,1
18091202,11,9,10,3,8
18091203,11,3,1,10,6
18091204,9,5,11,7,10
18091205,4,11,1,5,3
18091206,2,10,9,4,11
18091207,9,11,10,3,2
18091208,8,6,2,3,9
18091209,7,1,8,6,4
18091210,8,1,11,9,10
18091211,8,10,9,2,5
18091212,6,11,4,3,1
18091213,1,10,11,9,5
18091214,6,3,5,10,2
18091215,9,1,2,6,10
18091216,8,11,6,7,9
18091217,11,6,8,1,10
18091218,3,5,11,7,8
18091219,3,6,10,8,11
18091220,1,7,5,10,9
18091221,10,11,5,7,1
18091222,10,3,2,6,1
18091223,7,4,10,3,5
18091224,11,7,3,6,5
18091225,5,7,6,11,1
18091226,3,6,7,8,2
18091227,1,11,10,5,6
18091228,4,6,10,1,3
18091229,1,8,6,9,10
18091230,11,2,1,9,4
18091231,1,8,11,9,5
18091232,2,4,7,10,9
18091233,2,7,11,6,10
18091234,5,6,3,10,11
18091235,7,11,2,8,6
18091236,10,4,8,5,11
18091237,6,11,10,2,7
18091238,4,10,3,9,7
18091239,6,9,7,5,3
18091240,10,9,2,1,4
18091241,2,9,3,10,11
18091242,10,3,8,4,2
18091243,5,6,11,2,4
18091244,6,4,2,11,8
18091245,1,2,10,6,3
18091246,9,10,1,3,2
18091247,3,11,4,2,1
18091248,3,5,8,9,1
18091249,6,8,4,3,10
18091250,5,6,3,8,9
18091251,5,1,10,11,9
18091252,1,5,9,2,6
18091253,8,6,11,10,1
18091254,1,8,3,2,5
18091255,11,6,1,8,9
18091256,1,8,9,11,6
18091257,4,3,1,8,9
18091258,7,9,11,10,2
18091259,11,6,4,2,3
18091260,9,2,10,8,3
18091261,7,6,2,4,8
18091262,9,4,10,6,7
18091263,9,5,8,6,11
18091264,3,6,1,5,9
18091265,9,3,6,7,1
18091266,11,8,9,5,6
18091267,6,1,3,7,4
18091268,9,10,3,2,7
18091269,1,8,11,10,9
18091270,1,4,10,11,9
18091271,2,9,4,7,1
18091272,6,1,10,5,2
18091273,7,2,9,3,1
18091274,9,4,8,11,5
18091275,6,1,5,2,11
18091276,4,5,3,8,1
18091277,4,7,11,8,6
18091278,5,9,2,4,7
18091279,3,2,9,8,5
18091280,4,9,11,8,7
18091281,4,3,5,2,1
18091282,6,2,1,4,11
18091283,3,1,2,5,11
18091284,5,4,1,2,6
18091301,4,6,10,11,7
18091302,6,2,5,10,8
18091303,7,2,3,8,1
18091304,7,1,3,5,6
18091305,11,3,6,5,4
18091306,3,2,7,8,1
18091307,3,6,1,10,7
18091308,11,1,5,10,9
18091309,7,2,5,11,3
18091310,10,3,4,7,11
18091311,2,9,6,8,7
18091312,10,11,2,7,8
18091313,1,2,8,4,9
18091314,9,6,5,1,8
18091315,7,3,6,11,2
18091316,3,2,1,11,5
18091317,5,11,7,6,8
18091318,6,7,5,4,3
18091319,5,6,7,2,4
18091320,4,8,1,2,7
18091321,9,7,6,10,8
18091322,9,5,10,3,8
18091323,1,5,11,2,10
18091324,11,10,5,4,7
18091325,4,5,6,8,3
18091326,7,1,4,3,9
18091327,8,7,4,3,10
18091328,5,8,10,2,6
18091329,7,3,11,2,5
18091330,8,11,6,1,5
18091331,1,11,2,6,9
18091332,4,3,6,5,10
18091333,3,10,11,2,6
18091334,4,7,1,6,8
18091335,7,8,10,6,2
18091336,8,9,11,2,1
18091337,9,3,4,8,2
18091338,2,10,6,8,9
18091339,1,11,10,7,2
18091340,10,6,8,1,4
18091341,10,3,9,6,8
18091342,7,2,11,4,9
18091343,11,10,5,2,4
18091344,11,2,10,5,6
18091345,6,10,1,11,8
18091346,1,11,2,9,10
18091347,2,9,5,10,8
18091348,8,7,5,11,3
18091349,3,6,7,4,8
18091350,8,7,11,2,9
18091351,5,2,3,9,7
18091352,3,4,5,7,2
18091353,7,1,5,10,3
18091354,3,4,9,5,8
18091355,1,7,8,3,2
18091356,11,6,4,1,9
18091357,6,1,2,7,5
18091358,5,1,8,3,10
18091359,1,4,8,5,2
18091360,3,9,2,6,4
18091361,3,5,1,7,2
18091362,6,7,10,3,9
18091363,10,6,2,9,8
18091364,6,11,7,9,3
18091365,9,1,6,11,2
18091366,1,5,7,11,3
18091367,6,7,11,1,5
18091368,2,9,4,5,10
18091369,8,3,6,1,11
18091370,5,1,2,11,3
18091371,10,6,8,1,9
18091372,1,6,7,4,5
18091373,4,1,8,2,6
18091374,8,2,10,6,7
18091375,5,11,8,4,10
18091376,10,9,3,8,1
18091377,7,3,5,8,10
18091378,7,4,1,8,2
18091379,9,7,11,5,8
18091380,1,10,5,4,7
18091381,1,10,4,11,5
18091382,9,10,8,1,7
18091383,8,3,4,10,5
18091384,1,2,3,9,10
18091401,9,7,4,8,3
18091402,9,2,6,1,5
18091403,6,8,9,4,10
18091404,7,6,2,1,9
18091405,1,6,10,2,4
18091406,1,10,6,5,3
18091407,9,11,4,2,6
18091408,3,11,1,5,7
18091409,6,3,8,11,5
18091410,7,2,4,8,9
18091411,1,7,9,4,8
18091412,10,4,1,7,9
18091413,6,9,8,1,11
18091414,3,11,9,1,7
18091415,7,9,2,1,8
18091416,7,5,4,2,9
18091417,11,3,9,6,10
18091418,6,2,11,4,5
18091419,9,2,3,7,1
18091420,8,7,4,6,2
18091421,1,8,7,5,6
18091422,9,10,7,8,3
18091423,5,2,9,1,11
18091424,6,3,10,7,1
18091425,6,10,7,9,2
18091426,6,5,10,4,8
18091427,5,2,3,9,7
18091428,4,2,9,5,6
18091429,8,4,10,7,1
18091430,10,4,7,6,9
18091431,7,9,5,3,2
18091432,2,6,9,7,4
18091433,8,7,6,5,2
18091434,1,11,10,2,5
18091435,9,10,3,2,7
18091436,11,9,4,8,6
18091437,3,6,4,5,11
18091438,11,10,2,7,8
18091439,8,7,1,3,9
18091440,4,11,2,9,6
18091441,6,11,2,7,8
18091442,7,4,8,1,3
18091443,11,9,7,1,10
18091444,9,3,6,7,8
18091445,10,6,5,1,7
18091446,6,7,1,10,8
18091447,8,4,5,3,7
18091448,8,9,3,10,1
18091449,7,9,1,5,8
18091450,4,7,8,11,1
18091451,6,10,9,7,8
18091452,1,2,5,4,11
18091453,3,1,5,8,11
18091454,5,7,9,6,8
18091455,8,4,9,1,3
18091456,6,11,8,9,2
18091457,3,5,8,4,7
18091458,8,9,4,10,2
18091459,1,6,5,3,4
18091460,6,11,1,4,5
18091461,11,8,9,1,4
18091462,9,8,5,3,10
18091463,6,5,11,9,2
18091464,10,1,9,5,11
18091465,6,9,1,11,4
18091466,5,4,6,1,2
18091467,1,7,10,11,5
18091468,3,8,7,9,1
18091469,3,8,4,7,10
18091470,11,7,9,8,1
18091471,5,1,8,7,11
18091472,9,1,6,5,10
18091473,5,9,2,1,4
18091474,8,9,11,5,2
18091475,2,5,9,10,1
18091476,5,2,7,11,3
18091477,10,7,9,5,8
18091478,7,2,10,8,5
18091479,9,1,4,5,6
18091480,1,4,2,10,8
18091481,9,2,1,8,5
18091482,5,1,6,3,11
18091483,9,6,5,11,10
18091484,10,6,11,5,7
18091501,7,11,2,9,1
18091502,1,5,6,3,8
18091503,3,10,9,2,6
18091504,10,4,9,1,6
18091505,1,3,10,7,11
18091506,2,8,9,11,4
18091507,7,10,9,11,1
18091508,8,10,6,2,5
18091509,4,6,1,10,5
18091510,11,8,7,5,9
18091511,2,8,1,6,3
18091512,8,6,9,1,10
18091513,5,6,4,7,11
18091514,2,8,10,4,5
18091515,9,7,8,2,11
18091516,5,1,9,3,7
18091517,9,5,8,1,6
18091518,11,1,2,3,4
18091519,6,8,9,1,7
18091520,7,1,5,3,4
18091521,5,8,10,6,1
18091522,7,11,9,1,8
18091523,9,10,3,2,8
18091524,1,9,2,8,10
18091525,11,2,6,5,1
18091526,9,1,11,4,5
18091527,1,9,8,10,4
18091528,8,11,10,6,7
18091529,1,4,9,6,10
18091530,10,6,1,8,11
18091531,7,10,6,11,5
18091532,6,2,8,4,11
18091533,3,7,11,9,5
18091534,9,7,2,5,10
18091535,5,9,10,4,2
18091536,4,9,1,8,5
18091537,8,11,5,1,6
18091538,9,6,4,3,11
18091539,10,6,1,7,3
18091540,2,7,9,1,3
18091541,6,4,8,2,1
18091542,11,4,7,6,10
18091543,11,9,3,4,7
18091544,10,5,3,11,8
18091545,11,7,6,10,1
18091546,5,1,10,11,2
18091547,4,5,8,6,3
18091548,3,10,5,9,6
18091549,8,6,3,7,2
18091550,6,3,9,7,2
18091551,10,11,7,1,2
18091552,1,3,11,10,9
18091553,8,5,10,4,9
18091554,7,1,2,10,9
18091555,2,4,8,1,9
18091556,10,11,2,8,6
18091557,7,9,4,3,1
18091558,4,6,7,9,3
18091559,10,5,8,3,7
18091560,8,2,9,5,1
18091561,3,4,1,9,2
18091562,1,4,9,3,10
18091563,6,9,4,1,7
18091564,4,7,5,3,2
18091565,9,1,7,11,6
18091566,7,10,3,9,4
18091567,5,3,4,9,11
18091568,7,4,6,1,3
18091569,1,5,8,9,3
18091570,9,3,5,11,2
18091571,3,5,7,2,6
18091572,11,2,1,9,10
18091573,5,11,9,10,2
18091574,6,8,1,2,11
18091601,3,10,8,2,4
18091602,7,11,6,2,10
18091603,4,5,2,1,7
18091604,2,3,8,1,6
18091605,10,5,9,11,2
18091606,1,4,2,11,3
18091607,2,6,3,4,1
18091608,4,9,6,2,7
18091609,5,1,2,7,3
18091610,8,2,10,4,9
18091611,11,1,4,6,10
18091612,11,1,5,10,3
18091613,3,5,2,9,11
18091614,1,4,3,7,6
18091615,3,7,10,2,9
18091616,8,11,2,10,5
18091617,3,4,10,7,8
18091618,7,3,2,8,1
18091619,10,7,6,4,9
18091620,6,1,2,10,4
18091621,4,7,9,2,3
18091622,2,5,8,7,6
18091623,7,5,4,10,11
18091624,10,11,6,1,4
18091625,10,3,11,9,7
18091626,8,7,10,1,6
18091627,4,5,1,8,2
18091628,4,3,5,7,2
18091629,6,1,11,2,4
18091630,2,3,1,10,6
18091631,6,11,9,5,10
18091632,7,3,4,11,10
18091633,4,2,5,7,6
18091634,4,3,1,5,2
18091635,3,4,11,10,1
18091636,6,11,4,5,9
18091637,3,7,5,10,1
18091638,7,9,11,6,8
18091639,2,7,3,5,8
18091640,5,4,8,9,6
18091641,10,2,8,7,11
18091642,9,8,3,10,2
18091643,9,3,10,7,11
18091644,9,5,8,7,6
18091645,4,7,9,8,10
18091646,3,2,4,6,1
18091647,10,7,6,1,2
18091648,5,8,2,1,11
18091649,3,7,4,10,2
18091650,6,10,5,2,8
18091651,10,1,3,4,11
18091652,11,10,7,2,3
18091653,3,5,8,4,7
18091654,5,11,3,2,1
18091655,4,9,8,1,10
18091656,7,4,2,11,3
18091657,4,6,8,3,10
18091658,11,10,6,9,8
18091659,2,8,9,10,1
18091660,9,10,1,8,4
18091661,1,7,2,6,10
18091662,10,11,2,9,7
18091663,2,10,6,5,1
18091664,7,2,4,3,1
18091665,3,9,6,11,2
18091666,10,8,5,11,4
18091667,11,4,6,1,5
18091668,11,9,5,7,1
18091669,6,1,2,7,8
18091670,5,2,1,7,6
18091671,3,6,5,11,9
18091672,8,11,5,6,9
18091673,2,9,6,10,4
18091674,9,3,5,2,4
18091675,6,10,3,9,8
18091676,7,10,1,3,5
18091677,2,4,5,1,8
18091678,6,5,1,7,9
18091679,8,11,2,4,6
18091680,3,5,11,10,1
18091681,2,1,5,7,3
18091682,9,5,11,6,1
18091683,5,8,6,11,7
18091684,10,7,1,4,11
18091701,4,11,6,5,8
18091702,6,4,1,8,7
18091703,8,2,4,6,1
18091704,4,6,10,5,2
18091705,10,2,8,3,9
18091706,5,4,7,1,2
18091707,3,4,10,5,8
18091708,2,4,1,5,3
18091709,7,6,9,1,10
18091710,2,4,1,10,3
18091711,6,5,4,8,11
18091712,1,8,10,4,5
18091713,2,10,8,11,7
18091714,6,10,8,9,4
18091715,8,6,4,11,9
18091716,10,9,3,2,5
18091717,3,8,11,5,7
18091718,8,1,2,6,5
18091719,10,5,11,7,6
18091720,7,5,9,6,1
18091721,8,4,2,10,6
18091722,7,11,9,6,10
18091723,8,6,11,5,1
18091724,1,9,10,6,5
18091725,5,1,11,8,6
18091726,11,4,9,10,5
18091727,1,2,10,11,3
18091728,7,5,4,11,1
18091729,8,1,4,5,9
18091730,6,8,1,2,4
18091731,10,1,11,6,8
18091732,1,11,8,3,7
18091733,6,1,11,8,4
18091734,5,7,10,2,9
18091735,6,7,4,5,11
18091736,11,9,4,2,7
18091737,3,11,7,10,6
18091738,10,4,2,8,3
18091739,8,2,6,11,10
18091740,8,5,2,4,3
18091741,4,8,6,7,9
18091742,1,6,7,9,2
18091743,8,10,11,3,4
18091744,1,9,2,4,7
18091745,10,8,6,4,11
18091746,7,3,4,1,8
18091747,9,8,2,6,7
18091748,4,6,8,2,7
18091749,6,3,8,1,4
18091750,3,4,7,8,2
18091751,8,5,7,11,9
18091752,4,11,2,3,8
18091753,8,7,1,10,5
18091754,6,11,2,9,4
18091755,2,5,6,9,8
18091756,7,5,8,1,2
18091757,8,11,2,5,1
18091758,3,6,9,5,8
18091759,3,5,8,11,2
18091760,8,2,1,4,3
18091761,8,7,9,1,11
18091762,10,6,1,8,3
18091763,6,4,1,11,3
18091764,8,6,4,9,2
18091765,9,5,4,2,6
18091766,8,4,2,7,5
18091767,7,2,6,3,9
18091768,7,3,5,9,11
18091769,1,8,11,5,3
18091770,8,1,7,10,6
18091771,11,1,3,4,6
18091772,7,3,4,6,11
18091773,9,11,4,7,6
18091774,11,1,3,10,9
18091775,6,9,5,7,1
18091776,9,10,4,6,1
18091777,9,8,6,7,3
18091778,7,3,11,5,2
18091779,2,11,5,10,4
18091780,3,4,5,10,11
18091781,10,4,6,8,11
18091782,5,8,9,11,2
18091783,4,5,11,1,2
18091784,6,4,8,2,10
18091801,1,7,3,5,8
18091802,10,3,8,11,1
18091803,6,5,1,8,3
18091804,1,3,8,9,10
18091805,6,1,5,7,10
18091806,2,7,9,11,5
18091807,4,9,10,5,1
18091808,9,2,5,3,11
18091809,3,2,9,7,8
18091810,9,8,1,6,4
18091811,8,5,3,10,4
18091812,9,10,3,1,8
18091813,4,10,9,7,11
18091814,5,3,7,9,11
18091815,4,5,8,10,2
18091816,3,2,10,4,11
18091817,7,5,11,9,6
18091818,3,10,11,4,9
18091819,5,9,1,7,8
18091820,9,8,11,1,2
18091821,4,8,9,10,2
18091822,7,9,10,2,8
18091823,11,5,2,8,6
18091824,6,1,7,8,2
18091825,7,6,9,2,4
18091826,8,3,6,11,9
18091827,8,4,5,9,7
18091828,4,11,6,10,2
18091829,4,6,2,1,11
18091830,2,11,5,8,1
18091831,10,3,2,1,5
18091832,11,9,10,1,5
18091833,5,1,11,10,8
18091834,8,4,5,11,7
18091835,6,7,5,3,2
18091836,10,1,5,2,8
18091837,2,6,11,4,1
18091838,10,2,7,11,5
18091839,9,4,7,5,2
18091840,8,5,4,2,3
18091841,8,2,10,3,6
18091842,5,9,3,11,6
18091843,9,2,6,7,5
18091844,2,4,5,8,1
18091845,7,4,5,8,11
18091846,4,5,7,11,6
18091847,8,6,9,7,5
18091848,3,11,8,9,10
18091849,6,5,1,8,11
18091850,5,10,1,9,4
18091851,8,6,9,10,11
18091852,7,8,2,6,4
18091853,3,7,5,8,1
18091854,10,11,3,5,1
18091855,7,3,8,2,1
18091856,10,8,3,11,6
18091857,11,3,8,4,5
18091858,6,11,9,8,10
18091859,3,10,6,8,5
18091860,3,8,6,1,4
18091861,6,1,4,3,11
18091862,11,7,2,5,6
18091863,1,6,11,2,5
18091864,5,1,11,6,7
18091865,2,8,11,4,1
18091866,9,8,2,7,1
18091867,6,7,3,11,9
18091868,9,4,8,6,7
18091869,11,9,7,3,2
18091870,3,7,11,10,4
18091871,1,4,5,7,8
18091872,9,11,6,10,2
18091873,1,11,2,8,9
18091874,8,5,6,2,11
18091875,10,5,3,11,9
18091876,11,4,5,7,2
18091877,11,9,5,3,8
18091878,11,6,7,3,9
18091879,9,8,4,3,1
18091880,10,9,5,1,11
18091881,8,9,10,1,6
18091882,7,5,1,8,10
18091883,6,3,2,5,10
18091884,11,5,3,9,1
18091901,3,2,1,5,9
18091902,6,3,2,4,11
18091903,5,8,4,2,9
18091904,8,7,1,3,11
18091905,6,10,9,4,1
18091906,4,10,9,11,5
18091907,8,10,7,4,9
18091908,9,1,5,8,4
18091909,5,1,6,9,3
18091910,1,2,6,8,5
18091911,10,9,11,7,1
18091912,8,2,5,10,4
18091913,11,8,5,7,1
18091914,1,5,11,9,6
18091915,6,11,10,3,7
18091916,3,9,5,2,7
18091917,3,4,8,10,5
18091918,8,4,3,2,7
18091919,2,1,3,8,9
18091920,8,7,11,3,1
18091921,6,5,11,3,4
18091922,10,1,7,11,3
18091923,8,1,4,7,6
18091924,2,5,11,8,6
18091925,7,11,1,8,9
18091926,8,7,1,6,5
18091927,9,2,4,3,7
18091928,8,1,5,9,6
18091929,10,2,5,1,9
18091930,1,6,7,2,5
18091931,7,3,9,1,4
18091932,9,11,3,7,10
18091933,9,4,7,8,5
18091934,1,3,11,10,4
18091935,3,1,11,9,6
18091936,4,1,6,10,8
18091937,1,3,4,7,2
18091938,3,4,6,11,5
18091939,4,7,11,8,5
18091940,4,7,9,2,11
18091941,5,2,9,1,6
18091942,6,9,10,5,11
18091943,3,6,1,2,4
18091944,8,11,1,6,10
18091945,9,4,5,1,2
18091946,5,11,3,4,6
18091947,9,1,7,8,11
18091948,2,8,3,7,5
18091949,7,5,9,10,6
18091950,2,1,7,10,3
18091951,7,8,11,3,6
18091952,3,2,1,4,7
18091953,4,8,11,7,10
18091954,10,11,5,8,7
18091955,8,2,10,4,1
18091956,11,5,8,3,7
18091957,5,4,6,10,3
18091958,1,5,11,8,3
18091959,2,10,4,8,11
18091960,2,1,3,7,11
18091961,10,6,3,7,11
18091962,10,4,7,6,5
18091963,6,4,7,2,5
18091964,5,8,6,3,9
18091965,8,9,10,7,4
18091966,11,9,4,1,3
18091967,1,5,3,7,4
18091968,7,10,11,5,1
18091969,4,2,6,11,10
18091970,1,6,9,2,10
18091971,11,10,3,7,9
18091972,4,5,7,3,10
18091973,2,9,4,8,1
18091974,8,7,6,3,2
18091975,11,3,7,8,2
18091976,3,8,2,1,10
18091977,10,2,8,4,6
18091978,3,1,8,7,6
18091979,11,10,7,4,9
18091980,8,9,10,7,5
18091981,9,7,6,1,8
18091982,2,1,5,8,11
18091983,8,11,1,2,6
18091984,11,6,1,2,10
18092001,6,9,1,7,10
18092002,4,2,5,11,10
18092003,10,3,4,7,8
18092004,2,9,5,10,6
18092005,4,2,10,11,6
18092006,4,8,5,1,11
18092007,2,11,8,10,6
18092008,3,10,6,4,2
18092009,4,11,6,5,9
18092010,11,10,4,7,1
18092011,7,6,11,10,4
18092012,2,4,7,10,3
18092013,4,2,6,10,11
18092014,9,10,8,3,4
18092015,8,3,4,7,5
18092016,2,11,7,4,3
18092017,3,6,2,7,10
18092018,9,2,3,8,11
18092019,3,5,9,8,4
18092020,2,5,6,8,10
18092021,8,9,1,7,4
18092022,6,10,8,3,9
18092023,1,11,10,8,7
18092024,9,10,1,2,6
18092025,7,3,1,10,6
18092026,1,2,3,5,6
18092027,3,9,5,11,6
18092028,1,4,7,5,10
18092029,1,6,2,11,3
18092030,8,6,9,5,2
18092031,2,11,8,1,7
18092032,10,6,9,7,11
18092033,9,2,8,7,5
18092034,9,10,2,1,4
18092035,7,4,10,8,11
18092036,5,7,6,4,9
18092037,6,8,1,5,10
18092038,2,10,11,6,1
18092039,6,2,7,8,10
18092040,3,4,1,7,10
18092041,11,7,1,3,2
18092042,11,2,8,3,5
18092043,9,2,7,11,5
18092044,4,1,6,9,5
18092045,2,10,7,3,11
18092046,6,9,3,4,1
18092047,8,3,5,4,9
18092048,9,5,4,7,2
18092049,9,11,4,3,2
18092050,7,1,10,4,3
18092051,1,3,4,6,2
18092052,7,3,5,9,2
18092053,7,10,4,8,2
18092054,11,9,10,4,2
18092055,9,3,4,6,10
18092056,8,6,1,4,2
18092057,7,9,8,5,2
18092058,5,8,6,4,9
18092059,3,7,11,2,5
18092060,3,7,6,10,5
18092061,10,5,7,4,6
18092062,5,8,9,11,4
18092063,6,2,1,8,11
18092064,9,10,3,7,5
18092065,10,8,11,6,9
18092066,5,10,3,7,1
18092067,5,10,7,11,4
18092068,6,3,10,9,1
18092069,10,6,3,8,2
18092070,11,10,4,5,9
18092071,4,6,10,5,9
18092072,10,3,11,8,2
18092073,1,5,9,4,8
18092074,9,11,4,5,8
18092075,5,10,3,1,6
18092076,8,9,6,5,3
18092077,11,5,1,3,4
18092078,3,1,10,2,4
18092079,10,5,2,8,6
18092080,4,5,10,1,2
18092081,8,3,1,2,4
18092082,11,6,3,5,7
18092083,2,3,4,1,10
18092084,11,2,9,7,8
18092101,6,8,11,1,10
18092102,2,8,7,3,9
18092103,9,10,6,8,5
18092104,2,3,4,11,10
18092105,10,11,6,4,8
18092106,9,3,6,7,2
18092107,2,10,6,9,3
18092108,1,8,11,2,6
18092109,2,3,5,10,9
18092110,7,9,3,4,6
18092111,9,7,11,3,10
18092112,2,3,9,8,6
18092113,11,9,1,7,3
18092114,4,6,8,10,9
18092115,6,3,11,5,9
18092116,7,11,2,4,6
18092117,9,2,11,3,4
18092118,3,9,4,6,8
18092119,3,4,6,5,8
18092120,11,9,6,1,10
18092121,10,1,4,5,9
18092122,6,7,4,1,11
18092123,9,10,4,5,1
18092124,4,1,8,5,11
18092125,8,4,5,1,7
18092126,7,4,1,11,3
18092127,7,6,10,5,3
18092128,11,8,1,5,6
18092129,8,11,9,1,7
18092130,6,4,7,5,2
18092131,6,9,8,10,7
18092132,2,6,1,5,7
18092133,4,2,6,11,5
18092134,4,8,9,11,2
18092135,7,4,1,3,10
18092136,8,5,10,4,11
18092137,3,9,4,10,2
18092138,7,1,4,5,9
18092139,10,2,6,3,8
18092140,9,7,1,4,2
18092141,10,7,11,5,6
18092142,7,6,2,11,8
18092143,6,1,2,4,10
18092144,1,10,4,7,3
18092145,5,2,9,7,4
18092146,8,3,6,4,9
18092147,4,7,11,5,1
18092148,8,11,1,5,2
18092149,3,7,11,4,6
18092150,3,8,5,11,1
18092151,1,8,3,2,5
18092152,4,2,8,5,6
18092153,3,5,10,9,7
18092154,7,3,9,8,1
18092155,2,9,7,8,3
18092156,8,1,11,6,7
18092157,2,10,3,7,5
18092158,5,4,1,2,11
18092159,6,8,7,5,2
18092160,8,2,6,5,9
18092161,4,2,10,7,8
18092162,5,9,3,7,1
18092163,7,9,2,4,8
18092164,6,8,9,7,4
18092165,3,10,4,11,9
18092166,11,10,5,3,2
18092167,1,7,8,9,11
18092168,5,10,8,7,9
18092169,8,10,1,2,7
18092170,4,6,11,2,9
18092171,5,3,4,7,9
18092172,6,9,3,2,4
18092173,5,2,7,9,10
18092174,5,8,10,2,1
18092175,8,4,7,1,2
18092176,3,8,9,10,5
18092177,2,7,11,9,1
18092178,6,1,7,9,3
18092179,7,8,9,4,3
18092180,11,4,10,5,7
18092181,4,3,11,6,10
18092182,3,7,1,10,4
18092183,1,3,9,11,2
18092184,5,1,11,10,4
18092201,8,5,4,9,3
18092202,4,11,6,7,9
18092203,7,8,11,1,5
18092204,9,5,1,7,6
18092205,3,5,6,4,1
18092206,5,10,6,8,2
18092207,4,9,11,2,1
18092208,3,1,10,5,7
18092209,11,2,1,7,10
18092210,6,7,9,5,1
18092211,8,6,1,5,3
18092212,2,8,1,11,10
18092213,7,1,10,3,9
18092214,11,9,8,6,5
18092215,7,1,9,4,2
18092216,11,9,2,1,7
18092217,3,11,2,8,6
18092218,7,5,8,11,10
18092219,5,8,10,7,4
18092220,11,9,3,10,1
18092221,6,1,8,11,5
18092222,8,9,6,5,3
18092223,9,4,2,1,5
18092224,11,1,8,5,7
18092225,8,9,11,5,7
18092226,4,7,9,5,6
18092227,9,8,3,4,6
18092228,9,2,4,11,5
18092229,9,4,2,11,10
18092230,10,1,2,4,11
18092231,11,9,3,8,10
18092232,8,4,6,1,3
18092233,5,4,7,10,11
18092234,2,10,8,3,7
18092235,1,4,10,7,5
18092236,10,5,3,9,1
18092237,8,6,5,4,7
18092238,10,9,4,1,3
18092239,1,2,8,4,6
18092240,6,10,1,4,9
18092241,5,2,4,10,1
18092242,9,5,1,10,3
18092243,8,4,7,11,10
18092244,4,7,1,5,3
18092245,6,8,10,7,1
18092246,9,1,11,3,10
18092247,2,1,3,11,10
18092248,5,8,11,1,9
18092249,6,4,1,3,5
18092250,1,9,11,8,2
18092251,3,5,7,4,1
18092252,10,4,5,7,1
18092253,7,10,3,4,6
18092254,8,9,11,7,1
18092255,9,5,6,2,8
18092256,2,4,10,7,5
18092257,11,3,6,5,10
18092258,3,11,10,2,4
18092259,8,2,11,1,7
18092260,11,1,9,7,2
18092261,2,7,10,8,6
18092262,8,4,2,10,7
18092263,6,2,9,7,10
18092264,6,3,7,1,4
18092265,7,4,6,5,10
18092266,8,6,4,1,11
18092267,6,2,3,4,5
18092268,4,9,8,2,7
18092269,4,2,10,8,5
18092270,11,5,4,2,7
18092271,6,4,3,2,9
18092272,4,9,3,6,10
18092273,6,8,5,4,7
18092274,2,1,7,3,5
18092275,1,4,7,9,5
18092276,3,11,7,4,9
18092277,7,4,10,9,5
18092278,7,11,8,10,3
18092279,5,8,6,9,11
18092280,1,5,3,11,9
18092281,9,3,11,6,2
18092282,10,2,9,8,5
18092283,2,8,1,7,3
18092284,6,5,3,1,10
18092301,4,7,8,10,11
18092302,8,10,9,1,6
18092303,8,4,11,3,7
18092304,6,10,5,3,8
18092305,4,7,3,1,11
18092306,4,8,10,9,2
18092307,7,9,4,11,8
18092308,11,1,3,7,5
18092309,8,2,6,9,10
18092310,4,8,3,2,10
18092311,6,1,3,11,4
18092312,8,3,5,4,11
18092313,6,2,1,11,7
18092314,8,7,11,9,3
18092315,8,10,11,6,4
18092316,3,2,6,11,10
18092317,8,3,1,9,10
18092318,11,2,3,6,1
18092319,4,8,11,10,5
18092320,3,8,2,4,6
18092321,7,5,9,6,4
18092322,10,4,3,9,11
18092323,8,7,6,1,2
18092324,3,5,10,6,1
18092325,5,4,8,6,11
18092326,10,6,4,5,3
18092327,3,6,5,8,1
18092328,1,5,6,2,7
18092329,4,8,7,5,3
18092330,3,1,10,6,9
18092331,7,9,6,2,1
18092332,11,6,3,1,8
18092333,6,3,1,9,11
18092334,2,5,11,7,4
18092335,6,10,11,9,1
18092336,4,10,7,6,3
18092337,8,6,5,7,10
18092338,3,1,11,6,7
18092339,1,8,9,7,10
18092340,8,7,6,1,4
18092341,9,2,3,10,8
18092342,6,1,11,8,5
18092343,6,2,7,9,11
18092344,7,5,8,4,1
18092345,7,1,9,2,4
18092346,5,3,7,1,2
18092347,6,7,5,9,1
18092348,2,7,10,1,5
18092349,5,8,1,6,2
18092350,11,4,2,8,10
18092351,1,8,6,2,11
18092352,11,8,3,1,7
18092353,8,4,5,7,9
18092354,3,11,5,9,8
18092355,10,7,6,3,4
18092356,3,10,8,1,4
18092357,11,7,9,8,4
18092358,1,9,6,5,4
18092359,10,7,2,5,4
18092360,4,8,6,1,10
18092361,5,9,4,2,7
18092362,1,11,5,3,9
18092363,9,8,10,4,7
18092364,3,10,11,4,9
18092365,2,6,9,11,5
18092366,3,7,6,9,8
18092367,3,11,5,8,7
18092368,6,10,2,7,4
18092369,3,5,10,11,6
18092370,7,5,1,3,4
18092371,4,5,6,3,7
18092372,9,1,10,8,5
18092373,2,11,5,10,4
18092374,11,6,7,8,2
18092375,5,3,7,4,10
18092376,3,6,8,11,7
18092377,2,6,3,11,4
18092378,3,6,7,11,8
18092379,10,11,2,8,6
18092380,5,2,7,10,8
18092381,2,3,7,8,6
18092382,2,4,7,3,11
18092383,6,4,9,1,10
18092384,10,6,11,1,2
18092401,1,7,9,3,5
18092402,9,10,8,2,4
18092403,6,10,9,5,8
18092404,8,10,4,5,7
18092405,6,1,11,7,4
18092406,9,10,11,7,6
18092407,3,4,8,10,9
18092408,5,11,6,8,7
18092409,7,6,10,1,9
18092410,7,2,11,8,6
18092411,10,5,11,2,1
18092412,10,7,11,3,1
18092413,11,4,9,2,3
18092414,7,5,3,11,10
18092415,5,10,2,6,11
18092416,5,3,1,10,11
18092417,10,1,11,9,4
18092418,11,3,5,1,9
18092419,7,4,11,3,1
18092420,5,6,4,10,3
18092421,5,4,11,10,8
18092422,2,9,7,1,11
18092423,7,1,10,6,11
18092424,11,5,1,2,3
18092425,4,1,7,2,3
18092426,4,9,5,6,8
18092427,1,6,3,4,8
18092428,3,6,8,4,7
18092429,8,5,3,7,6
18092430,7,4,6,2,10
18092431,11,6,8,5,4
18092432,5,2,1,7,4
18092433,7,6,8,11,1
18092434,11,3,8,7,2
18092435,1,2,3,11,6
18092436,10,2,1,11,7
18092437,9,3,5,2,8
18092438,11,4,1,9,5
18092439,8,6,3,1,11
18092440,6,7,5,2,11
18092441,4,10,2,6,5
18092442,3,9,1,2,5
18092443,1,3,2,6,8
18092444,10,9,4,3,6
18092445,2,6,1,9,8
18092446,2,7,4,5,9
18092447,3,9,1,8,7
18092448,5,7,1,9,3
18092449,8,11,6,1,5
18092450,11,9,7,3,5
18092451,11,8,2,9,7
18092452,1,10,4,5,9
18092453,2,3,10,4,11
18092454,1,4,9,11,8
18092455,10,3,11,5,2
18092456,9,4,7,8,6
18092457,2,3,8,5,1
18092458,9,3,5,7,4
18092459,6,2,3,9,11
18092460,5,6,2,7,1
18092461,1,6,9,11,2
18092462,9,5,4,3,7
18092463,5,11,10,9,1
18092464,1,6,7,5,8
18092465,8,3,5,9,10
18092466,11,9,6,5,10
18092467,7,4,8,6,1
18092468,7,5,3,10,9
18092469,8,9,2,11,6
18092470,1,8,11,7,5
18092471,9,11,5,8,3
18092472,1,2,10,4,3
18092473,8,6,5,11,9
18092474,5,3,6,1,9
18092475,9,1,8,4,6
18092476,7,4,5,6,10
18092477,5,6,11,2,4
18092478,3,5,9,10,4
18092479,9,8,5,6,11
18092480,5,2,8,3,10
18092481,11,3,10,4,9
18092482,10,7,11,9,2
18092483,8,2,11,3,7
18092484,8,7,4,5,1
18092501,7,6,1,3,4
18092502,6,3,5,8,2
18092503,6,10,8,1,9
18092504,2,8,1,3,10
18092505,7,6,9,3,1
18092506,4,3,9,7,11
18092507,8,1,5,4,10
18092508,4,9,5,2,6
18092509,6,11,5,3,8
18092510,9,11,4,7,3
18092511,3,7,5,11,1
18092512,2,1,10,4,8
18092513,9,3,1,7,2
18092514,11,5,9,4,3
18092515,6,9,5,3,11
18092516,1,10,6,8,2
18092517,8,4,3,2,7
18092518,10,2,3,5,11
18092519,2,4,1,8,3
18092520,9,10,6,4,1
18092521,1,9,11,7,3
18092522,5,2,8,4,9
18092523,9,3,8,7,6
18092524,9,5,4,10,11
18092525,3,5,8,1,7
18092526,10,11,5,4,6
18092527,9,1,5,3,2
18092528,2,11,1,4,7
18092529,3,11,5,9,10
18092530,9,10,6,2,1
18092531,1,11,2,7,3
18092532,4,10,9,2,8
18092533,9,11,4,2,5
18092534,2,9,5,1,6
18092535,9,8,11,10,5
18092536,3,6,8,4,2
18092537,2,3,1,5,7
18092538,1,2,10,5,3
18092539,9,6,10,1,3
18092540,8,4,2,10,1
18092541,11,7,3,9,10
18092542,3,2,9,5,6
18092543,2,6,9,7,3
18092544,3,7,4,6,8
18092545,8,7,11,6,3
18092546,8,4,1,6,5
18092547,4,1,9,10,3
18092548,11,10,7,8,2
18092549,2,11,1,4,7
18092550,8,5,4,10,11
18092551,9,11,1,4,7
18092552,3,6,5,4,9
18092553,5,2,7,10,9
18092554,5,10,6,4,1
18092555,8,2,7,5,1
18092556,9,10,1,8,3
18092557,10,5,9,4,7
18092558,4,5,3,7,1
18092559,5,9,6,7,10
18092560,6,9,4,8,11
18092561,6,8,4,10,7
18092562,8,5,6,9,10
18092563,8,6,10,5,11
18092564,9,6,8,2,5
18092565,2,11,4,7,3
18092566,7,11,1,8,3
18092567,2,7,6,10,9
18092568,2,5,6,1,7
18092569,4,8,9,6,10
18092570,11,1,8,5,10
18092571,5,4,9,3,6
18092572,7,4,11,2,8
18092573,10,6,4,7,9
18092574,9,3,2,1,6
18092575,6,2,11,9,1
18092576,9,10,8,5,11
18092577,8,3,7,4,6
18092578,1,8,2,5,6
18092579,4,3,5,8,6
18092580,2,7,4,11,9
18092581,4,5,1,11,3
18092582,6,2,1,8,10
18092583,11,7,3,1,6
18092584,9,3,4,5,10
18092601,5,1,6,2,4
18092602,6,4,11,8,10
18092603,8,1,2,7,11
18092604,6,1,10,4,2
18092605,5,3,11,6,9
18092606,5,2,7,9,3
18092607,4,6,5,1,3
18092608,4,6,2,1,8
18092609,9,8,11,3,7
18092610,2,8,11,9,5
18092611,3,9,2,7,4
18092612,8,1,7,5,10
18092613,9,7,1,5,10
18092614,9,5,1,4,2
18092615,3,2,4,1,10
18092616,10,7,9,5,6
18092617,1,4,7,9,11
18092618,5,9,11,2,10
18092619,2,1,4,10,8
18092620,9,4,2,10,11
18092621,1,7,6,3,4
18092622,1,2,10,9,4
18092623,10,1,8,11,3
18092624,6,1,10,3,11
18092625,3,5,6,9,7
18092626,1,6,7,8,9
18092627,10,7,4,9,5
18092628,7,3,10,1,6
18092629,3,4,9,10,1
18092630,8,2,11,9,3
18092631,5,7,1,6,3
18092632,10,7,5,2,3
18092633,1,8,3,10,6
18092634,6,10,5,4,11
18092635,5,3,8,9,6
18092636,6,10,1,4,7
18092637,8,6,7,3,9
18092638,11,2,6,9,3
18092639,7,11,2,5,3
18092640,4,5,6,8,7
18092641,3,2,6,5,10
18092642,5,6,2,7,8
18092643,8,10,1,7,11
18092644,7,11,1,10,9
18092645,11,9,6,7,3
18092646,2,4,11,10,6
18092647,7,2,3,8,4
18092648,9,4,3,1,7
18092649,5,2,1,10,6
18092650,8,1,5,11,7
18092651,8,3,10,11,9
18092652,4,3,11,9,7
18092653,3,5,6,10,11
18092654,4,2,5,9,7
18092655,3,10,2,5,7
18092656,10,5,11,9,3
18092657,4,7,5,10,6
18092658,5,9,10,6,2
18092659,5,7,11,8,1
18092660,6,10,2,11,9
18092661,5,7,6,4,11
18092662,1,8,9,4,10
18092663,3,4,2,1,5
18092664,1,11,9,3,5
18092665,3,6,11,8,7
18092666,8,7,11,2,6
18092667,4,10,7,3,6
18092668,3,7,9,8,6
18092669,11,4,2,3,9
18092670,6,7,10,1,5
18092671,11,7,9,1,3
18092672,7,1,9,11,8
18092673,9,11,10,2,5
18092674,2,7,4,3,8
18092675,2,6,8,11,1
18092676,11,4,10,1,3
18092677,7,9,1,8,2
18092678,4,2,11,8,10
18092679,2,7,1,8,10
18092680,8,10,7,2,3
18092681,10,9,5,7,11
18092682,9,5,6,11,1
18092683,5,4,9,8,11
18092684,7,9,3,8,10
18092701,9,4,10,1,6
18092702,7,2,6,9,5
18092703,10,6,8,11,1
18092704,11,4,9,5,1
18092705,10,1,7,6,4
18092706,5,11,4,2,6
18092707,8,5,4,2,11
18092708,3,9,7,10,6
18092709,7,2,8,10,1
18092710,3,8,9,7,5
18092711,10,6,5,1,8
18092712,4,8,7,1,10
18092713,10,9,6,7,8
18092714,2,7,9,6,11
18092715,7,10,9,11,1
18092716,11,4,7,9,1
18092717,2,10,8,5,6
18092718,1,10,6,4,11
18092719,3,6,11,10,9
18092720,11,5,10,9,8
18092721,5,9,8,7,10
18092722,10,7,11,8,4
18092723,7,9,1,3,4
18092724,2,5,11,9,4
18092725,6,2,7,10,3
18092726,3,5,9,7,10
18092727,2,1,9,5,4
18092728,1,5,4,9,11
18092729,4,10,11,7,6
18092730,6,11,7,5,4
18092731,2,4,3,9,7
18092732,10,8,4,3,11
18092733,7,1,11,6,4
18092734,5,11,6,2,9
18092735,2,6,7,3,5
18092736,9,5,1,2,10
18092737,5,1,9,6,11
18092738,10,11,5,1,9
18092739,9,1,2,4,5
18092740,11,7,6,9,3
18092741,3,10,9,2,8
18092742,6,4,9,1,11
18092743,7,2,9,3,10
18092744,11,1,10,4,2
18092745,2,6,7,11,9
18092746,11,6,8,5,2
18092747,5,9,6,10,4
18092748,11,9,8,7,10
18092749,5,1,4,7,3
18092750,3,7,9,11,10
18092751,6,7,10,3,2
18092752,2,11,6,7,8
18092753,7,11,4,6,1
18092754,11,5,9,3,7
18092755,1,8,10,6,4
18092756,2,1,6,11,5
18092757,9,10,8,5,6
18092758,2,7,11,5,4
18092759,6,10,11,8,7
18092760,2,5,3,10,1
18092761,11,10,4,2,6
18092762,1,9,5,3,7
18092763,4,2,1,5,9
18092764,4,3,6,11,2
18092765,7,11,10,2,5
18092766,2,6,9,7,4
18092767,3,7,11,10,1
18092768,8,5,6,3,7
18092769,5,8,2,3,11
18092770,1,6,4,3,5
18092771,11,9,2,1,6
18092772,5,3,11,2,6
18092773,7,3,6,9,5
18092774,1,10,4,6,2
18092775,7,11,5,8,6
18092776,9,10,2,11,7
18092777,8,10,3,4,1
18092778,9,2,7,5,10
18092779,7,9,5,8,3
18092780,6,2,5,9,11
18092781,3,1,6,2,8
18092782,10,8,1,3,11
18092783,6,7,1,10,2
18092784,3,11,6,8,10
18092801,10,3,1,5,2
18092802,5,4,1,3,6
18092803,1,5,10,9,4
18092804,2,9,4,11,10
18092805,10,8,5,4,7
18092806,2,3,9,6,7
18092807,6,1,9,8,4
18092808,1,3,10,11,6
18092809,6,8,5,11,2
18092810,4,1,6,7,5
18092811,9,6,1,2,8
18092812,3,10,1,5,9
18092813,10,7,9,4,1
18092814,2,7,9,8,4
18092815,11,7,1,8,2
18092816,6,2,11,3,5
18092817,8,2,6,11,3
18092818,8,9,3,6,2
18092819,5,8,6,9,2
18092820,8,9,11,10,7
18092821,3,10,4,8,2
18092822,3,2,9,6,5
18092823,7,1,2,9,3
18092824,11,1,5,9,10
18092825,10,6,7,8,2
18092826,2,5,11,4,9
18092827,8,1,2,5,11
18092828,1,3,4,2,8
18092829,8,1,4,2,7
18092830,9,6,7,4,11
18092831,11,1,4,3,6
18092832,1,9,11,10,3
18092833,4,6,11,8,5
18092834,3,5,7,4,1
18092835,4,2,8,9,1
18092836,3,4,7,8,6
18092837,11,7,8,3,5
18092838,3,7,5,6,11
18092839,3,4,5,7,8
18092840,8,10,6,3,1
18092841,6,3,8,1,10
18092842,10,11,8,3,2
18092843,2,5,4,7,8
18092844,9,1,7,5,6
18092845,1,3,7,9,4
18092846,7,5,6,4,1
18092847,9,7,4,8,10
18092848,6,4,3,5,2
18092849,1,3,5,7,2
18092850,4,5,6,7,8
18092851,1,6,11,10,4
18092852,10,7,3,1,8
18092853,3,10,7,4,11
18092854,9,2,11,7,6
18092855,6,7,4,1,5
18092856,2,10,9,11,8
18092857,7,1,9,5,4
18092858,4,8,3,2,9
18092859,5,8,4,6,9
18092860,1,11,10,7,5
18092861,6,7,5,2,11
18092862,11,8,2,5,7
18092863,1,3,6,5,11
18092864,10,4,6,7,3
18092865,11,5,7,8,6
18092866,7,11,3,2,1
18092867,2,4,10,5,7
18092868,1,3,8,7,11
18092869,9,1,5,11,8
18092870,2,6,10,11,3
18092871,9,4,8,6,10
18092872,6,4,3,2,9
18092873,5,1,8,3,2
18092874,11,6,8,1,3
18092875,5,7,1,11,9
18092876,2,10,4,8,9
18092877,7,1,5,11,4
18092878,11,3,4,6,10
18092879,1,6,11,8,3
18092880,1,2,6,9,10
18092881,8,7,9,10,5
18092882,3,7,8,5,6
18092883,9,2,8,7,10
18092884,10,9,6,4,5
18092901,5,2,10,4,7
18092902,11,1,3,10,8
18092903,4,11,8,1,5
18092904,10,5,9,1,3
18092905,7,1,9,4,6
18092906,9,10,2,8,11
18092907,1,7,9,2,10
18092908,9,3,5,8,1
18092909,9,4,5,10,8
18092910,7,5,1,11,9
18092911,1,3,11,8,7
18092912,11,1,6,10,9
18092913,7,8,3,10,4
18092914,5,4,7,8,3
18092915,9,7,8,4,1
18092916,10,9,2,3,1
18092917,4,8,3,6,7
18092918,2,7,6,3,8
18092919,2,5,4,10,3
18092920,1,5,11,4,10
18092921,5,8,10,4,9
18092922,7,9,10,5,6
18092923,7,10,11,2,1
18092924,6,3,8,5,9
18092925,10,11,9,5,3
18092926,1,2,7,11,9
18092927,3,5,7,8,9
18092928,9,5,1,2,4
18092929,3,6,8,1,9
18092930,4,7,1,11,9
18092931,4,11,1,3,10
18092932,11,5,7,1,10
18092933,6,7,4,10,2
18092934,9,8,3,2,1
18092935,11,5,1,6,10
18092936,5,3,8,1,6
18092937,6,11,3,2,5
18092938,5,2,11,3,6
18092939,5,8,11,4,1
18092940,8,10,7,4,3
18092941,7,5,9,3,8
18092942,11,1,5,10,9
18092943,2,11,3,6,1
18092944,4,1,9,11,5
18092945,1,9,3,6,4
18092946,11,4,3,10,5
18092947,5,3,1,11,6
18092948,9,1,11,4,5
18092949,6,11,7,10,4
18092950,4,1,2,11,3
18092951,9,3,11,1,6
18092952,6,9,7,1,5
18092953,8,9,11,5,3
18092954,8,11,5,7,4
18092955,4,1,6,3,11
18092956,10,6,3,5,2
18092957,6,7,3,1,11
18092958,6,10,7,11,5
18092959,2,3,11,7,4
18092960,11,3,4,7,8
18092961,2,4,5,1,10
18092962,6,8,5,7,2
18092963,7,10,11,3,1
18092964,1,8,3,4,11
18092965,2,1,5,9,3
18092966,8,2,9,4,7
18092967,10,5,6,8,7
18092968,9,10,1,3,7
18092969,11,4,1,2,7
18092970,2,10,11,5,6
18092971,8,4,6,1,11
18092972,9,6,11,2,5
18092973,1,5,3,8,7
18092974,9,7,6,11,5
18092975,11,2,9,4,8
18092976,7,6,4,11,8
18092977,7,11,1,8,9
18092978,3,9,7,1,2
18092979,11,1,2,7,10
18092980,5,9,6,2,3
18092981,3,6,5,9,11
18092982,7,6,8,5,4
18092983,8,4,1,10,9
18092984,7,3,6,1,8
18093001,9,8,4,2,1
18093002,10,3,6,11,5
18093003,1,9,11,5,8
18093004,11,1,4,10,2
18093005,10,2,5,9,3
18093006,11,9,4,3,8
18093007,1,5,9,4,7
18093008,9,2,4,8,11
18093009,5,4,1,3,11
18093010,5,3,6,9,7
18093011,5,7,8,4,6
18093012,4,1,10,7,5
18093013,4,7,6,11,1
18093014,1,2,7,9,8
18093015,2,1,8,10,3
18093016,9,10,1,6,3
18093017,6,8,4,3,7
18093018,8,2,10,3,11
18093019,4,6,10,11,1
18093020,9,7,6,10,8
18093021,9,10,11,7,3
18093022,2,10,7,3,8
18093023,2,11,4,8,6
18093024,6,7,1,11,3
18093025,11,8,1,4,7
18093026,2,7,8,9,1
18093027,8,5,9,2,11
18093028,8,3,11,4,6
18093029,6,7,10,1,5
18093030,11,5,2,8,4
18093031,10,9,6,8,11
18093032,3,9,1,5,6
18093033,4,3,7,8,1
18093034,8,2,10,9,4
18093035,6,2,8,11,1
18093036,8,5,4,10,9
18093037,6,11,1,9,2
18093038,5,11,7,6,3
18093039,11,6,2,5,3
18093040,5,3,7,1,11
18093041,1,9,6,4,8
18093042,1,3,8,2,4
18093043,2,4,1,10,11
18093044,9,1,5,11,6
18093045,10,5,4,1,6
18093046,11,8,6,10,2
18093047,2,9,10,6,5
18093048,8,4,9,1,5
18093049,9,11,5,6,10
18093050,8,1,5,2,10
18093051,6,2,7,10,5
18093052,3,1,5,6,8
18093053,10,5,4,6,9
18093054,11,2,4,10,6
18093055,8,7,10,6,1
18093056,9,10,4,2,8
18093057,3,11,2,7,6
18093058,8,9,1,7,3
18093059,3,11,9,1,8
18093060,6,1,11,7,2
18093061,2,9,5,11,7
18093062,3,1,6,5,2
18093063,1,2,3,6,9
18093064,11,10,2,3,7
18093065,11,3,10,6,8
18093066,9,7,8,5,11
18093067,9,10,3,11,5
18093068,5,7,3,11,9
18093069,11,5,2,9,8
18093070,10,2,3,11,7
18093071,1,11,8,4,9
18093072,3,5,8,4,1
18093073,10,3,6,9,8
18093074,9,11,8,6,4
18093075,9,10,8,4,3
18093076,8,6,7,10,1
18093077,5,2,10,6,9
18093078,9,5,3,2,4
18093079,2,3,1,11,10
18093080,9,6,2,3,7
18093081,11,1,8,5,9
18093082,4,8,5,3,9
18093083,6,9,8,7,10
18093084,4,6,9,8,5
