20080101,2,11,5,7,1
20080102,6,1,11,5,4
20080103,7,10,1,4,3
20080104,10,11,7,5,2
20080105,3,8,10,7,1
20080106,2,11,6,4,8
20080107,7,10,9,1,11
20080108,10,1,5,7,6
20080109,6,3,10,1,8
20080110,1,8,5,6,9
20080111,6,5,4,2,1
20080112,3,10,11,1,4
20080113,7,6,2,10,11
20080114,4,2,3,7,11
20080115,3,7,4,2,8
20080116,5,1,11,4,8
20080117,5,8,1,6,4
20080118,7,11,10,1,8
20080119,5,11,6,3,7
20080120,4,1,9,11,5
20080121,11,4,5,3,9
20080122,11,10,2,3,1
20080123,6,1,10,7,4
20080124,6,3,5,9,4
20080125,3,9,1,10,2
20080126,7,8,10,5,9
20080127,1,10,8,6,5
20080128,2,5,3,7,10
20080129,9,8,2,11,4
20080130,1,9,2,7,10
20080131,8,6,1,10,3
20080132,10,5,3,1,9
20080133,2,10,7,5,11
20080134,8,6,5,7,10
20080135,1,3,11,6,9
20080136,3,10,11,4,2
20080137,3,4,10,2,11
20080138,5,11,1,6,3
20080139,7,3,11,2,1
20080140,7,9,2,11,4
20080141,7,8,4,1,10
20080142,10,11,4,7,6
