18010101,11,10,2,8,5
18010102,4,6,2,3,8
18010103,7,3,1,10,4
18010104,3,8,5,1,6
18010105,7,8,3,5,10
18010106,8,5,9,1,6
18010107,9,4,10,8,5
18010108,11,1,3,6,2
18010109,8,7,11,5,6
18010110,4,3,1,2,7
18010111,1,7,6,9,8
18010112,7,3,4,11,8
18010113,10,1,7,8,5
18010114,1,4,5,8,2
18010115,11,3,9,10,7
18010116,6,8,9,7,11
18010117,11,3,5,4,7
18010118,5,11,2,10,9
18010119,4,9,1,11,5
18010120,2,3,9,8,7
18010121,1,8,11,2,10
18010122,3,6,2,10,8
18010123,4,3,10,1,11
18010124,9,10,2,5,3
18010125,11,10,4,7,3
18010126,10,11,5,3,9
18010127,11,10,5,7,4
18010128,10,8,7,4,5
18010129,3,7,9,2,11
18010130,11,8,2,1,7
18010131,10,6,11,3,1
18010132,11,2,9,8,4
18010133,1,2,3,5,11
18010134,5,4,2,11,1
18010135,9,11,6,1,3
18010136,7,8,5,11,10
18010137,1,10,4,6,3
18010138,5,11,10,9,4
18010139,8,5,9,3,6
18010140,2,10,8,4,3
18010141,2,1,8,5,7
18010142,4,5,6,8,10
18010143,8,3,4,10,5
18010144,7,10,8,4,11
18010145,5,2,6,3,1
18010146,4,2,11,10,1
18010147,6,11,7,1,5
18010148,2,3,11,9,7
18010149,9,4,5,6,7
18010150,6,5,1,7,8
18010151,11,1,6,7,9
18010152,9,1,3,11,10
18010153,10,6,9,4,5
18010154,7,9,1,2,10
18010155,1,5,6,9,11
18010156,6,10,4,8,5
18010157,8,3,9,4,6
18010158,8,9,5,3,1
18010159,2,7,4,9,5
18010160,2,7,6,1,11
18010161,5,11,3,9,8
18010162,4,2,8,11,6
18010163,10,5,4,8,6
18010164,10,9,4,1,3
18010165,5,9,11,10,6
18010166,11,7,3,9,10
18010167,4,5,6,3,7
18010168,3,9,4,11,10
18010169,2,3,9,11,1
18010170,6,2,1,5,4
18010171,2,1,8,10,7
18010172,4,1,5,7,6
18010173,3,11,1,4,8
18010174,9,8,10,3,7
18010175,8,6,2,5,4
18010176,8,5,1,7,3
18010177,2,1,9,10,3
18010178,1,2,8,7,6
18010179,4,9,2,7,5
18010180,7,9,11,10,1
18010181,3,5,7,11,9
18010182,3,5,11,9,10
18010183,11,8,2,7,1
18010184,6,1,9,10,5
18010201,7,2,10,4,3
18010202,2,8,10,9,6
18010203,9,7,10,6,1
18010204,10,7,11,4,5
18010205,6,10,9,2,7
18010206,1,7,5,6,3
18010207,8,5,6,4,1
18010208,9,7,10,11,2
18010209,7,10,6,1,3
18010210,3,5,4,11,8
18010211,4,6,2,7,3
18010212,9,3,6,5,4
18010213,1,3,6,11,10
18010214,2,9,3,10,6
18010215,10,9,2,3,6
18010216,1,7,6,3,5
18010217,4,5,8,11,3
18010218,6,1,11,9,10
18010219,3,10,8,11,6
18010220,9,2,10,4,5
18010221,7,3,11,8,2
18010222,8,5,7,3,1
18010223,4,11,7,9,10
18010224,10,3,7,8,4
18010225,1,8,5,11,2
18010226,5,1,4,8,2
18010227,11,8,1,2,6
18010228,3,6,11,7,9
18010229,3,1,2,7,6
18010230,5,6,11,1,8
18010231,8,1,5,2,9
18010232,10,6,7,1,8
18010233,5,10,1,4,7
18010234,2,10,4,11,5
18010235,7,9,5,10,11
18010236,2,3,7,9,6
18010237,7,9,6,11,2
18010238,8,1,11,10,4
18010239,7,2,1,11,9
18010240,8,4,11,2,5
18010241,3,7,11,9,1
18010242,7,11,1,4,2
18010243,10,2,7,3,4
18010244,4,1,3,8,2
18010245,8,6,4,3,1
18010246,2,7,6,11,9
18010247,4,10,5,2,1
18010248,5,9,2,6,4
18010249,5,7,2,10,4
18010250,4,9,8,5,7
18010251,5,1,11,6,4
18010252,8,1,9,11,3
18010253,9,6,10,5,11
18010254,10,9,4,5,8
18010255,3,7,11,1,9
18010256,5,7,6,10,3
18010257,9,6,4,2,1
18010258,1,11,5,4,2
18010259,11,2,5,9,1
18010260,5,9,11,7,8
18010261,9,6,3,2,11
18010262,1,4,2,10,9
18010263,1,5,10,4,11
18010264,3,7,2,5,4
18010265,2,9,4,11,1
18010266,4,3,1,6,11
18010267,5,10,1,11,3
18010268,10,6,7,1,3
18010269,7,5,4,10,11
18010270,11,10,3,9,2
18010271,11,7,4,6,10
18010272,1,8,9,7,4
18010273,6,5,4,11,3
18010274,8,9,3,10,2
18010275,11,5,1,7,10
18010276,5,1,7,2,6
18010277,6,2,1,3,7
18010278,10,3,1,7,9
18010279,6,2,4,11,5
18010280,3,2,1,7,8
18010281,7,1,5,4,8
18010282,9,11,1,5,6
18010283,2,3,5,1,10
18010284,4,3,10,6,7
18010301,1,9,10,5,8
18010302,6,10,2,8,4
18010303,9,8,2,6,7
18010304,8,6,4,3,10
18010305,5,7,8,6,2
18010306,7,3,1,11,4
18010307,10,4,11,5,7
18010308,11,10,2,4,7
18010309,11,10,9,1,3
18010310,3,7,1,4,8
18010311,1,9,3,4,10
18010312,2,7,8,4,3
18010313,3,9,8,7,5
18010314,4,8,9,5,3
18010315,5,11,3,9,7
18010316,5,11,6,10,9
18010317,8,11,7,6,1
18010318,2,5,6,4,1
18010319,7,2,10,3,11
18010320,9,4,8,7,1
18010321,11,5,6,10,8
18010322,9,8,4,3,6
18010323,5,4,7,1,11
18010324,9,2,5,11,1
18010325,1,4,9,6,7
18010326,11,6,9,1,10
18010327,9,10,7,1,4
18010328,7,3,9,2,6
18010329,9,5,4,10,3
18010330,9,5,3,11,4
18010331,1,8,11,7,3
18010332,4,2,6,10,11
18010333,10,8,6,1,9
18010334,2,3,8,11,6
18010335,4,6,3,5,10
18010336,9,10,2,7,3
18010337,10,5,7,11,2
18010338,10,3,1,11,7
18010339,4,9,7,8,5
18010340,10,7,3,9,6
18010341,6,7,9,2,8
18010342,6,9,8,1,10
18010343,4,11,3,1,6
18010344,3,6,5,2,10
18010345,10,8,1,6,9
18010346,3,9,11,7,8
18010347,10,6,8,9,2
18010348,2,3,11,5,7
18010349,6,7,5,11,3
18010350,7,8,9,6,4
18010351,2,11,1,3,5
18010352,6,10,4,9,8
18010353,5,6,10,4,1
18010354,9,5,2,7,8
18010355,9,3,11,1,2
18010356,10,2,8,3,11
18010357,7,8,3,4,5
18010358,5,11,6,3,10
18010359,2,10,8,7,6
18010360,6,10,3,7,8
18010361,1,7,6,9,5
18010362,2,9,7,8,6
18010363,1,8,11,3,4
18010364,6,4,5,7,9
18010365,4,2,1,8,5
18010366,9,1,3,2,8
18010367,5,8,11,7,1
18010368,2,4,1,11,8
18010369,4,8,11,3,6
18010370,4,8,7,1,2
18010371,10,8,4,1,3
18010372,10,3,2,4,6
18010373,7,1,5,9,4
18010374,11,4,10,2,5
18010375,6,3,7,5,1
18010376,1,5,7,8,9
18010377,4,2,11,10,7
18010378,5,7,8,2,4
18010379,7,3,9,4,5
18010380,8,10,3,5,9
18010381,4,5,2,7,8
18010382,1,2,10,3,7
18010383,10,11,6,4,9
18010384,3,11,5,9,8
18010401,11,5,6,1,7
18010402,2,8,1,5,3
18010403,8,3,7,9,2
18010404,5,2,10,11,9
18010405,6,7,1,4,9
18010406,9,2,3,6,11
18010407,10,4,1,11,7
18010408,3,8,9,1,5
18010409,7,3,8,10,2
18010410,11,4,1,6,3
18010411,6,3,11,10,2
18010412,10,6,9,3,2
18010413,11,8,4,10,2
18010414,1,2,8,6,7
18010415,3,8,11,9,10
18010416,8,7,6,4,3
18010417,7,11,8,1,9
18010418,10,3,8,9,5
18010419,7,8,9,5,1
18010420,7,8,1,11,2
18010421,11,8,4,10,7
18010422,10,6,4,9,8
18010423,1,3,6,8,2
18010424,1,7,10,2,8
18010425,3,2,7,8,6
18010426,1,9,3,8,2
18010427,6,3,2,11,5
18010428,1,4,10,8,11
18010429,10,11,5,7,9
18010430,6,7,10,5,4
18010431,11,3,6,5,9
18010432,10,1,11,8,4
18010433,8,4,11,1,9
18010434,7,5,1,11,9
18010435,7,10,1,11,6
18010436,7,3,4,2,11
18010437,9,4,8,10,3
18010438,10,11,3,1,6
18010439,3,10,7,4,5
18010440,10,2,6,9,3
18010441,9,8,7,6,1
18010442,10,7,8,9,4
18010443,9,4,5,10,6
18010444,4,1,5,7,2
18010445,11,6,10,3,4
18010446,9,8,6,7,3
18010447,3,6,1,10,7
18010448,1,8,4,5,9
18010449,6,3,4,2,5
18010450,4,2,9,5,10
18010451,6,5,1,10,4
18010452,5,11,8,10,2
18010453,2,5,8,9,3
18010454,7,10,1,5,8
18010455,1,11,5,8,7
18010456,6,10,1,3,2
18010457,3,4,7,8,5
18010458,4,2,11,1,6
18010459,3,7,5,9,11
18010460,6,10,4,9,5
18010461,1,10,4,9,5
18010462,10,2,5,8,4
18010463,5,10,1,6,3
18010464,10,6,4,2,1
18010465,8,6,4,9,5
18010466,1,4,7,11,9
18010467,9,5,4,8,6
18010468,3,6,4,11,7
18010469,3,6,7,2,1
18010470,7,2,6,9,5
18010471,4,7,11,8,5
18010472,8,5,10,7,1
18010473,11,1,8,4,5
18010474,5,3,9,6,8
18010475,8,1,4,5,3
18010476,6,4,9,3,10
18010477,10,11,3,8,2
18010478,9,1,7,3,6
18010479,3,8,10,9,1
18010480,5,6,1,9,10
18010481,11,2,4,5,8
18010482,11,5,8,2,7
18010483,1,3,7,10,5
18010484,8,1,11,3,6
18010501,4,1,7,6,10
18010502,10,3,11,1,9
18010503,1,3,4,2,8
18010504,11,9,7,4,1
18010505,7,1,8,10,9
18010506,9,1,10,2,7
18010507,6,2,11,4,10
18010508,5,6,7,3,1
18010509,4,8,6,10,1
18010510,5,2,1,10,7
18010511,1,7,9,10,2
18010512,6,11,2,7,3
18010513,10,6,11,1,8
18010514,10,9,2,4,7
18010515,11,1,4,9,10
18010516,7,4,8,5,11
18010517,2,10,6,8,4
18010518,9,11,5,10,4
18010519,1,2,6,5,3
18010520,3,2,6,8,9
18010521,3,1,11,8,9
18010522,1,9,6,3,5
18010523,1,4,8,5,2
18010524,1,9,5,3,4
18010525,5,11,10,9,3
18010526,10,4,1,5,2
18010527,9,7,2,10,11
18010528,7,1,9,5,2
18010529,1,6,2,3,5
18010530,2,4,10,11,5
18010531,5,1,8,7,2
18010532,3,11,2,10,8
18010533,4,2,11,7,8
18010534,10,8,4,7,9
18010535,10,2,9,6,4
18010536,5,6,3,11,10
18010537,1,2,6,4,11
18010538,10,5,4,1,8
18010539,11,7,5,4,8
18010540,11,3,6,7,10
18010541,2,4,9,8,5
18010542,3,9,1,4,10
18010543,6,10,5,2,11
18010544,11,5,1,6,2
18010545,8,11,4,3,2
18010546,8,1,3,5,6
18010547,10,1,11,6,4
18010548,10,7,11,8,2
18010549,6,2,8,10,11
18010550,7,10,9,3,6
18010551,2,11,6,10,3
18010552,3,5,8,7,1
18010553,3,1,2,7,10
18010554,11,3,7,2,9
18010555,1,7,4,5,3
18010556,5,6,8,1,10
18010557,6,3,8,5,11
18010558,4,9,10,3,7
18010559,11,2,9,3,10
18010560,1,3,8,4,9
18010561,6,2,3,8,5
18010562,11,9,10,2,7
18010563,8,3,5,9,11
18010564,8,5,9,6,4
18010565,8,6,2,7,4
18010566,10,7,2,8,3
18010567,10,5,8,1,6
18010568,8,4,1,3,2
18010569,11,6,8,3,5
18010570,4,7,5,3,1
18010571,2,10,6,4,11
18010572,4,9,7,5,8
18010573,8,7,2,4,10
18010574,11,8,10,2,9
18010575,5,10,8,9,2
18010576,7,10,8,2,4
18010577,11,8,1,6,7
18010578,1,11,10,6,5
18010579,5,6,4,3,10
18010580,5,3,11,9,2
18010581,1,4,5,11,9
18010582,10,7,5,11,1
18010583,6,4,2,9,8
18010584,1,9,8,5,3
18010601,1,4,2,11,7
18010602,2,1,5,7,6
18010603,6,9,5,3,4
18010604,2,11,4,10,1
18010605,11,6,5,4,10
18010606,8,2,4,3,5
18010607,4,11,7,5,9
18010608,7,11,9,8,2
18010609,9,10,8,2,6
18010610,1,5,2,9,6
18010611,6,9,3,8,11
18010612,9,4,5,1,6
18010613,2,10,6,7,1
18010614,3,1,7,6,10
18010615,1,2,8,10,11
18010616,9,8,1,10,2
18010617,9,11,1,7,2
18010618,5,8,11,4,9
18010619,7,5,9,10,6
18010620,8,4,1,11,7
18010621,4,2,7,11,6
18010622,2,11,8,5,9
18010623,5,3,6,11,1
18010624,11,6,8,10,2
18010625,9,2,3,10,5
18010626,5,9,11,7,6
18010627,5,9,4,2,3
18010628,7,9,2,11,6
18010629,2,5,4,7,3
18010630,7,11,8,9,6
18010631,10,9,8,2,3
18010632,8,7,2,6,1
18010633,9,2,10,8,11
18010634,6,3,5,2,4
18010635,7,11,9,10,2
18010636,5,9,10,6,7
18010637,6,11,4,1,7
18010638,9,10,8,11,2
18010639,10,11,3,6,9
18010640,1,4,5,9,2
18010641,6,8,9,2,5
18010642,7,6,4,3,9
18010643,6,3,7,8,5
18010644,10,9,4,8,6
18010645,4,3,9,11,2
18010646,11,3,7,10,1
18010647,1,5,4,6,10
18010648,1,6,8,3,4
18010649,10,1,5,8,3
18010650,8,9,3,7,11
18010651,11,2,3,9,4
18010652,3,9,5,10,11
18010653,11,1,5,3,6
18010654,7,6,3,9,8
18010655,8,11,10,9,5
18010656,7,3,2,9,10
18010657,3,2,8,10,1
18010658,6,9,3,1,10
18010659,6,5,4,8,3
18010660,4,9,3,7,2
18010661,6,9,10,7,1
18010662,6,5,10,9,11
18010663,11,2,8,7,3
18010664,8,5,11,2,10
18010665,11,4,7,8,10
18010666,3,7,11,5,10
18010667,6,4,1,11,3
18010668,5,10,4,7,2
18010669,11,7,1,9,2
18010670,5,11,10,8,4
18010671,2,3,6,1,7
18010672,1,2,5,11,7
18010673,8,6,3,11,1
18010674,5,4,2,3,11
18010675,11,1,9,2,10
18010676,2,1,5,4,8
18010677,3,4,6,5,1
18010678,4,3,8,10,7
18010679,7,6,4,9,3
18010680,1,6,4,8,5
18010681,11,6,1,10,3
18010682,8,3,6,7,1
18010683,7,9,10,11,6
18010684,11,5,2,4,10
18010701,11,2,5,10,6
18010702,2,10,7,3,11
18010703,8,9,10,1,11
18010704,6,10,8,2,3
18010705,8,9,2,7,3
18010706,4,9,11,3,8
18010707,4,1,3,8,6
18010708,3,7,5,6,8
18010709,11,3,10,9,2
18010710,2,1,3,6,5
18010711,6,1,10,5,7
18010712,6,11,1,7,5
18010713,8,6,7,9,5
18010714,6,8,7,11,4
18010715,6,10,3,11,5
18010716,6,5,10,3,7
18010717,7,5,8,3,11
18010718,10,6,3,7,4
18010719,10,2,3,8,6
18010720,1,8,10,5,6
18010721,10,2,4,1,7
18010722,5,9,1,2,7
18010723,6,3,10,1,2
18010724,5,6,11,3,7
18010725,3,1,8,5,6
18010726,9,10,1,4,3
18010727,4,8,3,11,5
18010728,7,5,6,11,2
18010729,10,4,2,1,3
18010730,10,6,1,11,5
18010731,11,10,8,2,4
18010732,7,11,9,10,3
18010733,2,9,7,3,10
18010734,2,11,9,5,1
18010735,11,8,2,3,5
18010736,1,7,4,11,5
18010737,7,3,4,9,1
18010738,10,6,8,7,11
18010739,7,1,3,6,9
18010740,4,3,10,8,1
18010741,3,1,4,9,10
18010742,6,2,4,5,3
18010743,3,11,6,1,8
18010744,2,3,8,1,5
18010745,5,11,8,6,9
18010746,11,5,4,3,8
18010747,4,9,11,6,10
18010748,4,11,6,2,1
18010749,9,7,4,10,6
18010750,10,6,8,4,1
18010751,3,2,8,5,6
18010752,1,8,6,10,2
18010753,1,6,11,9,5
18010754,8,5,9,11,6
18010755,2,7,8,10,1
18010756,6,2,8,10,3
18010757,5,8,6,3,11
18010758,6,11,3,9,7
18010759,4,10,11,9,2
18010760,4,11,7,3,1
18010761,6,10,1,7,5
18010762,1,11,8,5,6
18010763,2,1,6,7,5
18010764,6,2,3,5,7
18010765,7,5,6,9,2
18010766,11,5,9,10,1
18010767,5,4,10,6,8
18010768,3,2,1,6,9
18010769,5,9,2,4,7
18010770,11,2,7,9,6
18010771,5,6,9,2,11
18010772,8,11,3,7,4
18010773,5,8,11,10,2
18010774,3,7,1,8,4
18010775,11,9,3,10,8
18010776,8,9,3,4,10
18010777,2,6,11,4,3
18010778,4,1,10,3,5
18010779,7,11,8,2,5
18010780,8,10,3,11,1
18010781,10,11,3,2,5
18010782,4,11,10,3,7
18010783,4,10,8,1,7
18010784,7,5,4,6,1
18010801,7,6,8,1,2
18010802,3,5,9,1,10
18010803,5,11,6,8,7
18010804,3,4,2,1,11
18010805,7,10,9,11,8
18010806,1,2,7,8,11
18010807,3,8,4,6,1
18010808,2,5,10,8,4
18010809,2,11,9,6,10
18010810,11,2,8,4,6
18010811,1,8,2,6,3
18010812,5,6,2,1,8
18010813,7,11,5,8,2
18010814,3,2,10,9,8
18010815,9,6,2,10,5
18010816,1,10,4,11,8
18010817,9,2,7,3,6
18010818,3,1,5,4,10
18010819,2,8,7,3,4
18010820,7,2,9,3,1
18010821,4,3,7,2,8
18010822,3,9,2,1,8
18010823,7,10,6,3,2
18010824,8,2,11,3,6
18010825,5,3,1,11,8
18010826,8,9,1,2,6
18010827,6,7,10,4,2
18010828,7,5,2,1,4
18010829,11,10,2,9,1
18010830,8,2,3,5,6
18010831,5,6,10,9,11
18010832,7,2,3,5,6
18010833,1,8,11,9,3
18010834,8,7,4,11,3
18010835,8,10,4,5,11
18010836,5,10,1,2,8
18010837,1,7,8,3,10
18010838,4,9,6,7,3
18010839,11,4,3,8,7
18010840,11,9,3,6,8
18010841,4,9,6,2,7
18010842,3,10,8,9,5
18010843,6,8,2,1,10
18010844,1,4,2,6,5
18010845,9,6,11,3,7
18010846,10,11,2,1,9
18010847,1,7,6,3,11
18010848,7,8,1,4,2
18010849,1,7,4,5,2
18010850,5,10,7,2,11
18010851,3,1,9,11,7
18010852,10,2,9,6,8
18010853,8,7,6,3,9
18010854,9,8,10,1,4
18010855,4,8,1,11,6
18010856,3,8,11,5,10
18010857,10,1,6,9,7
18010858,11,8,5,2,9
18010859,7,1,5,4,3
18010860,4,9,8,10,7
18010861,1,11,4,10,9
18010862,9,3,10,2,11
18010863,1,8,9,7,3
18010864,8,3,5,6,9
18010865,4,6,9,8,10
18010866,4,6,11,2,3
18010867,6,2,8,9,7
18010868,6,11,3,9,1
18010869,6,11,8,4,10
18010870,9,4,10,1,8
18010871,4,1,6,10,7
18010872,11,9,10,3,5
18010873,8,10,7,9,6
18010874,9,5,7,6,11
18010875,3,2,1,9,5
18010876,7,5,4,10,11
18010877,4,7,8,5,6
18010878,4,8,6,2,9
18010879,7,5,4,9,1
18010880,2,1,10,5,7
18010881,9,11,1,5,10
18010882,1,6,7,3,2
18010883,10,5,8,9,11
18010884,8,11,1,7,3
18010901,1,7,4,6,3
18010902,8,7,6,2,3
18010903,4,5,8,10,1
18010904,4,10,11,2,5
18010905,11,9,2,7,6
18010906,4,9,5,3,11
18010907,11,1,10,3,4
18010908,7,4,2,8,9
18010909,11,2,10,3,1
18010910,5,4,6,8,2
18010911,9,3,4,6,5
18010912,5,11,8,9,3
18010913,9,7,1,6,10
18010914,7,1,2,10,9
18010915,3,5,9,8,6
18010916,10,7,8,6,11
18010917,5,3,2,6,8
18010918,11,5,8,6,2
18010919,2,9,8,10,3
18010920,11,5,6,10,2
18010921,2,4,1,5,7
18010922,1,3,11,5,8
18010923,3,4,5,7,1
18010924,8,6,3,10,7
18010925,8,5,3,9,4
18010926,1,6,2,3,5
18010927,2,1,7,10,3
18010928,4,2,9,11,8
18010929,11,3,10,4,7
18010930,5,8,9,10,1
18010931,7,9,1,4,2
18010932,3,9,8,7,11
18010933,2,10,1,7,9
18010934,6,2,5,11,7
18010935,3,1,5,9,11
18010936,1,6,10,7,4
18010937,1,9,3,4,7
18010938,2,7,3,1,8
18010939,9,7,1,5,10
18010940,11,9,1,3,8
18010941,10,1,9,8,5
18010942,6,5,7,11,1
18010943,2,3,6,5,1
18010944,10,2,5,9,7
18010945,10,3,1,4,2
18010946,3,6,2,10,1
18010947,6,11,10,1,5
18010948,8,2,5,9,6
18010949,2,3,10,9,8
18010950,1,10,8,7,9
18010951,8,6,2,4,7
18010952,5,11,6,10,7
18010953,11,5,1,3,10
18010954,7,10,4,1,11
18010955,9,10,7,6,4
18010956,6,3,11,4,5
18010957,4,3,8,2,9
18010958,8,4,7,11,5
18010959,8,9,7,11,2
18010960,11,3,2,6,5
18010961,8,1,2,5,10
18010962,11,2,9,5,7
18010963,1,2,5,7,10
18010964,9,5,6,2,4
18010965,8,2,10,6,5
18010966,9,2,11,7,5
18010967,2,6,8,9,10
18010968,4,9,3,6,2
18010969,3,8,6,10,5
18010970,1,11,5,7,3
18010971,3,2,6,1,9
18010972,7,6,11,8,2
18010973,4,1,3,2,10
18010974,1,4,6,7,2
18010975,10,9,7,4,6
18010976,11,6,4,8,5
18010977,4,7,6,5,11
18010978,10,7,1,6,4
18010979,10,8,3,11,5
18010980,11,6,9,3,5
18010981,8,5,1,4,7
18010982,3,4,9,8,7
18010983,2,9,8,10,7
18010984,6,9,3,10,2
18011001,8,4,6,9,10
18011002,9,7,5,10,11
18011003,5,2,3,1,9
18011004,2,8,11,7,10
18011005,7,10,9,8,5
18011006,7,11,6,9,4
18011007,5,3,7,10,11
18011008,2,8,1,5,6
18011009,11,9,5,4,2
18011010,11,9,1,7,2
18011011,3,8,2,10,1
18011012,6,9,3,10,11
18011013,9,4,7,1,5
18011014,10,7,6,2,11
18011015,8,1,11,2,6
18011016,4,10,2,3,11
18011017,11,5,4,7,3
18011018,6,10,1,4,3
18011019,8,1,11,10,3
18011020,1,4,6,3,10
18011021,6,11,4,9,5
18011022,6,11,5,10,1
18011023,11,5,4,3,7
18011024,11,1,10,3,8
18011025,4,5,3,7,8
18011026,5,3,8,1,2
18011027,9,4,3,1,8
18011028,10,11,7,4,2
18011029,5,7,10,8,11
18011030,1,11,2,7,3
18011031,2,1,5,10,11
18011032,6,8,10,4,5
18011033,10,7,1,9,3
18011034,10,7,3,4,11
18011035,2,10,8,4,1
18011036,9,6,10,8,3
18011037,10,11,8,2,9
18011038,7,6,10,5,1
18011039,1,9,6,7,5
18011040,11,8,6,3,4
18011041,4,7,11,2,6
18011042,9,10,11,2,3
18011043,8,3,10,5,7
18011044,3,5,8,7,4
18011045,7,2,8,10,1
18011046,2,11,8,7,5
18011047,5,2,1,4,6
18011048,3,6,11,9,4
18011049,5,2,10,4,9
18011050,8,3,7,2,1
18011051,2,11,7,9,8
18011052,3,6,8,1,7
18011053,4,3,1,11,5
18011054,9,6,10,8,7
18011055,10,5,3,9,2
18011056,1,11,2,6,4
18011057,4,10,2,11,3
18011058,11,8,7,10,5
18011059,2,5,7,6,1
18011060,10,6,8,1,9
18011061,4,11,9,10,1
18011062,10,6,5,9,7
18011063,7,1,9,8,6
18011064,7,9,3,4,2
18011065,4,5,1,9,11
18011066,1,7,10,11,6
18011067,7,9,3,1,11
18011068,7,11,9,3,10
18011069,10,11,2,9,8
18011070,8,3,7,10,5
18011071,3,7,9,4,8
18011072,6,1,8,4,5
18011073,1,3,10,5,8
18011074,3,7,4,1,2
18011075,8,10,1,9,4
18011076,9,2,8,10,11
18011077,2,11,3,6,5
18011078,4,7,6,2,9
18011079,7,4,10,3,11
18011080,10,8,9,5,11
18011081,3,4,9,7,5
18011082,5,1,4,8,2
18011083,5,7,9,10,2
18011084,2,3,8,6,9
18011101,6,3,11,7,4
18011102,1,9,5,11,10
18011103,5,3,7,10,4
18011104,3,5,11,9,8
18011105,2,6,8,1,10
18011106,9,4,3,11,10
18011107,8,2,7,9,6
18011108,11,9,3,7,6
18011109,6,8,3,4,5
18011110,5,10,6,8,9
18011111,10,1,5,2,9
18011112,7,11,9,5,8
18011113,1,2,6,10,7
18011114,5,4,3,7,10
18011115,3,7,10,2,9
18011116,8,1,5,11,2
18011117,1,6,3,4,8
18011118,6,2,1,8,7
18011119,8,5,6,4,9
18011120,1,3,9,4,11
18011121,11,9,2,5,8
18011122,11,6,9,4,7
18011123,8,11,9,5,10
18011124,10,7,3,2,1
18011125,10,7,9,11,2
18011126,5,10,9,4,8
18011127,8,10,4,6,11
18011128,10,7,5,1,11
18011129,11,2,6,3,9
18011130,3,1,7,10,6
18011131,6,8,10,9,11
18011132,4,6,5,1,2
18011133,11,6,7,4,1
18011134,9,3,11,4,8
18011135,9,8,6,2,4
18011136,6,1,8,7,5
18011137,11,3,6,7,10
18011138,10,7,4,9,1
18011139,3,7,6,1,9
18011140,4,3,2,5,7
18011141,5,10,4,2,1
18011142,9,5,6,3,11
18011143,9,1,3,8,4
18011144,6,7,1,4,5
18011145,2,4,11,10,1
18011146,11,9,10,1,7
18011147,9,11,2,5,3
18011148,4,11,8,7,9
18011149,6,10,1,3,11
18011150,7,4,5,6,11
18011151,10,4,5,1,6
18011152,9,5,4,6,7
18011153,4,1,7,6,2
18011154,4,11,9,1,10
18011155,7,10,6,8,3
18011156,7,10,4,8,11
18011157,2,4,7,9,11
18011158,11,9,6,4,2
18011159,7,1,10,3,2
18011160,4,5,11,1,3
18011161,6,1,11,4,10
18011162,11,6,5,1,9
18011163,6,8,3,10,11
18011164,10,3,1,5,11
18011165,7,4,2,8,11
18011166,7,5,2,6,1
18011167,9,10,11,4,7
18011168,9,10,1,6,5
18011169,9,7,4,1,5
18011170,8,6,5,3,2
18011171,11,5,4,1,7
18011172,5,11,4,6,8
18011173,8,2,7,6,3
18011174,6,9,3,4,10
18011175,1,8,9,10,6
18011176,11,4,8,1,2
18011177,7,4,6,9,5
18011178,10,7,9,11,2
18011179,1,3,11,9,2
18011180,7,6,11,4,5
18011181,3,10,5,2,8
18011182,7,10,11,9,3
18011183,3,9,5,11,10
18011184,5,9,1,8,3
18011201,11,1,10,4,7
18011202,11,9,1,8,5
18011203,8,2,11,1,5
18011204,6,9,3,8,5
18011205,6,1,2,5,10
18011206,4,8,3,11,1
18011207,1,7,2,10,5
18011208,6,9,10,4,5
18011209,11,2,9,8,7
18011210,6,9,1,5,3
18011211,8,5,1,2,4
18011212,4,10,9,1,7
18011213,5,6,3,8,7
18011214,11,6,1,4,10
18011215,9,1,8,7,6
18011216,11,3,2,10,4
18011217,10,2,1,8,11
18011218,9,2,10,11,7
18011219,1,6,5,11,10
18011220,8,1,9,7,6
18011221,10,3,11,7,6
18011222,7,6,10,1,11
18011223,5,10,4,9,1
18011224,2,8,11,3,1
18011225,1,10,9,2,6
18011226,9,1,4,2,7
18011227,6,1,7,2,5
18011228,1,7,9,2,4
18011229,7,10,6,1,11
18011230,10,1,6,7,4
18011231,2,1,3,7,9
18011232,8,6,7,9,1
18011233,6,5,11,9,4
18011234,2,10,6,4,3
18011235,9,10,3,4,6
18011236,6,3,10,7,9
18011237,9,6,7,1,11
18011238,11,5,1,3,6
18011239,7,8,6,10,3
18011240,5,10,7,1,11
18011241,9,6,2,1,4
18011242,8,3,5,1,9
18011243,4,1,10,7,11
18011244,8,2,7,6,11
18011245,5,6,4,7,11
18011246,11,7,4,6,3
18011247,3,2,11,8,10
18011248,4,6,7,2,1
18011249,4,6,7,5,1
18011250,6,2,5,4,11
18011251,6,2,11,10,7
18011252,2,4,11,1,6
18011253,6,1,2,10,3
18011254,8,2,10,3,5
18011255,9,2,8,10,7
18011256,2,6,4,5,7
18011257,5,7,6,2,4
18011258,9,5,7,10,4
18011259,8,3,4,11,2
18011260,3,1,2,4,10
18011261,6,8,5,3,2
18011262,9,6,7,1,3
18011263,7,3,5,9,2
18011264,5,10,9,6,1
18011265,3,7,6,11,4
18011266,1,6,7,9,10
18011267,1,8,11,6,5
18011268,10,11,5,4,8
18011269,1,4,2,3,9
18011270,5,3,1,10,11
18011271,9,3,7,4,6
18011272,2,7,8,6,11
18011273,10,7,2,1,5
18011274,9,11,1,10,5
18011275,6,7,1,2,5
18011276,11,4,9,2,3
18011277,7,4,10,2,9
18011278,10,9,11,7,8
18011279,11,10,3,1,9
18011280,2,6,4,7,5
18011281,9,4,1,5,3
18011282,8,10,7,4,3
18011283,5,2,6,10,9
18011284,3,5,1,2,6
18011301,5,2,3,9,1
18011302,2,1,8,11,9
18011303,7,9,1,5,10
18011304,11,1,8,6,3
18011305,9,2,3,11,1
18011306,11,8,6,1,7
18011307,9,5,3,2,6
18011308,7,10,11,8,5
18011309,7,4,2,1,6
18011310,6,3,7,2,5
18011311,7,4,9,10,5
18011312,8,10,2,7,4
18011313,6,8,10,11,2
18011314,3,5,9,2,8
18011315,2,3,7,5,9
18011316,5,3,1,10,4
18011317,2,10,8,1,6
18011318,11,1,7,6,9
18011319,2,1,11,7,8
18011320,5,11,3,10,9
18011321,2,3,8,9,10
18011322,8,3,4,9,6
18011323,8,7,10,5,6
18011324,7,1,5,11,9
18011325,11,2,9,7,6
18011326,3,6,2,5,1
18011327,5,6,11,4,10
18011328,7,10,11,9,8
18011329,8,6,5,4,3
18011330,11,5,8,1,4
18011331,1,9,6,7,4
18011332,9,5,10,1,2
18011333,3,10,2,6,7
18011334,5,7,2,1,9
18011335,9,5,6,4,8
18011336,8,2,10,4,9
18011337,9,2,4,11,6
18011338,3,5,10,7,2
18011339,3,10,1,7,5
18011340,10,4,9,1,2
18011341,6,3,1,5,2
18011342,4,5,6,11,8
18011343,4,8,6,9,3
18011344,8,5,4,2,3
18011345,1,6,4,9,3
18011346,6,7,11,1,2
18011347,9,2,11,1,3
18011348,3,7,4,10,5
18011349,1,9,7,10,4
18011350,10,9,1,6,4
18011351,6,4,2,5,1
18011352,6,8,11,10,5
18011353,2,1,9,6,5
18011354,11,3,10,2,1
18011355,9,6,5,10,3
18011356,4,10,6,11,3
18011357,5,9,4,7,2
18011358,1,8,7,10,2
18011359,10,6,4,5,1
18011360,4,9,1,7,2
18011361,6,1,11,4,7
18011362,8,2,3,5,10
18011363,5,8,9,3,10
18011364,11,2,10,1,4
18011365,6,9,4,5,8
18011366,2,8,3,5,6
18011367,3,6,5,4,9
18011368,7,3,1,8,10
18011369,5,2,1,7,11
18011370,2,6,8,3,10
18011371,3,9,2,5,10
18011372,5,2,3,4,9
18011373,1,11,2,5,4
18011374,5,11,6,2,7
18011375,3,5,7,11,10
18011376,6,10,5,2,7
18011377,8,10,9,6,5
18011378,1,2,8,4,9
18011379,8,10,1,2,9
18011380,7,6,1,9,10
18011381,4,2,5,11,8
18011382,4,2,8,7,11
18011383,4,8,6,10,3
18011384,3,10,11,6,1
18011401,10,8,6,4,5
18011402,3,4,11,10,6
18011403,7,1,6,4,10
18011404,5,8,6,7,11
18011405,2,4,6,7,3
18011406,6,1,5,10,8
18011407,5,3,2,4,6
18011408,9,7,8,3,5
18011409,11,3,7,9,2
18011410,2,6,8,9,10
18011411,4,10,7,2,6
18011412,9,1,3,8,5
18011413,2,7,6,1,3
18011414,6,1,7,2,3
18011415,10,11,4,8,7
18011416,11,1,7,9,6
18011417,2,6,7,10,9
18011418,4,7,8,10,9
18011419,8,6,3,5,9
18011420,5,9,8,2,1
18011421,1,4,6,7,9
18011422,5,6,4,9,2
18011423,11,2,3,6,1
18011424,10,4,7,5,8
18011425,7,11,1,2,5
18011426,9,11,8,3,7
18011427,2,11,9,5,8
18011428,8,5,7,1,2
18011429,4,7,6,9,8
18011430,5,10,6,9,2
18011431,10,7,9,3,5
18011432,6,4,8,7,5
18011433,7,10,3,2,1
18011434,11,10,4,6,8
18011435,7,2,4,6,11
18011436,6,10,11,5,3
18011437,5,9,10,4,7
18011438,6,1,4,7,10
18011439,9,2,5,1,11
18011440,5,3,2,11,1
18011441,6,9,8,11,3
18011442,8,1,7,4,2
18011443,2,6,5,8,11
18011444,7,5,6,4,2
18011445,11,1,10,4,2
18011446,5,2,6,3,7
18011447,4,7,11,2,6
18011448,3,1,9,4,6
18011449,4,3,5,9,7
18011450,10,6,5,7,11
18011451,7,6,5,1,3
18011452,5,6,1,8,9
18011453,5,6,8,4,3
18011454,8,9,11,10,1
18011455,6,9,4,10,1
18011456,9,3,4,6,1
18011457,9,5,2,8,1
18011458,1,2,9,3,10
18011459,11,4,3,7,9
18011460,4,8,5,7,2
18011461,5,1,2,4,7
18011462,1,6,5,7,10
18011463,3,4,5,6,10
18011464,7,6,4,2,11
18011465,11,1,8,3,2
18011466,5,6,2,7,8
18011467,7,4,8,6,3
18011468,5,9,11,4,3
18011469,6,1,8,11,9
18011470,11,3,9,4,7
18011471,7,5,1,3,10
18011472,6,5,2,11,1
18011473,2,9,6,7,4
18011474,7,9,8,5,4
18011475,5,11,7,3,1
18011476,11,2,5,9,8
18011477,6,1,5,9,2
18011478,4,11,6,5,1
18011479,4,1,3,10,7
18011480,6,2,4,11,5
18011481,7,1,11,9,3
18011482,1,3,6,8,11
18011483,8,5,6,10,11
18011484,3,4,2,5,8
18011501,6,2,4,11,9
18011502,4,3,6,7,11
18011503,3,2,1,7,4
18011504,5,10,11,3,1
18011505,3,8,5,9,7
18011506,2,10,4,6,5
18011507,5,4,6,9,3
18011508,6,2,1,10,3
18011509,2,10,6,4,1
18011510,2,6,3,10,7
18011511,4,3,8,1,2
18011512,2,3,10,4,1
18011513,2,5,4,8,9
18011514,8,6,4,1,5
18011515,5,10,4,2,9
18011516,5,3,1,2,4
18011517,5,8,10,3,4
18011518,3,6,7,1,2
18011519,5,3,8,7,6
18011520,11,3,10,2,4
18011521,8,3,2,5,4
18011522,3,2,10,6,7
18011523,1,10,2,6,3
18011524,10,2,5,6,4
18011525,9,6,5,4,2
18011526,10,1,3,9,8
18011527,3,1,10,5,8
18011528,5,10,7,11,8
18011529,3,4,9,1,2
18011530,10,8,7,3,2
18011531,10,6,8,5,4
18011532,1,11,4,2,9
18011533,7,6,5,11,9
18011534,9,5,4,2,7
18011535,10,5,1,6,3
18011536,9,6,8,4,3
18011537,5,10,9,8,11
18011538,2,5,1,10,11
18011539,3,6,7,9,8
18011540,1,6,11,7,8
18011541,5,2,1,9,11
18011542,6,5,8,7,3
18011543,11,4,2,8,6
18011544,5,1,8,11,3
18011545,1,10,2,11,5
18011546,3,4,11,1,6
18011547,2,1,6,7,5
18011548,5,4,1,3,6
18011549,9,8,10,1,7
18011550,2,4,8,5,7
18011551,10,9,6,2,11
18011552,10,9,7,6,11
18011553,4,8,9,2,10
18011554,3,7,5,10,11
18011555,5,10,2,4,11
18011556,11,9,5,3,7
18011557,7,8,10,11,3
18011558,4,9,6,8,3
18011559,10,2,4,11,6
18011560,7,5,11,2,3
18011561,9,2,5,6,10
18011562,6,10,5,8,4
18011563,10,3,7,2,6
18011564,1,3,6,7,11
18011565,3,2,4,10,5
18011566,9,7,6,10,4
18011567,4,6,5,3,8
18011568,4,1,8,6,9
18011569,8,3,1,4,7
18011570,10,4,7,2,11
18011571,2,6,3,11,5
18011572,11,2,10,5,7
18011573,11,2,4,8,9
18011574,11,7,6,8,9
18011575,4,8,9,10,6
18011576,7,4,9,5,1
18011577,3,5,1,8,7
18011578,2,1,4,7,8
18011579,3,1,11,6,4
18011580,9,8,11,7,3
18011581,10,11,9,4,1
18011582,9,7,5,6,10
18011583,6,1,8,5,3
18011584,11,7,2,3,4
18011601,2,5,3,4,8
18011602,3,1,4,9,5
18011603,11,6,10,9,7
18011604,6,3,8,4,11
18011605,6,9,3,1,2
18011606,3,10,9,4,2
18011607,8,5,11,6,4
18011608,8,4,2,9,3
18011609,2,7,6,11,5
18011610,2,5,3,6,7
18011611,9,3,6,4,8
18011612,10,4,11,3,6
18011613,6,4,9,1,8
18011614,7,5,9,1,4
18011615,6,5,11,7,9
18011616,7,2,9,11,6
18011617,7,4,5,6,10
18011618,8,1,9,4,10
18011619,4,2,7,11,1
18011620,8,7,5,2,6
18011621,1,9,5,11,10
18011622,1,2,7,10,6
18011623,4,5,7,9,2
18011624,2,7,4,3,11
18011625,9,4,11,7,6
18011626,10,6,4,3,2
18011627,5,1,9,6,10
18011628,8,7,3,10,6
18011629,8,1,10,6,2
18011630,5,11,7,3,4
18011631,8,7,10,3,2
18011632,5,8,1,7,10
18011633,5,11,1,10,7
18011634,10,3,4,7,9
18011635,8,1,4,9,5
18011636,10,9,5,4,1
18011637,6,8,7,9,11
18011638,6,10,3,8,7
18011639,2,11,3,6,5
18011640,9,8,3,2,5
18011641,10,8,2,1,7
18011642,2,5,10,8,9
18011643,1,4,9,2,6
18011644,10,7,1,8,9
18011645,3,4,9,7,5
18011646,3,9,4,10,6
18011647,2,8,9,7,1
18011648,7,5,11,6,1
18011649,3,9,7,5,6
18011650,11,4,5,3,8
18011651,7,11,3,1,6
18011652,11,7,6,5,4
18011653,1,4,7,10,9
18011654,11,9,3,10,4
18011655,6,5,11,3,2
18011656,1,8,5,2,4
18011657,5,1,10,11,7
18011658,4,8,11,3,5
18011659,11,1,6,7,4
18011660,11,4,2,5,3
18011661,7,5,2,1,4
18011662,10,8,3,4,6
18011663,1,9,8,10,6
18011664,5,10,2,4,11
18011665,6,8,11,9,5
18011666,8,4,3,5,1
18011667,3,9,2,4,10
18011668,1,7,8,4,5
18011669,4,3,5,7,8
18011670,7,8,11,3,4
18011671,5,9,7,4,6
18011672,10,11,9,5,8
18011673,4,11,10,3,6
18011674,6,10,8,2,1
18011675,1,6,3,10,9
18011676,7,11,2,4,3
18011677,5,1,8,3,4
18011678,5,11,1,6,7
18011679,7,11,4,3,6
18011680,5,9,1,11,3
18011681,2,8,6,3,4
18011682,10,4,3,6,7
18011683,10,1,8,5,4
18011684,4,8,1,5,3
18011701,3,1,8,9,4
18011702,5,9,6,7,8
18011703,1,9,2,7,5
18011704,11,9,4,3,1
18011705,10,4,7,9,2
18011706,8,10,11,5,7
18011707,3,4,6,2,11
18011708,5,3,9,4,6
18011709,4,9,5,2,3
18011710,6,3,4,5,11
18011711,8,3,1,11,5
18011712,3,1,11,10,4
18011713,9,5,4,3,10
18011714,5,2,10,3,9
18011715,8,11,7,3,4
18011716,3,4,6,8,7
18011717,7,1,3,9,5
18011718,4,6,2,10,1
18011719,4,10,7,3,5
18011720,8,3,9,2,10
18011721,5,2,8,4,1
18011722,3,11,1,5,2
18011723,3,4,6,1,7
18011724,1,7,10,11,2
18011725,5,1,4,3,10
18011726,8,11,3,1,4
18011727,1,7,3,2,9
18011728,7,11,8,3,2
18011729,1,11,9,10,4
18011730,8,7,9,3,4
18011731,1,6,3,9,7
18011732,5,4,11,9,6
18011733,11,10,9,6,7
18011734,7,8,11,4,10
18011735,8,10,6,4,11
18011736,9,1,2,5,4
18011737,10,8,6,7,5
18011738,7,6,11,2,8
18011739,9,5,10,8,11
18011740,2,8,7,1,4
18011741,2,9,5,1,4
18011742,11,4,6,2,1
18011743,6,1,9,3,8
18011744,9,8,5,11,3
18011745,1,3,10,5,9
18011746,8,6,1,5,10
18011747,11,7,4,6,2
18011748,4,3,2,7,5
18011749,6,1,8,4,2
18011750,10,3,4,2,1
18011751,1,11,2,5,8
18011752,7,11,4,5,2
18011753,4,7,3,10,11
18011754,1,3,2,11,5
18011755,1,3,9,4,2
18011756,10,3,5,4,11
18011757,10,2,3,7,5
18011758,8,2,6,9,11
18011759,3,10,5,9,11
18011760,3,8,5,2,6
18011761,9,6,4,7,3
18011762,9,10,4,11,3
18011763,3,2,1,4,10
18011764,8,6,9,11,7
18011765,8,6,5,10,2
18011766,7,1,10,2,8
18011767,9,2,7,4,1
18011768,1,4,11,3,9
18011769,8,4,7,3,10
18011770,6,4,7,5,2
18011771,7,3,8,1,4
18011772,5,10,11,8,9
18011773,7,3,4,10,1
18011774,5,2,7,4,10
18011775,10,1,9,7,6
18011776,2,3,11,9,7
18011777,9,8,4,2,5
18011778,7,5,1,10,8
18011779,2,6,8,3,11
18011780,2,10,4,5,1
18011781,3,9,8,11,6
18011782,6,11,8,1,7
18011783,10,4,8,1,7
18011784,2,11,4,5,7
18011801,5,9,4,7,2
18011802,2,7,10,6,8
18011803,4,9,5,7,11
18011804,5,2,10,11,3
18011805,4,2,8,10,11
18011806,10,1,11,7,4
18011807,5,10,1,3,11
18011808,8,1,5,9,3
18011809,10,5,4,8,11
18011810,2,3,8,9,1
18011811,11,8,5,1,4
18011812,1,11,7,2,3
18011813,7,6,9,5,10
18011814,8,6,5,10,9
18011815,10,11,8,7,1
18011816,4,2,6,9,7
18011817,3,9,7,10,4
18011818,10,9,2,8,5
18011819,8,4,6,11,3
18011820,1,9,8,10,6
18011821,1,11,4,3,2
18011822,8,9,3,1,5
18011823,4,3,2,10,9
18011824,9,11,7,6,2
18011825,8,1,7,3,9
18011826,7,11,2,8,5
18011827,8,5,3,11,6
18011828,1,10,11,4,6
18011829,5,9,10,7,2
18011830,11,8,1,7,5
18011831,7,9,8,1,2
18011832,6,9,4,1,7
18011833,3,1,11,8,6
18011834,1,9,7,5,8
18011835,11,3,10,1,2
18011836,11,4,2,6,10
18011837,11,5,4,3,9
18011838,8,10,5,11,4
18011839,5,3,11,9,2
18011840,5,4,11,1,8
18011841,10,8,1,5,11
18011842,7,11,2,5,1
18011843,3,7,6,8,11
18011844,3,2,1,9,4
18011845,4,10,2,6,1
18011846,2,7,10,4,8
18011847,5,11,4,2,10
18011848,3,10,11,2,1
18011849,11,7,4,3,1
18011850,2,9,6,5,11
18011851,10,1,8,6,4
18011852,7,5,4,9,3
18011853,1,8,4,6,3
18011854,9,8,4,1,2
18011855,8,5,11,6,9
18011856,7,6,1,3,11
18011857,10,8,3,5,9
18011858,11,2,5,8,4
18011859,3,5,2,9,1
18011860,1,5,3,10,4
18011861,1,5,9,4,8
18011862,4,10,3,7,6
18011863,2,5,7,3,9
18011864,3,6,4,1,9
18011865,3,7,8,1,9
18011866,1,6,11,8,3
18011867,7,1,8,11,4
18011868,4,6,3,5,9
18011869,5,7,1,9,6
18011870,4,7,10,9,1
18011871,3,2,10,11,8
18011872,10,5,1,6,7
18011873,7,8,4,9,5
18011874,7,5,3,11,10
18011875,7,9,3,5,8
18011876,4,3,9,8,1
18011877,5,9,6,8,3
18011878,1,7,11,2,10
18011879,9,11,1,8,7
18011880,5,2,3,1,6
18011881,8,6,1,7,11
18011882,2,1,8,11,4
18011883,10,2,6,11,8
18011884,10,6,3,11,9
18011901,10,4,2,8,3
18011902,5,3,10,6,9
18011903,2,7,6,5,3
18011904,7,4,6,5,8
18011905,2,5,1,9,3
18011906,4,10,5,3,2
18011907,1,8,3,7,6
18011908,6,1,9,2,8
18011909,9,3,8,7,10
18011910,10,11,7,4,5
18011911,11,9,6,7,10
18011912,8,10,9,7,5
18011913,9,8,2,10,7
18011914,5,6,4,11,3
18011915,11,6,9,2,5
18011916,7,6,10,3,5
18011917,5,3,11,4,8
18011918,8,3,6,4,5
18011919,11,1,8,7,4
18011920,2,7,11,5,3
18011921,2,3,9,10,8
18011922,3,7,1,10,2
18011923,2,10,3,5,7
18011924,8,6,2,11,7
18011925,1,4,2,9,10
18011926,9,4,6,2,1
18011927,3,9,2,7,8
18011928,7,3,6,8,11
18011929,8,7,3,5,9
18011930,5,10,8,11,6
18011931,11,4,10,6,1
18011932,1,5,8,2,10
18011933,11,1,8,4,6
18011934,10,9,4,7,1
18011935,3,10,8,9,11
18011936,2,8,1,4,3
18011937,6,5,11,4,2
18011938,7,3,6,5,1
18011939,7,2,6,9,8
18011940,3,10,6,11,9
18011941,9,2,8,11,10
18011942,5,1,11,7,8
18011943,9,1,6,7,5
18011944,10,3,11,7,9
18011945,9,1,7,4,6
18011946,5,3,7,1,4
18011947,10,7,3,11,1
18011948,8,4,6,3,1
18011949,11,10,4,5,9
18011950,3,9,8,5,7
18011951,1,3,7,6,11
18011952,4,11,9,6,8
18011953,1,2,7,6,5
18011954,8,4,10,9,5
18011955,4,1,9,2,10
18011956,5,8,2,10,7
18011957,1,6,3,5,7
18011958,3,5,9,4,7
18011959,2,7,8,1,4
18011960,4,2,6,9,1
18011961,11,10,4,3,5
18011962,2,11,8,7,3
18011963,8,7,5,9,4
18011964,3,8,7,4,5
18011965,8,3,2,1,10
18011966,8,10,11,9,6
18011967,7,10,8,5,3
18011968,2,8,10,3,5
18011969,10,2,8,9,11
18011970,8,4,9,11,1
18011971,7,3,2,10,8
18011972,7,6,4,11,2
18011973,8,4,3,7,10
18011974,7,9,5,1,3
18011975,7,8,9,6,5
18011976,11,7,4,2,1
18011977,7,11,5,6,9
18011978,1,5,6,8,10
18011979,8,7,11,4,10
18011980,10,8,5,9,2
18011981,8,7,5,10,1
18011982,10,3,7,11,8
18011983,4,6,2,5,11
18011984,11,4,10,7,6
18012001,3,9,10,11,6
18012002,7,11,1,5,9
18012003,4,11,2,7,6
18012004,1,11,4,5,3
18012005,3,8,5,1,10
18012006,1,7,5,2,10
18012007,3,1,9,10,4
18012008,9,2,7,4,5
18012009,2,11,3,8,4
18012101,9,5,2,10,8
18012102,5,6,2,4,8
18012103,8,11,6,9,2
18012104,10,4,9,8,1
18012105,11,7,9,6,2
18012106,9,8,10,3,2
18012107,7,11,2,4,9
18012108,9,8,7,5,4
18012109,3,1,9,8,4
18012110,4,3,1,10,5
18012111,11,4,10,3,8
18012112,7,4,5,10,11
18012113,2,8,5,11,3
18012114,11,7,3,4,2
18012115,10,11,8,7,3
18012116,9,11,7,1,8
18012117,1,11,3,10,2
18012118,4,1,6,5,9
18012119,5,9,3,10,4
18012120,8,10,7,1,6
18012121,10,11,8,5,1
18012122,10,8,4,9,5
18012123,5,7,10,4,3
18012124,1,8,5,2,11
18012125,11,10,6,9,8
18012126,9,1,5,11,10
18012127,9,1,11,5,7
18012128,9,3,10,8,1
18012129,4,5,11,8,9
18012130,6,10,3,11,7
18012131,6,2,5,7,9
18012132,5,10,7,4,3
18012133,1,2,3,5,7
18012134,6,2,7,8,4
18012135,4,6,5,10,11
18012136,10,6,9,1,8
18012137,9,7,8,1,3
18012138,2,7,4,10,1
18012139,2,6,1,9,11
18012140,5,3,9,8,10
18012141,5,2,8,4,11
18012142,7,9,4,6,11
18012143,11,3,4,1,8
18012144,10,2,1,3,11
18012145,6,1,8,9,11
18012146,9,7,4,1,5
18012147,3,8,1,9,6
18012148,1,3,5,8,7
18012149,11,8,7,9,1
18012150,10,4,3,9,1
18012151,8,1,11,7,5
18012152,6,2,1,11,5
18012153,7,2,11,1,3
18012154,5,11,6,1,9
18012155,6,10,4,1,8
18012156,1,9,6,3,5
18012157,11,4,10,5,6
18012158,4,10,8,2,5
18012159,10,11,2,9,3
18012160,11,1,8,3,10
18012161,3,11,1,10,8
18012162,11,9,10,4,6
18012163,7,8,6,11,2
18012164,11,10,8,3,7
18012165,8,10,7,2,11
18012166,5,4,6,2,8
18012167,3,1,4,8,2
18012168,9,6,3,2,7
18012169,1,10,5,4,6
18012170,5,9,11,10,2
18012171,4,3,2,11,5
18012172,5,2,9,6,4
18012173,1,6,4,5,7
18012174,4,2,5,10,11
18012175,9,4,5,1,6
18012176,10,8,9,6,2
18012177,7,10,2,9,11
18012178,1,3,4,11,10
18012179,1,11,4,8,5
18012180,11,7,9,4,2
18012181,9,2,4,6,10
18012182,6,3,7,10,1
18012183,8,3,2,6,5
18012184,1,9,5,6,7
18012201,7,4,9,1,5
18012202,9,1,4,6,5
18012203,6,5,9,3,10
18012204,5,6,2,1,7
18012205,7,10,4,3,6
18012206,10,7,4,11,6
18012207,3,8,2,11,4
18012208,2,10,1,9,6
18012209,9,8,5,1,2
18012210,1,2,7,11,9
18012211,2,7,9,10,11
18012212,6,9,8,4,11
18012213,4,9,8,11,7
18012214,1,4,7,6,8
18012215,4,5,10,9,11
18012216,9,2,3,4,8
18012217,6,11,2,7,1
18012218,6,3,11,7,1
18012219,2,9,11,1,5
18012220,4,1,3,2,7
18012221,5,10,9,6,3
18012222,8,1,7,6,9
18012223,5,11,1,7,9
18012224,3,4,6,1,2
18012225,8,4,10,6,1
18012226,4,1,3,6,9
18012227,6,1,4,5,11
18012228,6,5,10,3,4
18012229,2,3,10,7,5
18012230,7,1,4,9,5
18012231,3,7,9,5,11
18012232,5,7,8,1,3
18012233,2,4,1,9,3
18012234,3,1,11,10,2
18012235,11,2,3,7,5
18012236,10,6,5,11,9
18012237,2,1,9,6,8
18012238,6,10,2,5,11
18012239,4,6,3,7,10
18012240,10,3,8,9,7
18012241,9,8,7,6,2
18012242,6,3,1,9,11
18012243,3,1,11,10,5
18012244,9,6,7,3,10
18012245,7,3,9,8,2
18012246,8,6,9,3,7
18012247,4,2,9,10,6
18012248,7,11,10,8,5
18012249,3,2,8,11,5
18012250,8,1,2,5,10
18012251,11,2,7,10,5
18012252,11,4,5,3,1
18012253,1,8,6,9,10
18012254,1,9,8,11,7
18012255,2,8,6,9,1
18012256,1,5,8,10,4
18012257,5,8,1,7,10
18012258,1,3,6,8,5
18012259,7,3,9,1,2
18012260,1,7,11,3,10
18012261,7,9,4,10,2
18012262,9,11,8,1,3
18012263,2,6,8,9,4
18012264,2,4,1,8,9
18012265,5,4,6,3,1
18012266,8,10,3,9,11
18012267,11,10,4,6,7
18012268,9,2,5,3,10
18012269,10,7,4,8,1
18012270,1,7,2,5,8
18012271,10,5,8,4,6
18012272,1,6,9,2,8
18012273,2,10,7,3,11
18012274,6,9,8,4,10
18012275,3,8,10,9,2
18012276,3,10,2,11,7
18012277,6,7,3,5,2
18012278,10,11,7,8,9
18012279,7,11,10,3,5
18012280,3,8,10,1,9
18012281,1,3,7,8,9
18012282,7,1,8,4,5
18012283,5,3,6,2,9
18012284,8,1,3,7,2
18012301,1,9,7,11,4
18012302,7,10,8,4,5
18012303,4,1,7,2,10
18012304,6,10,1,4,3
18012305,6,10,4,9,5
18012306,8,7,5,3,2
18012307,2,5,3,9,8
18012308,1,7,5,10,4
18012309,3,10,2,11,5
18012310,5,11,10,1,9
18012311,10,8,6,5,11
18012312,8,1,11,6,2
18012313,2,5,1,9,3
18012314,7,11,5,1,6
18012315,9,7,2,3,10
18012316,4,8,5,1,3
18012317,10,7,8,9,1
18012318,6,1,8,2,7
18012319,10,8,7,6,5
18012320,11,5,2,3,8
18012321,1,3,2,5,4
18012322,4,1,8,10,11
18012323,2,10,3,6,1
18012324,10,6,8,4,1
18012325,5,4,6,10,11
18012326,11,9,6,3,2
18012327,11,8,2,7,6
18012328,7,3,2,9,8
18012329,5,9,7,6,3
18012330,4,8,3,5,10
18012331,10,6,9,7,3
18012332,8,2,9,4,3
18012333,1,4,7,11,3
18012334,8,9,2,4,7
18012335,8,2,1,9,7
18012336,1,10,5,7,4
18012337,11,3,10,8,4
18012338,4,7,11,5,10
18012339,10,4,11,2,5
18012340,1,8,6,2,3
18012341,8,3,7,2,5
18012342,4,5,9,11,7
18012343,4,2,8,11,3
18012344,8,5,7,3,10
18012345,4,8,1,2,3
18012346,9,6,3,1,7
18012347,2,3,8,5,9
18012348,1,10,2,5,4
18012349,6,3,5,11,8
18012350,4,5,2,7,9
18012351,1,7,2,3,6
18012352,1,6,2,9,3
18012353,1,5,9,7,4
18012354,4,8,5,11,9
18012355,2,7,4,1,10
18012356,3,11,5,10,4
18012357,8,9,6,7,5
18012358,3,1,6,8,2
18012359,6,9,10,4,1
18012360,3,5,1,10,9
18012361,10,5,3,11,7
18012362,1,9,4,2,8
18012363,1,8,5,7,9
18012364,1,3,10,6,4
18012365,4,1,9,2,10
18012366,7,11,4,1,6
18012367,9,4,7,2,5
18012368,7,5,2,10,4
18012369,3,5,7,1,9
18012370,6,5,11,10,7
18012371,5,7,2,9,6
18012372,7,8,1,4,11
18012373,3,8,1,9,11
18012374,4,6,5,9,3
18012375,2,6,10,11,1
18012376,1,8,2,7,5
18012377,9,4,8,3,6
18012378,7,10,8,11,5
18012379,9,8,1,6,3
18012380,11,3,2,10,7
18012381,9,6,11,8,1
18012382,9,6,2,7,5
18012383,8,4,11,1,6
18012384,2,5,9,6,11
18012401,3,9,8,4,1
18012402,6,10,8,2,9
18012403,8,3,4,5,6
18012404,9,10,8,5,4
18012405,1,8,10,11,3
18012406,9,1,8,4,3
18012407,6,10,11,1,5
18012408,5,6,1,4,7
18012409,4,10,2,7,11
18012410,6,5,9,4,1
18012411,4,2,7,3,8
18012412,3,2,1,7,4
18012413,11,7,2,5,1
18012414,4,10,3,9,11
18012415,1,8,6,4,11
18012416,5,10,7,1,3
18012417,2,9,1,11,10
18012418,8,10,4,6,9
18012419,7,1,8,10,9
18012420,6,2,4,3,5
18012421,5,2,6,1,11
18012422,3,4,7,5,6
18012423,1,5,4,8,9
18012424,3,1,8,9,11
18012425,7,10,4,1,6
18012426,11,7,3,8,4
18012427,2,8,4,6,5
18012428,11,1,2,8,3
18012429,9,7,1,10,2
18012430,9,10,7,2,4
18012431,5,4,10,8,1
18012432,7,10,9,11,5
18012433,4,1,5,11,3
18012434,5,10,1,4,2
18012435,9,3,11,7,8
18012436,4,2,10,9,6
18012437,9,1,10,8,3
18012438,5,10,6,3,4
18012439,4,7,11,5,6
18012440,11,5,4,8,6
18012441,3,2,4,8,7
18012442,11,5,2,8,9
18012443,8,2,11,5,6
18012444,7,9,1,10,5
18012445,1,6,4,5,10
18012446,3,6,5,8,4
18012447,9,1,4,2,6
18012448,2,3,10,4,6
18012449,11,8,3,7,1
18012450,5,9,4,2,8
18012451,1,6,5,9,11
18012452,8,11,6,5,10
18012453,7,6,3,11,5
18012454,6,4,5,9,11
18012455,9,10,6,5,2
18012456,1,6,2,9,8
18012457,5,11,10,6,2
18012458,11,10,3,5,7
18012459,5,9,1,11,8
18012460,7,8,10,2,1
18012461,11,3,1,5,7
18012462,5,8,4,1,7
18012463,3,2,1,6,7
18012464,1,11,7,5,3
18012465,4,3,10,6,7
18012466,10,7,6,3,1
18012467,7,2,3,11,6
18012468,9,5,11,3,1
18012469,7,10,8,5,3
18012470,4,2,6,10,3
18012471,5,11,10,7,2
18012472,3,2,5,6,10
18012473,11,9,3,8,2
18012474,10,1,9,5,7
18012475,2,3,10,4,1
18012476,4,9,8,10,7
18012477,10,2,5,6,3
18012478,5,2,11,8,6
18012479,1,4,8,6,10
18012480,4,3,11,1,9
18012481,11,7,4,2,5
18012482,11,6,2,10,9
18012483,4,1,9,11,5
18012484,8,5,1,2,11
18012501,9,7,5,4,3
18012502,9,5,10,4,3
18012503,3,6,4,7,5
18012504,10,11,1,5,3
18012505,6,10,4,1,2
18012506,2,5,10,11,7
18012507,9,2,3,7,1
18012508,11,7,8,9,4
18012509,4,10,8,7,6
18012510,10,1,3,5,2
18012511,5,8,11,6,4
18012512,6,4,8,11,3
18012513,7,9,11,4,6
18012514,4,2,5,1,9
18012515,3,6,7,2,8
18012516,10,9,4,11,3
18012517,1,8,9,5,2
18012518,6,11,1,4,3
18012519,6,4,10,7,9
18012520,8,9,7,1,3
18012521,9,11,3,5,4
18012522,1,5,3,7,6
18012523,10,1,6,11,5
18012524,9,2,1,7,4
18012525,1,5,10,4,9
18012526,8,1,2,5,6
18012527,5,9,7,3,8
18012528,7,8,9,11,1
18012529,8,4,2,3,6
18012530,10,5,2,6,1
18012531,4,3,2,10,9
18012532,4,1,5,8,9
18012533,8,1,4,5,6
18012534,3,6,10,7,4
18012535,5,7,6,3,2
18012536,3,8,9,7,10
18012537,11,8,6,3,5
18012538,11,5,8,9,2
18012539,3,11,6,8,1
18012540,10,1,6,4,8
18012541,11,2,7,8,4
18012542,5,10,7,6,2
18012543,6,7,3,1,9
18012544,9,1,2,7,11
18012545,4,5,7,1,10
18012546,2,7,3,9,10
18012547,1,4,10,2,6
18012548,2,9,3,11,4
18012549,9,3,11,2,6
18012550,4,3,9,2,10
18012551,7,11,2,6,5
18012552,9,10,2,11,1
18012553,6,11,2,10,4
18012554,10,7,4,1,8
18012555,6,9,5,8,7
18012556,4,10,11,2,6
18012557,8,2,1,11,6
18012558,5,6,8,7,3
18012559,7,8,6,11,1
18012560,8,4,6,11,2
18012561,7,2,9,5,6
18012562,3,7,6,2,11
18012563,5,7,8,4,10
18012564,5,7,11,2,4
18012565,4,7,8,6,10
18012566,6,3,11,2,7
18012567,4,11,2,6,5
18012568,6,1,4,7,2
18012569,9,6,8,3,4
18012570,5,6,9,4,1
18012571,8,3,1,4,7
18012572,1,7,2,8,6
18012573,1,2,10,9,7
18012574,7,9,2,5,8
18012575,5,1,6,11,4
18012576,4,2,3,10,11
18012577,7,5,2,10,9
18012578,5,2,11,8,10
18012579,10,7,4,9,5
18012580,6,1,5,8,2
18012581,5,2,3,6,10
18012582,2,10,9,7,11
18012583,8,7,3,6,5
18012584,7,9,4,6,10
18012601,6,10,4,5,9
18012602,3,7,11,5,8
18012603,2,4,10,5,3
18012604,2,11,1,8,7
18012605,11,1,10,4,2
18012606,7,6,9,1,3
18012607,10,1,9,4,7
18012608,2,6,8,3,10
18012609,5,10,1,9,4
18012610,6,7,1,8,9
18012611,7,8,4,11,5
18012612,8,4,9,2,10
18012613,3,6,8,10,1
18012614,7,8,5,1,2
18012615,3,4,9,2,5
18012616,6,2,4,10,1
18012617,8,3,1,10,2
18012618,9,2,8,3,5
18012619,4,8,7,5,11
18012620,7,5,3,11,8
18012621,10,11,8,6,9
18012622,3,6,11,1,5
18012623,5,3,4,8,10
18012624,4,5,2,6,7
18012625,3,4,1,7,8
18012626,5,9,4,7,3
18012627,9,8,10,7,3
18012628,2,11,5,4,6
18012629,4,2,8,5,11
18012630,3,1,4,11,2
18012631,8,7,10,5,11
18012632,11,1,6,9,5
18012633,10,9,7,5,11
18012634,7,11,4,9,3
18012635,1,3,2,11,10
18012636,11,2,3,4,5
18012637,8,2,5,9,1
18012638,6,5,4,9,8
18012639,10,2,9,7,3
18012640,7,3,8,9,6
18012641,7,2,11,3,5
18012642,3,11,8,5,6
18012643,1,3,9,4,5
18012644,9,4,2,6,3
18012645,3,1,11,9,8
18012646,2,10,6,1,3
18012647,9,6,11,3,4
18012648,9,4,11,5,2
18012649,4,9,3,7,10
18012650,2,3,4,6,9
18012651,2,4,7,8,10
18012652,5,2,11,8,9
18012653,4,6,10,1,9
18012654,6,8,1,11,9
18012655,8,3,4,9,6
18012656,1,9,6,11,3
18012657,1,10,2,7,4
18012658,3,2,11,7,9
18012659,1,11,5,7,2
18012660,1,10,11,5,3
18012661,5,6,9,4,11
18012662,3,7,8,1,10
18012663,1,9,4,6,10
18012664,6,2,8,11,9
18012665,3,6,10,1,4
18012666,9,5,4,1,7
18012667,11,10,6,2,5
18012668,5,4,7,6,3
18012669,9,2,3,5,11
18012670,11,7,10,9,1
18012671,9,1,4,2,11
18012672,2,10,5,1,8
18012673,1,11,9,5,4
18012674,5,6,10,2,11
18012675,8,7,11,5,6
18012676,3,6,11,10,7
18012677,7,1,4,11,9
18012678,8,4,9,10,2
18012679,11,1,7,8,5
18012680,7,2,8,10,6
18012681,1,10,7,9,6
18012682,6,2,11,3,8
18012683,5,8,3,11,9
18012684,1,5,8,9,3
18012701,2,8,10,11,3
18012702,3,4,10,6,2
18012703,10,1,9,5,4
18012704,7,6,1,5,11
18012705,6,3,5,9,1
18012706,8,9,4,5,10
18012707,1,2,9,3,4
18012708,6,8,4,5,2
18012709,10,11,1,5,4
18012710,7,2,6,3,4
18012711,10,11,7,3,2
18012712,8,4,7,1,5
18012713,11,6,5,2,9
18012714,9,1,8,7,2
18012715,7,4,1,2,8
18012716,10,8,3,6,4
18012717,5,8,1,11,4
18012718,5,2,11,9,3
18012719,5,4,8,2,10
18012720,3,9,8,10,6
18012721,4,8,1,11,10
18012722,10,8,9,3,11
18012723,11,5,7,3,1
18012724,8,1,10,5,6
18012725,8,6,9,2,3
18012726,2,7,1,3,6
18012727,3,7,10,11,6
18012728,7,1,5,4,6
18012729,6,10,1,4,5
18012730,9,3,2,11,8
18012731,5,2,10,11,7
18012732,11,6,1,5,10
18012733,4,9,11,2,5
18012734,3,7,6,4,1
18012735,10,7,5,8,9
18012736,8,5,7,1,6
18012737,5,7,3,6,11
18012738,11,4,1,6,3
18012739,7,1,5,8,2
18012740,3,7,11,1,8
18012741,10,4,3,5,7
18012742,7,2,4,10,3
18012743,6,1,5,10,9
18012744,3,6,1,9,4
18012745,4,7,5,1,9
18012746,2,5,10,8,7
18012747,2,6,4,3,5
18012748,2,5,7,10,9
18012749,11,9,8,1,4
18012750,9,1,10,5,7
18012751,3,11,8,5,10
18012752,5,7,3,10,1
18012753,5,2,11,4,10
18012754,7,4,5,10,3
18012755,2,4,7,9,5
18012756,3,5,2,7,10
18012757,2,1,4,9,10
18012758,2,11,10,6,1
18012759,2,7,3,8,1
18012760,7,11,4,8,1
18012761,9,5,10,4,3
18012762,11,1,6,7,3
18012763,6,10,9,11,2
18012764,11,2,10,6,7
18012765,11,4,1,3,9
18012766,4,9,10,3,2
18012767,4,5,10,2,3
18012768,11,7,2,9,3
18012769,11,1,6,2,10
18012770,3,8,10,7,6
18012771,11,8,5,9,4
18012772,5,8,2,10,4
18012773,6,8,5,2,1
18012774,6,7,8,11,2
18012775,8,3,6,2,11
18012776,1,11,4,3,5
18012777,5,3,1,4,6
18012778,8,10,1,9,3
18012779,1,4,11,2,5
18012780,2,5,9,3,6
18012781,10,8,5,4,9
18012782,9,6,7,5,1
18012783,5,1,7,10,11
18012784,5,1,8,3,11
18012801,7,2,11,8,10
18012802,3,8,1,7,5
18012803,9,5,7,11,1
18012804,11,9,6,7,4
18012805,3,11,6,2,7
18012806,4,8,9,1,11
18012807,4,1,2,11,9
18012808,3,5,9,8,11
18012809,5,10,2,11,4
18012810,1,5,3,10,11
18012811,11,4,9,10,7
18012812,10,6,8,5,11
18012813,7,4,2,3,10
18012814,10,7,2,9,4
18012815,10,1,2,4,7
18012816,11,3,4,5,6
18012817,3,9,1,5,2
18012818,9,10,7,2,5
18012819,4,11,7,3,8
18012820,5,4,6,2,3
18012821,6,9,5,11,3
18012822,10,1,2,5,6
18012823,5,9,3,10,4
18012824,9,7,2,5,1
18012825,7,10,3,6,8
18012826,9,10,3,8,11
18012827,9,2,8,11,10
18012828,7,1,3,2,9
18012829,1,8,2,7,5
18012830,3,6,2,11,5
18012831,3,2,1,4,11
18012832,7,11,6,9,1
18012833,5,9,6,3,4
18012834,7,4,8,6,5
18012835,2,3,5,10,7
18012836,7,10,9,8,2
18012837,11,9,3,1,2
18012838,8,1,7,6,11
18012839,2,5,7,10,11
18012840,9,1,11,10,8
18012841,4,1,2,3,9
18012842,5,4,1,6,10
18012843,5,10,1,7,6
18012844,8,11,1,3,9
18012845,4,1,11,7,9
18012846,9,7,1,5,6
18012847,6,1,8,7,11
18012848,1,4,7,9,8
18012849,3,7,2,6,8
18012850,2,5,10,8,3
18012851,10,9,2,8,3
18012852,9,6,4,7,3
18012853,7,5,8,9,2
18012854,1,8,4,6,3
18012855,3,7,1,11,9
18012856,8,10,2,3,4
18012857,6,8,4,3,5
18012858,7,10,5,9,2
18012859,11,9,1,10,8
18012860,8,11,7,9,10
18012861,1,4,6,8,2
18012862,6,7,11,2,1
18012863,9,8,4,5,10
18012864,5,6,4,7,10
18012865,10,1,5,9,11
18012866,5,1,9,7,3
18012867,3,7,10,9,5
18012868,8,11,10,3,6
18012869,11,6,4,10,5
18012870,6,3,5,4,11
18012871,2,8,9,1,4
18012872,3,7,4,10,9
18012873,6,1,2,9,10
18012874,8,1,3,6,5
18012875,4,7,2,10,9
18012876,7,4,8,3,2
18012877,1,3,11,4,6
18012878,1,9,4,3,10
18012879,7,8,6,3,5
18012880,5,6,4,9,1
18012881,10,5,11,3,9
18012882,11,2,9,10,4
18012883,10,8,2,1,5
18012884,11,3,5,2,7
18012901,4,7,5,10,2
18012902,4,2,5,10,1
18012903,9,4,10,11,3
18012904,6,1,4,3,5
18012905,8,3,1,11,6
18012906,5,9,10,1,2
18012907,9,7,4,1,3
18012908,10,11,6,8,4
18012909,5,1,4,9,2
18012910,2,6,8,4,1
18012911,8,4,2,10,11
18012912,10,5,1,9,2
18012913,5,9,1,10,6
18012914,5,11,6,10,8
18012915,5,8,4,1,3
18012916,4,3,5,10,8
18012917,11,5,6,7,4
18012918,7,8,5,1,3
18012919,8,6,5,10,2
18012920,1,9,5,7,2
18012921,7,6,9,1,8
18012922,4,1,5,9,10
18012923,8,4,9,5,3
18012924,1,10,3,6,7
18012925,7,1,10,5,8
18012926,3,11,8,2,5
18012927,8,7,3,4,10
18012928,11,2,10,9,8
18012929,1,6,2,7,10
18012930,6,1,11,4,8
18012931,6,1,3,8,11
18012932,4,7,8,9,3
18012933,2,7,11,10,9
18012934,6,2,1,10,4
18012935,9,3,8,2,4
18012936,4,2,5,3,9
18012937,5,9,6,3,7
18012938,7,8,10,11,2
18012939,4,6,9,1,2
18012940,7,11,5,10,9
18012941,1,8,2,7,9
18012942,10,6,5,2,7
18012943,1,5,3,8,4
18012944,9,5,3,2,6
18012945,3,8,1,7,5
18012946,1,11,7,6,8
18012947,11,10,2,9,4
18012948,4,9,11,7,1
18012949,3,6,4,2,8
18012950,8,9,4,5,11
18012951,7,10,2,5,9
18012952,4,3,6,1,10
18012953,1,3,5,8,6
18012954,9,10,8,1,7
18012955,6,1,5,10,7
18012956,11,8,1,5,7
18012957,9,4,11,10,6
18012958,2,4,9,1,10
18012959,7,6,5,3,2
18012960,2,6,11,10,7
18012961,10,6,5,9,2
18012962,1,7,8,4,11
18012963,7,8,3,1,2
18012964,3,5,8,11,10
18012965,8,4,7,5,11
18012966,6,9,10,1,7
18012967,10,4,8,2,1
18012968,7,5,1,11,3
18012969,11,6,9,8,2
18012970,8,1,4,9,6
18012971,9,7,5,6,4
18012972,2,4,6,7,11
18012973,6,5,11,10,9
18012974,3,1,2,4,10
18012975,1,2,5,7,9
18012976,4,11,1,7,5
18012977,9,2,6,11,4
18012978,5,10,11,8,3
18012979,11,4,2,10,3
18012980,10,5,11,3,1
18012981,11,9,3,6,8
18012982,3,2,7,6,4
18012983,5,9,6,11,7
18012984,7,6,5,10,1
18013001,5,8,1,4,9
18013002,6,8,1,11,2
18013003,1,11,2,6,8
18013004,9,1,10,6,4
18013005,7,8,11,6,1
18013006,5,1,7,2,6
18013007,9,2,3,5,6
18013008,6,1,8,3,7
18013009,4,1,5,11,10
18013010,10,5,8,4,9
18013011,5,9,1,10,8
18013012,10,11,2,7,1
18013013,8,6,5,10,1
18013014,2,11,3,5,6
18013015,6,2,7,10,1
18013016,7,3,4,6,9
18013017,8,4,11,7,10
18013018,9,11,1,2,6
18013019,9,7,6,1,5
18013020,1,5,10,7,6
18013021,11,6,8,9,1
18013022,4,7,11,2,6
18013023,3,5,11,10,9
18013024,1,8,11,4,3
18013025,6,5,2,3,10
18013026,5,3,9,1,4
18013027,5,10,11,1,9
18013028,3,5,6,2,10
18013029,6,5,9,10,2
18013030,3,11,4,8,2
18013031,4,9,10,7,3
18013032,5,8,7,4,6
18013033,6,5,9,11,7
18013034,6,10,8,7,2
18013035,1,8,6,4,11
18013036,5,7,8,9,2
18013037,5,4,11,3,6
18013038,11,1,3,6,10
18013039,4,5,10,2,3
18013040,5,7,3,6,10
18013041,3,5,2,11,8
18013042,11,9,2,5,7
18013043,6,3,7,9,2
18013044,9,8,2,10,4
18013045,5,1,4,3,10
18013046,9,7,10,6,8
18013047,4,5,6,8,11
18013048,8,3,7,5,2
18013049,11,4,1,3,7
18013050,11,10,9,5,3
18013051,11,2,6,5,9
18013052,9,3,5,7,6
18013053,10,11,1,3,6
18013054,7,5,9,6,1
18013055,10,9,8,7,11
18013056,9,11,7,5,2
18013057,2,6,4,5,3
18013058,10,6,2,8,3
18013059,4,5,8,1,6
18013060,3,7,10,11,8
18013061,1,4,7,3,8
18013062,2,6,3,8,9
18013063,7,3,10,6,11
18013064,5,9,10,2,7
18013065,4,5,1,8,3
18013066,11,3,2,9,4
18013067,2,6,10,8,11
18013068,1,3,9,5,6
18013069,10,3,4,5,1
18013070,7,5,4,8,1
18013071,10,9,5,1,7
18013072,7,4,3,9,10
18013073,3,7,8,4,1
18013074,5,9,2,4,10
18013075,11,2,8,1,6
18013076,8,5,4,6,2
18013077,1,7,4,5,8
18013078,3,4,8,1,11
18013079,7,11,6,3,10
18013080,10,6,4,11,3
18013081,8,5,4,1,2
18013082,2,11,3,1,9
18013083,6,11,3,4,8
18013084,4,6,10,9,7
18013101,5,1,7,3,9
18013102,5,6,1,8,7
18013103,3,2,1,11,9
18013104,10,1,8,9,11
18013105,5,4,10,7,8
18013106,1,3,6,2,7
18013107,3,9,5,4,6
18013108,11,3,9,5,8
18013109,8,11,5,3,10
18013110,10,3,8,2,9
18013111,2,4,7,8,11
18013112,11,3,1,8,5
18013113,1,4,8,10,5
18013114,11,1,10,6,4
18013115,11,2,1,9,4
18013116,10,3,5,7,9
18013117,4,10,7,3,9
18013118,7,11,10,9,4
18013119,10,7,11,1,8
18013120,3,1,10,2,5
18013121,8,10,2,9,11
18013122,2,1,5,9,8
18013123,4,6,10,11,2
18013124,10,9,2,5,8
18013125,2,11,10,1,7
18013126,3,6,2,1,8
18013127,4,9,10,2,5
18013128,9,3,6,1,8
18013129,10,4,6,5,2
18013130,10,9,11,1,2
18013131,4,3,7,11,10
18013132,1,2,10,5,9
18013133,7,5,1,11,3
18013134,5,9,11,2,10
18013135,6,10,7,8,2
18013136,8,9,4,2,5
18013137,2,11,3,7,8
18013138,4,1,10,8,5
18013139,3,5,11,2,6
18013140,7,6,8,1,11
18013141,9,7,6,11,10
18013142,10,6,8,4,5
18013143,8,2,7,5,1
18013144,11,4,5,6,10
18013145,2,1,11,5,7
18013146,1,11,8,7,3
18013147,3,5,8,6,9
18013148,1,9,2,3,11
18013149,5,11,6,4,2
18013150,3,2,9,8,5
18013151,11,6,4,7,5
18013152,3,1,10,7,2
18013153,11,10,5,8,4
18013154,2,8,4,1,7
18013155,7,11,8,9,2
18013156,4,11,10,2,7
18013157,4,11,8,1,3
18013158,10,8,4,9,5
18013159,1,7,11,9,5
18013160,6,2,10,4,7
18013161,11,10,3,9,4
18013162,1,3,11,6,9
18013163,10,7,1,8,11
18013164,1,7,3,2,11
18013165,11,10,2,7,6
18013166,5,1,11,9,8
18013167,5,1,2,11,6
18013168,10,1,3,4,2
18013169,1,11,4,6,3
18013170,1,8,7,5,9
18013171,9,8,4,5,7
18013172,9,5,4,6,7
18013173,5,1,11,2,9
18013174,2,11,4,8,6
18013175,9,6,3,7,11
18013176,7,9,2,3,4
18013177,5,6,3,8,4
18013178,2,6,8,1,3
18013179,10,1,9,4,5
18013180,5,6,1,8,3
18013181,10,4,3,2,8
18013182,7,1,8,3,11
18013183,4,5,6,10,1
18013184,4,5,9,1,11
