18120101,5,7,2,3,10
18120102,8,4,6,11,7
18120103,4,9,8,3,2
18120104,8,4,1,11,9
18120105,11,3,1,8,5
18120106,7,5,4,3,6
18120107,7,8,1,4,3
18120108,8,9,5,1,11
18120109,4,11,9,6,3
18120110,4,10,1,7,8
18120111,2,7,10,9,3
18120112,8,9,10,6,3
18120113,1,7,5,2,10
18120114,7,8,1,6,5
18120115,1,8,11,2,10
18120116,2,11,8,4,6
18120117,10,8,4,7,1
18120118,7,6,9,10,5
18120119,6,3,9,2,5
18120120,8,5,3,1,7
18120121,2,9,1,5,7
18120122,1,6,3,8,9
18120123,8,7,11,5,4
18120124,8,6,10,5,4
18120125,10,3,2,9,7
18120126,10,3,5,2,7
18120127,11,3,10,9,5
18120128,4,3,5,11,9
18120129,6,7,8,4,3
18120130,1,9,8,2,6
18120131,3,4,11,1,8
18120132,11,1,7,4,3
18120133,11,6,3,5,10
18120134,3,10,4,1,8
18120135,4,8,3,5,1
18120136,6,2,8,9,11
18120137,11,1,2,10,3
18120138,4,3,1,8,2
18120139,3,6,9,4,5
18120140,2,11,8,3,10
18120141,2,6,5,7,10
18120142,1,6,2,5,11
18120143,10,7,9,2,1
18120144,6,11,2,8,5
18120145,2,5,10,6,3
18120146,11,7,6,8,4
18120147,4,8,5,11,7
18120148,8,4,10,2,6
18120149,6,8,11,4,1
18120150,6,7,2,9,11
18120151,10,11,1,3,5
18120152,4,5,10,3,7
18120153,10,7,1,6,3
18120154,10,8,11,6,5
18120155,7,6,1,5,4
18120156,8,5,10,1,11
18120157,2,4,6,1,7
18120158,11,3,2,9,7
18120159,1,6,11,9,4
18120160,9,7,1,8,5
18120161,4,2,5,3,9
18120162,8,9,11,6,3
18120163,11,9,7,2,4
18120164,6,10,2,8,7
18120165,6,11,5,2,4
18120166,6,3,8,9,10
18120167,5,9,7,2,8
18120168,6,1,3,5,8
18120169,11,10,5,4,1
18120170,7,1,4,11,2
18120171,6,8,1,5,2
18120172,3,8,9,5,4
18120173,2,3,9,5,1
18120174,3,4,7,2,10
18120175,4,9,5,8,7
18120176,1,10,4,9,3
18120177,8,5,2,11,1
18120178,4,7,1,6,5
18120179,4,10,1,9,8
18120180,11,10,7,1,4
18120181,9,3,5,11,10
18120182,8,6,11,3,7
18120183,1,7,9,5,6
18120184,6,11,5,8,9
18120201,7,1,5,6,4
18120202,5,3,4,11,9
18120203,8,6,9,1,4
18120204,3,1,9,8,6
18120205,1,3,8,7,2
18120206,6,9,2,1,10
18120207,2,9,7,11,5
18120208,3,1,9,4,2
18120209,3,10,2,6,1
18120210,4,11,7,2,5
18120211,5,7,10,3,6
18120212,6,9,10,8,4
18120213,2,1,10,3,11
18120214,11,8,2,5,1
18120215,11,6,9,2,7
18120216,4,11,2,3,5
18120217,6,3,8,9,5
18120218,2,11,6,7,10
18120219,1,10,2,9,5
18120220,8,4,10,11,2
18120221,10,1,5,8,11
18120222,1,4,3,9,8
18120223,4,3,11,1,9
18120224,9,5,3,4,11
18120225,11,1,7,2,4
18120226,3,11,7,5,2
18120227,9,4,6,1,10
18120228,1,8,3,2,6
18120229,8,1,4,9,6
18120230,10,5,11,2,7
18120231,1,7,8,2,4
18120232,3,11,8,10,6
18120233,9,4,6,5,11
18120234,1,11,3,4,9
18120235,11,3,4,10,7
18120236,11,2,10,4,5
18120237,4,1,7,11,2
18120238,6,2,10,8,3
18120239,4,6,10,8,2
18120240,1,9,7,11,2
18120241,1,11,2,10,6
18120242,11,2,7,8,1
18120243,6,2,10,11,7
18120244,5,7,9,6,8
18120245,7,4,9,5,8
18120246,8,10,1,6,5
18120247,7,10,4,1,11
18120248,8,2,6,1,7
18120249,3,2,10,9,7
18120250,3,2,10,1,8
18120251,4,1,7,5,9
18120252,2,3,5,7,9
18120253,10,6,7,8,11
18120254,5,11,6,1,9
18120255,8,1,7,4,5
18120256,4,6,11,2,8
18120257,10,7,11,3,9
18120258,1,4,2,3,9
18120259,2,3,4,7,1
18120260,8,3,6,11,9
18120261,5,10,6,7,1
18120262,10,6,3,7,9
18120263,3,4,5,11,6
18120264,6,11,2,5,4
18120265,8,5,7,10,4
18120266,3,10,2,1,5
18120267,4,8,3,5,9
18120268,8,4,9,1,2
18120269,4,6,3,5,11
18120270,10,9,11,3,1
18120271,6,10,5,4,1
18120272,9,4,1,2,5
18120273,7,11,4,10,5
18120274,2,5,1,8,6
18120275,11,10,9,2,3
18120276,5,7,4,3,2
18120277,11,6,10,4,3
18120278,7,8,11,9,6
18120279,7,5,11,6,8
18120280,9,11,2,8,10
18120281,5,11,4,6,10
18120282,2,6,3,8,4
18120283,3,7,10,11,1
18120284,10,5,3,2,7
18120301,11,6,7,3,1
18120302,10,11,4,9,7
18120303,6,8,4,2,7
18120304,11,3,5,8,4
18120305,7,1,10,4,2
18120306,10,1,4,8,5
18120307,4,10,5,11,1
18120308,5,3,2,6,9
18120309,8,4,5,10,1
18120310,5,4,8,2,6
18120311,1,3,8,6,4
18120312,8,10,5,9,6
18120313,8,11,1,6,9
18120314,6,1,3,10,2
18120315,10,7,2,5,4
18120316,6,10,3,5,4
18120317,3,8,6,7,1
18120318,2,4,3,8,5
18120319,1,11,7,9,6
18120320,9,7,4,11,1
18120321,3,1,5,4,11
18120322,10,6,4,2,7
18120323,10,4,1,6,5
18120324,3,7,9,1,10
18120325,7,6,8,11,4
18120326,9,1,7,2,11
18120327,8,3,9,5,7
18120328,4,5,7,8,9
18120329,8,10,11,6,5
18120330,8,1,5,10,9
18120331,7,8,3,9,10
18120332,6,5,10,8,3
18120333,4,11,2,7,3
18120334,9,10,11,6,5
18120335,7,6,11,9,3
18120336,10,11,7,5,6
18120337,9,2,3,7,4
18120338,7,3,4,6,9
18120339,11,1,9,4,5
18120340,7,8,2,11,3
18120341,10,6,8,2,1
18120342,6,11,5,8,10
18120343,9,3,6,8,2
18120344,3,6,4,2,8
18120345,8,6,4,7,1
18120346,9,2,10,5,6
18120347,5,7,1,4,6
18120348,1,5,8,3,11
18120349,11,3,9,6,4
18120350,7,8,9,10,6
18120351,2,4,5,8,10
18120352,2,8,3,9,5
18120353,4,7,8,9,11
18120354,2,6,4,5,1
18120355,6,2,3,11,9
18120356,7,1,5,9,8
18120357,9,10,6,8,11
18120358,2,6,8,10,9
18120359,5,4,11,2,7
18120360,2,8,1,11,9
18120361,6,9,3,7,2
18120362,8,9,6,10,2
18120363,1,10,3,9,8
18120364,6,5,3,7,2
18120365,2,7,4,6,3
18120366,9,10,3,1,8
18120367,9,7,3,11,1
18120368,6,7,1,5,9
18120369,5,2,3,7,9
18120370,8,5,4,9,1
18120371,2,6,9,1,5
18120372,8,9,4,3,1
18120373,4,1,11,9,8
18120374,5,7,1,11,9
18120375,10,1,4,3,8
18120376,4,1,10,9,8
18120377,10,11,7,2,9
18120378,10,3,7,8,4
18120379,3,11,8,9,4
18120380,8,5,9,3,11
18120381,8,1,11,2,7
18120382,3,11,7,6,9
18120383,5,10,11,9,4
18120384,9,5,11,10,8
18120401,10,1,5,8,4
18120402,7,9,4,5,6
18120403,6,2,5,11,8
18120404,3,10,1,6,11
18120405,8,3,6,5,9
18120406,8,3,2,6,10
18120407,2,8,1,10,11
18120408,4,6,11,5,10
18120409,11,3,8,5,9
18120410,8,3,2,9,10
18120411,5,11,10,4,2
18120412,1,2,7,10,11
18120413,1,3,8,9,6
18120414,8,1,9,3,7
18120415,8,3,11,5,9
18120416,9,6,8,2,5
18120417,2,7,9,4,3
18120418,5,1,7,11,8
18120419,2,9,5,7,3
18120420,5,1,2,8,11
18120421,6,5,8,2,10
18120422,10,4,2,7,8
18120423,9,7,8,1,5
18120424,9,8,1,5,10
18120425,2,8,10,7,5
18120426,1,5,8,10,9
18120427,2,3,7,4,6
18120428,2,6,4,7,5
18120429,3,6,10,1,7
18120430,5,9,4,2,3
18120431,8,3,7,9,4
18120432,6,2,7,9,4
18120433,7,11,9,6,1
18120434,6,11,7,3,2
18120435,1,10,11,7,5
18120436,9,1,8,7,6
18120437,2,3,10,11,4
18120438,5,6,11,9,1
18120439,3,11,7,8,4
18120440,6,2,5,11,8
18120441,6,2,5,11,8
18120442,6,2,5,11,8
18120443,6,2,5,11,8
18120444,6,11,3,10,1
18120445,8,7,2,9,6
18120446,1,3,8,10,2
18120447,8,5,7,2,3
18120448,4,10,1,2,9
18120449,7,5,2,11,8
18120450,10,11,1,8,5
18120451,9,5,1,4,10
18120452,6,2,10,1,11
18120453,1,4,3,8,2
18120454,3,1,11,9,10
18120455,2,1,7,9,6
18120456,11,8,5,7,9
18120457,10,7,2,8,4
18120458,5,1,9,10,4
18120459,6,8,9,7,11
18120460,9,5,6,10,8
18120461,9,11,1,8,5
18120462,8,10,5,11,1
18120463,11,2,8,6,9
18120464,8,2,4,1,9
18120465,8,6,2,10,11
18120466,3,2,8,1,7
18120467,9,4,8,5,3
18120468,5,1,8,7,2
18120469,7,2,1,8,3
18120470,5,9,3,6,4
18120471,3,6,8,10,9
18120472,4,1,6,8,5
18120473,10,6,1,4,8
18120474,10,9,8,5,3
18120475,9,11,1,7,8
18120476,4,11,6,8,1
18120477,11,10,2,3,9
18120478,11,5,2,8,3
18120479,2,7,8,3,4
18120480,8,3,10,1,6
18120481,7,6,2,11,1
18120482,8,11,4,5,10
18120483,5,11,1,7,10
18120484,11,9,6,8,3
18120501,11,4,8,6,9
18120502,9,8,5,11,10
18120503,10,8,3,9,1
18120504,4,9,3,8,7
18120505,3,4,10,6,1
18120506,5,10,8,1,9
18120507,2,6,3,10,11
18120508,5,6,7,2,11
18120509,11,2,10,6,3
18120510,6,5,1,7,4
18120511,6,2,7,3,8
18120512,7,11,3,1,4
18120513,8,5,7,9,6
18120514,4,2,9,8,11
18120515,11,9,8,4,3
18120516,9,5,2,7,1
18120517,5,8,9,7,2
18120518,9,5,8,7,1
18120519,8,10,4,1,5
18120520,1,7,2,3,6
18120521,4,11,9,8,3
18120522,3,9,4,8,7
18120523,5,1,7,2,11
18120524,4,8,7,5,11
18120525,7,3,5,9,2
18120526,2,1,7,9,3
18120527,5,8,11,9,2
18120528,8,2,10,3,1
18120529,3,5,7,4,10
18120530,11,2,1,9,8
18120531,5,11,3,9,1
18120532,5,4,8,7,1
18120533,7,1,3,11,9
18120534,4,8,7,3,6
18120535,6,8,4,1,10
18120536,6,9,7,2,8
18120537,4,9,2,7,5
18120538,11,2,3,5,9
18120539,3,10,4,1,9
18120540,4,10,11,6,9
18120541,6,9,3,4,2
18120542,11,7,8,10,5
18120543,8,10,11,5,6
18120544,8,9,2,6,4
18120545,7,6,2,3,9
18120546,1,11,9,6,5
18120547,11,2,5,8,6
18120548,3,7,5,6,2
18120549,9,7,5,3,4
18120550,6,4,1,5,3
18120551,3,10,4,2,5
18120552,2,11,4,9,6
18120553,10,11,7,8,2
18120554,2,11,4,3,8
18120555,8,9,1,11,5
18120556,7,11,3,6,1
18120557,9,6,3,7,8
18120558,11,4,7,3,2
18120559,3,1,6,2,4
18120560,8,9,10,1,3
18120561,8,2,7,3,6
18120562,1,6,3,9,4
18120563,4,1,8,5,2
18120564,2,3,8,7,6
18120565,9,1,4,7,5
18120566,1,3,2,9,11
18120567,5,3,7,8,10
18120568,6,4,8,1,3
18120569,7,10,1,2,11
18120570,4,8,3,5,2
18120571,9,3,7,8,5
18120572,1,2,10,11,4
18120573,4,1,5,8,10
18120574,6,8,9,5,7
18120575,11,8,5,10,7
18120576,2,11,9,5,1
18120577,10,11,1,6,3
18120578,7,6,3,4,9
18120579,4,10,7,2,1
18120580,8,4,2,5,10
18120581,8,6,4,11,2
18120582,7,10,6,1,2
18120583,2,10,3,11,9
18120584,1,4,7,8,5
18120601,3,10,9,2,7
18120602,5,2,6,7,8
18120603,9,1,8,10,5
18120604,5,10,4,1,11
18120605,8,11,6,5,3
18120606,7,5,10,4,2
18120607,5,3,6,9,2
18120608,5,1,11,7,8
18120609,8,2,1,4,7
18120610,3,4,11,6,10
18120611,11,7,5,9,8
18120612,1,4,5,2,10
18120613,3,1,11,7,8
18120614,2,3,11,1,7
18120615,8,9,6,3,2
18120616,4,5,9,3,10
18120617,10,11,3,6,9
18120618,7,6,2,8,3
18120619,2,8,9,5,11
18120620,11,8,6,2,3
18120621,3,5,11,8,4
18120622,7,3,6,11,4
18120623,8,4,11,6,5
18120624,4,3,5,1,8
18120625,10,2,8,3,4
18120626,6,1,10,3,7
18120627,4,7,10,3,2
18120628,2,4,11,10,6
18120629,8,10,4,6,2
18120630,3,1,9,5,6
18120631,1,5,6,3,7
18120632,7,2,10,5,9
18120633,8,7,2,5,4
18120634,1,3,4,5,9
18120635,3,2,6,5,1
18120636,7,1,11,8,5
18120637,4,8,11,10,3
18120638,10,3,6,2,11
18120639,8,3,2,4,1
18120640,6,11,9,10,8
18120641,11,10,4,7,6
18120642,9,1,11,7,3
18120643,10,9,11,3,6
18120644,8,6,2,5,1
18120645,8,6,1,5,7
18120646,11,3,7,4,9
18120647,2,10,11,3,1
18120648,2,7,11,5,8
18120649,5,2,8,10,7
18120650,9,7,2,5,4
18120651,6,7,5,8,2
18120652,1,5,8,3,6
18120653,10,9,4,2,8
18120654,3,10,6,11,4
18120655,7,2,11,5,6
18120656,11,1,4,10,9
18120657,11,6,8,2,5
18120658,8,5,4,7,9
18120659,4,1,3,10,7
18120660,1,9,8,6,3
18120661,5,3,8,10,1
18120662,9,2,11,8,10
18120663,6,7,5,4,3
18120664,1,5,6,3,8
18120665,7,5,6,3,1
18120666,1,4,7,6,9
18120667,3,9,6,11,10
18120668,9,2,4,7,8
18120669,7,3,4,6,11
18120670,4,3,6,9,10
18120671,9,11,2,10,7
18120672,8,9,4,1,2
18120673,9,2,5,10,1
18120674,6,10,3,8,11
18120675,7,5,4,2,1
18120676,8,11,1,5,7
18120677,6,5,9,1,8
18120678,7,11,2,3,10
18120679,9,8,2,4,11
18120680,3,9,10,8,5
18120681,9,4,2,7,6
18120682,4,3,5,6,9
18120683,6,11,3,10,1
18120684,1,6,10,4,11
18120701,8,5,1,9,6
18120702,1,4,6,9,10
18120703,9,5,7,3,6
18120704,1,8,11,3,2
18120705,7,10,9,6,8
18120706,4,1,3,11,2
18120707,6,5,4,8,7
18120708,11,4,7,5,3
18120709,11,2,1,8,3
18120710,11,2,5,7,3
18120711,2,10,7,6,1
18120712,10,1,7,8,2
18120713,6,11,5,10,9
18120714,1,3,6,7,9
18120715,6,10,7,5,3
18120716,3,10,2,11,7
18120717,5,6,4,2,3
18120718,6,11,9,8,10
18120719,9,4,1,8,11
18120720,4,10,9,5,6
18120721,8,3,9,2,4
18120722,7,4,2,8,3
18120723,4,7,9,2,11
18120724,9,1,5,7,11
18120725,4,1,6,11,7
18120726,2,6,8,10,11
18120727,7,11,3,4,5
18120728,2,11,3,4,1
18120729,3,10,2,6,9
18120730,5,7,2,10,3
18120731,10,7,8,6,11
18120732,1,4,5,6,7
18120733,11,10,1,6,3
18120734,10,3,5,8,11
18120735,11,5,2,9,7
18120736,11,7,2,6,5
18120737,5,2,1,9,11
18120738,3,11,9,2,7
18120739,2,11,10,5,3
18120740,9,1,6,2,5
18120741,10,11,5,6,2
18120742,4,8,9,11,7
18120743,6,10,9,3,4
18120744,3,5,1,6,7
18120745,11,10,5,8,4
18120746,11,1,8,4,3
18120747,10,1,9,11,7
18120748,1,9,5,11,8
18120749,7,11,8,3,1
18120750,2,8,3,6,7
18120751,7,10,2,9,5
18120752,2,4,10,5,11
18120753,7,2,3,11,1
18120754,8,7,5,2,6
18120755,8,6,10,3,2
18120756,6,11,8,3,2
18120757,10,9,11,2,6
18120758,9,10,1,8,5
18120759,8,6,2,10,1
18120760,1,4,9,6,3
18120761,10,5,1,9,3
18120762,8,3,2,5,7
18120763,6,1,5,2,4
18120764,7,6,2,3,8
18120765,4,11,2,10,8
18120766,2,4,11,7,3
18120767,2,6,3,1,10
18120768,11,7,8,9,4
18120769,1,8,9,2,10
18120770,10,5,1,4,8
18120771,8,9,6,2,1
18120772,1,11,3,5,9
18120773,7,11,8,2,1
18120774,9,8,4,5,6
18120775,3,10,11,4,2
18120776,1,9,7,4,8
18120777,4,11,6,5,7
18120778,8,11,5,10,1
18120779,10,3,7,6,4
18120780,1,10,7,6,3
18120781,10,8,1,5,9
18120782,11,6,4,2,10
18120783,8,9,6,7,3
18120784,6,1,4,5,10
18120801,6,11,2,10,4
18120802,1,3,6,8,2
18120803,10,5,3,11,4
18120804,6,9,2,11,4
18120805,7,11,5,6,2
18120806,4,6,8,7,10
18120807,6,5,3,10,7
18120808,10,11,2,9,1
18120809,11,10,1,3,5
18120810,10,9,8,3,2
18120811,6,3,7,8,1
18120812,9,7,5,3,2
18120813,5,10,6,7,3
18120814,2,9,11,8,4
18120815,4,7,5,3,9
18120816,3,8,7,9,2
18120817,9,8,1,11,5
18120818,3,2,7,11,6
18120819,6,7,11,1,4
18120820,1,8,5,6,9
18120821,5,3,4,11,10
18120822,2,11,1,6,7
18120823,9,11,5,8,3
18120824,3,1,10,7,2
18120825,7,8,11,10,1
18120826,9,2,6,5,8
18120827,9,7,8,11,4
18120828,1,11,6,8,9
18120829,11,6,9,2,3
18120830,9,5,2,3,1
18120831,11,4,10,9,1
18120832,5,8,4,11,1
18120833,1,9,10,2,7
18120834,3,11,10,4,6
18120835,9,3,6,8,11
18120836,2,4,1,11,7
18120837,6,7,2,11,5
18120838,8,3,7,6,10
18120839,8,6,11,9,1
18120840,6,8,7,2,4
18120841,9,4,2,10,1
18120842,5,9,7,3,4
18120843,3,7,1,2,11
18120844,10,8,4,5,6
18120845,9,10,2,5,3
18120846,11,7,3,2,1
18120847,3,7,10,2,1
18120848,4,9,6,2,5
18120849,6,8,7,4,1
18120850,1,8,7,5,11
18120851,6,9,11,4,1
18120852,7,11,4,1,6
18120853,3,1,4,5,10
18120854,7,10,3,9,2
18120855,4,5,8,6,10
18120856,1,9,11,10,7
18120857,10,4,3,7,8
18120858,9,11,6,10,1
18120859,1,7,10,3,5
18120860,6,7,10,1,3
18120861,5,10,2,8,3
18120862,1,8,2,11,4
18120863,1,8,2,6,9
18120864,5,10,3,7,9
18120865,1,3,4,5,2
18120866,8,2,4,3,6
18120867,2,8,5,10,1
18120868,6,4,2,9,7
18120869,10,2,11,7,3
18120870,1,3,5,6,11
18120871,8,5,7,9,1
18120872,6,2,1,9,5
18120873,2,9,11,4,7
18120874,2,7,4,5,6
18120875,4,2,1,5,11
18120876,8,3,9,2,4
18120877,2,10,1,8,3
18120878,3,11,6,4,9
18120879,6,4,7,9,2
18120880,1,2,5,8,9
18120881,3,1,11,10,8
18120882,5,6,3,1,7
18120883,10,7,9,4,2
18120884,3,7,5,6,11
18120901,9,4,11,8,5
18120902,2,4,8,1,9
18120903,7,8,3,4,1
18120904,4,6,1,5,8
18120905,1,9,6,4,3
18120906,4,2,3,8,9
18120907,8,6,4,2,5
18120908,3,11,5,1,10
18120909,3,6,5,8,2
18120910,11,1,3,2,8
18120911,2,5,1,3,6
18120912,11,7,8,10,3
18120913,4,7,10,9,5
18120914,4,7,2,6,1
18120915,4,9,10,6,11
18120916,4,10,8,11,2
18120917,4,3,6,5,9
18120918,3,10,4,1,5
18120919,7,3,5,2,10
18120920,5,11,1,4,7
18120921,2,9,8,1,5
18120922,3,9,5,11,6
18120923,3,5,10,2,8
18120924,10,5,4,9,8
18120925,11,5,9,7,4
18120926,7,2,4,11,8
18120927,5,2,4,1,7
18120928,9,8,1,7,5
18120929,1,5,3,10,9
18120930,9,5,4,1,8
18120931,11,10,7,9,6
18120932,8,11,7,2,5
18120933,2,6,9,1,7
18120934,10,3,5,2,11
18120935,6,4,8,1,10
18120936,4,3,9,2,11
18120937,6,9,4,2,5
18120938,11,1,2,8,9
18120939,10,9,5,8,7
18120940,9,5,7,3,2
18120941,9,2,3,10,7
18120942,5,1,4,6,7
18120943,5,3,1,11,8
18120944,9,6,11,8,3
18120945,1,7,8,6,2
18120946,3,2,10,11,5
18120947,3,9,5,8,2
18120948,2,10,11,1,8
18120949,6,5,11,4,2
18120950,6,9,7,1,2
18120951,1,6,4,9,11
18120952,9,2,3,5,7
18120953,1,2,7,3,11
18120954,6,8,2,7,10
18120955,11,7,5,1,4
18120956,7,2,4,6,10
18120957,5,10,2,9,11
18120958,8,7,9,3,5
18120959,11,6,9,4,8
18120960,3,11,9,10,7
18120961,7,4,6,1,3
18120962,8,5,4,7,6
18120963,11,3,1,6,9
18120964,7,10,8,1,9
18120965,9,1,5,6,3
18120966,11,7,9,8,2
18120967,3,5,10,9,11
18120968,9,10,5,11,4
18120969,5,10,9,1,6
18120970,1,3,6,11,9
18120971,9,6,1,4,5
18120972,10,3,4,8,7
18120973,9,4,8,7,6
18120974,2,7,11,6,10
18120975,11,10,2,4,5
18120976,2,6,9,10,5
18120977,8,2,1,6,7
18120978,6,11,9,3,1
18120979,5,3,6,10,7
18120980,4,1,5,6,7
18120981,4,6,10,5,1
18120982,7,2,5,1,11
18120983,9,8,7,4,5
18120984,5,6,11,1,9
18121001,1,7,5,2,3
18121002,5,4,1,8,3
18121003,10,3,8,2,5
18121004,10,6,8,1,9
18121005,2,6,9,5,7
18121006,3,1,8,2,4
18121007,11,5,9,2,6
18121008,9,4,10,2,1
18121009,11,8,10,5,3
18121010,7,2,5,6,4
18121011,2,8,4,3,10
18121012,8,10,6,9,7
18121013,3,6,9,4,7
18121014,7,1,10,5,9
18121015,3,5,9,7,10
18121016,2,1,6,10,4
18121017,7,3,11,5,9
18121018,4,5,1,7,2
18121019,7,8,4,10,9
18121020,1,11,2,10,3
18121021,2,6,3,8,1
18121022,11,8,5,4,2
18121023,1,5,2,3,8
18121024,3,5,2,6,9
18121025,2,8,6,11,4
18121026,2,5,6,10,3
18121027,4,8,1,9,10
18121028,1,8,3,4,7
18121029,3,4,10,9,1
18121030,10,9,3,1,6
18121031,11,4,8,5,3
18121032,3,6,4,8,1
18121033,9,10,4,8,7
18121034,9,7,8,4,11
18121035,4,9,1,2,11
18121036,8,6,9,7,4
18121037,9,3,6,11,8
18121038,7,8,2,10,6
18121039,3,5,4,8,6
18121040,7,10,11,6,8
18121041,7,4,6,8,2
18121042,7,11,4,5,8
18121043,11,10,2,7,4
18121044,2,10,3,7,6
18121045,4,3,6,7,1
18121046,10,5,2,3,11
18121047,8,4,9,11,3
18121048,11,3,5,1,7
18121049,7,4,2,8,11
18121050,11,2,4,7,3
18121051,2,7,5,4,1
18121052,10,11,4,5,9
18121053,2,3,4,10,1
18121054,4,7,10,9,1
18121055,7,5,6,8,4
18121056,11,7,9,10,6
18121057,3,8,1,9,6
18121058,11,1,5,9,4
18121059,3,9,5,6,7
18121060,10,5,8,4,6
18121061,11,6,2,10,1
18121062,11,3,6,4,10
18121063,8,2,11,1,6
18121064,7,8,4,10,3
18121065,10,9,5,6,1
18121066,1,4,2,7,6
18121067,9,8,6,5,11
18121068,4,3,11,7,6
18121069,10,11,1,7,9
18121070,8,1,5,3,4
18121071,11,6,5,10,1
18121072,4,1,7,2,10
18121073,11,1,5,3,7
18121074,9,7,5,4,2
18121075,5,7,11,4,2
18121076,7,1,6,3,11
18121077,9,7,11,3,5
18121078,10,4,3,1,9
18121079,9,5,6,11,1
18121080,11,7,2,3,4
18121081,10,4,11,5,1
18121082,6,10,8,5,7
18121083,7,8,5,4,11
18121084,1,3,5,4,8
18121101,11,8,7,5,10
18121102,3,8,11,10,6
18121103,5,11,6,3,4
18121104,5,9,10,4,8
18121105,4,2,8,6,1
18121106,4,8,3,6,9
18121107,1,5,2,11,3
18121108,7,3,9,2,10
18121109,1,10,9,4,8
18121110,5,2,9,6,1
18121111,10,8,5,11,2
18121112,8,1,3,6,2
18121113,3,10,9,7,2
18121114,6,11,10,8,5
18121115,5,9,3,1,8
18121116,10,9,6,2,7
18121117,11,8,3,4,6
18121118,6,3,1,10,7
18121119,11,7,5,10,2
18121120,2,7,1,10,8
18121121,1,4,3,10,8
18121122,8,10,11,9,4
18121123,9,7,2,4,8
18121124,5,4,3,6,7
18121125,5,1,7,10,9
18121126,9,4,3,1,6
18121127,9,3,1,6,8
18121128,7,9,3,11,1
18121129,11,9,8,1,2
18121130,3,5,6,9,1
18121131,7,5,4,6,3
18121132,7,1,6,2,9
18121133,8,3,9,10,1
18121134,3,2,8,11,10
18121135,11,8,10,9,2
18121136,3,6,8,7,5
18121137,4,7,5,6,8
18121138,10,5,4,11,9
18121139,1,9,6,8,5
18121140,4,7,5,11,9
18121141,10,8,11,1,7
18121142,7,6,11,5,4
18121143,9,10,5,2,4
18121144,4,1,10,2,8
18121145,2,4,3,1,11
18121146,6,11,9,4,1
18121147,10,9,11,1,6
18121148,2,5,11,9,6
18121149,10,5,1,11,9
18121150,1,3,6,11,8
18121151,3,10,9,4,8
18121152,9,3,11,6,1
18121153,11,8,6,7,10
18121154,3,10,5,11,2
18121155,8,3,10,9,7
18121156,11,4,5,6,1
18121157,8,7,4,1,9
18121158,7,2,5,9,11
18121159,2,9,11,8,3
18121160,3,11,2,6,5
18121161,10,3,11,5,8
18121162,11,2,8,5,4
18121163,7,8,4,5,3
18121164,4,5,1,8,10
18121165,4,6,8,3,2
18121166,3,4,6,2,7
18121167,3,1,9,7,10
18121168,9,11,7,3,6
18121169,4,3,8,6,7
18121170,7,4,8,11,1
18121171,6,3,2,10,1
18121172,7,11,8,5,1
18121173,10,11,1,3,7
18121174,2,11,10,1,4
18121175,3,6,5,7,1
18121176,4,9,11,7,10
18121177,8,1,10,3,6
18121178,9,4,2,10,7
18121179,7,6,11,4,2
18121180,5,3,9,1,6
18121181,9,10,4,7,8
18121182,7,6,2,1,5
18121183,7,10,6,5,8
18121184,7,11,5,4,2
18121201,11,2,9,4,10
18121202,11,8,3,1,7
18121203,4,7,6,11,1
18121204,7,4,10,9,11
18121205,4,5,2,1,3
18121206,2,1,9,5,3
18121207,1,7,9,2,6
18121208,5,8,11,1,6
18121209,9,7,2,4,5
18121210,5,4,9,8,10
18121211,5,3,1,2,11
18121212,8,1,6,7,3
18121213,11,10,8,1,4
18121214,7,9,8,5,1
18121215,6,9,5,10,3
18121216,2,10,6,4,7
18121217,6,4,5,8,2
18121218,3,10,7,6,11
18121219,11,7,2,4,6
18121220,3,10,7,5,4
18121221,3,1,2,6,9
18121222,5,2,9,7,1
18121223,4,6,8,7,5
18121224,2,11,8,3,6
18121225,4,6,5,9,7
18121226,9,6,7,1,3
18121227,7,3,4,9,5
18121228,10,5,2,9,7
18121229,5,4,8,11,10
18121230,2,10,7,8,1
18121231,3,8,1,9,4
18121232,11,1,5,3,2
18121233,4,3,9,11,8
18121234,2,1,8,10,4
18121235,2,11,6,5,3
18121236,3,8,5,7,2
18121237,2,11,5,1,4
18121238,10,3,6,1,8
18121239,1,4,6,10,9
18121240,9,2,5,7,10
18121241,3,8,7,4,11
18121242,6,10,3,11,5
18121243,1,4,10,3,8
18121244,4,3,10,2,8
18121245,9,2,4,3,7
18121246,3,8,7,1,9
18121247,5,2,7,6,3
18121248,4,3,5,10,9
18121249,11,8,10,4,9
18121250,1,6,11,7,5
18121251,11,5,7,9,1
18121252,4,6,8,3,5
18121253,4,5,10,1,2
18121254,5,9,10,1,6
18121255,11,6,4,2,8
18121256,11,4,9,6,7
18121257,2,10,4,9,3
18121258,1,2,11,8,6
18121259,4,8,10,2,9
18121260,2,3,8,1,6
18121261,5,10,11,4,2
18121262,3,4,9,5,2
18121263,1,3,8,11,9
18121264,1,4,8,11,3
18121265,6,4,9,10,2
18121266,1,8,11,3,6
18121267,9,7,4,11,6
18121268,6,11,5,8,7
18121269,1,10,8,3,4
18121270,3,8,1,4,6
18121271,4,1,9,3,10
18121272,4,2,9,7,6
18121273,7,9,1,2,5
18121274,10,9,3,1,5
18121275,3,8,4,1,9
18121276,8,2,6,9,11
18121277,9,8,6,5,10
18121278,3,9,6,8,5
18121279,11,9,5,6,2
18121280,1,4,2,3,6
18121281,8,5,1,7,3
18121282,7,11,2,5,6
18121283,1,5,6,10,7
18121284,7,6,10,5,3
18121301,10,3,2,5,11
18121302,2,10,11,3,6
18121303,8,11,5,9,1
18121304,2,1,8,10,3
18121305,1,3,5,2,6
18121306,11,10,4,3,2
18121307,5,4,6,10,9
18121308,4,8,7,11,3
18121309,5,10,1,7,8
18121310,7,9,11,5,10
18121311,4,7,11,5,3
18121312,3,7,9,11,4
18121313,1,3,2,8,5
18121314,7,9,6,11,4
18121315,10,8,3,9,11
18121316,10,2,6,1,8
18121317,2,5,4,3,11
18121318,5,7,10,9,1
18121319,6,1,5,3,7
18121320,6,1,2,3,5
18121321,7,1,4,9,6
18121322,5,11,8,1,9
18121323,5,1,6,11,8
18121324,9,8,2,10,1
18121325,10,5,11,4,3
18121326,4,9,8,7,5
18121327,9,4,5,6,11
18121328,4,3,5,9,11
18121329,1,9,3,4,2
18121330,5,8,10,9,7
18121331,10,6,11,2,8
18121332,9,6,8,3,1
18121333,5,8,9,4,11
18121334,3,6,2,9,8
18121335,1,2,8,11,5
18121336,1,7,2,6,9
18121337,2,10,9,7,5
18121338,11,4,7,10,8
18121339,9,5,1,11,6
18121340,7,11,8,10,2
18121341,7,1,10,3,4
18121342,10,1,2,4,9
18121343,10,7,8,2,3
18121344,1,6,4,9,10
18121345,8,10,3,2,4
18121346,9,7,5,6,11
18121347,4,10,7,5,2
18121348,7,2,6,5,9
18121349,9,5,8,10,2
18121350,5,2,3,4,9
18121351,5,1,10,2,7
18121352,10,6,9,2,5
18121353,9,10,11,2,5
18121354,4,2,6,7,5
18121355,4,1,11,10,5
18121356,1,7,11,2,5
18121357,1,10,4,3,6
18121358,8,9,11,7,6
18121359,6,2,8,1,10
18121360,5,10,7,9,6
18121361,9,3,11,6,7
18121362,8,5,6,2,11
18121363,5,11,2,6,10
18121364,4,6,1,9,2
18121365,4,10,9,1,11
18121366,7,1,2,8,11
18121367,10,1,5,6,3
18121368,10,6,8,1,9
18121369,5,1,9,3,11
18121370,11,9,1,3,5
18121371,1,3,5,8,7
18121372,8,9,6,2,10
18121373,1,3,6,2,8
18121374,6,11,8,5,10
18121375,2,11,3,5,9
18121376,7,8,10,6,1
18121377,4,6,5,2,3
18121378,7,8,1,6,5
18121379,3,6,9,8,10
18121380,2,8,1,6,7
18121381,6,9,7,11,1
18121382,10,6,9,11,7
18121383,5,1,10,7,8
18121384,9,4,1,7,11
18121401,5,11,7,9,2
18121402,5,7,4,11,1
18121403,3,1,8,4,6
18121404,5,3,11,7,1
18121405,9,1,11,8,7
18121406,2,5,6,3,4
18121407,9,3,8,5,7
18121408,8,4,10,11,3
18121409,2,6,3,7,9
18121410,6,3,8,4,9
18121411,10,6,4,3,7
18121412,7,5,2,4,6
18121413,3,1,11,5,10
18121414,8,7,11,6,3
18121415,3,4,2,11,5
18121416,5,7,2,6,4
18121417,4,11,1,3,2
18121418,8,6,10,5,1
18121419,3,10,8,7,5
18121420,1,10,4,3,11
18121421,3,11,6,9,4
18121422,8,3,11,1,4
18121423,10,8,3,4,1
18121424,4,2,8,7,1
18121425,1,4,7,11,3
18121426,8,5,10,4,3
18121427,11,6,8,5,9
18121428,4,11,7,3,10
18121429,3,2,4,6,8
18121430,6,9,11,10,3
18121431,1,8,5,2,9
18121432,8,6,4,10,1
18121433,9,4,1,6,2
18121434,3,2,8,1,11
18121435,4,1,5,2,6
18121436,3,1,8,10,5
18121437,9,11,1,10,4
18121438,6,1,5,4,3
18121439,2,4,9,10,3
18121440,8,10,5,7,3
18121441,11,2,7,3,8
18121442,1,9,2,7,8
18121443,6,2,4,9,7
18121444,9,2,7,3,10
18121445,7,6,10,1,2
18121446,4,6,7,8,5
18121447,7,10,2,11,3
18121448,1,3,7,8,11
18121449,5,1,8,9,11
18121450,11,8,2,1,6
18121451,10,4,7,6,5
18121452,2,8,7,10,4
18121453,1,8,4,10,9
18121454,10,4,3,8,11
18121455,7,11,8,2,10
18121456,10,2,8,7,11
18121457,2,10,7,3,5
18121458,9,7,8,10,6
18121459,10,1,3,5,6
18121460,3,7,8,2,1
18121461,2,11,10,5,8
18121462,4,10,2,5,8
18121463,6,10,3,9,5
18121464,2,9,4,3,5
18121465,10,8,4,1,2
18121466,4,1,3,7,11
18121467,3,11,9,7,6
18121468,2,6,4,11,10
18121469,10,5,7,4,1
18121470,10,4,7,11,3
18121471,6,2,3,7,8
18121472,4,11,10,6,7
18121473,1,2,6,10,9
18121474,4,1,11,10,9
18121475,7,4,3,1,6
18121476,4,9,2,3,1
18121477,11,3,5,10,4
18121478,5,4,7,9,3
18121479,10,7,8,2,4
18121480,10,5,4,8,1
18121481,4,7,3,9,6
18121482,10,4,9,1,6
18121483,7,2,5,3,1
18121484,4,9,5,3,10
18121501,4,5,11,10,2
18121502,1,10,8,11,4
18121503,8,7,4,1,6
18121504,5,7,10,3,8
18121505,7,9,6,1,11
18121506,5,3,2,6,1
18121507,6,5,10,7,4
18121508,9,7,3,4,1
18121509,11,2,4,5,8
18121510,3,2,8,5,9
18121511,7,10,6,9,8
18121512,9,2,1,5,8
18121513,4,1,2,9,6
18121514,3,6,2,11,8
18121515,10,4,5,8,7
18121516,5,8,2,9,6
18121517,9,1,11,10,2
18121518,2,8,7,11,5
18121519,10,8,6,1,9
18121520,1,4,3,7,8
18121521,8,1,5,3,7
18121522,8,2,4,7,9
18121523,8,10,9,7,3
18121524,4,9,1,7,5
18121525,7,10,9,6,8
18121526,8,6,10,7,3
18121527,3,8,4,9,6
18121528,5,1,6,8,11
18121529,6,11,3,9,8
18121530,8,11,3,2,5
18121531,1,4,11,5,7
18121532,11,1,6,3,4
18121533,1,9,2,10,3
18121534,9,8,5,6,11
18121535,8,11,7,6,4
18121536,11,3,8,7,1
18121537,7,4,1,11,5
18121538,2,4,11,5,1
18121539,1,10,7,11,4
18121540,2,3,10,6,11
18121541,11,1,6,7,8
18121542,10,6,3,7,4
18121543,7,1,2,10,8
18121544,9,3,8,11,2
18121545,10,5,11,4,1
18121546,4,11,3,8,2
18121547,11,4,3,2,6
18121548,8,10,6,2,7
18121549,5,2,6,10,1
18121550,2,11,7,9,4
18121551,6,4,2,7,9
18121552,1,7,2,9,6
18121553,9,8,6,10,5
18121554,2,6,11,3,7
18121555,3,2,11,10,9
18121556,8,6,1,10,3
18121557,1,3,7,11,8
18121558,11,3,2,7,5
18121559,6,11,5,9,4
18121560,2,1,9,5,3
18121561,6,2,11,5,7
18121562,9,8,4,1,6
18121563,9,4,8,7,10
18121564,10,9,7,4,5
18121565,2,1,11,5,6
18121566,4,10,5,3,9
18121567,7,11,4,9,1
18121568,9,7,5,6,2
18121569,1,6,8,9,7
18121570,9,1,11,3,4
18121571,1,9,5,3,2
18121572,3,4,10,9,1
18121573,6,5,1,4,3
18121574,7,9,11,5,1
18121575,6,5,1,4,10
18121576,9,10,4,1,11
18121577,10,5,2,3,6
18121578,2,4,8,3,11
18121579,1,5,6,10,3
18121580,10,5,8,1,9
18121581,6,10,1,3,11
18121582,9,1,6,3,7
18121583,7,11,2,10,9
18121584,10,4,1,5,2
18121601,8,5,4,1,2
18121602,1,8,3,11,5
18121603,8,9,3,6,1
18121604,10,2,5,8,9
18121605,11,7,2,5,3
18121606,6,9,11,10,8
18121607,9,3,5,10,6
18121608,11,9,5,7,1
18121609,2,6,11,7,3
18121610,8,1,9,11,10
18121611,8,11,5,1,10
18121612,7,11,4,10,8
18121613,6,7,11,3,2
18121614,10,3,4,11,8
18121615,7,1,4,11,10
18121616,5,11,3,8,1
18121617,7,5,9,8,10
18121618,5,9,2,3,7
18121619,4,7,10,6,1
18121620,4,3,9,7,6
18121621,1,6,11,9,4
18121622,3,6,5,8,11
18121623,1,8,6,3,5
18121624,8,2,4,11,5
18121625,4,5,6,8,2
18121626,8,4,10,7,2
18121627,6,8,11,10,3
18121628,10,3,4,6,9
18121629,6,8,7,2,1
18121630,10,8,4,2,11
18121631,2,6,4,5,11
18121632,2,6,11,4,3
18121633,11,7,3,9,6
18121634,7,4,2,9,3
18121635,3,2,9,8,11
18121636,8,4,2,9,3
18121637,9,7,2,3,6
18121638,5,3,7,9,8
18121639,9,2,8,3,7
18121640,6,11,7,10,5
18121641,9,5,3,8,7
18121642,5,7,4,10,11
18121643,9,11,5,3,1
18121644,2,3,1,6,11
18121645,4,6,11,2,7
18121646,3,8,11,4,7
18121647,1,5,6,7,9
18121648,9,2,11,4,1
18121649,5,4,8,11,7
18121650,6,10,2,4,1
18121651,8,11,2,4,10
18121652,6,2,9,4,1
18121653,3,5,9,1,10
18121654,3,2,7,1,11
18121655,10,1,7,6,3
18121656,8,4,10,1,5
18121657,4,9,2,10,6
18121658,11,8,9,4,7
18121659,4,9,6,1,7
18121660,7,11,2,9,1
18121661,7,5,9,10,1
18121662,9,5,11,8,6
18121663,2,11,6,4,3
18121664,1,5,9,2,7
18121665,8,1,9,6,11
18121666,1,7,3,8,2
18121667,6,5,10,2,7
18121668,6,2,4,8,1
18121669,4,2,1,3,6
18121670,4,9,10,7,6
18121671,10,4,3,1,5
18121672,6,3,2,4,9
18121673,8,3,11,9,6
18121674,9,8,1,2,11
18121675,11,9,10,6,3
18121676,1,7,5,9,8
18121677,4,11,1,3,10
18121678,7,3,1,9,8
18121679,11,4,2,5,8
18121680,5,9,8,6,2
18121681,2,7,5,4,8
18121682,8,2,4,10,6
18121683,5,11,4,10,6
18121684,2,9,5,4,1
18121701,10,5,7,6,8
18121702,5,4,9,6,1
18121703,11,9,2,6,5
18121704,8,10,4,9,5
18121705,8,9,1,4,2
18121706,3,8,1,2,10
18121707,8,11,4,6,9
18121708,6,11,8,2,1
18121709,4,6,9,8,5
18121710,1,3,10,6,4
18121711,1,4,2,8,3
18121712,3,7,6,10,1
18121713,9,3,2,4,10
18121714,4,7,1,11,10
18121715,10,5,7,9,1
18121716,9,4,8,6,5
18121717,5,1,4,11,8
18121718,11,9,2,3,1
18121719,5,7,4,11,3
18121720,5,7,2,8,4
18121721,10,9,7,5,3
18121722,5,6,2,3,9
18121723,1,5,7,4,9
18121724,4,5,3,8,7
18121725,9,8,4,6,2
18121726,9,4,7,10,8
18121727,2,8,5,4,1
18121728,7,2,11,3,9
18121729,6,3,5,10,4
18121730,5,7,1,2,3
18121731,8,2,5,4,1
18121732,3,2,4,7,9
18121733,8,3,7,4,11
18121734,11,5,1,9,8
18121735,1,11,10,3,6
18121736,3,11,1,7,10
18121737,11,2,3,5,1
18121738,9,2,1,4,5
18121739,4,11,7,10,8
18121740,5,10,7,11,8
18121741,6,5,4,7,3
18121742,2,5,1,9,8
18121743,7,4,11,3,8
18121744,2,8,1,9,4
18121745,5,6,10,3,2
18121746,10,4,7,5,1
18121747,11,10,6,7,2
18121748,8,1,2,3,5
18121749,5,9,11,6,7
18121750,4,8,5,9,1
18121751,7,8,5,3,10
18121752,4,1,7,8,10
18121753,7,4,11,8,1
18121754,9,1,5,6,4
18121755,8,5,3,2,9
18121756,8,3,5,1,4
18121757,5,2,11,1,9
18121758,6,11,5,1,10
18121759,5,6,1,7,8
18121760,5,11,10,9,4
18121761,1,5,3,10,2
18121762,10,5,6,9,4
18121763,11,4,1,9,5
18121764,4,9,2,1,10
18121765,4,8,2,11,3
18121766,1,6,8,10,5
18121767,10,6,2,1,8
18121768,3,5,8,10,6
18121769,4,8,1,6,3
18121770,8,6,9,5,2
18121771,3,11,4,1,6
18121772,2,3,8,11,9
18121773,4,8,5,3,10
18121774,8,5,2,1,7
18121775,4,11,3,5,1
18121776,9,8,3,4,5
18121777,2,11,6,5,8
18121778,4,6,5,3,10
18121779,2,4,3,7,11
18121780,1,6,8,5,11
18121781,1,11,7,10,4
18121782,4,7,1,11,8
18121783,3,11,5,10,7
18121784,8,3,11,6,9
18121801,9,6,2,3,1
18121802,2,10,7,1,9
18121803,11,10,1,7,4
18121804,3,7,2,1,10
18121805,8,1,5,9,10
18121806,7,1,10,9,3
18121807,6,1,8,4,2
18121808,8,4,10,6,7
18121809,4,2,6,7,3
18121810,2,4,5,7,10
18121811,2,8,7,10,6
18121812,6,10,1,3,7
18121813,9,8,3,1,7
18121814,4,10,3,7,6
18121815,2,3,10,4,8
18121816,9,6,11,4,7
18121817,8,5,7,3,4
18121818,9,3,4,2,1
18121819,5,7,9,3,1
18121820,1,4,9,8,11
18121821,2,10,11,4,9
18121822,10,6,2,3,4
18121823,9,7,3,4,10
18121824,1,5,3,8,7
18121825,10,7,3,5,9
18121826,6,9,5,4,11
18121827,10,7,4,6,11
18121828,11,9,7,3,6
18121829,2,11,9,8,10
18121830,11,10,9,4,2
18121831,2,7,1,5,9
18121832,5,10,11,1,4
18121833,6,2,1,7,3
18121834,11,1,6,4,9
18121835,3,8,9,5,6
18121836,5,8,11,1,9
18121837,11,8,1,7,5
18121838,2,1,7,8,6
18121839,5,4,6,8,9
18121840,7,11,4,1,3
18121841,10,7,4,1,9
18121842,7,1,9,2,8
18121843,10,11,6,7,1
18121844,9,1,6,10,4
18121845,7,5,8,10,9
18121846,10,4,1,6,8
18121847,8,6,3,9,4
18121848,11,7,3,8,6
18121849,10,8,5,2,6
18121850,4,2,3,7,10
18121851,11,7,8,2,1
18121852,10,9,4,11,1
18121853,6,1,9,11,8
18121854,3,4,5,9,10
18121855,11,6,3,1,7
18121856,5,6,3,1,11
18121857,10,9,11,4,6
18121858,7,1,3,4,10
18121859,10,7,4,3,9
18121860,2,7,5,3,6
18121861,8,9,11,7,4
18121862,6,5,7,11,1
18121863,2,10,7,1,5
18121864,3,5,6,7,9
18121865,10,1,11,6,4
18121866,10,9,11,4,6
18121867,9,3,4,1,11
18121868,9,7,5,10,1
18121869,8,11,1,4,9
18121870,9,3,8,5,10
18121871,8,5,9,11,6
18121872,3,9,4,7,8
18121873,9,5,7,1,2
18121874,6,2,5,7,4
18121875,2,7,3,4,10
18121876,7,1,9,4,5
18121877,1,8,6,2,11
18121878,9,10,7,5,2
18121879,9,3,5,8,1
18121880,3,8,9,10,6
18121881,5,1,8,6,10
18121882,10,8,2,6,7
18121883,10,6,4,11,9
18121884,7,8,2,6,4
18121901,1,7,3,10,2
18121902,8,1,10,7,4
18121903,3,9,1,8,6
18121904,5,9,7,11,3
18121905,9,4,7,5,1
18121906,4,11,5,9,8
18121907,9,6,3,10,11
18121908,8,2,6,11,4
18121909,8,2,3,10,7
18121910,2,11,7,3,10
18121911,2,3,5,10,6
18121912,5,2,10,11,6
18121913,9,2,7,3,5
18121914,8,1,2,4,3
18121915,6,9,3,5,10
18121916,9,11,3,10,6
18121917,4,1,6,11,5
18121918,3,7,11,2,9
18121919,10,6,7,1,2
18121920,6,3,7,4,11
18121921,6,2,7,4,9
18121922,9,4,7,11,2
18121923,4,7,9,6,5
18121924,11,1,10,3,7
18121925,3,6,2,4,5
18121926,3,9,10,2,11
18121927,7,3,8,6,4
18121928,5,9,2,6,3
18121929,6,9,2,7,10
18121930,1,11,3,8,6
18121931,7,6,8,3,11
18121932,1,10,6,4,2
18121933,7,6,1,11,2
18121934,3,11,9,10,4
18121935,2,4,7,1,9
18121936,1,4,5,3,9
18121937,3,6,4,8,2
18121938,6,5,1,8,2
18121939,6,10,2,3,1
18121940,2,1,5,4,3
18121941,11,3,6,10,8
18121942,10,3,2,8,9
18121943,8,2,4,1,3
18121944,6,11,9,10,2
18121945,2,1,9,3,7
18121946,5,6,11,1,8
18121947,10,11,7,8,9
18121948,11,10,1,3,9
18121949,7,11,8,6,10
18121950,3,6,4,10,8
18121951,2,5,3,7,9
18121952,9,3,6,4,11
18121953,7,9,8,2,5
18121954,11,2,8,10,7
18121955,9,2,1,11,10
18121956,7,3,8,1,4
18121957,4,8,7,1,11
18121958,7,1,3,11,10
18121959,1,2,10,5,8
18121960,4,10,3,1,5
18121961,5,6,3,11,4
18121962,2,4,3,6,10
18121963,11,3,6,2,9
18121964,1,7,6,10,8
18121965,7,5,4,10,8
18121966,2,6,5,8,3
18121967,8,1,5,2,4
18121968,10,2,7,6,11
18121969,5,8,6,1,4
18121970,6,9,4,10,3
18121971,7,11,2,1,9
18121972,5,2,3,1,9
18121973,5,1,4,10,6
18121974,8,7,4,6,1
18121975,3,7,8,5,9
18121976,3,10,8,6,2
18121977,4,8,5,7,3
18121978,6,9,2,3,5
18121979,10,4,3,9,11
18121980,1,11,4,5,3
18121981,7,9,10,5,6
18121982,5,1,4,11,9
18121983,8,3,4,6,7
18121984,1,8,2,11,5
18122001,10,9,7,5,2
18122002,5,10,7,8,1
18122003,11,1,7,5,2
18122004,10,1,11,5,4
18122005,1,11,5,6,10
18122006,4,2,7,6,10
18122007,2,1,5,10,11
18122008,9,3,11,6,8
18122009,4,1,5,8,7
18122010,10,4,6,9,7
18122011,10,1,5,8,2
18122012,10,4,8,9,7
18122013,2,7,5,6,9
18122014,7,3,1,9,5
18122015,1,6,2,3,4
18122016,7,11,3,10,1
18122017,2,6,8,1,4
18122018,2,6,1,5,9
18122019,10,3,7,2,6
18122020,5,11,9,4,3
18122021,5,7,6,4,2
18122022,9,4,2,7,1
18122023,10,5,9,8,1
18122024,11,3,7,6,1
18122025,8,5,3,1,10
18122026,8,7,5,3,9
18122027,1,6,9,4,2
18122028,10,5,11,6,2
18122029,1,5,7,3,8
18122030,6,11,3,9,5
18122031,11,3,8,6,5
18122032,4,3,9,5,2
18122033,2,3,1,7,9
18122034,3,8,1,10,4
18122035,1,8,7,10,11
18122036,5,9,10,6,4
18122037,11,4,9,5,10
18122038,8,10,3,6,9
18122039,6,1,8,9,4
18122040,9,6,8,1,2
18122041,8,10,2,1,6
18122042,11,10,8,7,4
18122043,5,1,9,6,10
18122044,4,3,5,11,10
18122045,4,6,10,3,9
18122046,1,4,3,7,2
18122047,2,6,1,5,3
18122048,8,10,4,1,2
18122049,8,3,9,11,5
18122050,7,9,5,1,11
18122051,1,2,7,11,9
18122052,8,7,11,5,3
18122053,3,5,8,6,7
18122054,3,4,11,9,5
18122055,2,8,5,3,7
18122056,8,1,11,3,5
18122057,7,4,3,2,10
18122058,4,3,6,8,11
18122059,7,10,3,8,1
18122060,4,5,8,7,11
18122061,10,2,8,7,1
18122062,7,2,1,9,10
18122063,3,6,10,7,4
18122064,10,9,6,2,3
18122065,3,2,4,5,11
18122066,9,3,5,7,4
18122067,10,5,2,6,7
18122068,11,4,6,10,7
18122069,6,5,10,7,4
18122070,7,10,1,2,4
18122071,11,4,1,3,10
18122072,5,4,8,10,6
18122073,7,10,8,6,2
18122074,8,2,5,4,1
18122075,6,7,3,10,2
18122076,5,6,1,10,8
18122077,3,2,4,11,7
18122078,3,2,5,10,9
18122079,11,7,9,6,10
18122080,5,7,1,11,9
18122081,4,8,11,9,1
18122082,2,11,3,8,7
18122083,2,4,7,10,8
18122084,10,6,1,2,3
18122101,6,7,10,9,8
18122102,3,2,9,8,6
18122103,6,1,2,10,11
18122104,4,8,5,7,9
18122105,8,7,5,2,10
18122106,3,7,8,2,1
18122107,6,11,3,4,9
18122108,8,10,1,6,11
18122109,7,9,2,3,1
18122110,9,2,10,5,1
18122111,2,8,5,7,1
18122112,4,7,6,1,8
18122113,2,10,9,3,7
18122114,5,4,2,8,11
18122115,11,7,6,1,9
18122116,9,11,3,5,10
18122117,5,3,7,1,4
18122118,4,3,1,10,9
18122119,6,9,5,10,2
18122120,4,10,1,2,9
18122121,6,4,1,8,5
18122122,1,8,10,6,2
18122123,2,9,10,11,4
18122124,8,3,11,2,7
18122125,11,10,9,4,2
18122126,10,5,6,9,11
18122127,10,9,11,1,8
18122128,1,11,7,10,8
18122129,4,3,8,7,1
18122130,11,7,8,3,2
18122131,2,6,5,9,10
18122132,9,8,4,10,3
18122133,4,3,6,1,10
18122134,1,2,8,6,9
18122135,3,11,9,6,2
18122136,11,9,2,10,1
18122137,9,2,4,1,6
18122138,8,1,4,10,7
18122139,5,10,6,4,8
18122140,6,7,5,11,3
18122141,6,7,4,8,3
18122142,9,7,3,4,10
18122143,4,2,6,11,8
18122144,2,1,3,6,8
18122145,5,7,1,4,9
18122146,6,7,8,1,3
18122147,6,3,5,9,2
18122148,1,2,8,10,4
18122149,9,6,8,5,4
18122150,10,9,7,2,5
18122151,10,9,1,6,3
18122152,11,2,5,1,9
18122153,10,6,2,3,5
18122154,1,6,11,9,7
18122155,6,11,1,2,10
18122156,5,1,11,3,6
18122157,9,8,1,2,4
18122158,10,1,3,6,4
18122159,6,11,4,2,1
18122160,6,4,2,7,11
18122161,5,11,1,3,6
18122162,7,10,11,2,3
18122163,2,6,9,8,1
18122164,6,1,2,9,4
18122165,10,2,7,4,9
18122166,10,4,1,8,6
18122167,8,4,3,5,10
18122168,2,11,5,4,6
18122169,7,10,11,2,6
18122170,11,6,5,7,3
18122171,2,1,4,9,11
18122172,2,8,11,6,7
18122173,10,1,9,8,5
18122174,2,7,9,5,10
18122175,5,1,11,10,7
18122176,10,9,1,6,2
18122177,4,3,11,10,8
18122178,2,4,5,9,1
18122179,7,5,4,2,10
18122180,7,4,11,10,9
18122181,2,7,4,11,10
18122182,7,1,3,4,2
18122183,11,9,5,3,8
18122184,1,11,5,9,4
18122201,4,6,10,1,3
18122202,4,7,10,8,11
18122203,10,1,2,3,11
18122204,1,2,10,6,9
18122205,6,2,3,1,5
18122206,2,4,5,8,9
18122207,3,9,2,7,4
18122208,8,9,7,5,1
18122209,3,8,5,11,10
18122210,1,7,2,6,3
18122211,9,8,2,7,10
18122212,5,4,9,2,6
18122213,8,9,1,6,10
18122214,4,8,10,9,1
18122215,3,5,4,2,1
18122216,6,3,1,9,7
18122217,11,7,6,10,4
18122218,11,5,8,10,1
18122219,11,6,1,3,7
18122220,9,6,11,3,5
18122221,3,9,5,4,7
18122222,5,4,3,6,9
18122223,7,2,6,11,10
18122224,7,5,2,6,9
18122225,6,10,8,4,3
18122226,1,4,2,5,9
18122227,3,8,6,10,4
18122228,11,10,5,4,2
18122229,4,2,6,11,1
18122230,1,11,8,6,10
18122231,6,5,7,10,2
18122232,5,6,9,10,11
18122233,10,4,1,3,8
18122234,11,8,3,5,1
18122235,7,1,9,6,5
18122236,5,3,4,9,7
18122237,9,10,6,2,8
18122238,6,5,1,9,11
18122239,5,9,6,8,10
18122240,8,11,1,6,4
18122241,5,1,8,3,10
18122242,3,7,10,2,4
18122243,3,4,10,9,6
18122244,3,4,11,10,8
18122245,2,9,4,7,11
18122246,5,2,7,11,6
18122247,8,7,9,5,1
18122248,9,8,2,4,7
18122249,4,11,9,6,3
18122250,6,10,4,2,5
18122251,6,3,2,5,8
18122252,5,2,7,9,6
18122253,2,11,4,3,9
18122254,5,11,6,9,10
18122255,7,1,9,3,10
18122256,2,4,11,3,9
18122257,11,8,2,3,4
18122258,4,8,6,1,2
18122259,3,8,5,7,6
18122260,1,3,2,5,7
18122261,3,11,6,1,4
18122262,2,8,6,10,11
18122263,3,4,2,8,5
18122264,1,3,9,5,8
18122265,11,7,5,8,6
18122266,8,7,11,2,3
18122267,8,7,3,5,9
18122268,6,8,3,1,5
18122269,5,4,8,10,3
18122270,7,1,4,6,10
18122271,2,5,7,8,9
18122272,3,9,11,7,1
18122273,6,11,4,8,10
18122274,10,2,9,7,8
18122275,6,4,9,8,5
18122276,1,5,4,9,7
18122277,7,1,5,2,10
18122278,6,1,2,9,10
18122279,5,10,6,9,1
18122280,4,9,7,6,8
18122281,3,9,11,2,1
18122282,10,7,1,9,5
18122283,3,7,4,11,2
18122284,9,5,10,7,3
18122301,7,3,9,11,8
18122302,8,6,11,10,4
18122303,8,7,10,5,2
18122304,4,6,8,3,9
18122305,11,4,9,10,5
18122306,7,5,9,2,3
18122307,6,5,8,10,7
18122308,11,9,5,6,2
18122309,8,2,5,9,11
18122310,2,8,7,10,1
18122311,7,8,9,6,5
18122312,3,10,1,7,8
18122313,9,3,11,1,4
18122314,11,5,7,4,8
18122315,8,4,11,7,3
18122316,5,9,11,10,6
18122317,10,11,5,2,4
18122318,1,10,7,6,8
18122319,5,6,8,9,7
18122320,10,8,9,6,2
18122321,4,11,8,7,2
18122322,10,11,9,8,5
18122323,5,10,8,2,7
18122324,6,3,4,11,8
18122325,9,6,8,2,7
18122326,1,3,2,9,7
18122327,2,5,7,6,9
18122328,3,5,10,6,1
18122329,10,9,6,4,1
18122330,10,5,11,7,8
18122331,8,11,10,6,1
18122332,2,9,3,10,1
18122333,5,8,3,9,10
18122334,3,1,7,6,4
18122335,7,3,5,9,2
18122336,4,1,11,9,10
18122337,6,3,9,4,2
18122338,5,7,10,1,2
18122339,4,3,5,9,2
18122340,8,3,6,5,10
18122341,6,1,8,3,10
18122342,4,3,8,10,9
18122343,7,3,9,8,10
18122344,4,10,2,5,11
18122345,10,8,9,4,1
18122346,2,6,3,4,5
18122347,7,4,11,2,9
18122348,8,11,6,9,1
18122349,11,7,5,6,3
18122350,10,4,1,6,5
18122351,3,1,11,9,4
18122352,9,11,8,3,1
18122353,7,8,10,9,11
18122354,1,9,4,8,7
18122355,10,6,4,8,3
18122356,5,7,3,9,11
18122357,3,4,7,11,8
18122358,10,6,5,8,9
18122359,11,1,3,10,2
18122360,5,9,11,6,8
18122361,5,9,8,1,2
18122362,10,7,4,8,5
18122363,4,7,1,2,5
18122364,7,5,9,11,8
18122365,1,11,4,9,5
18122366,5,3,9,11,7
18122367,9,10,8,5,6
18122368,6,11,4,1,10
18122369,3,6,10,2,9
18122370,5,1,11,6,3
18122371,9,8,4,5,1
18122372,8,6,9,7,5
18122373,2,3,7,8,11
18122374,7,9,2,4,5
18122375,7,3,10,11,9
18122376,3,10,6,9,7
18122377,10,7,5,4,2
18122378,6,5,2,4,10
18122379,5,11,1,3,4
18122380,7,10,1,2,11
18122381,1,6,5,9,2
18122382,10,11,3,1,8
18122383,3,11,7,1,5
18122384,8,7,9,5,11
18122401,5,6,4,11,9
18122402,1,6,10,8,11
18122403,2,6,9,5,10
18122404,6,8,11,3,4
18122405,5,7,3,9,8
18122406,1,7,10,5,8
18122407,5,10,1,4,3
18122408,9,2,3,10,11
18122409,8,6,1,10,5
18122410,5,8,4,3,1
18122411,4,11,10,7,9
18122412,6,2,1,5,10
18122413,11,1,10,2,5
18122414,2,1,3,4,11
18122415,9,7,6,11,1
18122416,2,8,6,7,11
18122417,4,1,8,9,10
18122418,9,8,2,11,1
18122419,8,3,1,2,10
18122420,10,6,5,7,3
18122421,9,10,7,2,11
18122422,2,3,1,8,9
18122423,4,1,8,5,10
18122424,3,1,10,11,5
18122425,1,7,11,10,8
18122426,1,8,10,2,4
18122427,9,5,2,6,4
18122428,4,11,3,6,5
18122429,3,1,10,8,6
18122430,1,6,3,11,2
18122431,8,2,4,6,11
18122432,7,4,3,5,8
18122433,2,7,8,6,3
18122434,7,2,6,3,8
18122435,1,9,5,8,4
18122436,6,9,7,3,5
18122437,10,7,4,2,1
18122438,5,9,6,11,7
18122439,5,11,7,2,10
18122440,4,7,10,9,11
18122441,5,9,4,1,10
18122442,1,5,3,9,11
18122443,4,11,10,2,1
18122444,5,3,1,11,2
18122445,10,3,2,1,7
18122446,1,4,2,5,8
18122447,10,8,2,3,9
18122448,3,9,4,1,6
18122449,9,1,5,7,10
18122450,8,3,7,1,5
18122451,5,11,6,7,1
18122452,4,11,10,7,8
18122453,11,5,8,3,2
18122454,6,8,9,11,7
18122455,7,6,11,4,5
18122456,8,3,7,10,6
18122457,5,6,11,3,2
18122458,9,7,5,11,2
18122459,7,8,9,6,4
18122460,5,10,6,11,2
18122461,11,6,7,2,8
18122462,6,11,10,2,8
18122463,7,5,3,10,6
18122464,4,10,7,9,11
18122465,3,10,11,2,6
18122466,2,5,11,9,1
18122467,7,5,1,8,9
18122468,10,6,2,11,8
18122469,4,2,8,5,1
18122470,7,6,2,8,9
18122471,9,4,6,10,5
18122472,1,5,6,10,2
18122473,3,7,1,11,5
18122474,1,11,7,9,6
18122475,5,4,11,6,3
18122476,8,4,7,1,3
18122477,4,9,1,2,6
18122478,5,10,11,9,3
18122479,2,6,10,7,4
18122480,10,9,1,4,11
18122481,9,7,4,6,8
18122482,11,5,4,8,6
18122483,9,5,8,3,6
18122484,5,10,11,8,7
18122501,8,3,5,4,7
18122502,11,5,2,10,8
18122503,3,1,6,4,10
18122504,9,4,5,11,1
18122505,3,6,8,7,10
18122506,7,5,9,3,11
18122507,7,2,3,6,8
18122508,9,2,3,11,6
18122509,9,8,11,1,7
18122510,7,11,2,1,9
18122511,5,9,7,11,8
18122512,2,7,5,3,8
18122513,11,3,1,5,8
18122514,10,4,5,7,11
18122515,9,10,6,2,3
18122516,10,5,11,6,3
18122517,7,8,5,1,9
18122518,2,10,1,6,8
18122519,4,8,3,2,10
18122520,8,2,5,7,6
18122521,6,11,2,7,8
18122522,9,6,11,1,3
18122523,9,5,3,1,6
18122524,1,5,8,6,9
18122525,10,8,1,3,2
18122526,7,2,4,10,1
18122527,9,10,5,1,8
18122528,1,5,4,9,10
18122529,10,5,9,4,8
18122530,11,10,3,1,8
18122531,6,3,9,1,5
18122532,4,10,1,3,7
18122533,9,1,3,8,4
18122534,6,11,10,4,8
18122535,9,8,3,6,10
18122536,9,2,5,1,11
18122537,1,8,3,5,9
18122538,10,8,4,9,1
18122539,11,3,7,5,2
18122540,7,11,4,5,3
18122541,4,5,1,8,7
18122542,7,5,4,11,1
18122543,3,6,4,1,2
18122544,9,1,6,3,8
18122545,4,6,8,5,1
18122546,4,8,2,9,6
18122547,1,5,9,6,4
18122548,11,8,10,9,2
18122549,10,8,5,4,1
18122550,6,5,11,3,1
18122551,10,8,4,3,1
18122552,9,1,10,7,2
18122553,5,2,8,3,7
18122554,5,1,6,2,9
18122555,3,6,7,11,5
18122556,1,2,9,7,3
18122557,2,8,10,4,9
18122558,3,8,11,5,7
18122559,9,3,10,7,4
18122560,5,1,8,9,2
18122561,2,7,1,4,5
18122562,10,9,2,8,5
18122563,3,7,9,1,4
18122564,1,7,3,2,8
18122565,11,3,4,5,8
18122566,10,11,6,1,3
18122567,5,7,9,10,6
18122568,4,10,11,7,5
18122569,9,3,6,2,11
18122570,2,5,3,7,6
18122571,9,6,4,10,3
18122572,2,11,3,9,4
18122573,2,1,7,8,4
18122574,9,4,10,2,3
18122575,2,11,8,1,3
18122576,9,2,8,5,7
18122577,6,3,11,7,2
18122578,11,1,2,8,9
18122579,1,7,10,6,5
18122580,5,10,9,2,6
18122581,9,3,1,5,11
18122582,6,9,1,7,4
18122583,7,9,5,4,3
18122584,5,11,10,6,8
18122601,10,9,11,6,4
18122602,4,1,5,9,6
18122603,5,3,4,9,1
18122604,9,11,10,8,4
18122605,7,10,9,5,1
18122606,1,6,5,7,9
18122607,1,4,6,11,9
18122608,9,8,6,11,3
18122609,1,8,9,11,2
18122610,4,10,2,3,7
18122611,3,1,7,5,8
18122612,4,10,5,11,8
18122613,9,2,1,8,3
18122614,9,1,5,3,7
18122615,4,7,9,5,1
18122616,9,2,6,5,10
18122617,10,5,1,8,11
18122618,7,4,6,5,3
18122619,1,8,4,7,5
18122620,11,2,3,7,6
18122621,6,10,9,5,1
18122622,7,9,6,11,10
18122623,7,4,8,5,2
18122624,6,8,3,9,2
18122625,10,3,9,1,7
18122626,4,1,2,9,7
18122627,2,6,1,10,5
18122628,2,3,1,11,4
18122629,2,7,4,8,9
18122630,5,4,7,10,6
18122631,4,2,7,1,3
18122632,7,5,6,9,8
18122633,3,6,2,10,1
18122634,5,10,6,3,9
18122635,2,3,7,9,10
18122636,1,5,2,9,3
18122637,8,3,9,4,11
18122638,1,7,2,5,4
18122639,2,3,8,6,7
18122640,1,7,10,5,2
18122641,9,10,8,5,4
18122642,11,4,2,10,8
18122643,9,6,10,8,5
18122644,6,8,5,11,4
18122645,8,4,3,9,11
18122646,10,4,9,1,8
18122647,3,9,5,8,1
18122648,5,10,3,9,1
18122649,6,9,3,7,2
18122650,6,8,10,2,4
18122651,10,2,6,8,3
18122652,11,1,10,9,3
18122653,10,8,9,7,5
18122654,2,3,8,11,5
18122655,1,8,4,9,10
18122656,3,11,4,6,7
18122657,10,5,1,7,8
18122658,3,5,10,8,11
18122659,11,7,6,1,3
18122660,7,6,4,2,1
18122661,2,5,11,8,10
18122662,3,5,6,11,10
18122663,5,8,10,2,7
18122664,11,10,5,3,6
18122665,8,3,6,9,4
18122666,5,8,9,4,10
18122667,4,3,1,10,2
18122668,7,10,5,1,11
18122669,1,2,4,3,11
18122670,7,6,9,1,10
18122671,1,9,3,7,4
18122672,6,8,2,4,7
18122673,3,9,4,6,8
18122674,3,6,8,10,2
18122675,5,6,11,3,1
18122676,1,7,4,5,9
18122677,5,9,4,2,3
18122678,3,2,6,7,8
18122679,11,6,5,3,2
18122680,10,6,7,8,9
18122681,5,9,4,10,11
18122682,8,6,11,1,4
18122683,8,4,1,9,11
18122684,5,10,7,9,11
18122701,9,7,3,8,10
18122702,4,7,2,6,3
18122703,10,2,3,4,8
18122704,2,11,5,6,8
18122705,8,3,10,1,9
18122706,5,10,1,8,3
18122707,10,11,4,8,9
18122708,4,11,2,6,5
18122709,5,6,1,8,9
18122710,11,6,8,5,4
18122711,3,10,2,6,1
18122712,8,9,2,10,7
18122713,9,7,2,5,8
18122714,7,4,8,1,11
18122715,2,10,4,3,9
18122716,9,5,1,11,10
18122717,4,5,11,6,7
18122718,8,1,9,3,11
18122719,2,3,7,9,11
18122720,5,1,6,7,11
18122721,1,4,3,7,9
18122722,5,6,7,11,9
18122723,7,4,11,5,3
18122724,11,2,5,7,3
18122725,11,7,2,5,10
18122726,7,3,9,6,2
18122727,4,11,9,5,7
18122728,11,5,9,8,3
18122729,8,11,4,5,1
18122730,6,11,8,9,2
18122731,2,9,3,11,6
18122732,1,8,5,10,4
18122733,3,8,1,2,5
18122734,11,2,3,4,7
18122735,10,6,8,9,7
18122736,4,3,11,1,5
18122737,11,3,2,1,7
18122738,4,6,2,10,8
18122739,7,9,4,6,2
18122740,3,4,9,10,7
18122741,10,11,2,6,5
18122742,11,4,5,9,1
18122743,5,6,8,3,9
18122744,1,5,3,10,8
18122745,6,11,1,2,7
18122746,9,3,4,10,11
18122747,4,7,11,10,9
18122748,3,11,6,4,8
18122749,8,11,7,10,4
18122750,10,3,5,6,4
18122751,7,4,3,8,1
18122752,7,4,5,9,10
18122753,7,1,9,11,6
18122754,1,10,2,6,4
18122755,11,7,9,2,1
18122756,4,5,1,6,8
18122757,11,7,6,1,4
18122758,2,3,9,5,7
18122759,11,9,3,10,4
18122760,4,7,3,1,8
18122761,3,7,2,11,10
18122762,10,9,2,1,11
18122763,1,6,10,7,2
18122764,5,4,9,10,1
18122765,9,3,2,1,10
18122766,9,2,11,8,3
18122767,5,8,1,7,3
18122768,8,5,6,1,2
18122769,5,10,4,7,8
18122770,5,3,6,7,11
18122771,7,10,2,4,3
18122772,7,2,9,6,3
18122773,6,2,8,9,7
18122774,4,5,7,9,10
18122775,11,6,8,7,9
18122776,3,2,5,10,11
18122777,11,5,3,8,9
18122778,2,9,11,1,10
18122779,7,3,1,5,11
18122780,5,11,3,1,9
18122781,1,9,6,2,4
18122782,2,6,10,1,8
18122783,1,6,4,7,3
18122784,1,2,6,11,3
18122801,9,11,7,4,6
18122802,10,11,3,4,2
18122803,4,2,7,3,10
18122804,9,6,4,11,7
18122805,9,5,7,4,10
18122806,6,3,4,9,8
18122807,3,4,5,8,9
18122808,4,7,1,6,2
18122809,10,5,1,6,3
18122810,11,2,9,1,4
18122811,2,5,8,4,10
18122812,3,5,1,11,6
18122813,10,11,4,9,3
18122814,1,9,3,10,4
18122815,2,7,11,6,4
18122816,1,6,7,9,3
18122817,6,5,9,2,7
18122818,7,5,1,4,8
18122819,8,7,3,10,9
18122820,7,10,2,5,8
18122821,10,6,8,11,5
18122822,7,2,1,6,10
18122823,11,3,4,5,6
18122824,8,3,11,10,2
18122825,1,7,5,6,3
18122826,6,10,1,9,3
18122827,10,3,11,2,6
18122828,3,1,7,11,10
18122829,8,9,2,6,7
18122830,1,10,6,2,8
18122831,1,2,9,5,7
18122832,11,9,1,6,10
18122833,6,7,4,8,10
18122834,4,11,3,6,9
18122835,4,9,3,11,1
18122836,5,11,9,7,6
18122837,11,3,7,9,2
18122838,10,11,8,1,2
18122839,5,6,4,7,3
18122840,4,5,3,9,10
18122841,3,6,11,4,8
18122842,4,5,1,9,10
18122843,2,3,10,4,8
18122844,4,3,6,10,11
18122845,10,1,6,9,8
18122846,9,6,8,1,7
18122847,2,7,6,9,8
18122848,5,10,4,8,6
18122849,9,4,6,3,5
18122850,8,4,2,10,5
18122851,7,4,2,3,5
18122852,5,6,2,11,9
18122853,1,3,9,7,5
18122854,2,9,3,6,11
18122855,2,8,4,10,1
18122856,10,4,6,3,5
18122857,2,6,8,10,7
18122858,2,9,10,4,1
18122859,9,10,7,2,8
18122860,11,1,2,4,10
18122861,10,2,11,8,9
18122862,6,3,5,7,4
18122863,3,9,11,2,7
18122864,7,3,5,11,6
18122865,3,7,5,4,9
18122866,1,5,6,7,2
18122867,8,10,2,9,5
18122868,8,9,2,11,1
18122869,2,6,8,10,11
18122870,9,4,2,3,10
18122871,1,11,6,3,10
18122872,5,1,2,9,10
18122873,2,7,8,3,9
18122874,2,8,9,10,5
18122875,3,6,11,2,8
18122876,2,6,4,5,11
18122877,11,4,5,8,1
18122878,7,11,9,1,2
18122879,6,8,1,7,3
18122880,6,9,8,1,2
18122881,9,3,4,8,2
18122882,7,6,4,10,1
18122883,4,11,8,6,9
18122884,1,3,4,2,9
18122901,8,10,4,11,2
18122902,6,1,11,9,4
18122903,5,3,2,7,10
18122904,1,5,9,4,7
18122905,11,2,8,10,5
18122906,4,1,3,9,10
18122907,4,7,5,1,10
18122908,5,9,1,8,6
18122909,3,8,2,9,6
18122910,9,7,3,6,4
18122911,7,6,4,5,2
18122912,6,9,7,11,4
18122913,1,2,5,9,7
18122914,10,5,11,6,1
18122915,9,3,2,1,7
18122916,2,9,7,3,4
18122917,11,6,8,7,4
18122918,6,5,4,2,10
18122919,11,6,9,1,2
18122920,11,2,6,7,5
18122921,10,3,1,5,4
18122922,2,11,4,9,3
18122923,2,7,9,6,5
18122924,11,9,4,8,5
18122925,7,8,11,3,5
18122926,4,9,2,3,10
18122927,5,1,3,2,7
18122928,6,11,7,4,10
18122929,1,2,5,9,11
18122930,4,8,6,9,11
18122931,6,3,9,7,2
18122932,10,8,6,1,5
18122933,3,5,4,2,10
18122934,10,2,9,8,3
18122935,11,8,2,7,5
18122936,5,4,1,2,8
18122937,3,10,4,5,7
18122938,10,5,1,8,3
18122939,7,4,11,8,9
18122940,1,4,11,6,8
18122941,9,10,8,5,6
18122942,8,9,10,3,6
18122943,11,4,6,9,2
18122944,3,7,11,8,5
18122945,6,8,7,11,1
18122946,3,6,8,5,11
18122947,2,1,7,8,5
18122948,3,2,1,6,8
18122949,5,9,8,11,7
18122950,2,10,1,4,11
18122951,7,6,2,1,9
18122952,6,10,7,1,5
18122953,11,8,5,7,6
18122954,5,8,11,4,6
18122955,11,1,2,5,10
18122956,3,11,5,7,6
18122957,7,2,8,4,11
18122958,5,8,3,9,11
18122959,10,2,4,11,9
18122960,3,7,8,11,9
18122961,1,10,2,3,6
18122962,10,5,3,11,1
18122963,7,4,5,11,8
18122964,6,3,8,5,11
18122965,7,4,1,9,2
18122966,1,8,4,6,5
18122967,10,4,7,11,5
18122968,4,6,8,2,7
18122969,8,5,3,9,6
18122970,2,11,3,4,9
18122971,6,5,11,4,2
18122972,9,1,2,6,4
18122973,2,7,6,5,9
18122974,1,10,7,11,3
18122975,7,5,2,6,8
18122976,7,5,6,10,8
18122977,11,10,5,4,3
18122978,7,6,1,5,9
18122979,5,9,10,7,8
18122980,6,7,11,4,9
18122981,8,5,9,3,10
18122982,7,5,8,2,4
18122983,2,1,10,5,4
18122984,6,9,10,2,4
18123001,5,7,3,2,9
18123002,2,7,11,1,10
18123003,8,4,5,9,3
18123004,9,1,5,3,4
18123005,10,5,3,8,2
18123006,3,4,6,7,2
18123007,5,1,6,7,9
18123008,4,7,8,9,5
18123009,11,9,10,7,3
18123010,7,11,10,4,3
18123011,2,11,1,5,8
18123012,8,9,11,5,7
18123013,5,1,11,2,10
18123014,8,4,7,10,11
18123015,10,5,4,7,2
18123016,11,6,10,1,3
18123017,10,7,8,1,5
18123018,7,10,3,2,9
18123019,6,11,1,2,10
18123020,5,11,9,7,3
18123021,4,3,1,9,7
18123022,10,4,11,5,2
18123023,11,7,2,4,5
18123024,7,8,2,10,4
18123025,1,2,6,8,5
18123026,10,3,4,11,1
18123027,4,6,1,7,8
18123028,6,10,1,4,8
18123029,8,6,9,5,2
18123030,10,7,8,2,11
18123031,10,3,7,8,11
18123032,8,5,6,9,11
18123033,11,5,1,6,2
18123034,4,9,6,7,2
18123035,1,11,8,5,2
18123036,9,5,2,11,1
18123037,4,11,7,9,5
18123038,3,9,5,8,1
18123039,5,7,8,10,1
18123040,1,6,10,2,9
18123041,11,4,6,9,5
18123042,8,3,10,4,6
18123043,9,2,5,6,7
18123044,11,7,6,2,3
18123045,8,2,9,3,10
18123046,10,11,7,5,8
18123047,10,2,4,6,11
18123048,3,7,6,5,11
18123049,7,1,10,8,9
18123050,1,3,7,11,4
18123051,10,8,11,2,3
18123052,5,4,8,3,6
18123053,1,7,9,10,5
18123054,5,7,11,3,2
18123055,11,9,5,10,3
18123056,2,9,8,11,4
18123057,3,8,7,2,4
18123058,9,3,8,2,10
18123059,5,1,2,3,10
18123060,7,10,11,5,1
18123061,10,2,5,1,6
18123062,9,7,10,8,1
18123063,11,9,7,10,8
18123064,5,10,6,1,4
18123065,7,4,6,1,8
18123066,10,8,1,4,7
18123067,10,8,7,11,1
18123068,1,5,7,2,6
18123069,8,3,6,2,11
18123070,11,9,5,3,2
18123071,9,2,8,4,11
18123072,7,4,11,2,3
18123073,1,11,3,9,4
18123074,2,6,9,1,11
18123075,7,4,1,10,9
18123076,7,10,1,2,3
18123077,9,4,5,3,2
18123078,6,10,3,4,5
18123079,4,7,1,10,6
18123080,5,7,9,8,1
18123081,3,5,7,10,2
18123082,3,2,7,11,5
18123083,1,7,8,5,3
18123084,5,10,6,1,7
18123101,4,3,10,8,5
18123102,6,3,8,9,2
18123103,9,11,4,3,6
18123104,3,4,9,7,2
18123105,8,3,2,11,7
18123106,2,11,1,4,9
18123107,9,6,7,3,10
18123108,11,8,4,7,2
18123109,6,9,4,11,5
18123110,9,7,11,1,6
18123111,1,3,4,6,9
18123112,8,3,10,6,5
18123113,7,4,5,9,8
18123114,11,2,1,6,10
18123115,1,2,5,7,3
18123116,8,5,4,11,2
18123117,7,10,5,2,4
18123118,9,11,8,5,3
18123119,6,9,4,10,11
18123120,9,8,7,5,6
18123121,8,10,11,9,4
18123122,3,6,7,5,10
18123123,8,5,4,3,10
18123124,6,1,7,5,2
18123125,4,9,11,6,7
18123126,2,9,5,11,8
18123127,6,8,5,2,11
18123128,6,5,4,7,8
18123129,11,9,8,6,2
18123130,4,11,9,2,3
18123131,2,11,4,10,5
18123132,2,8,11,7,6
18123133,9,2,4,11,10
18123134,6,5,9,8,2
18123135,10,9,8,7,5
18123136,4,3,6,1,10
18123137,1,10,7,3,8
18123138,9,8,1,5,3
18123139,7,3,2,4,8
18123140,5,2,6,4,3
18123141,11,6,8,3,9
18123142,4,1,8,9,3
18123143,11,9,10,1,6
18123144,6,7,8,1,3
18123145,7,9,5,1,11
18123146,3,2,6,4,8
18123147,11,1,10,2,3
18123148,5,8,9,1,6
18123149,1,7,3,6,10
18123150,11,1,5,10,4
18123151,8,2,1,5,9
18123152,1,3,10,4,8
18123153,3,11,10,8,4
18123154,7,6,10,8,11
18123155,4,3,9,7,6
18123156,3,1,10,6,9
18123157,5,1,10,11,7
18123158,7,6,1,2,10
18123159,7,5,2,10,1
18123160,2,1,6,3,7
18123161,1,5,6,10,3
18123162,6,4,9,5,7
18123163,8,5,6,7,11
18123164,7,3,5,1,8
18123165,4,11,1,9,7
18123166,3,1,6,4,11
18123167,10,9,5,3,4
18123168,10,1,6,7,9
18123169,8,5,9,3,6
18123170,1,8,10,5,4
18123171,7,1,10,8,5
18123172,4,1,11,3,2
18123173,11,5,9,1,2
18123174,5,9,8,10,11
18123175,10,9,3,5,8
18123176,11,6,10,2,4
18123177,11,3,1,6,8
18123178,8,5,1,6,7
18123179,4,6,9,1,2
18123180,6,10,4,5,3
18123181,3,11,7,4,6
18123182,4,7,8,3,1
18123183,10,2,11,3,8
18123184,10,8,3,11,7
