18060101,9,7,11,8,2
18060102,9,10,7,5,2
18060103,9,3,7,11,8
18060104,5,7,9,6,8
18060105,10,3,9,2,5
18060106,9,8,4,1,11
18060107,4,5,6,2,9
18060108,8,5,1,4,7
18060109,6,5,4,2,8
18060110,11,7,1,9,2
18060111,5,7,1,8,6
18060112,9,1,3,4,7
18060113,11,4,3,6,10
18060114,2,6,9,7,8
18060115,11,3,2,10,9
18060116,9,7,4,6,2
18060117,5,7,10,1,4
18060118,2,3,4,5,7
18060119,4,11,5,2,9
18060120,5,6,11,7,10
18060121,10,4,3,1,9
18060122,3,7,10,8,9
18060123,3,4,2,8,5
18060124,1,11,4,3,10
18060125,2,8,10,6,1
18060126,2,9,10,8,1
18060127,5,2,10,4,1
18060128,5,8,9,10,11
18060129,10,9,1,11,3
18060130,11,3,5,8,7
18060131,3,5,9,2,7
18060132,9,1,4,7,8
18060133,9,4,8,10,3
18060134,8,3,6,7,1
18060135,10,8,3,2,11
18060136,7,4,8,10,2
18060137,3,6,10,11,5
18060138,6,1,2,11,7
18060139,7,11,1,5,8
18060140,1,2,9,6,5
18060141,10,9,11,4,5
18060142,2,3,11,7,9
18060143,8,9,1,10,11
18060144,5,1,6,7,8
18060145,9,5,7,6,10
18060146,8,2,3,1,5
18060147,9,3,1,8,11
18060148,11,5,1,3,9
18060149,6,9,2,10,8
18060150,6,9,4,2,5
18060151,4,1,7,2,11
18060152,11,1,3,8,9
18060153,11,10,9,8,6
18060154,3,1,11,10,8
18060155,7,8,10,3,11
18060156,7,6,1,9,2
18060157,5,7,6,11,10
18060158,7,5,1,6,8
18060159,3,6,2,4,1
18060160,6,3,2,10,11
18060161,2,4,7,9,8
18060162,11,4,10,2,7
18060163,4,11,5,6,8
18060164,6,5,11,3,1
18060165,3,10,9,11,1
18060166,11,7,6,1,4
18060167,4,9,8,11,5
18060168,11,4,3,7,6
18060169,5,7,11,1,3
18060170,5,6,8,7,4
18060171,1,2,8,3,7
18060172,10,2,11,1,8
18060173,5,3,9,6,8
18060174,6,2,1,5,7
18060175,10,6,2,5,3
18060176,8,7,6,5,4
18060177,1,10,11,2,5
18060178,10,8,9,2,6
18060179,11,2,9,4,6
18060180,1,2,7,10,5
18060181,8,11,1,5,7
18060182,6,10,7,4,1
18060183,9,8,1,6,2
18060184,7,9,10,2,4
18060201,9,3,7,8,4
18060202,1,5,10,6,3
18060203,7,8,5,6,11
18060204,10,6,5,1,11
18060205,6,11,7,4,10
18060206,3,9,7,10,1
18060207,6,4,7,3,1
18060208,2,10,3,5,1
18060209,10,4,2,8,7
18060210,4,7,8,9,3
18060211,8,5,1,9,10
18060212,6,1,5,8,7
18060213,10,4,5,8,3
18060214,10,6,11,5,3
18060215,6,9,4,3,11
18060216,2,5,6,9,1
18060217,3,6,8,4,2
18060218,3,1,9,2,7
18060219,5,7,6,8,2
18060220,5,8,11,10,2
18060221,8,10,2,4,11
18060222,7,1,5,4,6
18060223,6,2,3,1,11
18060224,6,7,4,2,1
18060225,6,4,1,10,9
18060226,6,8,1,11,5
18060227,9,3,10,7,8
18060228,7,11,3,1,5
18060229,11,8,3,5,1
18060230,5,11,9,2,8
18060231,2,10,8,7,4
18060232,11,1,5,3,10
18060233,7,2,6,4,1
18060234,9,2,5,1,7
18060235,1,9,11,2,5
18060236,9,4,2,7,6
18060237,9,5,6,4,7
18060238,6,2,3,9,4
18060239,6,7,10,3,8
18060240,1,7,6,10,9
18060241,5,1,6,2,10
18060242,4,9,3,6,11
18060243,7,11,8,10,4
18060244,9,2,11,6,4
18060245,11,5,1,10,8
18060246,3,6,8,2,4
18060247,3,6,9,1,8
18060248,1,3,2,11,6
18060249,8,5,3,1,10
18060250,3,1,4,8,11
18060251,11,7,3,6,1
18060252,3,6,10,2,5
18060253,8,5,1,6,9
18060254,6,3,1,8,2
18060255,4,1,5,9,2
18060256,2,3,10,7,6
18060257,4,3,1,5,8
18060258,9,4,11,2,8
18060259,6,5,11,1,4
18060260,4,5,8,7,10
18060261,11,4,7,5,8
18060262,4,6,11,1,3
18060263,1,6,7,4,5
18060264,11,10,8,3,1
18060265,7,10,5,1,6
18060266,9,1,6,11,10
18060267,7,3,6,8,2
18060268,7,11,5,8,1
18060269,10,6,3,7,4
18060270,1,3,6,7,2
18060271,1,9,2,5,11
18060272,10,6,9,1,11
18060273,9,7,6,10,3
18060274,9,3,4,6,11
18060275,5,9,2,11,3
18060276,1,9,11,7,3
18060277,6,11,7,4,1
18060278,3,7,4,2,9
18060279,6,10,5,11,7
18060280,9,4,10,11,8
18060281,11,10,7,4,2
18060282,9,5,8,7,3
18060283,7,9,5,8,1
18060284,10,9,2,11,1
18060301,2,9,6,7,1
18060302,3,8,5,1,6
18060303,4,9,5,3,1
18060304,6,11,4,7,1
18060305,1,5,7,2,11
18060306,1,9,5,6,11
18060307,4,5,1,8,10
18060308,11,3,5,1,2
18060309,8,9,3,2,7
18060310,6,7,10,8,2
18060311,9,7,6,10,11
18060312,1,5,4,9,7
18060313,2,6,8,7,4
18060314,7,5,9,4,10
18060315,9,3,6,5,11
18060316,8,10,7,6,4
18060317,3,8,7,1,5
18060318,10,7,4,5,2
18060319,7,11,6,3,9
18060320,3,2,9,8,11
18060321,6,1,9,8,11
18060322,3,11,5,9,2
18060323,3,11,7,8,2
18060324,7,9,6,8,3
18060325,3,9,4,10,7
18060326,9,7,4,10,8
18060327,5,2,10,9,7
18060328,4,11,10,5,1
18060329,2,4,10,3,11
18060330,4,7,1,2,8
18060331,8,5,3,6,1
18060332,11,8,7,10,9
18060333,3,1,4,5,11
18060334,4,6,9,1,5
18060335,4,3,6,8,2
18060336,10,1,11,5,4
18060337,5,7,3,10,1
18060338,8,7,1,9,2
18060339,7,3,9,8,2
18060340,9,11,2,6,5
18060341,10,6,1,3,7
18060342,3,6,11,2,9
18060343,10,9,3,7,2
18060344,8,1,6,7,11
18060345,2,3,7,11,8
18060346,9,1,6,3,2
18060347,4,11,5,1,10
18060348,8,6,3,11,2
18060349,10,6,3,7,2
18060350,8,1,2,9,11
18060351,11,9,1,10,4
18060352,2,7,9,8,11
18060353,9,7,8,11,3
18060354,1,2,6,4,8
18060355,8,2,3,11,10
18060356,8,3,6,1,11
18060357,3,9,7,2,11
18060358,2,5,11,1,3
18060359,9,4,6,7,5
18060360,11,5,6,2,9
18060361,10,11,6,5,2
18060362,3,11,6,1,5
18060363,5,4,3,7,2
18060364,9,4,1,8,10
18060365,5,6,2,9,8
18060366,6,1,7,8,5
18060367,7,4,9,11,5
18060368,11,10,1,9,4
18060369,10,3,4,6,7
18060370,2,5,9,4,6
18060371,1,9,2,4,8
18060372,5,4,3,11,2
18060373,8,2,4,11,9
18060374,5,3,1,9,2
18060375,9,3,11,7,4
18060376,9,6,10,1,5
18060377,9,1,6,5,4
18060378,6,5,4,7,3
18060379,2,11,6,4,8
18060380,4,3,1,11,5
18060381,2,7,10,5,3
18060382,1,3,6,10,11
18060383,6,4,9,1,2
18060384,2,8,9,6,4
18060401,6,9,3,10,5
18060402,7,3,2,9,1
18060403,1,5,3,2,8
18060404,4,7,11,5,3
18060405,1,4,5,7,3
18060406,1,9,11,8,4
18060407,3,11,7,4,5
18060408,7,1,5,4,3
18060409,2,6,4,9,11
18060410,7,2,6,10,5
18060411,2,1,4,7,9
18060412,3,6,2,4,1
18060413,1,4,9,7,5
18060414,3,7,5,2,10
18060415,7,10,11,6,1
18060416,11,2,6,10,9
18060417,10,9,1,6,7
18060418,3,7,2,11,10
18060419,9,1,6,3,10
18060420,7,11,3,9,6
18060421,1,11,6,3,9
18060422,11,3,4,1,6
18060423,7,10,4,8,11
18060424,4,9,3,5,10
18060425,4,9,6,2,3
18060426,11,8,10,2,7
18060427,11,6,4,1,2
18060428,10,1,7,5,6
18060429,4,5,1,8,2
18060430,9,3,7,2,4
18060431,5,3,10,4,9
18060432,5,1,4,2,3
18060433,6,4,2,5,8
18060434,9,11,10,7,8
18060435,6,9,5,3,2
18060436,11,9,10,5,7
18060437,10,7,9,5,8
18060438,5,3,9,8,6
18060439,5,10,6,11,1
18060440,9,1,6,10,3
18060441,3,6,1,11,5
18060442,11,8,1,10,5
18060443,6,9,10,7,11
18060444,7,10,3,11,4
18060445,5,4,2,7,1
18060446,8,3,5,4,9
18060447,4,6,10,9,3
18060448,1,4,7,2,3
18060449,8,11,4,7,10
18060450,6,5,3,4,1
18060451,3,6,2,7,1
18060452,6,4,7,10,8
18060453,7,3,11,8,1
18060454,9,6,3,8,10
18060455,2,7,6,11,5
18060456,2,5,6,9,10
18060457,2,7,5,11,10
18060458,8,6,11,5,3
18060459,7,5,10,1,3
18060460,9,4,8,10,5
18060461,6,1,9,11,2
18060462,10,4,9,8,11
18060463,5,1,11,4,2
18060464,6,1,5,2,11
18060465,7,8,4,5,6
18060466,2,4,6,8,7
18060467,6,2,1,9,3
18060468,3,6,8,4,11
18060469,1,6,9,10,2
18060470,2,4,6,8,11
18060471,7,6,3,9,10
18060472,3,6,4,9,2
18060473,2,1,10,6,4
18060474,8,7,5,6,4
18060475,6,7,9,5,11
18060476,6,3,10,8,9
18060477,3,4,6,10,5
18060478,6,3,9,5,8
18060479,5,7,6,8,10
18060480,8,4,6,10,3
18060481,5,10,11,7,6
18060482,9,8,11,7,5
18060483,4,10,9,7,3
18060484,10,4,1,3,9
18060501,10,2,1,7,3
18060502,9,5,11,7,10
18060503,7,4,11,9,10
18060504,5,6,10,7,1
18060505,1,7,11,4,3
18060506,8,10,6,11,7
18060507,3,1,9,4,10
18060508,7,4,5,9,8
18060509,6,11,2,8,1
18060510,7,2,11,1,6
18060511,7,6,2,10,3
18060512,10,4,11,6,5
18060513,1,6,8,7,10
18060514,7,1,10,3,9
18060515,5,1,11,3,8
18060516,1,10,4,8,6
18060517,1,10,11,2,7
18060518,1,3,7,9,8
18060519,6,7,3,4,5
18060520,11,8,10,2,1
18060521,10,9,8,6,3
18060522,9,3,10,6,2
18060523,2,9,11,10,1
18060524,3,5,10,1,2
18060525,10,8,5,3,7
18060526,5,1,4,8,11
18060527,5,8,3,11,1
18060528,11,3,4,6,1
18060529,2,9,1,11,5
18060530,10,8,9,4,1
18060531,9,6,3,7,8
18060532,1,6,9,4,3
18060533,2,11,9,4,8
18060534,6,11,3,5,9
18060535,7,10,5,11,9
18060536,3,1,6,2,4
18060537,9,8,5,10,6
18060538,11,4,10,6,8
18060539,3,2,8,6,4
18060540,8,1,6,10,7
18060541,8,3,1,10,9
18060542,6,7,5,8,11
18060543,8,5,11,2,4
18060544,11,10,8,2,1
18060545,4,10,5,1,9
18060546,3,9,2,7,5
18060547,4,1,2,7,3
18060548,10,8,9,1,11
18060549,5,7,3,2,1
18060550,8,5,7,2,11
18060551,2,10,4,6,9
18060552,10,1,7,8,2
18060553,7,1,8,10,9
18060554,7,8,1,6,9
18060555,7,1,9,8,11
18060556,2,9,6,1,4
18060557,11,7,10,2,6
18060558,11,10,3,9,4
18060559,4,8,2,7,11
18060560,6,10,11,9,2
18060561,11,10,8,3,9
18060562,1,10,9,5,7
18060563,11,7,5,8,1
18060564,11,6,8,9,10
18060565,8,3,7,2,1
18060566,6,9,1,10,8
18060567,7,1,2,4,9
18060568,11,8,1,9,10
18060569,4,11,10,3,8
18060570,7,4,11,9,6
18060571,11,4,6,10,3
18060572,9,4,11,6,2
18060573,3,2,5,9,1
18060574,10,11,4,1,2
18060575,2,4,3,10,6
18060576,5,3,9,6,11
18060577,9,6,8,2,7
18060578,8,5,9,10,11
18060579,8,1,5,3,10
18060580,11,8,3,1,7
18060581,7,10,11,4,2
18060582,11,5,8,2,4
18060583,7,6,3,5,9
18060584,8,2,6,5,11
18060601,2,5,8,9,3
18060602,5,1,2,10,7
18060603,2,3,1,6,8
18060604,11,4,10,3,6
18060605,1,10,11,4,2
18060606,3,7,8,2,5
18060607,10,1,9,6,4
18060608,4,3,2,5,7
18060609,3,5,6,4,10
18060610,2,3,7,8,5
18060611,8,1,3,2,5
18060612,11,10,9,4,1
18060613,5,11,10,6,2
18060614,1,10,11,8,3
18060615,3,4,10,11,8
18060616,3,10,7,1,8
18060617,10,6,11,8,7
18060618,10,9,4,2,8
18060619,3,2,11,7,1
18060620,10,5,8,4,7
18060621,11,1,3,10,8
18060622,6,2,7,8,1
18060623,3,2,1,11,7
18060624,2,7,9,8,6
18060625,4,2,3,1,6
18060626,8,3,7,5,10
18060627,7,8,4,9,3
18060628,9,2,7,1,10
18060629,1,6,7,8,9
18060630,10,7,11,3,6
18060631,6,9,10,5,7
18060632,8,10,11,9,6
18060633,2,4,5,10,1
18060634,11,7,9,8,1
18060635,7,4,11,3,5
18060636,8,4,2,9,3
18060637,3,1,8,9,10
18060638,7,8,4,6,1
18060639,10,11,5,4,9
18060640,3,9,7,4,10
18060641,1,8,3,6,9
18060642,2,7,9,3,1
18060643,11,3,8,9,1
18060644,3,10,2,6,4
18060645,2,5,11,7,1
18060646,5,8,2,9,10
18060647,9,4,5,8,2
18060648,10,11,9,1,5
18060649,2,10,11,3,1
18060650,4,5,6,2,11
18060651,7,2,8,4,9
18060652,11,2,9,1,3
18060653,7,11,1,3,2
18060654,2,7,9,6,11
18060655,6,2,5,1,4
18060656,5,4,3,11,7
18060657,4,5,1,9,3
18060658,10,1,3,11,6
18060659,4,2,6,9,3
18060660,2,8,1,5,7
18060661,2,9,5,4,6
18060662,2,9,8,1,6
18060663,1,11,9,2,7
18060664,10,4,8,3,11
18060665,5,8,6,2,11
18060666,3,7,1,8,10
18060667,9,1,11,10,8
18060668,2,7,6,5,9
18060669,9,8,2,11,10
18060670,1,8,10,9,4
18060671,4,10,2,11,8
18060672,2,6,4,11,10
18060673,8,6,11,9,7
18060674,6,1,7,3,9
18060675,4,6,1,8,2
18060676,1,11,2,4,9
18060677,4,3,5,1,2
18060678,3,11,10,8,1
18060679,11,1,2,5,6
18060680,11,10,4,1,7
18060681,10,5,6,7,1
18060682,7,11,8,5,3
18060683,8,3,10,5,7
18060684,6,1,7,9,5
18060701,10,5,8,4,9
18060702,11,5,2,1,7
18060703,3,2,5,6,9
18060704,3,2,1,6,8
18060705,7,2,11,9,1
18060706,5,4,11,1,3
18060707,9,4,6,10,2
18060708,11,8,7,10,2
18060709,8,7,11,4,10
18060710,4,9,5,11,3
18060711,11,8,3,1,6
18060712,8,7,2,11,9
18060713,3,6,1,9,5
18060714,4,6,2,9,11
18060715,1,9,8,7,11
18060716,3,10,1,8,11
18060717,7,2,9,5,3
18060718,1,9,3,10,4
18060719,11,4,5,1,3
18060720,3,5,2,8,4
18060721,4,1,8,9,7
18060722,5,7,3,8,9
18060723,8,1,5,6,10
18060724,7,3,5,9,4
18060725,10,1,3,6,11
18060726,2,8,7,6,11
18060727,1,5,6,7,10
18060728,6,1,4,5,10
18060729,9,3,8,6,5
18060730,3,10,6,11,9
18060731,9,8,4,11,10
18060732,4,7,6,2,11
18060733,8,1,6,5,10
18060734,7,2,8,6,4
18060735,7,9,5,4,8
18060736,10,3,5,11,7
18060737,1,5,8,2,11
18060738,6,1,5,11,7
18060739,3,1,5,8,11
18060740,4,1,8,10,9
18060741,10,2,3,5,8
18060742,11,9,8,3,4
18060743,1,4,11,10,6
18060744,4,1,6,9,11
18060745,1,8,4,11,3
18060746,8,11,3,10,9
18060747,8,7,2,10,5
18060748,9,4,1,2,10
18060749,8,2,4,1,10
18060750,7,4,8,11,6
18060751,8,4,9,6,5
18060752,4,8,9,10,7
18060753,2,7,4,5,11
18060754,10,2,3,9,1
18060755,10,3,5,2,1
18060756,7,9,4,2,5
18060757,4,10,8,11,9
18060758,5,6,9,3,10
18060759,1,5,6,4,7
18060760,9,2,11,7,5
18060761,2,3,11,1,4
18060762,11,4,3,9,10
18060763,7,9,1,5,2
18060764,5,8,10,7,4
18060765,1,11,4,6,8
18060766,3,10,9,2,4
18060767,11,8,9,6,4
18060768,1,8,5,10,11
18060769,8,7,11,2,6
18060770,7,9,3,10,8
18060771,11,7,4,2,5
18060772,11,8,4,9,6
18060773,10,9,4,6,1
18060774,2,1,11,6,8
18060775,4,7,6,9,1
18060776,8,6,5,3,11
18060777,7,9,6,10,1
18060778,8,6,2,3,11
18060779,9,4,5,11,10
18060780,9,1,2,6,8
18060781,5,8,1,3,9
18060782,9,8,2,6,3
18060783,5,4,9,2,6
18060784,10,9,5,1,7
18060801,8,5,1,4,9
18060802,2,4,7,10,11
18060803,5,3,7,9,8
18060804,7,10,5,1,4
18060805,2,10,5,6,4
18060806,1,3,5,10,6
18060807,2,8,6,10,4
18060808,2,4,9,1,5
18060809,1,11,7,3,2
18060810,8,11,3,9,4
18060811,8,10,3,5,9
18060812,1,5,2,10,9
18060813,9,1,2,11,5
18060814,11,4,8,5,1
18060815,6,2,4,5,3
18060816,1,8,3,10,5
18060817,10,9,2,7,11
18060818,10,3,4,9,1
18060819,8,7,11,5,9
18060820,10,3,4,5,8
18060821,8,11,9,6,7
18060822,8,6,10,2,5
18060823,3,7,5,10,2
18060824,3,11,4,8,5
18060825,3,1,5,11,8
18060826,5,7,11,10,8
18060827,3,5,10,4,1
18060828,8,6,5,9,7
18060829,3,7,5,10,2
18060830,6,9,7,3,2
18060831,6,5,4,9,7
18060832,10,6,11,2,1
18060833,7,1,10,11,9
18060834,8,10,1,9,4
18060835,5,8,4,9,2
18060836,2,10,9,4,3
18060837,1,11,2,9,6
18060838,7,3,9,8,10
18060839,11,1,6,4,8
18060840,5,8,3,10,7
18060841,4,10,8,9,1
18060842,9,1,4,8,6
18060843,6,9,8,1,2
18060844,1,6,4,5,3
18060845,7,6,8,9,4
18060846,5,4,1,8,9
18060847,11,6,3,9,10
18060848,7,10,9,4,5
18060849,1,5,9,8,11
18060850,5,6,9,10,1
18060851,10,5,6,4,11
18060852,1,3,4,9,10
18060853,3,8,5,9,2
18060854,7,10,8,5,3
18060855,9,11,2,10,1
18060856,5,9,7,3,1
18060857,11,7,2,10,4
18060858,8,4,9,5,10
18060859,1,3,5,9,4
18060860,9,10,4,1,8
18060861,2,8,3,9,1
18060862,4,3,2,5,10
18060863,10,3,11,5,4
18060864,3,4,6,7,1
18060865,3,11,6,7,2
18060866,1,10,4,9,6
18060867,11,1,3,7,5
18060868,11,9,2,8,6
18060869,8,5,4,11,1
18060870,8,10,7,11,2
18060871,6,9,5,1,11
18060872,11,1,9,10,4
18060873,10,2,6,1,11
18060874,11,9,2,10,3
18060875,2,7,1,3,6
18060876,3,5,9,1,11
18060877,11,5,1,7,8
18060878,10,9,2,11,3
18060879,1,8,11,7,2
18060880,11,5,2,6,3
18060881,1,9,7,4,11
18060882,7,2,8,10,4
18060883,5,3,10,2,9
18060884,1,8,3,2,10
18060901,11,8,10,3,2
18060902,9,2,8,11,6
18060903,5,1,11,4,6
18060904,8,1,9,4,11
18060905,3,10,9,11,1
18060906,10,11,3,2,7
18060907,10,2,5,6,8
18060908,2,11,5,6,8
18060909,5,9,1,4,2
18060910,9,7,4,1,3
18060911,9,11,3,7,4
18060912,10,1,11,5,2
18060913,6,10,2,9,7
18060914,1,11,4,9,10
18060915,3,6,5,8,7
18060916,3,7,10,5,4
18060917,9,6,7,10,11
18060918,6,5,11,2,3
18060919,3,2,6,8,10
18060920,3,8,10,11,1
18060921,2,8,1,5,4
18060922,10,3,6,8,7
18060923,3,11,2,8,4
18060924,2,10,7,11,4
18060925,4,3,8,7,11
18060926,7,1,9,2,4
18060927,7,5,3,10,6
18060928,9,6,2,11,5
18060929,8,3,1,10,5
18060930,9,10,2,4,7
18060931,5,4,6,7,11
18060932,6,10,3,9,5
18060933,10,1,8,4,7
18060934,3,7,9,1,5
18060935,1,8,9,11,2
18060936,5,7,2,11,3
18060937,3,6,4,7,1
18060938,6,2,4,11,5
18060939,1,6,11,9,3
18060940,3,11,1,10,4
18060941,11,4,3,9,8
18060942,8,3,4,7,1
18060943,11,7,5,3,1
18060944,9,3,8,5,6
18060945,1,5,4,11,6
18060946,10,4,7,3,5
18060947,8,5,7,4,9
18060948,11,3,2,8,9
18060949,11,10,6,5,8
18060950,1,9,8,7,3
18060951,5,6,10,7,11
18060952,8,4,2,6,9
18060953,6,8,10,11,3
18060954,3,2,11,1,7
18060955,5,9,6,1,11
18060956,3,5,4,11,1
18060957,10,3,2,5,1
18060958,2,1,6,8,7
18060959,6,4,8,10,5
18060960,9,3,1,5,11
18060961,2,9,3,1,6
18060962,6,1,4,2,9
18060963,11,5,7,6,4
18060964,10,1,4,8,11
18060965,3,7,10,1,4
18060966,7,4,2,8,9
18060967,5,11,10,4,9
18060968,6,3,4,11,7
18060969,1,8,5,6,2
18060970,2,8,1,3,4
18060971,5,2,11,3,8
18060972,3,8,6,9,7
18060973,9,10,3,5,6
18060974,2,9,8,11,1
18060975,10,2,1,5,8
18060976,11,7,3,4,2
18060977,5,3,9,11,1
18060978,3,1,2,9,6
18060979,4,2,7,8,6
18060980,3,8,7,1,11
18060981,8,6,3,5,10
18060982,8,9,2,4,11
18060983,10,2,1,9,4
18060984,5,7,6,9,4
18061001,9,1,2,4,10
18061002,7,10,8,5,4
18061003,1,9,11,8,6
18061004,4,6,7,8,9
18061005,8,6,7,11,9
18061006,2,1,9,6,8
18061007,1,8,10,5,3
18061008,4,2,3,11,10
18061009,2,9,8,6,3
18061010,3,11,10,5,4
18061011,2,3,6,7,1
18061012,2,10,3,11,1
18061013,3,7,1,11,5
18061014,9,4,2,8,1
18061015,7,9,2,6,8
18061016,7,2,5,8,11
18061017,4,10,11,2,9
18061018,4,3,8,2,7
18061019,8,10,5,6,9
18061020,3,1,4,2,7
18061021,2,1,7,4,11
18061022,3,11,1,8,4
18061023,2,9,4,5,7
18061024,7,11,2,3,4
18061025,9,5,2,8,7
18061026,9,5,11,3,7
18061027,1,3,8,11,5
18061028,4,9,7,6,1
18061029,1,5,8,4,3
18061030,8,5,1,10,4
18061031,6,3,11,9,7
18061032,3,10,7,8,9
18061033,1,2,4,10,8
18061034,7,4,11,10,6
18061035,4,8,7,11,2
18061036,11,2,7,8,6
18061037,4,3,5,6,7
18061038,6,4,1,8,2
18061039,8,6,3,10,2
18061040,11,6,4,9,3
18061041,4,7,8,11,5
18061042,7,9,1,10,4
18061043,5,7,3,8,4
18061044,10,7,6,11,8
18061045,7,2,10,11,3
18061046,10,9,3,11,1
18061047,4,7,1,11,2
18061048,2,9,1,8,6
18061049,1,8,5,6,10
18061050,10,3,11,8,7
18061051,1,10,8,9,7
18061052,5,11,3,4,8
18061053,1,5,6,3,11
18061054,4,5,9,6,8
18061055,6,5,8,3,1
18061056,10,1,8,5,9
18061057,7,6,5,1,3
18061058,1,4,7,5,2
18061059,8,11,7,1,6
18061060,2,9,5,6,10
18061061,8,1,11,5,2
18061062,9,6,3,10,8
18061063,8,11,6,5,10
18061064,8,1,9,5,3
18061065,3,1,4,10,6
18061066,10,1,3,11,5
18061067,4,7,10,3,1
18061068,2,5,7,3,10
18061069,6,10,9,3,1
18061070,2,11,5,9,7
18061071,8,1,11,5,2
18061072,5,6,2,1,8
18061073,3,5,2,7,8
18061074,10,11,5,7,6
18061075,10,11,5,9,1
18061076,7,9,6,4,3
18061077,2,1,6,11,4
18061078,6,3,1,4,5
18061079,6,5,4,8,11
18061080,4,9,2,11,6
18061081,8,10,3,1,2
18061082,3,2,4,9,6
18061083,5,4,7,10,1
18061084,5,8,7,6,9
18061101,4,3,5,7,11
18061102,11,4,3,9,2
18061103,9,7,5,10,6
18061104,1,6,4,7,11
18061105,3,11,9,6,10
18061106,9,4,3,5,11
18061107,4,2,10,9,3
18061108,7,11,3,5,6
18061109,7,10,6,11,5
18061110,7,1,5,10,3
18061111,6,7,3,10,9
18061112,8,2,10,3,6
18061113,5,3,11,1,4
18061114,4,2,6,11,3
18061115,2,1,10,7,11
18061116,11,6,8,2,4
18061117,1,5,9,11,10
18061118,2,6,9,3,11
18061119,1,4,8,5,11
18061120,11,1,9,3,10
18061121,10,6,5,7,1
18061122,7,3,9,6,4
18061123,5,9,1,4,11
18061124,9,5,7,4,10
18061125,6,11,3,5,9
18061126,6,11,5,9,2
18061127,10,2,1,3,4
18061128,5,3,7,10,4
18061129,5,6,1,10,4
18061130,7,6,4,5,10
18061131,7,3,2,10,9
18061132,8,4,6,7,3
18061133,1,3,5,4,10
18061134,5,3,10,7,8
18061135,5,7,2,6,10
18061136,5,1,4,2,3
18061137,3,5,6,1,7
18061138,11,7,8,10,4
18061139,5,7,8,1,4
18061140,4,8,11,1,6
18061141,11,4,9,7,6
18061142,7,1,9,3,5
18061143,10,3,6,11,4
18061144,6,4,7,11,10
18061145,11,9,7,5,10
18061146,4,2,11,8,5
18061147,2,10,1,9,7
18061148,1,9,3,6,7
18061149,7,4,2,6,3
18061150,4,11,2,8,7
18061151,4,8,2,3,11
18061152,8,7,9,6,4
18061153,5,4,2,6,11
18061154,6,11,3,8,9
18061155,4,3,11,6,10
18061156,2,5,7,1,6
18061157,11,7,2,5,3
18061158,8,6,1,4,10
18061159,9,3,7,1,5
18061160,5,9,6,2,8
18061161,8,1,2,3,6
18061162,11,5,10,2,4
18061163,4,8,6,1,7
18061164,11,3,2,6,9
18061165,8,2,10,3,9
18061166,5,3,8,10,7
18061167,10,2,7,8,11
18061168,6,10,4,3,7
18061169,4,1,7,2,3
18061170,3,7,1,9,2
18061171,5,3,8,6,11
18061172,2,11,8,1,9
18061173,7,2,10,9,6
18061174,6,4,9,2,11
18061175,7,3,4,2,5
18061176,10,9,7,3,4
18061177,1,4,11,6,9
18061178,4,2,7,1,11
18061179,5,9,6,2,11
18061180,2,7,1,10,3
18061181,8,3,6,2,11
18061182,3,7,11,6,2
18061183,10,7,3,2,6
18061184,4,3,10,11,9
18061201,4,9,8,3,11
18061202,6,10,2,5,9
18061203,9,11,5,10,4
18061204,11,5,6,3,4
18061205,6,11,2,3,8
18061206,1,5,3,8,2
18061207,6,3,5,9,7
18061208,2,3,11,6,9
18061209,1,7,9,5,10
18061210,10,1,9,4,3
18061211,9,4,11,5,6
18061212,9,11,5,1,2
18061213,3,2,11,10,8
18061214,3,6,10,8,1
18061215,2,9,4,10,7
18061216,2,8,10,9,1
18061217,6,10,9,4,2
18061218,11,2,5,9,6
18061219,3,11,5,9,1
18061220,1,9,10,2,3
18061221,2,3,10,6,1
18061222,5,10,6,1,7
18061223,5,8,4,1,3
18061224,7,8,10,3,2
18061225,11,5,10,9,8
18061226,8,4,6,9,2
18061227,1,10,5,6,3
18061228,7,6,5,3,8
18061229,1,9,10,4,8
18061230,6,4,2,7,11
18061231,5,11,2,6,10
18061232,1,8,10,7,11
18061233,4,2,6,7,5
18061234,4,5,9,6,10
18061235,3,9,2,11,4
18061236,6,1,11,9,7
18061237,1,9,8,2,5
18061238,3,5,7,1,8
18061239,8,10,7,4,9
18061240,2,8,3,5,4
18061241,2,10,8,3,9
18061242,9,7,4,1,6
18061243,10,6,8,2,11
18061244,1,8,4,5,7
18061245,4,5,8,1,7
18061246,10,2,7,8,1
18061247,8,4,6,2,9
18061248,3,10,5,1,11
18061249,11,5,3,9,8
18061250,1,10,2,5,11
18061251,11,1,3,8,10
18061252,1,8,2,3,5
18061253,9,11,5,3,4
18061254,7,6,10,3,5
18061255,4,8,1,11,7
18061256,9,11,10,5,3
18061257,5,3,11,1,8
18061258,4,6,10,3,2
18061259,2,11,5,8,7
18061260,2,11,3,4,7
18061261,4,10,5,8,11
18061262,1,3,10,11,5
18061263,7,3,11,8,10
18061264,2,4,9,7,1
18061265,8,11,10,4,1
18061266,7,1,6,4,3
18061267,2,5,7,1,9
18061268,5,11,6,3,2
18061269,4,3,9,6,5
18061270,3,5,10,6,9
18061271,7,3,1,9,5
18061272,6,7,10,9,4
18061273,10,4,1,11,9
18061274,5,4,2,11,1
18061275,2,7,10,5,1
18061276,1,8,10,6,9
18061277,8,9,3,10,7
18061278,8,11,9,5,10
18061279,10,11,7,8,5
18061280,11,8,10,9,1
18061281,4,5,10,8,3
18061282,10,6,4,8,7
18061283,4,8,6,10,1
18061284,1,8,10,5,7
18061301,11,6,4,7,2
18061302,9,10,11,2,4
18061303,11,9,8,2,10
18061304,1,7,2,6,4
18061305,11,10,1,3,6
18061306,3,11,1,4,10
18061307,7,1,2,8,11
18061308,5,11,10,4,1
18061309,10,4,6,5,11
18061310,4,7,6,10,11
18061311,6,4,5,11,9
18061312,5,6,10,7,3
18061313,5,3,9,1,10
18061314,4,1,3,5,10
18061315,11,10,9,1,4
18061316,5,8,9,6,2
18061317,11,1,2,8,4
18061318,2,8,4,9,3
18061319,10,4,6,11,5
18061320,1,3,11,6,9
18061321,7,2,11,6,3
18061322,2,6,1,11,8
18061323,10,2,1,3,5
18061324,7,6,1,10,4
18061325,4,11,3,6,1
18061326,9,7,3,6,5
18061327,3,5,2,9,10
18061328,1,3,10,6,8
18061329,10,6,3,7,5
18061330,9,1,5,7,3
18061331,6,10,11,7,5
18061332,1,7,8,3,4
18061333,3,10,2,4,9
18061334,9,5,1,10,3
18061335,11,9,10,8,4
18061336,9,6,11,8,1
18061337,3,7,9,5,10
18061338,10,1,8,2,7
18061339,8,7,3,5,2
18061340,11,10,5,6,1
18061341,8,6,5,9,10
18061342,11,7,3,8,2
18061343,4,5,7,3,11
18061344,2,6,8,10,5
18061345,3,4,10,2,1
18061346,11,3,9,6,5
18061347,11,6,8,3,9
18061348,6,10,9,7,1
18061349,4,2,5,9,11
18061350,11,3,4,7,10
18061351,7,1,8,10,2
18061352,10,8,11,5,1
18061353,1,4,8,7,5
18061354,2,1,7,11,10
18061355,7,6,4,10,8
18061356,9,4,6,11,7
18061357,1,6,10,7,11
18061358,3,11,4,7,2
18061359,11,9,3,1,5
18061360,1,11,8,5,7
18061361,7,8,10,1,9
18061362,8,11,6,5,4
18061363,8,11,6,5,4
18061364,5,1,4,11,2
18061365,5,1,4,11,2
18061366,2,10,7,8,4
18061367,11,7,1,6,2
18061368,11,1,10,2,3
18061369,4,3,11,5,9
18061370,6,1,4,7,8
18061371,6,3,1,9,8
18061372,2,4,1,10,5
18061373,6,9,3,10,2
18061374,11,9,4,7,10
18061375,11,1,3,5,6
18061376,6,9,10,2,5
18061377,9,7,8,3,2
18061378,6,11,3,10,9
18061379,6,5,8,7,3
18061380,1,7,2,11,4
18061381,11,10,3,9,5
18061382,6,11,9,8,2
18061383,4,2,9,10,3
18061384,10,4,7,1,5
18061401,3,9,8,4,2
18061402,1,7,3,4,11
18061403,4,1,10,7,6
18061404,11,9,10,5,8
18061405,4,2,10,7,3
18061406,5,2,11,6,4
18061407,10,8,9,5,1
18061408,8,4,11,5,2
18061409,6,5,3,10,1
18061410,2,4,10,6,11
18061411,5,8,1,10,11
18061412,10,3,8,1,5
18061413,6,9,10,8,4
18061414,8,3,5,7,11
18061415,3,1,6,9,10
18061416,3,6,4,7,9
18061417,4,11,2,3,7
18061418,5,1,9,10,2
18061419,10,1,2,9,8
18061420,5,9,4,6,10
18061421,3,11,2,1,7
18061422,3,5,8,7,6
18061423,4,8,1,9,7
18061424,8,11,7,2,4
18061425,3,11,5,7,2
18061426,11,1,8,6,3
18061427,1,2,7,4,11
18061428,8,10,11,9,1
18061429,2,11,4,10,8
18061430,2,5,6,9,4
18061431,7,5,6,2,1
18061432,2,11,10,7,5
18061433,3,4,11,8,7
18061434,11,3,8,1,10
18061435,9,5,1,3,7
18061436,7,1,8,11,9
18061437,4,6,8,3,1
18061438,9,10,5,1,2
18061439,9,2,7,5,4
18061440,2,7,9,8,5
18061441,11,5,9,4,3
18061442,2,7,1,6,5
18061443,7,5,3,4,8
18061444,4,1,9,8,7
18061445,11,6,8,7,2
18061446,11,1,10,9,8
18061447,8,5,7,10,1
18061448,2,9,5,7,8
18061449,11,2,3,7,9
18061450,3,9,8,11,2
18061451,9,1,8,3,2
18061452,3,6,11,2,1
18061453,5,11,8,1,9
18061454,6,2,11,8,7
18061455,6,11,4,1,9
18061456,4,3,11,1,6
18061457,11,3,1,9,8
18061458,8,10,9,5,11
18061459,9,10,11,7,5
18061460,7,5,10,1,11
18061461,3,4,11,7,1
18061462,10,1,5,7,6
18061463,1,5,8,4,9
18061464,8,10,2,4,5
18061465,2,8,9,5,4
18061466,7,4,1,6,3
18061467,2,9,6,11,5
18061468,7,8,3,11,6
18061469,1,3,7,6,4
18061470,7,5,6,8,9
18061471,7,10,8,1,4
18061472,6,3,8,9,5
18061473,11,3,5,7,8
18061474,11,2,7,4,6
18061475,4,8,9,6,11
18061476,1,8,7,3,9
18061477,7,10,11,4,6
18061478,9,4,11,5,10
18061479,2,5,8,10,6
18061480,11,1,6,9,5
18061481,9,1,10,3,4
18061482,2,9,5,3,11
18061483,9,7,6,3,10
18061484,6,5,1,7,3
18061501,7,6,5,1,9
18061502,7,4,5,9,3
18061503,4,8,9,2,11
18061504,2,6,5,7,3
18061505,9,5,7,6,3
18061506,8,2,9,7,3
18061507,2,4,5,6,7
18061508,3,4,7,10,5
18061509,7,4,1,9,11
18061510,5,2,9,3,1
18061511,6,3,8,2,7
18061512,1,9,11,5,6
18061513,3,7,1,2,10
18061514,8,6,1,3,4
18061515,5,1,8,4,2
18061516,7,4,11,1,8
18061517,9,5,7,2,6
18061518,1,6,10,7,11
18061519,7,8,10,2,5
18061520,4,5,1,7,9
18061521,7,2,5,1,6
18061522,6,11,2,7,9
18061523,8,7,1,3,4
18061524,3,4,10,9,1
18061525,3,9,5,2,8
18061526,10,5,8,2,6
18061527,4,2,9,11,3
18061528,3,4,11,7,2
18061529,8,6,9,7,10
18061530,1,7,4,5,3
18061531,7,3,5,10,11
18061532,3,7,5,6,10
18061533,10,9,2,11,1
18061534,1,2,9,3,10
18061535,11,1,8,10,5
18061536,9,5,6,2,8
18061537,4,7,5,8,3
18061538,3,4,2,6,10
18061539,5,9,1,4,3
18061540,2,1,11,8,9
18061541,2,11,5,9,4
18061542,3,7,6,9,5
18061543,9,1,10,6,8
18061544,7,10,4,8,9
18061545,10,7,3,5,9
18061546,5,9,8,6,11
18061547,7,1,8,9,5
18061548,10,3,8,5,4
18061549,9,11,10,2,3
18061550,9,8,4,3,2
18061551,11,2,3,7,6
18061552,5,9,1,10,3
18061553,1,11,6,4,8
18061554,1,7,4,2,5
18061555,2,6,11,7,4
18061556,1,8,10,11,7
18061557,1,7,5,2,3
18061558,10,5,8,3,9
18061559,8,7,4,5,9
18061560,7,10,2,3,4
18061561,9,7,4,10,8
18061562,11,9,8,6,7
18061563,3,2,8,4,1
18061564,6,8,10,4,5
18061565,9,6,2,7,3
18061566,6,4,1,9,8
18061567,3,7,6,8,9
18061568,7,8,9,10,5
18061569,11,7,3,1,9
18061570,5,3,8,4,10
18061571,8,5,9,2,7
18061572,11,4,1,3,8
18061573,5,4,6,11,2
18061574,7,3,4,10,8
18061575,6,10,1,7,4
18061576,8,3,6,5,2
18061577,2,11,3,1,8
18061578,5,11,10,6,1
18061579,3,1,8,10,7
18061580,4,5,9,11,1
18061581,7,8,5,4,2
18061582,3,9,10,8,5
18061583,8,6,3,1,2
18061584,7,3,2,1,4
18061601,2,8,10,5,9
18061602,7,3,8,6,5
18061603,11,9,7,1,6
18061604,3,6,5,9,7
18061605,3,4,11,8,1
18061606,10,1,3,5,8
18061607,4,11,6,9,1
18061608,3,6,11,7,1
18061609,11,3,10,4,8
18061610,1,8,10,6,4
18061611,4,2,8,5,9
18061612,5,3,9,7,11
18061613,3,9,4,1,6
18061614,9,8,2,6,3
18061615,11,1,10,6,2
18061616,3,1,9,4,5
18061617,8,6,9,3,11
18061618,11,3,7,2,6
18061619,5,8,10,2,1
18061620,8,2,1,7,10
18061621,8,9,11,7,4
18061622,10,4,1,5,11
18061623,1,4,10,7,3
18061624,11,10,8,4,5
18061625,8,9,2,3,4
18061626,10,1,5,4,3
18061627,3,2,7,8,4
18061628,8,11,10,6,1
18061629,7,2,4,6,10
18061630,11,10,2,7,1
18061631,8,6,11,3,1
18061632,3,7,4,10,2
18061633,4,6,7,2,5
18061634,5,11,1,6,3
18061635,2,3,8,10,4
18061636,5,7,2,9,8
18061637,8,1,2,10,3
18061638,6,4,1,11,9
18061639,4,7,5,10,8
18061640,7,2,6,4,1
18061641,6,11,4,8,3
18061642,9,4,5,10,7
18061643,7,8,9,4,11
18061644,5,9,10,11,6
18061645,8,3,2,5,6
18061646,11,3,4,7,1
18061647,11,7,1,10,3
18061648,8,5,4,7,3
18061649,1,2,8,6,3
18061650,9,1,4,10,6
18061651,11,2,7,10,5
18061652,11,3,8,5,1
18061653,6,11,7,8,1
18061654,8,6,3,9,2
18061655,2,8,7,3,10
18061656,3,2,6,9,11
18061657,5,1,9,6,10
18061658,4,11,10,3,2
18061659,4,7,2,6,8
18061660,9,11,5,8,7
18061661,5,9,8,1,7
18061662,8,3,6,7,1
18061663,5,4,6,10,3
18061664,10,3,5,2,7
18061665,10,9,6,11,8
18061666,4,5,11,6,2
18061667,9,2,8,4,7
18061668,7,1,2,6,4
18061669,7,8,2,9,5
18061670,8,4,10,11,9
18061671,5,7,1,6,9
18061672,3,10,1,9,4
18061673,6,3,11,1,2
18061674,6,11,10,7,9
18061675,1,9,10,11,8
18061676,7,9,4,3,1
18061677,7,9,5,11,8
18061678,4,2,1,5,3
18061679,4,11,3,6,1
18061680,6,11,10,8,5
18061681,1,7,8,6,10
18061682,2,4,3,7,10
18061683,5,7,1,8,9
18061684,6,3,1,7,2
18061701,5,7,11,1,6
18061702,3,10,9,8,11
18061703,8,6,4,9,1
18061704,7,4,9,11,10
18061705,7,1,9,2,5
18061706,5,11,3,9,4
18061707,6,11,10,4,8
18061708,6,10,7,3,2
18061709,2,3,9,5,8
18061710,9,5,1,3,6
18061711,8,6,2,1,7
18061712,7,8,6,1,3
18061713,8,10,3,2,7
18061714,4,6,2,3,5
18061715,7,6,3,4,8
18061716,6,4,11,5,10
18061717,1,11,2,8,4
18061718,3,5,8,7,9
18061719,10,8,9,3,1
18061720,6,3,2,5,11
18061721,4,9,1,8,11
18061722,8,3,4,7,10
18061723,3,10,2,1,7
18061724,10,8,6,9,5
18061725,5,1,3,8,9
18061726,4,2,3,10,6
18061727,10,8,5,9,7
18061728,11,8,4,5,3
18061729,8,9,7,2,3
18061730,11,5,9,4,1
18061731,11,3,1,6,5
18061732,5,10,2,7,3
18061733,6,4,5,7,9
18061734,3,10,5,11,2
18061735,1,4,6,9,8
18061736,8,2,10,11,5
18061737,4,11,1,9,10
18061738,1,8,6,5,7
18061739,5,4,3,8,11
18061740,5,6,9,1,8
18061741,8,3,2,11,6
18061742,5,4,2,1,6
18061743,3,8,6,11,2
18061744,3,5,4,9,2
18061745,10,3,11,1,5
18061746,1,9,10,7,8
18061747,2,1,8,6,10
18061748,8,11,1,5,9
18061749,9,11,2,1,4
18061750,2,8,5,11,9
18061751,6,7,11,1,8
18061752,3,2,4,1,6
18061753,4,5,11,2,1
18061754,7,1,9,2,8
18061755,7,6,2,8,4
18061756,10,5,3,2,8
18061757,10,9,7,11,3
18061758,4,11,10,1,3
18061759,6,8,2,3,11
18061760,9,11,3,1,2
18061761,11,3,8,7,5
18061762,7,9,8,11,4
18061763,7,6,1,10,3
18061764,10,6,11,2,1
18061765,4,6,3,8,10
18061766,4,5,11,3,2
18061767,3,4,11,1,8
18061768,7,11,8,6,2
18061769,9,1,10,2,5
18061770,2,11,6,10,7
18061771,10,5,3,6,2
18061772,7,4,5,10,11
18061773,4,2,7,11,9
18061774,7,11,1,2,8
18061775,6,3,9,4,2
18061776,3,10,1,11,6
18061777,8,9,11,5,6
18061778,5,11,2,6,10
18061779,7,2,11,9,4
18061780,3,1,9,6,10
18061781,11,2,8,4,7
18061782,2,6,4,8,5
18061783,9,6,10,2,1
18061784,5,1,2,3,7
18061801,2,9,1,3,11
18061802,10,4,9,7,3
18061803,3,5,4,9,1
18061804,6,9,11,7,8
18061805,6,8,11,5,4
18061806,10,9,1,4,5
18061807,5,1,4,11,8
18061808,1,11,2,4,5
18061809,7,4,3,5,1
18061810,9,4,11,6,1
18061811,9,1,10,5,6
18061812,11,6,9,2,7
18061813,5,9,2,11,7
18061814,2,4,3,7,6
18061815,2,1,4,3,7
18061816,1,7,9,6,2
18061817,6,3,8,5,2
18061818,2,1,6,8,9
18061819,5,8,6,1,3
18061820,2,4,1,5,9
18061821,8,5,11,6,9
18061822,3,9,10,5,11
18061823,11,7,8,2,10
18061824,7,9,8,6,4
18061825,7,5,4,11,10
18061826,4,2,8,1,3
18061827,10,4,1,2,3
18061828,11,10,7,4,9
18061829,11,2,10,9,6
18061830,7,10,9,5,2
18061831,1,5,3,7,2
18061832,6,1,5,10,7
18061833,8,7,9,4,2
18061834,4,6,8,10,1
18061835,2,11,9,6,7
18061836,10,4,2,5,11
18061837,9,7,10,2,3
18061838,1,5,4,3,8
18061839,9,7,2,1,6
18061840,2,9,11,8,1
18061841,6,1,5,3,10
18061842,11,2,10,4,5
18061843,3,7,4,10,1
18061844,9,2,3,11,8
18061845,6,7,9,11,8
18061846,2,6,3,5,9
18061847,5,2,7,4,9
18061848,2,9,11,8,7
18061849,5,8,1,6,3
18061850,4,2,10,5,1
18061851,1,6,11,9,4
18061852,3,10,8,9,5
18061853,8,1,7,3,2
18061854,2,9,7,5,6
18061855,6,8,4,1,3
18061856,1,4,3,6,2
18061857,9,1,5,7,4
18061858,8,3,6,4,2
18061859,7,3,8,4,9
18061860,3,9,10,1,5
18061861,7,9,4,5,11
18061862,6,7,10,4,2
18061863,5,11,10,8,2
18061864,10,11,4,9,5
18061865,1,5,6,10,9
18061866,7,6,1,3,11
18061867,6,5,11,3,1
18061868,9,7,2,4,5
18061869,7,6,4,1,2
18061870,2,7,6,9,4
18061871,1,2,6,9,10
18061872,8,11,3,9,7
18061873,4,2,1,3,6
18061874,11,10,8,5,9
18061875,3,8,9,10,6
18061876,11,4,3,8,5
18061877,1,8,7,2,5
18061878,5,8,4,9,1
18061879,11,1,10,8,2
18061880,1,7,5,11,8
18061881,7,5,8,1,11
18061882,11,8,3,9,1
18061883,10,9,2,3,1
18061884,3,9,5,1,2
18061901,11,3,9,1,7
18061902,8,5,2,6,1
18061903,3,9,1,7,6
18061904,2,7,11,9,4
18061905,11,3,1,10,4
18061906,7,6,10,5,11
18061907,3,5,6,10,9
18061908,5,8,2,9,10
18061909,3,8,11,10,5
18061910,10,7,6,5,8
18061911,7,2,3,1,5
18061912,5,2,6,11,1
18061913,7,8,4,2,11
18061914,2,10,1,3,8
18061915,6,9,1,4,3
18061916,2,1,4,3,6
18061917,8,3,2,7,6
18061918,5,6,10,1,9
18061919,2,9,10,6,4
18061920,5,11,9,2,3
18061921,8,9,1,2,3
18061922,10,8,7,3,1
18061923,7,11,9,4,3
18061924,4,3,9,5,11
18061925,3,8,4,7,11
18061926,11,9,10,7,5
18061927,9,5,10,8,3
18061928,2,1,11,9,10
18061929,5,6,3,9,7
18061930,9,4,6,11,7
18061931,4,3,7,9,8
18061932,11,1,3,2,4
18061933,9,2,3,10,5
18061934,5,8,6,4,11
18061935,7,11,6,10,1
18061936,11,6,7,2,10
18061937,9,10,5,7,4
18061938,7,9,4,11,8
18061939,10,5,9,1,11
18061940,6,8,1,11,4
18061941,5,3,7,6,1
18061942,11,1,4,8,9
18061943,2,5,1,9,3
18061944,8,3,1,10,7
18061945,10,11,3,7,5
18061946,2,4,6,10,3
18061947,8,10,9,2,4
18061948,5,6,1,10,11
18061949,9,4,11,6,2
18061950,11,2,7,10,5
18061951,6,11,4,8,1
18061952,1,7,9,6,5
18061953,10,7,1,4,2
18061954,3,8,6,2,1
18061955,3,9,1,7,5
18061956,7,4,5,8,6
18061957,7,11,4,6,8
18061958,2,3,7,4,8
18061959,11,10,4,1,3
18061960,9,8,4,10,11
18061961,9,4,11,7,3
18061962,4,5,8,7,2
18061963,5,8,9,4,2
18061964,9,8,10,7,5
18061965,9,3,11,1,10
18061966,11,4,10,2,5
18061967,11,6,9,3,8
18061968,7,5,11,4,2
18061969,11,1,6,8,2
18061970,5,1,2,4,3
18061971,1,8,5,11,10
18061972,3,1,6,4,8
18061973,11,5,7,1,8
18061974,5,8,9,1,7
18061975,7,3,1,5,10
18061976,5,11,6,7,9
18061977,5,1,9,6,11
18061978,6,5,4,2,7
18061979,11,2,3,8,4
18061980,8,10,3,4,2
18061981,7,3,9,8,10
18061982,7,4,8,9,11
18061983,10,6,9,1,11
18061984,6,1,4,9,3
18062001,11,7,3,8,5
18062002,9,6,11,5,1
18062003,11,5,6,4,3
18062004,5,2,10,6,1
18062005,3,10,9,11,8
18062006,3,5,7,1,6
18062007,10,8,7,5,2
18062008,7,9,8,1,2
18062009,6,1,9,7,8
18062010,6,4,11,10,2
18062011,7,8,2,9,1
18062012,6,4,2,5,8
18062013,11,5,4,10,7
18062014,8,2,9,7,6
18062015,7,10,6,4,9
18062016,3,7,6,1,8
18062017,6,2,7,9,5
18062018,7,9,1,4,8
18062019,10,8,1,2,9
18062020,9,5,8,2,10
18062021,4,7,9,6,1
18062022,7,6,3,5,9
18062023,3,4,6,11,1
18062024,4,9,11,10,1
18062025,9,7,6,11,1
18062026,5,10,11,6,4
18062027,9,6,4,2,1
18062028,3,5,10,2,4
18062029,5,3,6,2,10
18062030,3,11,6,1,7
18062031,7,6,1,10,8
18062032,7,4,5,3,6
18062033,1,10,2,11,8
18062034,3,4,7,6,8
18062035,11,4,8,9,2
18062036,9,11,1,4,7
18062037,8,2,7,3,9
18062038,1,3,11,7,6
18062039,2,3,1,11,9
18062040,9,7,8,5,10
18062041,4,9,3,10,5
18062042,11,7,3,1,9
18062043,5,10,11,8,9
18062044,8,4,9,5,6
18062045,10,4,8,6,7
18062046,9,5,8,10,4
18062047,9,10,8,4,2
18062048,11,7,5,9,1
18062049,8,10,6,7,3
18062050,9,11,7,3,5
18062051,8,7,3,4,6
18062052,7,1,2,8,4
18062053,10,9,1,2,7
18062054,3,11,4,9,2
18062055,8,7,3,6,11
18062056,10,6,2,1,4
18062057,10,3,1,4,2
18062058,7,2,11,9,10
18062059,7,6,8,1,11
18062060,1,6,4,10,7
18062061,7,9,8,10,3
18062062,6,2,3,10,1
18062063,6,11,7,4,8
18062064,10,5,1,7,2
18062065,11,7,6,3,2
18062066,11,1,7,2,5
18062067,1,3,9,11,10
18062068,9,2,11,7,6
18062069,7,1,6,3,2
18062070,1,4,3,8,2
18062071,3,1,9,8,7
18062072,5,4,6,7,8
18062073,7,3,11,2,8
18062074,4,8,10,6,7
18062075,2,7,9,8,1
18062076,6,9,10,5,11
18062077,4,1,9,6,7
18062078,1,6,2,10,8
18062079,1,3,10,11,4
18062080,9,4,8,7,10
18062081,9,5,8,4,3
18062082,9,3,5,10,7
18062083,4,10,5,11,9
18062084,3,8,1,4,6
18062101,2,8,9,5,6
18062102,8,5,11,6,9
18062103,9,10,1,3,2
18062104,8,10,4,9,3
18062105,4,6,7,1,3
18062106,2,1,8,10,5
18062107,8,4,6,3,7
18062108,11,2,5,9,3
18062109,3,1,5,9,2
18062110,11,1,7,2,4
18062111,10,5,2,8,4
18062112,7,6,11,2,1
18062113,10,11,4,1,3
18062114,1,5,6,10,8
18062115,6,2,10,5,11
18062116,5,11,9,3,7
18062117,8,3,9,10,1
18062118,10,7,3,1,5
18062119,10,2,7,9,3
18062120,11,10,8,1,2
18062121,8,7,2,3,4
18062122,6,8,4,3,7
18062123,4,2,1,8,10
18062124,8,4,6,3,1
18062125,9,3,6,11,5
18062126,6,9,10,2,11
18062127,4,6,5,11,9
18062128,2,8,4,10,7
18062129,10,2,11,8,9
18062130,2,3,5,4,1
18062131,7,3,11,1,2
18062132,10,1,4,6,5
18062133,7,1,8,4,9
18062134,7,1,11,2,10
18062135,8,10,6,11,1
18062136,11,4,7,3,1
18062137,5,8,2,10,3
18062138,5,2,7,8,3
18062139,11,10,3,6,7
18062140,1,4,9,11,2
18062141,2,10,6,5,4
18062142,9,3,1,7,4
18062143,7,9,1,2,10
18062144,2,8,7,6,5
18062145,4,9,6,3,8
18062146,3,10,4,8,6
18062147,8,6,1,9,10
18062148,10,4,5,1,6
18062149,8,1,6,3,7
18062150,9,7,6,5,10
18062151,1,8,11,10,4
18062152,10,9,11,7,2
18062153,2,1,7,8,10
18062154,7,5,10,2,1
18062155,5,1,2,11,7
18062156,3,5,2,8,11
18062157,6,9,4,3,7
18062158,3,6,4,10,8
18062159,10,8,7,11,2
18062160,11,6,2,5,10
18062161,8,4,11,3,6
18062162,2,9,4,7,11
18062163,7,2,11,8,4
18062164,6,11,5,1,2
18062165,4,5,1,2,10
18062166,11,1,7,4,2
18062167,1,8,10,6,3
18062168,11,3,9,6,10
18062169,6,3,7,5,11
18062170,9,7,3,4,11
18062171,1,4,8,6,10
18062172,4,10,2,6,11
18062173,4,5,9,6,10
18062174,10,1,7,6,8
18062175,6,3,5,10,8
18062176,10,8,5,9,3
18062177,7,10,4,8,6
18062178,4,5,7,8,3
18062179,6,4,5,7,8
18062180,9,11,10,6,4
18062181,7,8,6,11,9
18062182,10,6,7,11,8
18062183,3,4,5,2,10
18062184,6,5,10,8,3
18062201,11,7,10,1,4
18062202,3,11,4,8,9
18062203,11,9,1,4,6
18062204,7,10,6,11,8
18062205,11,2,7,4,9
18062206,3,4,7,1,9
18062207,5,3,8,6,9
18062208,10,4,3,9,11
18062209,10,1,3,5,6
18062210,3,9,7,4,6
18062211,10,9,8,7,6
18062212,7,3,5,6,9
18062213,6,8,1,9,4
18062214,5,7,8,6,10
18062215,9,4,7,11,8
18062216,6,8,7,10,9
18062217,11,3,6,8,9
18062218,2,4,9,10,3
18062219,5,10,3,7,11
18062220,7,8,9,10,2
18062221,3,9,1,7,5
18062222,8,5,7,1,10
18062223,3,8,9,10,2
18062224,7,2,6,11,4
18062225,2,4,10,3,11
18062226,10,6,8,3,2
18062227,5,6,2,4,11
18062228,9,6,2,4,1
18062229,4,11,7,10,3
18062230,8,2,4,5,6
18062231,10,4,8,5,3
18062232,1,7,3,8,11
18062233,3,4,6,9,7
18062234,8,4,1,9,5
18062235,7,5,10,1,9
18062236,2,5,8,3,1
18062237,10,8,6,3,1
18062238,10,4,9,8,6
18062239,6,11,2,5,10
18062240,6,11,7,8,5
18062241,3,11,2,9,5
18062242,1,11,3,10,6
18062243,6,9,5,4,1
18062244,5,4,2,7,11
18062245,10,1,4,8,11
18062246,8,7,10,3,9
18062247,4,10,7,2,3
18062248,9,10,11,5,7
18062249,8,6,11,5,3
18062250,9,7,6,10,5
18062251,8,4,3,9,1
18062252,10,6,2,9,11
18062253,10,5,7,9,3
18062254,5,1,6,7,3
18062255,8,5,10,6,1
18062256,1,6,4,11,7
18062257,6,8,7,4,11
18062258,11,6,9,10,4
18062259,11,10,2,9,1
18062260,6,1,11,9,7
18062261,4,3,5,11,1
18062262,5,11,4,7,8
18062263,4,2,8,5,6
18062264,10,5,9,6,2
18062265,9,5,8,10,7
18062266,4,7,9,1,2
18062267,7,4,2,1,8
18062268,10,2,8,5,11
18062269,11,4,1,5,9
18062270,4,1,9,11,8
18062271,9,10,4,11,5
18062272,4,2,3,1,7
18062273,2,5,6,10,7
18062274,4,9,7,5,2
18062275,8,3,9,11,4
18062276,2,10,3,1,5
18062277,3,7,6,10,5
18062278,6,7,8,3,2
18062279,10,7,6,1,4
18062280,8,11,3,10,2
18062281,6,11,4,7,2
18062282,7,6,4,5,2
18062283,11,2,10,7,3
18062284,4,1,7,11,8
18062301,2,11,6,4,5
18062302,3,1,11,2,7
18062303,4,10,6,2,3
18062304,11,3,8,1,10
18062305,1,11,10,9,7
18062306,1,5,6,11,8
18062307,8,9,3,7,10
18062308,1,7,4,5,9
18062309,4,7,5,11,1
18062310,7,2,4,11,1
18062311,11,5,3,6,4
18062312,10,1,6,9,7
18062313,5,8,4,3,11
18062314,3,10,8,4,2
18062315,2,4,5,8,10
18062316,5,3,4,9,8
18062317,7,1,6,5,2
18062318,9,3,1,2,5
18062319,5,10,9,3,1
18062320,5,1,6,3,11
18062321,1,9,5,10,8
18062322,10,2,8,5,3
18062323,2,4,5,10,1
18062324,10,11,8,9,4
18062325,9,4,6,11,1
18062326,6,8,1,10,9
18062327,7,4,2,6,3
18062328,6,7,11,9,2
18062329,1,10,4,2,3
18062330,11,5,7,9,10
18062331,7,4,9,3,11
18062332,7,9,5,11,8
18062333,2,10,1,7,6
18062334,3,11,5,2,1
18062335,7,6,2,8,1
18062336,4,3,7,10,6
18062337,3,11,10,6,7
18062338,1,2,5,7,6
18062339,8,2,9,5,7
18062340,8,1,9,4,7
18062341,6,8,3,9,5
18062342,7,8,10,4,2
18062343,10,8,11,2,9
18062344,5,7,9,10,6
18062345,3,11,7,5,4
18062346,9,5,2,10,1
18062347,3,11,7,8,4
18062348,4,2,10,8,11
18062349,8,9,11,3,4
18062350,3,5,6,10,2
18062351,11,5,10,7,8
18062352,1,8,6,9,3
18062353,1,7,9,8,4
18062354,9,5,3,11,10
18062355,9,8,11,2,5
18062356,5,1,3,4,8
18062357,10,9,4,11,6
18062358,11,5,9,4,7
18062359,11,7,8,5,4
18062360,2,10,1,11,5
18062361,8,5,1,9,11
18062362,9,8,3,5,7
18062363,11,3,10,9,5
18062364,2,5,6,9,10
18062365,9,10,8,3,5
18062366,5,1,11,9,10
18062367,3,11,9,6,7
18062368,1,2,4,3,8
18062369,2,7,8,3,11
18062370,3,8,7,2,6
18062371,8,7,10,4,5
18062372,7,3,1,5,2
18062373,1,8,4,9,10
18062374,11,4,3,10,9
18062375,9,5,11,3,4
18062376,11,3,7,4,6
18062377,8,5,3,7,11
18062378,8,3,7,2,11
18062379,9,1,11,3,10
18062380,11,7,2,5,8
18062381,4,9,2,7,5
18062382,10,5,7,1,8
18062383,11,7,6,3,10
18062384,7,5,4,9,1
18062401,11,5,10,3,1
18062402,10,3,1,11,5
18062403,8,5,9,1,11
18062404,5,7,6,10,11
18062405,1,2,3,5,8
18062406,7,3,9,10,8
18062407,8,11,4,1,3
18062408,4,10,9,5,7
18062409,1,7,4,9,3
18062410,1,10,4,11,8
18062411,8,3,7,11,1
18062412,5,4,7,3,8
18062413,9,2,8,6,11
18062414,6,4,3,5,10
18062415,8,3,2,1,9
18062416,9,11,10,3,4
18062417,3,9,2,6,11
18062418,8,2,3,10,9
18062419,9,2,3,5,7
18062420,11,9,10,5,8
18062421,10,4,9,1,3
18062422,4,7,2,6,1
18062423,9,3,10,7,11
18062424,10,6,11,1,9
18062425,2,4,10,7,8
18062426,11,8,4,9,6
18062427,6,11,8,5,9
18062428,3,8,4,10,5
18062429,5,2,8,6,10
18062430,2,8,5,1,6
18062431,3,8,9,4,6
18062432,7,6,3,8,5
18062433,4,10,6,5,8
18062434,6,8,9,4,5
18062435,2,4,7,9,8
18062436,9,10,4,7,6
18062437,4,2,9,3,6
18062438,11,2,8,1,7
18062439,10,8,5,9,4
18062440,10,4,1,5,2
18062441,4,11,2,9,10
18062442,8,5,11,3,2
18062443,5,10,4,7,6
18062444,4,2,11,9,8
18062445,4,9,1,7,10
18062446,6,8,4,11,1
18062447,8,5,7,3,9
18062448,5,1,4,10,9
18062449,2,8,9,7,11
18062450,8,6,1,10,3
18062451,7,1,3,5,9
18062452,7,6,3,4,8
18062453,4,10,11,6,1
18062454,3,4,1,8,6
18062455,9,11,4,2,5
18062456,8,1,10,5,7
18062457,1,5,4,7,3
18062458,10,3,6,7,2
18062459,11,6,10,9,5
18062460,8,4,10,5,7
18062461,8,11,2,3,7
18062462,6,9,7,2,1
18062463,11,4,8,5,3
18062464,2,3,1,7,8
18062465,7,1,6,8,10
18062466,11,10,8,7,4
18062467,6,8,7,9,2
18062468,1,8,7,4,9
18062469,9,11,2,7,3
18062470,5,4,2,1,6
18062471,2,11,5,1,4
18062472,4,1,11,2,9
18062473,1,7,5,2,6
18062474,8,11,4,7,10
18062475,4,10,7,9,1
18062476,9,6,7,5,11
18062477,3,9,10,7,4
18062478,11,1,2,6,3
18062479,7,5,9,2,6
18062480,9,8,11,5,2
18062481,6,1,7,4,3
18062482,11,6,10,8,5
18062483,11,8,4,1,9
18062484,11,1,7,5,8
18062501,7,3,9,1,5
18062502,5,8,6,2,11
18062503,11,5,8,4,3
18062504,11,4,5,8,10
18062505,4,6,8,3,10
18062506,8,7,1,4,2
18062507,4,6,2,9,7
18062508,3,7,9,10,8
18062509,9,8,6,1,4
18062510,1,7,4,8,6
18062511,4,11,9,3,5
18062512,3,4,10,6,1
18062513,4,6,7,10,3
18062514,6,7,1,5,11
18062515,8,1,7,10,6
18062516,3,6,10,4,1
18062517,6,5,2,10,9
18062518,7,9,2,8,10
18062519,4,1,7,10,8
18062520,5,11,9,1,10
18062521,4,11,3,2,9
18062522,9,7,4,11,8
18062523,11,10,1,5,4
18062524,2,9,1,5,8
18062525,7,5,6,4,11
18062526,5,6,11,7,9
18062527,6,1,10,9,3
18062528,1,6,11,8,2
18062529,11,8,5,9,4
18062530,2,1,8,6,4
18062531,7,9,5,4,8
18062532,6,2,9,10,7
18062533,11,10,6,8,3
18062534,7,4,2,5,1
18062535,4,1,2,11,8
18062536,9,3,1,4,2
18062537,6,11,7,4,9
18062538,10,7,11,6,3
18062539,1,10,2,8,3
18062540,6,9,3,5,4
18062541,8,3,5,10,1
18062542,2,10,4,9,11
18062543,11,4,9,5,10
18062544,5,7,9,4,1
18062545,10,1,4,11,9
18062546,10,1,8,5,3
18062547,1,6,8,5,2
18062548,6,1,5,10,2
18062549,8,5,10,4,7
18062550,9,2,5,8,7
18062551,1,5,2,3,4
18062552,8,7,6,2,11
18062553,10,1,6,11,4
18062554,6,4,11,8,2
18062555,4,1,8,7,9
18062556,6,2,1,4,3
18062557,9,1,8,7,2
18062558,8,3,9,11,4
18062559,10,9,2,3,7
18062560,11,4,8,9,5
18062561,10,6,2,7,4
18062562,9,2,1,5,4
18062563,8,6,1,3,11
18062564,11,8,10,2,6
18062565,6,2,5,11,9
18062566,9,10,6,5,8
18062567,6,7,9,10,1
18062568,8,10,7,5,1
18062569,8,2,9,5,1
18062570,4,9,5,11,3
18062571,3,9,10,2,8
18062572,8,4,2,3,10
18062573,6,5,1,7,2
18062574,5,10,1,6,2
18062575,5,7,11,4,6
18062576,3,10,7,1,9
18062577,4,10,1,7,6
18062578,4,9,7,5,6
18062579,5,2,3,4,10
18062580,11,3,2,4,6
18062581,11,4,2,10,6
18062582,1,6,7,9,4
18062583,4,8,6,5,7
18062584,4,8,5,6,9
18062601,6,3,11,8,7
18062602,5,7,1,8,10
18062603,1,9,8,6,5
18062604,11,6,2,5,1
18062605,11,4,2,10,5
18062606,8,3,6,11,5
18062607,1,2,7,11,6
18062608,7,8,1,9,5
18062609,10,4,7,2,5
18062610,10,9,3,8,2
18062611,7,5,9,4,1
18062612,9,10,3,8,6
18062613,2,3,4,5,6
18062614,5,1,10,2,6
18062615,6,3,7,4,5
18062616,6,4,7,2,11
18062617,6,1,11,8,9
18062618,10,1,6,7,4
18062619,8,6,10,4,3
18062620,7,3,9,6,11
18062621,6,11,8,3,5
18062622,7,1,11,3,6
18062623,1,6,10,7,8
18062624,2,8,9,1,4
18062625,9,7,6,4,3
18062626,11,8,7,4,9
18062627,7,6,4,9,1
18062628,3,9,1,8,5
18062629,6,11,5,1,7
18062630,1,5,7,3,10
18062631,8,9,1,10,4
18062632,7,5,11,1,9
18062633,8,9,5,7,10
18062634,3,8,9,2,7
18062635,3,11,2,6,1
18062636,7,6,9,11,3
18062637,10,4,11,7,8
18062638,10,11,3,2,8
18062639,8,5,6,4,3
18062640,6,10,11,4,3
18062641,4,6,1,8,3
18062642,7,3,8,5,4
18062643,4,10,7,9,5
18062644,3,1,11,9,5
18062645,8,7,10,9,5
18062646,9,2,1,7,5
18062647,4,2,5,10,8
18062648,9,5,2,10,7
18062649,11,9,1,4,7
18062650,1,8,6,9,2
18062651,2,10,5,6,8
18062652,3,6,1,8,10
18062653,9,4,5,10,8
18062654,9,3,8,4,1
18062655,9,11,6,7,2
18062656,11,5,10,8,1
18062657,2,10,4,8,1
18062658,11,1,8,4,9
18062659,1,6,9,3,7
18062660,3,8,2,11,9
18062661,6,8,4,9,2
18062662,3,2,6,11,8
18062663,2,5,7,3,1
18062664,10,4,5,9,6
18062665,1,4,9,6,3
18062666,3,1,9,8,10
18062667,2,11,8,7,5
18062668,11,10,8,3,5
18062669,8,10,5,7,4
18062670,1,6,4,5,7
18062671,10,5,9,3,11
18062672,11,10,4,2,7
18062673,5,8,11,9,10
18062674,10,4,2,9,6
18062675,7,5,4,9,2
18062676,3,7,2,6,8
18062677,11,2,4,6,5
18062678,4,2,3,1,9
18062679,9,6,10,3,7
18062680,2,4,10,5,3
18062681,9,7,4,6,11
18062682,2,8,11,5,3
18062683,5,10,1,6,8
18062684,9,2,3,11,8
18062701,6,5,2,3,7
18062702,8,10,7,1,11
18062703,4,5,9,6,10
18062704,6,8,5,9,7
18062705,10,3,4,1,11
18062706,9,5,11,1,4
18062707,8,5,11,7,3
18062708,5,11,9,7,4
18062709,7,8,1,2,5
18062710,7,5,10,2,6
18062711,9,8,2,3,4
18062712,3,7,4,10,2
18062713,6,3,10,1,2
18062714,9,3,4,8,1
18062715,9,2,8,7,5
18062716,7,2,3,4,8
18062717,11,2,6,3,8
18062718,11,3,9,8,10
18062719,10,7,3,1,6
18062720,10,9,6,8,1
18062721,11,1,3,7,10
18062722,10,2,4,11,8
18062723,2,9,1,5,6
18062724,5,3,6,1,10
18062725,7,2,11,10,6
18062726,4,9,1,5,7
18062727,11,4,5,9,10
18062728,3,8,4,9,2
18062729,2,11,1,3,6
18062730,3,1,11,9,2
18062731,5,7,3,8,11
18062732,3,4,7,8,9
18062733,4,6,2,1,8
18062734,8,4,5,7,2
18062735,9,5,7,3,2
18062736,7,3,5,6,8
18062737,7,10,2,1,11
18062738,10,11,2,4,9
18062739,1,8,6,4,2
18062740,4,7,3,9,11
18062741,10,7,1,4,5
18062742,11,1,6,9,2
18062743,10,7,8,3,9
18062744,4,11,5,6,8
18062745,5,6,4,8,3
18062746,7,4,5,6,11
18062747,6,9,4,1,11
18062748,1,11,2,7,8
18062749,2,5,6,8,3
18062750,6,3,2,1,8
18062751,9,10,4,5,7
18062752,11,1,4,3,7
18062753,3,2,8,1,9
18062754,3,11,4,8,7
18062755,9,8,5,10,11
18062756,7,8,2,1,9
18062757,6,3,10,4,11
18062758,9,7,6,3,1
18062759,10,1,8,11,2
18062760,2,4,10,6,1
18062761,11,1,2,8,5
18062762,4,6,2,1,8
18062763,11,8,2,5,4
18062764,3,10,2,4,11
18062765,3,2,5,10,4
18062766,7,4,2,9,3
18062767,8,1,10,11,6
18062768,10,6,9,8,5
18062769,10,1,7,5,3
18062770,7,10,5,8,6
18062771,2,8,3,9,5
18062772,10,11,9,7,3
18062773,9,4,3,10,1
18062774,3,11,1,4,2
18062775,4,9,11,10,7
18062776,1,3,5,9,11
18062777,8,9,6,10,7
18062778,4,6,2,1,11
18062779,7,2,1,8,6
18062780,2,3,5,11,1
18062781,5,1,10,11,7
18062782,10,1,11,3,9
18062783,1,6,10,8,7
18062784,11,4,10,7,8
18062801,5,1,4,3,7
18062802,8,11,9,2,3
18062803,7,3,5,2,10
18062804,11,10,7,2,4
18062805,1,8,6,4,10
18062806,6,2,7,4,11
18062807,6,9,8,4,2
18062808,11,6,1,5,7
18062809,6,5,10,4,8
18062810,11,5,4,9,3
18062811,9,3,2,10,6
18062812,8,5,7,4,2
18062813,7,1,8,2,9
18062814,9,3,8,4,5
18062815,1,8,6,10,5
18062816,11,2,8,10,7
18062817,10,11,2,7,3
18062818,5,2,1,7,9
18062819,11,7,6,8,2
18062820,9,6,8,5,4
18062821,10,11,6,3,9
18062822,4,10,6,7,2
18062823,4,9,6,11,1
18062824,8,2,6,7,3
18062825,5,10,2,11,6
18062826,1,6,7,10,9
18062827,5,9,1,4,2
18062828,8,4,1,6,5
18062829,6,8,7,2,1
18062830,8,3,1,11,9
18062831,7,2,5,10,8
18062832,4,5,3,10,9
18062833,6,1,9,5,3
18062834,4,3,6,7,9
18062835,9,3,6,5,1
18062836,9,6,3,10,7
18062837,8,11,5,3,10
18062838,3,4,10,6,5
18062839,7,5,9,6,10
18062840,5,4,2,1,10
18062841,4,9,6,11,3
18062842,8,5,1,3,6
18062843,4,1,9,8,7
18062844,3,9,2,8,7
18062845,7,4,1,3,8
18062846,3,7,4,2,5
18062847,3,9,11,1,5
18062848,2,4,10,9,1
18062849,5,8,11,1,7
18062850,11,6,1,3,9
18062851,11,1,4,7,9
18062852,4,11,10,8,3
18062853,4,3,2,6,8
18062854,8,11,1,5,9
18062855,7,5,6,9,10
18062856,3,10,11,1,4
18062857,3,5,2,4,7
18062858,11,6,3,10,5
18062859,8,9,4,7,5
18062860,4,6,10,3,1
18062861,10,7,5,1,9
18062862,1,8,11,5,3
18062863,5,11,3,10,6
18062864,2,7,5,4,3
18062865,8,9,5,3,7
18062866,11,7,8,1,2
18062867,6,10,8,2,3
18062868,7,11,3,5,2
18062869,3,7,10,1,11
18062870,5,1,6,11,4
18062871,3,2,8,5,10
18062872,10,5,4,11,7
18062873,3,6,7,8,9
18062874,4,5,6,10,1
18062875,1,11,8,3,6
18062876,7,5,2,9,10
18062877,10,1,9,4,3
18062878,8,1,11,3,9
18062879,5,11,9,2,7
18062880,5,4,10,11,2
18062881,11,9,6,10,2
18062882,1,9,5,4,2
18062883,4,7,5,2,10
18062884,11,5,1,7,4
18062901,10,5,9,3,8
18062902,6,8,5,7,9
18062903,8,3,11,5,7
18062904,7,6,11,10,5
18062905,8,5,1,3,7
18062906,6,5,10,8,11
18062907,7,5,6,8,9
18062908,7,9,8,10,11
18062909,4,1,8,11,9
18062910,11,2,7,9,10
18062911,4,3,7,11,1
18062912,7,10,8,2,3
18062913,9,2,6,1,11
18062914,3,8,1,7,4
18062915,11,4,8,2,5
18062916,11,3,1,4,7
18062917,7,1,11,2,8
18062918,10,4,1,5,8
18062919,9,11,5,10,4
18062920,10,3,5,8,1
18062921,2,6,7,9,5
18062922,9,3,7,4,10
18062923,11,1,9,3,5
18062924,7,8,4,9,6
18062925,4,6,1,8,3
18062926,9,8,11,10,6
18062927,7,3,4,6,11
18062928,10,4,7,8,5
18062929,8,5,7,10,4
18062930,4,5,3,6,10
18062931,10,6,2,4,5
18062932,8,6,3,5,1
18062933,1,6,5,2,11
18062934,9,2,6,10,5
18062935,9,6,10,11,3
18062936,9,1,7,5,10
18062937,1,4,8,10,5
18062938,5,6,2,9,1
18062939,2,3,8,5,11
18062940,10,1,2,7,8
18062941,7,3,8,2,9
18062942,8,4,3,7,10
18062943,10,8,9,11,3
18062944,11,7,3,8,9
18062945,5,4,1,3,11
18062946,11,4,8,3,7
18062947,5,10,7,1,8
18062948,2,6,3,9,5
18062949,1,2,11,8,5
18062950,10,9,1,7,3
18062951,11,8,3,10,5
18062952,8,4,7,3,2
18062953,3,11,5,1,7
18062954,1,5,4,3,2
18062955,9,3,2,4,7
18062956,5,7,10,11,3
18062957,6,7,4,1,5
18062958,1,3,7,11,8
18062959,10,2,5,6,8
18062960,2,6,7,8,1
18062961,2,9,1,5,7
18062962,11,6,7,8,2
18062963,7,8,4,6,10
18062964,1,2,6,11,8
18062965,3,1,9,4,2
18062966,4,9,11,5,3
18062967,8,9,5,3,4
18062968,7,1,6,11,9
18062969,9,4,6,11,3
18062970,6,2,3,7,1
18062971,11,8,4,5,10
18062972,8,11,1,4,9
18062973,8,9,3,6,7
18062974,10,1,11,3,2
18062975,11,2,9,6,7
18062976,8,9,4,5,11
18062977,3,4,2,10,5
18062978,9,11,4,1,3
18062979,1,8,4,11,2
18062980,3,8,2,9,10
18062981,6,5,11,7,8
18062982,10,9,7,5,6
18062983,8,6,3,9,4
18062984,7,3,5,2,8
18063001,7,11,2,8,4
18063002,7,1,5,3,10
18063003,1,3,8,5,9
18063004,10,7,3,5,8
18063005,5,6,8,10,3
18063006,4,3,6,8,10
18063007,8,6,5,2,11
18063008,1,8,11,4,10
18063009,6,1,7,9,11
18063010,10,2,1,9,11
18063011,10,7,6,3,4
18063012,11,5,3,10,7
18063013,9,11,4,2,10
18063014,4,10,8,7,11
18063015,8,2,5,11,6
18063016,9,1,7,6,11
18063017,11,8,9,2,3
18063018,11,9,6,7,10
18063019,9,2,6,10,3
18063020,6,10,11,7,3
18063021,3,6,4,9,1
18063022,2,4,11,8,9
18063023,9,3,11,5,4
18063024,7,6,8,9,4
18063025,5,3,1,9,8
18063026,4,8,6,5,2
18063027,11,10,9,5,3
18063028,2,6,3,5,10
18063029,11,10,7,9,1
18063030,11,7,5,6,9
18063031,6,5,11,2,9
18063032,8,11,9,4,10
18063033,7,4,11,2,1
18063034,7,3,6,10,5
18063035,9,6,2,5,1
18063036,2,7,8,6,3
18063037,2,6,7,4,11
18063038,10,7,3,6,11
18063039,1,10,4,11,6
18063040,2,5,6,3,7
18063041,1,5,6,10,9
18063042,6,8,11,7,5
18063043,10,6,7,5,9
18063044,3,9,4,7,6
18063045,10,11,5,1,8
18063046,9,4,5,2,11
18063047,3,6,8,9,4
18063048,11,7,5,1,9
18063049,10,6,7,2,8
18063050,3,6,5,7,2
18063051,9,4,1,2,6
18063052,7,10,3,5,4
18063053,11,10,5,8,9
18063054,6,8,5,4,11
18063055,1,5,9,11,6
18063056,6,11,3,8,7
18063057,11,8,7,10,1
18063058,6,9,5,1,4
18063059,1,5,4,7,8
18063060,2,8,7,1,4
18063061,3,8,11,9,1
18063062,1,10,5,4,9
18063063,9,10,5,2,4
18063064,2,5,7,10,6
18063065,4,11,7,9,3
18063066,1,3,4,5,2
18063067,9,6,2,5,4
18063068,11,10,9,7,2
18063069,9,3,4,5,6
18063070,11,2,7,9,5
18063071,4,9,11,7,10
18063072,10,7,4,11,1
18063073,3,9,10,1,5
18063074,5,1,6,3,4
18063075,11,3,6,5,1
18063076,4,8,11,3,10
18063077,1,11,7,3,4
18063078,5,10,7,2,3
18063079,2,5,1,7,11
18063080,4,3,5,11,8
18063081,1,9,6,7,5
18063082,8,1,6,4,2
18063083,10,6,2,7,5
18063084,5,2,1,9,6
