19010101,6,1,5,9,2
19010102,3,8,9,2,4
19010103,2,3,1,11,7
19010104,4,7,3,9,1
19010105,5,8,1,6,3
19010106,3,9,5,4,11
19010107,11,9,7,8,10
19010108,2,9,11,4,3
19010109,4,3,7,6,10
19010110,7,8,9,3,6
19010111,8,2,7,1,10
19010112,4,5,2,3,7
19010113,5,8,9,6,3
19010114,3,8,5,4,6
19010115,10,11,8,9,5
19010116,9,7,8,2,4
19010117,9,1,3,11,8
19010118,5,8,10,4,6
19010119,5,11,2,1,9
19010120,8,4,6,11,9
19010121,8,3,10,4,11
19010122,7,2,8,1,3
19010123,9,10,4,2,6
19010124,7,4,8,11,1
19010125,4,6,9,5,7
19010126,2,8,3,7,10
19010127,5,8,4,11,6
19010128,8,7,10,6,4
19010129,1,10,5,11,9
19010130,3,9,11,6,1
19010131,8,7,2,3,6
19010132,8,4,6,9,2
19010133,3,2,7,5,6
19010134,8,4,9,3,10
19010135,7,9,8,6,3
19010136,9,3,5,7,8
19010137,7,3,5,6,10
19010138,5,4,2,9,1
19010139,5,6,3,4,8
19010140,7,4,9,2,11
19010141,4,1,8,11,3
19010142,4,8,2,10,7
19010143,4,9,3,2,11
19010144,4,10,3,7,9
19010145,10,5,4,11,7
19010146,6,7,1,9,3
19010147,9,2,6,8,7
19010148,6,11,9,5,10
19010149,6,9,8,5,4
19010150,6,7,5,9,11
19010151,4,7,9,3,10
19010152,4,1,6,11,2
19010153,11,1,8,7,2
19010154,2,6,7,4,11
19010155,3,9,8,5,10
19010156,1,6,11,4,3
19010157,6,7,11,5,4
19010158,4,10,6,8,7
19010159,6,9,7,11,1
19010160,9,8,1,7,5
19010161,10,11,8,1,2
19010162,2,3,8,9,6
19010163,7,9,8,2,3
19010164,3,5,7,2,8
19010165,1,4,6,7,9
19010166,1,5,4,11,3
19010167,6,5,4,7,2
19010168,7,5,1,6,10
19010169,9,1,3,2,10
19010170,4,3,2,7,6
19010171,5,10,1,7,6
19010172,4,9,10,2,3
19010173,10,2,5,3,8
19010174,4,5,9,2,7
19010175,6,1,11,9,8
19010176,5,2,9,3,8
19010177,8,2,9,3,5
19010178,6,9,5,2,1
19010179,5,6,7,2,8
19010180,10,4,8,1,6
19010181,2,5,7,8,11
19010182,5,8,11,3,6
19010183,10,5,1,9,8
19010184,9,11,7,8,6
19010201,1,10,5,7,9
19010202,7,6,10,11,1
19010203,7,8,3,2,10
19010204,1,7,11,5,10
19010205,2,6,8,1,4
19010206,8,4,9,3,6
19010207,10,9,1,8,3
19010208,7,1,10,11,5
19010209,10,6,8,7,3
19010210,9,8,2,6,7
19010211,8,11,4,5,10
19010212,4,1,2,9,5
19010213,9,5,11,2,1
19010214,10,8,4,9,1
19010215,3,4,8,9,5
19010216,9,10,2,3,11
19010217,4,6,10,11,2
19010218,11,3,6,4,8
19010219,2,5,4,11,7
19010220,8,11,2,7,5
19010221,5,9,6,11,4
19010222,3,11,4,2,5
19010223,2,11,3,7,4
19010224,1,2,7,10,6
19010225,9,2,11,7,10
19010226,2,5,3,8,6
19010227,10,2,4,6,3
19010228,5,1,6,3,9
19010229,6,4,7,8,3
19010230,4,3,11,9,1
19010231,7,6,1,3,9
19010232,5,11,8,10,2
19010233,5,1,6,9,4
19010234,11,2,7,8,4
19010235,10,6,7,1,11
19010236,1,6,2,7,9
19010237,5,11,9,1,3
19010238,5,9,11,6,4
19010239,8,5,9,6,2
19010240,3,6,4,5,7
19010241,6,7,3,1,10
19010242,10,6,5,2,3
19010243,8,10,2,11,6
19010244,6,8,1,5,9
19010245,8,5,10,6,7
19010246,6,9,7,1,2
19010247,1,11,7,3,2
19010248,4,6,11,1,8
19010249,2,1,7,6,10
19010250,5,4,6,9,1
19010251,8,4,9,1,3
19010252,6,9,7,1,8
19010253,9,5,7,4,11
19010254,5,9,6,10,2
19010255,2,3,8,11,6
19010256,11,9,8,10,3
19010257,5,8,3,6,1
19010258,8,11,3,5,7
19010259,6,3,1,7,2
19010260,2,11,4,7,8
19010261,3,5,10,8,2
19010262,1,9,10,8,4
19010263,4,11,1,8,2
19010264,4,11,9,6,2
19010265,3,8,11,1,2
19010266,3,7,11,5,9
19010267,2,5,11,4,6
19010268,5,10,9,6,11
19010269,11,8,2,4,10
19010270,6,7,2,5,3
19010271,11,6,8,9,3
19010272,3,2,10,5,8
19010273,5,4,8,10,2
19010274,1,3,10,9,8
19010275,7,9,5,1,4
19010276,3,1,6,10,7
19010277,2,4,9,1,11
19010278,1,4,9,6,2
19010279,10,7,1,11,6
19010280,4,1,5,9,2
19010281,5,3,6,2,10
19010282,10,8,11,6,9
19010283,10,7,3,6,2
19010284,2,1,10,7,6
19010301,3,10,7,6,5
19010302,11,1,10,6,2
19010303,6,4,7,11,3
19010304,2,5,1,8,9
19010305,11,4,8,7,2
19010306,2,5,9,7,10
19010307,5,2,6,10,8
19010308,7,2,3,4,5
19010309,9,2,1,5,8
19010310,3,5,9,4,7
19010311,3,5,4,7,2
19010312,4,7,2,5,9
19010313,4,5,8,3,10
19010314,9,8,4,7,10
19010315,4,7,3,2,11
19010316,10,1,2,7,11
19010317,7,1,3,5,6
19010318,11,9,6,8,5
19010319,5,11,4,6,7
19010320,4,1,3,10,9
19010321,1,11,3,7,8
19010322,5,7,3,1,11
19010323,8,11,3,4,6
19010324,8,1,7,6,5
19010325,11,6,8,5,9
19010326,3,10,8,2,11
19010327,6,8,10,3,4
19010328,6,2,7,5,3
19010329,10,3,11,7,2
19010330,9,11,8,7,1
19010331,5,1,7,4,8
19010332,7,11,2,10,6
19010333,6,8,4,1,2
19010334,2,11,8,4,6
19010335,11,3,8,4,5
19010336,3,8,1,4,7
19010337,6,5,11,9,8
19010338,2,6,5,1,9
19010339,4,11,10,1,9
19010340,1,7,4,10,11
19010341,10,8,11,1,3
19010342,11,3,10,4,5
19010343,2,11,10,1,3
19010344,10,11,2,9,7
19010345,2,8,3,10,1
19010346,6,5,8,1,2
19010347,5,11,9,7,4
19010348,2,6,1,8,9
19010349,3,8,4,5,7
19010350,7,11,3,9,8
19010351,6,11,8,4,3
19010352,9,3,6,5,10
19010353,8,6,9,7,5
19010354,7,10,9,6,1
19010355,8,10,6,11,9
19010356,2,3,6,8,7
19010357,11,2,9,3,8
19010358,7,10,8,4,5
19010359,3,7,10,8,5
19010360,6,2,11,3,10
19010361,2,1,8,11,6
19010362,1,4,9,10,5
19010363,5,1,7,2,8
19010364,4,6,11,1,10
19010365,1,5,3,7,10
19010366,4,1,5,7,2
19010367,9,6,11,7,4
19010368,5,9,4,2,3
19010369,6,9,2,4,7
19010370,9,10,2,4,3
19010371,11,2,7,1,9
19010372,1,4,7,9,2
19010373,8,4,7,5,6
19010374,2,5,10,11,8
19010375,10,3,4,6,1
19010376,8,1,4,2,6
19010377,4,7,10,1,11
19010378,4,5,2,9,3
19010379,3,5,2,8,10
19010380,6,2,1,5,10
19010381,11,4,7,3,5
19010382,9,5,7,8,1
19010383,2,3,6,5,1
19010384,6,2,1,10,7
19010401,6,10,4,8,2
19010402,11,9,8,2,1
19010403,7,6,10,5,8
19010404,9,6,8,4,5
19010405,5,7,6,3,2
19010406,2,5,1,6,7
19010407,7,4,3,1,11
19010408,7,2,11,5,9
19010409,7,11,8,6,9
19010410,11,4,2,3,5
19010411,3,6,5,10,7
19010412,5,10,3,6,11
19010413,3,5,2,7,1
19010414,10,5,8,1,6
19010415,2,11,6,1,7
19010416,2,10,1,9,4
19010417,6,11,7,5,2
19010418,2,8,3,11,7
19010419,7,6,9,2,5
19010420,5,4,10,2,11
19010421,8,11,7,2,10
19010422,9,1,11,8,10
19010423,8,4,9,2,5
19010424,2,1,6,5,3
19010425,8,4,5,6,11
19010426,4,11,3,9,2
19010427,10,2,3,4,7
19010428,11,1,4,9,10
19010429,2,10,11,9,7
19010430,5,10,7,1,3
19010431,3,6,9,7,2
19010432,4,7,5,10,1
19010433,11,5,2,10,9
19010434,8,9,7,1,11
19010435,10,9,4,1,2
19010436,11,3,9,2,5
19010437,11,10,9,6,2
19010438,1,3,7,6,4
19010439,7,5,11,9,10
19010440,1,5,11,7,3
19010441,4,6,3,10,7
19010442,7,6,11,9,2
19010443,2,7,8,5,10
19010444,9,6,8,7,4
19010445,11,2,5,3,6
19010446,6,10,5,11,3
19010447,1,2,5,3,7
19010448,10,1,8,11,2
19010449,6,5,10,8,4
19010450,3,10,4,9,7
19010451,11,6,9,1,10
19010452,8,7,11,6,9
19010453,8,10,11,3,5
19010454,11,3,8,5,6
19010455,11,1,4,7,8
19010456,5,2,11,8,7
19010457,7,9,3,1,5
19010458,6,5,1,11,10
19010459,11,1,10,2,8
19010460,6,10,8,7,4
19010461,1,9,6,5,2
19010462,2,4,5,8,1
19010463,4,5,3,2,9
19010464,6,1,4,7,5
19010465,9,4,10,6,3
19010466,2,6,3,10,11
19010467,3,10,6,9,1
19010468,4,1,2,7,9
19010469,7,5,9,8,10
19010470,11,4,8,9,1
19010471,8,5,10,3,6
19010472,11,4,7,3,1
19010473,6,11,1,8,2
19010474,6,5,11,4,8
19010475,6,11,2,4,3
19010476,10,2,11,5,8
19010477,1,11,5,2,9
19010478,3,1,8,7,6
19010479,3,2,8,6,5
19010480,9,1,3,8,5
19010481,5,9,7,1,3
19010482,5,8,9,11,2
19010483,8,11,7,1,4
19010484,9,1,5,10,8
19010501,3,2,6,11,4
19010502,1,2,9,8,3
19010503,11,3,5,8,7
19010504,4,5,9,8,7
19010505,7,9,3,10,8
19010506,1,8,2,3,11
19010507,5,6,3,9,11
19010508,4,10,5,7,3
19010509,5,7,11,8,10
19010510,1,6,10,7,2
19010511,10,11,6,7,2
19010512,8,11,9,10,7
19010513,6,5,2,8,4
19010514,4,10,8,11,9
19010515,11,4,2,9,3
19010516,2,5,7,9,8
19010517,7,6,8,2,11
19010518,8,10,2,3,4
19010519,3,7,1,4,9
19010520,1,9,3,4,11
19010521,4,11,7,10,6
19010522,11,7,2,10,4
19010523,5,10,11,9,6
19010524,10,9,8,1,5
19010525,7,2,4,10,11
19010526,11,7,1,2,3
19010527,6,9,2,10,4
19010528,6,3,10,11,1
19010529,9,1,10,6,4
19010530,1,11,7,10,4
19010531,1,2,3,10,4
19010532,9,11,10,1,5
19010533,1,10,3,5,8
19010534,6,11,9,10,8
19010535,5,1,2,6,11
19010536,6,7,5,4,11
19010537,6,5,9,2,8
19010538,4,10,2,7,6
19010539,9,7,8,10,11
19010540,10,6,7,8,5
19010541,4,11,1,3,7
19010542,8,9,4,5,10
19010543,4,11,10,3,9
19010544,5,3,1,11,2
19010545,2,4,10,5,9
19010546,5,7,1,10,2
19010547,7,11,5,1,3
19010548,4,1,5,7,10
19010549,7,6,5,8,1
19010550,3,5,6,11,4
19010551,1,8,7,10,6
19010552,9,3,10,11,7
19010553,10,6,4,8,7
19010554,4,10,6,8,11
19010555,9,5,8,11,6
19010556,3,5,6,10,4
19010557,6,5,9,1,8
19010558,7,10,3,8,11
19010559,5,6,3,7,2
19010560,1,6,3,4,10
19010561,9,1,6,10,2
19010562,6,8,9,10,3
19010563,11,1,8,10,7
19010564,7,10,5,1,3
19010565,4,6,5,2,11
19010566,9,5,10,7,6
19010567,9,7,11,4,1
19010568,10,4,1,11,6
19010569,6,7,8,11,4
19010570,6,10,4,2,3
19010571,9,8,10,11,6
19010572,3,7,5,6,11
19010573,11,8,5,4,9
19010574,5,9,1,4,7
19010575,4,11,9,5,3
19010576,7,1,6,11,10
19010577,3,7,5,6,8
19010578,5,2,9,1,11
19010579,8,1,7,10,2
19010580,9,3,6,8,1
19010581,9,7,1,3,2
19010582,5,1,6,4,11
19010583,2,9,4,11,1
19010584,9,2,11,5,6
19010601,4,9,2,1,3
19010602,11,1,2,3,9
19010603,9,7,5,8,1
19010604,8,5,10,3,4
19010605,3,10,5,4,8
19010606,8,5,1,7,2
19010607,11,5,1,3,10
19010608,10,1,7,2,6
19010609,9,10,3,1,8
19010610,9,6,5,10,1
19010611,11,10,1,7,2
19010612,7,2,10,6,3
19010613,7,11,3,6,8
19010614,10,11,8,3,2
19010615,2,3,10,1,4
19010616,4,11,10,6,3
19010617,7,9,3,1,4
19010618,11,5,7,10,3
19010619,5,11,8,2,4
19010620,5,3,6,10,9
19010621,6,2,8,7,1
19010622,11,8,5,2,6
19010623,7,5,1,9,10
19010624,8,2,1,7,10
19010625,4,5,11,2,1
19010626,2,4,9,8,1
19010627,11,8,7,3,2
19010628,5,10,6,3,2
19010629,5,9,4,7,8
19010630,11,9,2,3,5
19010631,11,4,3,9,1
19010632,3,11,8,7,1
19010633,9,3,11,10,2
19010634,5,8,6,1,3
19010635,11,1,10,2,6
19010636,2,5,7,3,1
19010637,10,4,9,1,6
19010638,7,6,4,11,10
19010639,6,3,10,2,1
19010640,7,11,2,5,1
19010641,1,8,9,10,3
19010642,1,10,11,4,7
19010643,11,8,6,1,5
19010644,9,1,6,2,10
19010645,3,9,4,10,2
19010646,5,10,2,4,8
19010647,2,8,5,9,10
19010648,3,6,1,5,2
19010649,7,5,1,2,6
19010650,8,4,7,1,6
19010651,6,5,4,9,11
19010652,1,11,2,5,8
19010653,7,8,5,6,1
19010654,2,7,3,10,8
19010655,2,9,5,4,8
19010656,11,9,8,10,1
19010657,8,6,1,11,3
19010658,11,10,6,5,9
19010659,4,2,10,5,8
19010660,7,10,3,9,6
19010661,8,9,3,5,7
19010662,3,8,4,5,11
19010663,1,2,5,11,6
19010664,4,11,5,9,10
19010665,9,1,4,2,6
19010666,9,10,1,3,2
19010667,4,7,3,8,1
19010668,9,1,5,7,3
19010669,8,3,1,7,11
19010670,2,1,11,9,10
19010671,8,11,2,3,5
19010672,5,10,8,9,7
19010673,9,3,10,6,1
19010674,8,7,6,10,9
19010675,8,3,5,7,2
19010676,1,5,11,4,10
19010677,5,8,2,6,3
19010678,9,2,11,5,7
19010679,9,3,11,2,10
19010680,2,9,5,8,4
19010681,3,2,7,11,1
19010682,6,7,3,5,9
19010683,5,4,2,6,8
19010684,1,10,7,8,2
19010701,10,1,2,5,9
19010702,4,9,2,11,3
19010703,1,11,7,9,10
19010704,2,1,11,7,10
19010705,4,11,8,5,3
19010706,11,1,7,10,4
19010707,8,5,10,4,6
19010708,8,5,11,10,1
19010709,7,4,5,1,8
19010710,11,1,9,2,5
19010711,8,7,11,4,5
19010712,11,9,5,6,3
19010713,7,4,2,10,11
19010714,1,8,10,5,7
19010715,6,3,11,1,2
19010716,2,5,9,3,11
19010717,5,10,1,4,6
19010718,4,9,5,1,11
19010719,11,1,8,3,10
19010720,9,8,4,10,7
19010721,3,2,8,7,9
19010722,7,1,2,5,11
19010723,5,7,11,6,4
19010724,9,11,8,7,5
19010725,11,1,5,8,3
19010726,9,3,7,1,4
19010727,11,6,9,5,10
19010728,7,4,8,6,11
19010729,2,1,9,7,3
19010730,6,5,8,2,4
19010731,2,4,3,9,7
19010732,8,6,3,7,5
19010733,9,8,5,3,11
19010734,6,4,8,10,2
19010735,9,11,1,7,5
19010736,8,9,2,1,5
19010737,7,1,5,8,3
19010738,4,2,8,11,7
19010739,5,8,4,1,7
19010740,1,5,7,3,2
19010741,3,9,11,5,10
19010742,11,2,5,1,4
19010743,2,4,1,5,7
19010744,1,11,5,6,8
19010745,10,6,7,3,4
19010746,5,11,8,7,10
19010747,6,1,11,4,5
19010748,4,9,2,10,8
19010749,2,9,8,5,11
19010750,6,4,5,3,1
19010751,5,4,8,7,1
19010752,9,8,1,6,3
19010753,11,5,9,6,2
19010754,1,5,10,4,6
19010755,9,7,8,5,11
19010756,2,9,6,10,7
19010757,8,11,2,5,9
19010758,3,8,10,7,4
19010759,7,4,3,8,11
19010760,1,3,9,6,4
19010761,6,8,11,10,3
19010762,9,11,5,7,4
19010763,7,5,10,3,9
19010764,9,1,10,8,5
19010765,11,4,8,5,6
19010766,7,9,3,10,8
19010767,9,4,5,2,6
19010768,8,10,5,3,7
19010769,1,7,8,4,2
19010770,11,9,8,1,6
19010771,6,3,11,7,10
19010772,9,11,1,7,6
19010773,6,9,10,8,5
19010774,10,1,6,4,11
19010775,9,3,10,11,4
19010776,9,5,10,2,8
19010777,6,9,8,2,4
19010778,9,8,4,5,1
19010779,6,8,5,4,10
19010780,1,2,7,8,5
19010781,1,7,8,9,3
19010782,8,6,1,5,10
19010783,8,11,6,4,3
19010784,4,7,3,10,1
19010801,7,2,10,1,11
19010802,4,1,5,11,3
19010803,11,3,5,4,8
19010804,1,5,2,4,7
19010805,3,10,1,2,7
19010806,1,6,8,11,2
19010807,6,4,8,10,9
19010808,3,11,9,7,2
19010809,6,2,4,7,1
19010810,4,5,9,1,7
19010811,7,3,9,1,2
19010812,10,3,4,5,1
19010813,3,8,10,7,5
19010814,6,9,3,1,8
19010815,8,2,11,4,9
19010816,1,2,8,9,4
19010817,11,8,4,7,3
19010818,10,6,8,5,4
19010819,3,2,9,1,4
19010820,7,1,6,10,4
19010821,7,9,10,2,4
19010822,3,4,9,7,2
19010823,2,8,7,1,3
19010824,4,11,8,1,2
19010825,1,6,9,8,10
19010826,10,2,1,8,7
19010827,8,2,11,3,4
19010828,5,6,11,8,2
19010829,10,11,4,8,5
19010830,6,5,3,2,8
19010831,10,4,9,7,1
19010832,1,4,9,3,6
19010833,11,9,2,8,1
19010834,2,7,10,6,4
19010835,4,5,11,9,2
19010836,7,4,3,9,10
19010837,5,7,6,11,8
19010838,2,8,11,7,5
19010839,10,5,7,3,6
19010840,11,1,4,6,7
19010841,2,4,9,1,11
19010842,11,2,8,6,9
19010843,11,7,5,9,10
19010844,10,9,11,6,2
19010845,6,2,1,11,7
19010846,11,5,6,2,7
19010847,1,10,8,5,4
19010848,5,2,10,1,11
19010849,6,4,10,1,7
19010850,10,4,1,9,11
19010851,7,2,5,3,11
19010852,5,7,6,2,1
19010853,10,4,5,6,8
19010854,11,4,5,1,7
19010855,9,8,7,4,2
19010856,2,4,5,8,9
19010857,9,10,3,5,7
19010858,3,2,9,4,6
19010859,9,2,3,7,1
19010860,10,6,9,1,11
19010861,1,5,4,3,8
19010862,4,11,9,7,2
19010863,5,7,2,11,4
19010864,6,11,7,1,5
19010865,2,1,10,11,9
19010866,11,6,9,5,8
19010867,6,3,9,5,2
19010868,2,1,7,3,9
19010869,9,3,10,2,6
19010870,6,5,2,3,8
19010871,10,11,2,4,3
19010872,4,8,3,10,9
19010873,5,10,7,1,8
19010874,3,7,5,11,6
19010875,9,2,11,8,1
19010876,5,7,6,2,8
19010877,7,11,9,1,6
19010878,7,5,4,6,2
19010879,9,11,2,7,6
19010880,3,7,11,2,5
19010881,5,7,8,9,1
19010882,9,1,11,7,10
19010883,1,5,4,11,8
19010884,7,11,1,5,4
19010901,7,6,11,5,10
19010902,4,2,8,3,6
19010903,5,11,10,1,7
19010904,8,7,2,4,5
19010905,10,11,4,1,3
19010906,11,4,5,8,2
19010907,8,1,4,3,7
19010908,7,8,3,11,2
19010909,8,10,7,1,5
19010910,8,1,6,4,11
19010911,5,3,1,6,8
19010912,8,6,7,4,9
19010913,3,10,1,9,2
19010914,8,3,1,5,10
19010915,8,10,4,11,5
19010916,6,10,7,9,2
19010917,10,5,4,7,8
19010918,3,11,7,4,8
19010919,3,8,4,2,7
19010920,8,4,11,10,1
19010921,6,5,7,4,11
19010922,7,11,10,4,8
19010923,5,3,2,9,11
19010924,11,4,7,1,2
19010925,6,3,8,9,2
19010926,6,11,3,7,1
19010927,8,2,9,1,4
19010928,10,6,8,11,4
19010929,7,3,4,1,6
19010930,7,3,9,8,10
19010931,1,10,11,5,2
19010932,9,3,11,7,5
19010933,2,11,9,8,10
19010934,4,7,8,9,6
19010935,6,1,5,4,8
19010936,11,6,3,1,7
19010937,5,10,1,7,3
19010938,6,11,10,4,1
19010939,2,6,8,11,7
19010940,6,11,2,3,7
19010941,10,1,3,9,5
19010942,4,3,9,7,2
19010943,2,8,9,1,5
19010944,8,2,7,4,11
19010945,8,5,6,11,2
19010946,10,3,8,9,2
19010947,2,9,5,4,8
19010948,9,3,6,8,5
19010949,11,7,5,6,9
19010950,8,5,4,6,1
19010951,5,7,10,9,11
19010952,1,5,3,7,8
19010953,4,11,10,5,3
19010954,11,4,2,5,1
19010955,6,2,7,4,9
19010956,2,5,1,10,9
19010957,5,10,2,3,8
19010958,1,2,8,7,6
19010959,5,3,7,6,10
19010960,4,3,2,11,8
19010961,4,9,8,2,7
19010962,3,5,4,6,7
19010963,5,10,6,8,2
19010964,4,10,8,3,1
19010965,10,2,5,8,3
19010966,5,1,2,11,8
19010967,9,1,7,10,2
19010968,4,6,9,10,7
19010969,8,10,11,3,1
19010970,2,4,1,8,6
19010971,1,3,4,11,9
19010972,9,11,4,10,7
19010973,10,11,6,8,2
19010974,6,10,7,11,4
19010975,4,2,9,8,10
19010976,8,5,9,6,3
19010977,8,2,11,6,3
19010978,8,10,7,4,9
19010979,3,2,4,7,9
19010980,4,6,10,11,2
19010981,1,5,3,9,10
19010982,8,3,5,9,4
19010983,4,1,7,5,9
19010984,9,1,8,5,7
19011001,6,8,4,1,2
19011002,7,5,8,2,11
19011003,6,11,5,10,7
19011004,2,5,11,10,1
19011005,9,4,3,11,8
19011006,10,8,7,1,5
19011007,4,3,7,11,6
19011008,3,8,6,4,7
19011009,10,5,9,11,1
19011010,4,10,1,9,2
19011011,2,7,1,4,3
19011012,3,5,7,10,11
19011013,8,5,2,1,11
19011014,8,5,9,11,7
19011015,9,4,1,8,10
19011016,10,8,6,7,9
19011017,4,6,1,8,9
19011018,6,11,8,7,4
19011019,6,7,9,4,2
19011020,10,1,7,5,4
19011021,10,9,4,5,6
19011022,9,4,5,2,6
19011023,4,11,6,7,3
19011024,7,3,5,9,8
19011025,9,3,6,7,4
19011026,6,2,9,10,3
19011027,1,3,9,2,7
19011028,3,7,11,2,10
19011029,7,3,8,10,1
19011030,1,2,4,8,3
19011031,10,5,11,3,2
19011032,9,2,3,8,10
19011033,11,9,1,10,7
19011034,5,3,2,10,11
19011035,2,3,10,9,1
19011036,10,6,2,11,5
19011037,5,11,2,6,7
19011038,6,8,3,4,11
19011039,9,6,5,8,3
19011040,6,2,3,8,5
19011041,7,10,9,6,8
19011042,8,9,6,3,7
19011043,8,3,6,10,1
19011044,4,1,10,11,9
19011045,10,6,8,4,9
19011046,4,2,5,11,9
19011047,10,11,8,6,3
19011048,3,7,8,1,11
19011049,3,1,2,8,5
19011050,1,4,3,9,11
19011051,10,9,3,8,7
19011052,10,1,7,3,4
19011053,9,3,4,7,5
19011054,7,4,2,1,8
19011055,3,9,10,8,5
19011056,11,7,3,5,8
19011057,3,4,11,10,7
19011058,4,5,2,7,8
19011059,2,9,8,3,10
19011060,8,2,5,9,4
19011061,9,7,1,3,11
19011062,6,4,11,10,9
19011063,1,7,2,8,11
19011064,11,3,5,1,4
19011065,8,11,4,6,9
19011066,3,10,1,11,6
19011067,5,10,11,3,8
19011068,3,10,5,1,2
19011069,9,5,4,3,1
19011070,6,3,10,2,5
19011071,4,8,11,7,9
19011072,11,7,3,10,5
19011073,5,10,11,7,3
19011074,4,3,2,10,6
19011075,10,9,2,6,4
19011076,5,2,8,3,6
19011077,2,7,3,4,10
19011078,6,1,9,10,2
19011079,9,1,7,2,11
19011080,1,9,8,4,10
19011081,7,3,9,6,1
19011082,4,6,5,11,1
19011083,4,9,5,10,8
19011084,2,3,5,7,11
19011101,5,3,10,9,2
19011102,10,11,4,2,1
19011103,11,2,9,7,4
19011104,7,6,1,10,3
19011105,8,10,4,5,1
19011106,2,8,9,10,4
19011107,8,5,9,11,6
19011108,6,1,3,10,11
19011109,2,5,10,7,3
19011110,1,7,10,5,3
19011111,8,6,10,5,1
19011112,9,10,1,5,2
19011113,6,5,3,7,4
19011114,2,6,8,11,10
19011115,7,11,3,1,5
19011116,3,11,2,4,10
19011117,6,9,5,7,2
19011201,1,2,8,6,9
19011202,2,4,7,11,8
19011203,2,4,8,10,9
19011204,6,11,8,3,10
19011205,5,11,6,8,3
19011206,11,10,3,8,2
19011207,1,10,7,9,5
19011208,3,9,7,2,4
19011209,11,3,9,4,10
19011210,6,3,8,9,10
19011211,10,1,9,2,4
19011212,9,7,11,4,2
19011213,8,2,4,1,5
19011214,10,8,4,11,6
19011215,9,8,4,7,2
19011216,3,10,5,6,2
19011217,9,11,7,1,2
19011218,1,2,4,3,9
19011219,10,3,4,8,5
19011220,11,5,2,9,7
19011221,7,9,11,2,10
19011222,8,11,4,7,5
19011223,6,7,11,3,4
19011224,10,6,8,4,2
19011225,11,10,6,8,1
19011226,10,2,9,5,11
19011227,10,11,6,9,4
19011228,10,8,3,6,5
19011229,6,1,10,4,8
19011230,6,4,11,1,8
19011231,4,5,8,1,3
19011232,2,6,3,4,7
19011233,1,10,4,5,6
19011234,3,11,2,7,8
19011235,5,11,3,9,7
19011236,11,6,8,2,1
19011237,8,1,6,3,10
19011238,9,8,2,10,11
19011239,9,2,5,10,1
19011240,5,6,11,7,3
19011241,6,4,11,9,7
19011242,10,1,6,7,9
19011243,5,6,11,3,10
19011244,9,10,6,8,1
19011245,7,1,2,9,5
19011246,11,9,8,6,4
19011247,11,2,1,8,3
19011248,6,5,3,9,8
19011249,7,3,4,11,5
19011250,4,7,9,3,8
19011251,5,6,10,8,1
19011252,6,3,9,10,5
19011253,11,6,8,2,1
19011254,4,6,11,5,3
19011255,3,6,7,1,9
19011256,6,8,9,5,3
19011257,4,8,1,6,7
19011258,3,4,5,7,1
19011259,9,11,4,10,1
19011260,7,3,1,4,8
19011261,5,3,1,8,7
19011262,9,8,7,5,1
19011263,2,4,11,10,9
19011264,9,10,5,7,3
19011265,11,5,9,4,6
19011266,10,3,1,5,9
19011267,2,11,10,3,7
19011268,1,10,8,3,9
19011269,4,5,3,6,7
19011270,6,8,9,10,11
19011271,10,3,11,5,6
19011272,4,10,3,5,2
19011273,9,4,5,3,6
19011274,6,4,1,9,5
19011275,10,11,9,8,6
19011276,1,3,7,8,9
19011277,4,8,7,2,10
19011278,2,4,1,5,11
19011279,4,7,5,2,1
19011280,7,10,5,9,8
19011281,11,7,10,4,1
19011282,4,3,6,7,9
19011283,2,10,5,6,9
19011284,1,7,3,5,2
19011301,9,8,10,5,4
19011302,5,8,4,10,11
19011303,6,9,11,7,4
19011304,9,1,6,5,3
19011305,2,4,10,9,8
19011306,7,4,6,10,9
19011307,7,1,11,8,6
19011308,2,8,10,3,9
19011309,3,8,2,10,7
19011310,8,3,7,4,1
19011311,5,1,9,6,11
19011312,5,3,4,11,2
19011313,7,2,11,1,10
19011314,4,2,6,1,10
19011315,3,8,7,11,2
19011316,10,1,4,11,5
19011317,3,7,11,1,6
19011318,11,3,7,10,4
19011319,5,7,11,10,6
19011320,8,3,11,9,2
19011321,5,3,7,8,9
19011322,4,9,10,1,8
19011323,1,11,3,5,4
19011324,8,3,6,4,7
19011325,3,9,10,7,8
19011326,10,2,6,7,9
19011327,8,6,1,9,11
19011328,9,4,7,11,8
19011329,1,3,9,7,4
19011330,8,7,6,9,1
19011331,10,2,8,7,5
19011332,7,3,9,10,4
19011333,3,11,7,1,8
19011334,3,7,10,9,8
19011335,3,5,6,4,9
19011336,2,4,10,7,1
19011337,7,5,9,8,4
19011338,10,9,4,6,7
19011339,11,10,9,7,1
19011340,1,5,3,6,10
19011341,6,5,2,7,10
19011342,8,9,10,4,6
19011343,2,10,5,7,3
19011344,4,5,6,8,9
19011345,6,3,11,9,5
19011346,1,6,10,7,2
19011347,6,8,1,11,4
19011348,10,7,8,6,11
19011349,11,4,8,3,5
19011350,6,4,8,10,5
19011351,1,10,9,6,11
19011352,11,10,8,1,6
19011353,9,1,6,4,8
19011354,8,7,9,11,10
19011355,1,5,9,2,11
19011356,6,1,8,10,9
19011357,1,4,9,2,7
19011358,9,2,1,10,5
19011359,6,5,3,4,2
19011360,8,5,4,2,9
19011361,1,9,10,5,6
19011362,9,11,7,8,4
19011363,5,2,11,3,6
19011364,4,1,5,6,8
19011365,8,6,1,3,10
19011366,8,1,4,3,9
19011367,6,11,10,3,9
19011368,8,9,4,2,7
19011369,2,1,7,9,4
19011370,2,6,8,7,10
19011371,2,5,8,4,10
19011372,10,8,4,2,6
19011373,9,4,10,5,11
19011374,4,1,7,9,5
19011375,4,10,1,7,3
19011376,8,9,10,11,5
19011377,8,7,1,4,6
19011378,4,10,8,5,11
19011379,1,9,7,3,2
19011380,2,5,3,9,8
19011381,7,11,10,6,5
19011382,3,11,5,1,10
19011383,5,4,7,2,10
19011384,2,5,9,6,7
19011401,8,7,2,11,1
19011402,6,2,8,5,11
19011403,1,3,11,7,10
19011404,2,4,5,7,9
19011405,4,6,11,5,8
19011406,8,5,6,11,2
19011407,10,1,9,5,4
19011408,7,6,5,11,2
19011409,6,9,8,10,5
19011410,9,6,1,5,4
19011411,7,4,3,1,6
19011412,9,4,1,7,11
19011413,10,2,5,4,6
19011414,6,1,8,2,3
19011415,3,6,7,1,11
19011416,3,11,6,2,7
19011417,10,3,9,8,11
19011418,1,6,3,7,4
19011419,3,5,9,11,10
19011420,3,6,8,4,2
19011421,4,2,9,3,5
19011422,9,11,4,5,7
19011423,4,10,7,3,5
19011424,2,5,7,3,4
19011425,6,2,5,1,3
19011426,3,7,5,6,4
19011427,8,7,6,1,4
19011428,6,2,8,7,5
19011429,1,4,9,6,11
19011430,9,4,5,2,7
19011431,8,6,3,1,10
19011432,4,1,9,7,11
19011433,4,1,2,7,10
19011434,8,11,4,6,1
19011435,3,1,7,8,5
19011436,11,10,4,2,3
19011437,11,8,6,2,4
19011438,10,1,5,9,2
19011439,4,8,10,9,5
19011440,3,7,2,10,11
19011441,7,10,9,1,4
19011442,6,7,2,11,10
19011443,1,5,6,3,9
19011444,2,1,9,3,10
19011445,9,1,6,3,7
19011446,3,1,7,4,10
19011447,1,3,6,4,5
19011448,5,3,4,7,1
19011449,10,4,5,9,8
19011450,2,1,11,5,7
19011451,3,10,1,8,6
19011452,3,7,2,8,4
19011453,10,8,6,7,3
19011454,9,5,3,10,2
19011455,10,7,3,9,4
19011456,5,1,9,3,10
19011457,6,10,4,9,5
19011458,10,5,11,3,7
19011459,3,11,10,2,7
19011460,9,7,11,2,3
19011461,11,3,10,4,2
19011462,7,11,2,9,5
19011463,7,3,2,4,6
19011464,8,4,1,2,7
19011465,11,8,7,4,10
19011466,11,3,4,1,7
19011467,3,11,8,1,7
19011468,6,4,7,11,1
19011469,4,8,1,5,3
19011470,3,5,10,2,7
19011471,2,10,6,7,8
19011472,1,4,11,5,8
19011473,2,10,3,4,11
19011474,5,8,4,3,9
19011475,2,4,7,6,11
19011476,1,4,3,6,7
19011477,1,4,5,11,10
19011478,10,8,11,9,7
19011479,1,6,11,7,5
19011480,2,5,11,6,9
19011481,1,6,10,4,9
19011482,2,6,4,8,11
19011483,7,1,9,4,6
19011484,9,2,7,1,5
19011501,9,11,3,7,8
19011502,8,3,4,7,2
19011503,6,1,11,8,2
19011504,10,4,3,5,1
19011505,2,4,7,9,5
19011506,6,11,10,9,5
19011507,8,6,9,5,3
19011508,7,10,8,2,9
19011509,4,10,9,5,1
19011510,2,4,10,8,1
19011511,11,3,2,1,9
19011512,8,7,2,3,5
19011513,8,5,4,6,7
19011514,8,2,10,6,9
19011515,5,7,10,6,3
19011516,3,11,10,8,1
19011517,5,7,9,11,6
19011518,2,6,8,7,11
19011519,6,5,4,10,11
19011520,8,10,3,1,5
19011521,2,3,11,7,9
19011522,10,2,9,6,7
19011523,6,7,1,9,4
19011524,9,3,5,2,4
19011525,9,7,2,4,1
19011526,9,4,6,11,1
19011527,5,3,10,11,4
19011528,5,6,1,3,8
19011529,4,9,5,6,2
19011530,11,3,9,4,10
19011531,7,2,6,8,4
19011532,9,3,7,11,4
19011533,10,3,6,7,9
19011534,11,5,3,4,8
19011535,1,9,7,10,5
19011536,6,10,3,8,5
19011537,8,11,10,3,9
19011538,9,7,8,2,10
19011539,9,11,6,7,1
19011540,10,2,3,1,9
19011541,10,7,11,4,1
19011542,9,10,8,1,2
19011543,4,8,6,5,3
19011544,10,4,6,8,3
19011545,3,9,2,5,11
19011546,1,2,4,6,11
19011547,11,1,6,3,4
19011548,3,1,8,9,11
19011549,10,9,5,1,7
19011550,3,1,10,9,6
19011551,2,5,11,7,8
19011552,7,9,10,6,1
19011553,11,9,3,5,4
19011554,2,8,10,9,5
19011555,6,5,3,4,9
19011556,2,10,9,4,5
19011557,4,7,1,9,5
19011558,6,4,3,1,2
19011559,11,5,8,4,6
19011560,6,5,7,1,8
19011561,11,9,8,2,3
19011562,9,2,10,4,3
19011563,9,11,3,5,10
19011564,11,9,8,4,10
19011565,4,8,2,11,7
19011566,2,8,10,7,4
19011567,6,1,4,10,9
19011568,9,4,10,2,7
19011569,6,3,7,10,1
19011570,11,6,3,9,4
19011571,1,5,11,9,8
19011572,11,8,2,9,4
19011573,2,4,5,8,7
19011574,8,3,6,5,10
19011575,4,2,6,8,1
19011576,6,10,9,8,11
19011577,11,1,4,8,6
19011578,9,11,2,5,7
19011579,5,7,9,2,6
19011580,5,1,3,11,8
19011581,2,7,5,8,4
19011582,10,4,1,5,11
19011583,7,11,6,5,3
19011584,5,1,10,6,7
19011601,6,1,5,4,7
19011602,2,5,1,3,11
19011603,5,4,2,8,3
19011604,1,8,3,4,5
19011605,6,8,2,7,9
19011606,6,4,9,2,10
19011607,3,7,4,11,8
19011608,9,8,10,1,7
19011609,3,8,10,5,2
19011610,10,6,2,7,4
19011611,10,11,7,1,9
19011612,3,2,8,7,1
19011613,4,10,5,1,7
19011614,9,4,11,3,6
19011615,1,3,4,7,8
19011616,1,11,10,4,5
19011617,11,10,6,2,1
19011618,2,10,1,6,9
19011619,10,5,4,7,1
19011620,11,3,8,4,7
19011621,9,11,6,2,7
19011622,4,11,1,9,10
19011623,10,8,6,2,1
19011624,7,8,4,2,11
19011625,8,5,2,1,3
19011626,1,4,10,3,11
19011627,2,6,9,10,5
19011628,9,6,8,2,1
19011629,4,10,8,3,2
19011630,9,6,3,10,5
19011631,7,4,5,6,9
19011632,9,11,8,10,2
19011633,8,7,2,5,10
19011634,1,10,9,4,6
19011635,2,6,10,8,1
19011636,4,5,11,7,3
19011637,10,11,9,2,4
19011638,2,3,5,4,8
19011639,7,10,11,1,5
19011640,2,6,5,1,11
19011641,10,8,9,6,2
19011642,10,3,8,2,7
19011643,5,9,7,8,11
19011644,10,6,1,7,5
19011645,7,8,10,4,1
19011646,8,6,11,9,2
19011647,6,4,3,7,11
19011648,5,10,9,7,3
19011649,11,7,10,5,3
19011650,11,1,6,10,8
19011651,8,6,2,5,11
19011652,2,4,8,3,6
19011653,2,10,3,7,11
19011654,11,10,6,3,1
19011655,9,11,2,5,6
19011656,1,4,5,8,10
19011657,5,3,10,2,9
19011658,3,10,9,4,6
19011659,4,5,7,6,9
19011660,3,2,7,4,11
19011661,8,4,10,2,9
19011662,1,4,6,5,7
19011663,2,7,8,5,6
19011664,10,3,6,5,2
19011665,9,7,2,1,11
19011666,3,11,9,6,5
19011667,4,3,8,7,2
19011668,7,6,2,4,8
19011669,5,7,4,9,3
19011670,10,11,4,6,8
19011671,4,5,9,6,3
19011672,7,5,6,1,2
19011673,9,5,10,4,6
19011674,1,5,8,9,10
19011675,3,8,7,1,5
19011676,3,2,5,8,4
19011677,8,1,5,3,11
19011678,5,2,3,8,6
19011679,8,5,7,6,4
19011680,2,8,6,9,5
19011681,7,6,2,3,9
19011682,9,6,8,2,1
19011683,3,4,9,5,6
19011684,2,7,11,3,1
19011701,3,11,6,4,9
19011702,11,7,9,4,8
19011703,3,4,9,1,6
19011704,5,4,9,11,1
19011705,10,11,6,1,8
19011706,5,11,6,8,4
19011707,1,9,2,10,7
19011708,11,9,10,2,7
19011709,5,1,9,4,7
19011710,9,3,2,6,1
19011711,2,8,10,7,5
19011712,10,1,9,4,5
19011713,3,10,7,6,2
19011714,9,10,11,7,5
19011715,5,6,10,1,9
19011716,7,5,8,4,1
19011717,6,9,10,3,5
19011718,6,9,10,5,8
19011719,6,7,11,8,9
19011720,10,6,7,9,1
19011721,1,3,8,2,7
19011722,4,1,6,8,9
19011723,7,3,1,4,10
19011724,5,3,10,7,11
19011725,3,11,1,5,8
19011726,4,6,11,1,7
19011727,4,5,9,2,10
19011728,6,3,2,4,1
19011729,3,9,4,10,1
19011730,1,10,5,2,3
19011731,11,10,9,5,6
19011732,7,9,2,10,8
19011733,4,2,8,6,7
19011734,10,11,1,5,6
19011735,6,10,7,5,2
19011736,11,3,8,7,9
19011737,10,3,8,5,7
19011738,9,2,8,10,3
19011739,2,5,9,6,7
19011740,5,9,1,2,7
19011741,1,5,7,8,6
19011742,7,11,10,1,6
19011743,4,11,7,2,5
19011744,9,6,11,8,5
19011745,10,11,3,5,8
19011746,2,3,8,6,1
19011747,9,10,5,7,3
19011748,6,11,7,2,4
19011749,3,4,1,5,6
19011750,3,7,5,6,11
19011751,10,4,7,1,6
19011752,8,3,5,10,4
19011753,9,2,7,5,11
19011754,7,5,4,6,11
19011755,7,6,1,10,3
19011756,6,3,7,10,8
19011757,11,9,10,2,7
19011758,9,8,10,11,7
19011759,10,8,11,1,3
19011760,5,7,6,1,2
19011761,9,2,4,1,6
19011762,7,8,6,9,5
19011763,4,10,9,8,11
19011764,9,7,10,4,11
19011765,8,9,6,10,5
19011766,8,1,7,3,10
19011767,8,2,1,7,6
19011768,10,5,4,1,9
19011769,3,5,8,7,9
19011770,7,3,4,6,10
19011771,4,7,3,10,2
19011772,2,7,10,4,3
19011773,11,2,1,6,10
19011774,1,11,5,7,3
19011775,11,2,5,6,3
19011776,5,4,2,9,1
19011777,7,6,11,8,9
19011778,1,11,5,6,9
19011779,7,4,9,6,10
19011780,9,5,3,10,1
19011781,10,8,5,11,3
19011782,3,8,5,9,10
19011783,7,2,3,1,9
19011784,7,8,1,4,10
19011801,11,9,8,4,7
19011802,10,9,5,2,4
19011803,2,6,4,7,9
19011804,8,10,7,5,6
19011805,3,11,4,5,2
19011806,10,6,2,7,5
19011807,10,5,8,4,9
19011808,9,11,3,2,10
19011809,1,4,6,11,10
19011810,2,1,8,11,6
19011811,6,8,2,9,11
19011812,1,8,10,7,4
19011813,10,8,6,3,7
19011814,4,7,2,8,1
19011815,3,11,7,1,9
19011816,11,7,6,8,4
19011817,7,2,9,1,6
19011818,9,2,7,11,5
19011819,4,3,5,11,9
19011820,7,10,8,1,2
19011821,2,3,4,11,5
19011822,10,1,2,7,8
19011823,11,2,3,4,8
19011824,7,11,10,9,3
19011825,8,3,4,2,5
19011826,6,11,1,3,5
19011827,3,11,2,6,1
19011828,4,10,3,6,7
19011829,2,7,3,9,10
19011830,7,11,4,3,9
19011831,8,3,6,11,10
19011832,11,5,7,3,2
19011833,7,10,5,11,4
19011834,9,11,1,5,6
19011835,1,4,11,2,8
19011836,5,11,9,3,10
19011837,3,11,10,4,1
19011838,11,1,10,9,6
19011839,5,9,1,10,7
19011840,10,9,3,5,2
19011841,3,5,10,1,7
19011842,11,4,7,3,5
19011843,10,5,7,8,3
19011844,7,11,10,6,4
19011845,9,11,6,4,2
19011846,9,10,1,11,8
19011847,7,3,5,1,4
19011848,11,4,2,1,9
19011849,11,2,5,4,1
19011850,6,4,5,10,9
19011851,6,10,5,4,8
19011852,10,1,9,5,7
19011853,10,4,1,9,6
19011854,7,3,9,4,11
19011855,9,11,1,7,5
19011856,2,4,7,1,3
19011857,10,8,1,4,6
19011858,8,6,4,9,5
19011859,4,5,9,1,7
19011860,10,11,1,4,6
19011861,9,7,1,5,2
19011862,2,5,6,7,10
19011863,8,10,4,11,6
19011864,5,9,2,4,8
19011865,10,4,6,8,1
19011866,10,4,11,9,6
19011867,10,8,2,6,4
19011868,1,9,6,4,2
19011869,3,10,4,7,8
19011870,10,7,2,5,11
19011871,9,5,8,2,4
19011872,10,6,11,4,7
19011873,5,7,8,1,4
19011874,5,6,11,3,10
19011875,3,8,6,4,9
19011876,9,11,3,4,1
19011877,5,1,3,10,6
19011878,4,2,3,6,9
19011879,1,4,5,6,3
19011880,2,7,4,3,11
19011881,5,3,4,2,1
19011882,4,9,11,6,2
19011883,5,7,9,10,11
19011884,6,11,8,9,4
19011901,10,7,9,3,5
19011902,7,11,1,9,6
19011903,2,6,11,1,4
19011904,6,4,9,5,8
19011905,8,1,2,9,4
19011906,4,5,1,3,10
19011907,9,5,8,6,3
19011908,4,3,5,11,10
19011909,3,4,11,1,8
19011910,8,6,1,9,11
19011911,8,1,10,9,2
19011912,7,11,10,5,3
19011913,4,3,8,2,9
19011914,10,3,2,8,5
19011915,5,7,1,8,4
19011916,10,5,7,4,11
19011917,3,2,8,7,4
19011918,3,5,10,6,8
19011919,4,7,8,6,5
19011920,7,6,4,8,9
19011921,6,7,3,4,5
19011922,1,9,2,7,3
19011923,10,3,5,9,2
19011924,8,6,9,10,1
19011925,8,2,6,5,4
19011926,8,5,2,9,7
19011927,1,6,2,3,9
19011928,2,4,1,11,7
19011929,9,8,7,4,10
19011930,5,1,9,4,8
19011931,10,11,3,1,7
19011932,4,6,9,7,1
19011933,2,4,3,6,1
19011934,8,11,7,1,10
19011935,4,1,10,5,2
19011936,1,6,7,5,2
19011937,3,10,11,8,2
19011938,6,1,8,10,4
19011939,10,1,4,8,3
19011940,9,5,2,7,8
19011941,7,4,11,10,8
19011942,4,10,7,6,5
19011943,9,1,7,5,4
19011944,9,2,8,5,4
19011945,10,8,1,7,9
19011946,4,10,9,2,5
19011947,1,2,10,6,3
19011948,7,6,2,8,3
19011949,10,9,5,4,8
19011950,4,9,10,6,8
19011951,4,6,7,9,1
19011952,5,1,6,9,8
19011953,5,1,10,4,6
19011954,10,9,3,5,2
19011955,1,10,4,5,11
19011956,3,4,11,10,1
19011957,9,7,11,3,8
19011958,8,9,6,4,5
19011959,6,1,8,3,4
19011960,9,10,3,8,6
19011961,10,4,1,9,2
19011962,4,2,3,6,1
19011963,11,7,5,8,10
19011964,3,1,4,6,7
19011965,11,2,10,6,7
19011966,7,2,9,6,8
19011967,1,10,4,3,5
19011968,2,1,9,6,5
19011969,5,3,8,10,7
19011970,2,9,3,1,7
19011971,11,10,7,5,3
19011972,9,4,7,11,10
19011973,10,11,4,1,7
19011974,1,8,5,11,10
19011975,3,11,8,10,4
19011976,6,3,1,7,4
19011977,1,8,7,10,11
19011978,5,4,11,8,1
19011979,11,1,5,6,3
19011980,11,1,2,3,4
19011981,5,1,2,6,11
19011982,9,11,4,7,6
19011983,9,8,11,5,1
19011984,2,11,5,10,3
19012001,11,2,3,4,1
19012002,10,5,9,2,7
19012003,7,8,9,2,10
19012004,8,6,3,5,7
19012005,6,3,7,11,9
19012006,10,9,8,3,4
19012007,7,6,2,8,9
19012008,6,8,3,7,9
19012009,6,4,9,11,2
19012010,8,7,3,6,11
19012011,11,9,10,6,4
19012012,11,10,4,8,2
19012013,4,3,5,10,9
19012014,7,2,4,1,10
19012015,6,11,10,5,7
19012016,6,1,7,9,8
19012017,1,3,7,10,9
19012018,5,4,9,1,8
19012019,11,6,5,10,7
19012020,7,9,3,4,2
19012021,7,11,3,10,4
19012022,1,5,11,9,8
19012023,8,2,9,11,7
19012024,7,3,9,11,1
19012025,3,4,8,10,9
19012026,4,1,5,2,3
19012027,6,8,7,1,11
19012028,2,1,6,3,5
19012029,1,11,2,8,5
19012030,11,6,5,8,9
19012031,4,9,8,1,3
19012032,7,5,2,10,8
19012033,8,6,3,2,11
19012034,6,7,10,11,3
19012035,3,2,8,5,10
19012036,5,4,9,2,8
19012037,9,11,10,5,3
19012038,2,5,11,1,7
19012039,6,9,4,11,3
19012040,7,9,8,10,2
19012041,1,5,3,7,10
19012042,7,1,10,4,9
19012043,10,5,2,1,6
19012044,8,2,3,11,6
19012045,3,10,8,6,9
19012046,3,5,7,4,2
19012047,10,5,7,1,9
19012048,11,4,1,9,3
19012049,1,8,11,4,10
19012050,1,9,7,8,5
19012051,2,3,10,7,5
19012052,8,4,7,2,11
19012053,2,4,8,1,6
19012054,5,9,7,4,1
19012055,1,3,8,5,10
19012056,6,4,1,9,3
19012057,7,2,1,5,11
19012058,5,6,7,8,10
19012059,8,7,6,4,10
19012060,9,7,3,11,2
19012061,4,11,2,6,10
19012062,9,1,5,11,7
19012063,8,7,9,10,1
19012064,10,9,1,6,5
19012065,11,4,6,3,8
19012066,5,11,2,4,8
19012067,8,6,10,7,3
19012068,10,11,5,9,8
19012069,4,6,1,2,11
19012070,1,7,4,5,8
19012071,3,6,7,2,5
19012072,7,11,8,3,4
19012073,5,7,8,3,9
19012074,10,4,5,9,2
19012075,11,7,1,8,10
19012076,1,8,11,5,2
19012077,3,2,10,8,6
19012078,4,3,1,5,6
19012079,3,7,6,2,1
19012080,11,1,4,6,8
19012081,11,8,9,10,7
19012082,7,11,9,3,2
19012083,9,6,8,1,4
19012084,2,8,9,10,3
19012101,11,8,1,9,3
19012102,4,1,8,3,9
19012103,1,7,11,8,4
19012104,7,3,4,6,1
19012105,11,6,1,5,3
19012106,6,2,3,5,1
19012107,11,7,2,4,3
19012108,5,3,8,9,6
19012109,10,6,1,5,7
19012110,8,11,10,5,4
19012111,1,6,10,3,7
19012112,10,2,6,3,4
19012113,7,4,1,10,9
19012114,2,4,1,8,9
19012115,7,2,11,4,10
19012116,7,4,3,6,5
19012117,5,6,3,1,8
19012118,7,9,11,8,3
19012119,10,1,8,7,2
19012120,10,5,9,1,3
19012121,3,1,11,7,2
19012122,1,4,11,7,8
19012123,10,3,4,1,2
19012124,6,11,7,2,3
19012125,5,9,7,4,1
19012126,8,11,4,5,9
19012127,5,11,6,7,10
19012128,8,6,4,5,7
19012129,1,10,6,4,2
19012130,9,8,10,5,11
19012131,2,4,10,3,11
19012132,7,10,2,4,6
19012133,9,1,4,8,2
19012134,7,5,10,9,6
19012135,10,4,8,9,5
19012136,10,2,6,9,1
19012137,6,8,2,4,1
19012138,1,3,11,6,4
19012139,2,4,6,8,9
19012140,2,1,8,6,11
19012141,8,11,4,3,1
19012142,5,3,9,8,4
19012143,4,9,5,3,11
19012144,8,7,2,3,11
19012145,6,2,8,3,10
19012146,8,3,4,7,5
19012147,10,3,5,8,7
19012148,3,4,9,6,11
19012149,2,1,9,3,4
19012150,11,7,4,5,3
19012151,7,9,6,1,5
19012152,8,2,5,4,11
19012153,11,3,9,2,10
19012154,2,3,6,8,1
19012155,11,5,2,6,7
19012156,11,1,4,3,2
19012157,8,2,10,6,1
19012158,7,3,6,1,8
19012159,11,3,1,10,9
19012160,8,2,6,1,9
19012161,9,4,10,2,1
19012162,11,7,3,6,2
19012163,3,5,9,10,7
19012164,6,10,2,9,8
19012165,3,2,8,11,1
19012166,11,9,4,1,7
19012167,4,9,8,6,11
19012168,11,10,1,5,4
19012169,8,11,7,1,10
19012170,6,3,1,4,10
19012171,11,4,6,1,8
19012172,10,6,3,1,8
19012173,7,9,3,5,1
19012174,11,5,9,3,4
19012175,8,4,5,3,2
19012176,5,9,7,11,1
19012177,4,7,9,11,5
19012178,4,9,2,8,6
19012179,11,9,1,7,2
19012180,11,10,5,9,6
19012181,5,4,7,10,9
19012182,7,2,1,10,4
19012183,6,7,8,1,3
19012184,5,1,7,11,9
19012201,2,8,11,10,5
19012202,3,5,9,1,10
19012203,10,2,4,8,5
19012204,3,2,9,10,8
19012205,8,2,3,10,4
19012206,5,10,2,11,4
19012207,9,5,6,8,3
19012208,7,2,8,6,11
19012209,9,4,8,5,3
19012210,2,6,3,9,10
19012211,1,7,4,2,11
19012212,7,8,9,2,6
19012213,6,1,4,3,5
19012214,11,1,9,6,3
19012215,11,4,2,3,1
19012216,10,7,2,1,11
19012217,4,9,10,8,11
19012218,10,5,11,9,7
19012219,8,1,6,10,5
19012220,9,6,8,7,5
19012221,8,11,1,7,6
19012222,7,3,5,1,6
19012223,4,8,5,7,9
19012224,8,1,9,2,5
19012225,11,10,4,8,3
19012226,11,1,8,7,2
19012227,4,3,7,6,10
19012228,11,7,9,6,5
19012229,6,11,3,4,9
19012230,2,7,9,3,10
19012231,2,10,7,5,6
19012232,8,6,3,4,7
19012233,1,3,8,5,11
19012234,6,4,3,10,5
19012235,9,6,11,4,10
19012236,10,1,5,2,11
19012237,8,5,6,4,2
19012238,4,2,8,6,11
19012239,1,6,4,2,3
19012240,9,8,5,1,6
19012241,3,8,11,9,1
19012242,11,6,9,8,3
19012243,7,10,11,2,4
19012244,4,1,7,3,10
19012245,1,4,5,7,9
19012246,6,2,10,9,11
19012247,6,2,5,10,11
19012248,7,2,11,10,9
19012249,2,10,9,1,6
19012250,6,9,1,5,7
19012251,8,9,6,2,5
19012252,1,8,5,3,4
19012253,9,5,2,8,6
19012254,8,2,4,1,3
19012255,6,10,11,1,5
19012256,2,8,1,4,6
19012257,10,9,2,1,7
19012258,3,2,10,4,6
19012259,10,3,5,9,11
19012260,5,6,8,7,10
19012261,10,8,1,4,11
19012262,10,9,8,1,11
19012263,1,4,6,3,11
19012264,4,10,11,2,5
19012265,11,1,7,3,5
19012266,9,7,2,5,10
19012267,3,5,9,11,8
19012268,3,7,4,5,10
19012269,3,6,1,5,8
19012270,1,10,5,6,8
19012271,5,4,7,1,2
19012272,5,1,6,9,7
19012273,8,4,9,11,7
19012274,7,1,9,5,6
19012275,9,8,7,5,1
19012276,9,7,4,6,1
19012277,1,2,6,3,5
19012278,1,6,3,5,7
19012279,6,9,8,4,7
19012280,8,10,11,6,3
19012281,8,2,9,7,1
19012282,8,3,7,5,9
19012283,6,3,4,7,11
19012284,4,3,11,2,7
19012301,2,9,11,3,1
19012302,4,6,1,8,7
19012303,6,11,8,2,3
19012304,7,8,3,11,4
19012305,1,2,10,5,6
19012306,11,5,9,6,2
19012307,2,10,5,1,8
19012308,2,5,11,6,7
19012309,1,6,9,7,4
19012310,2,6,5,11,7
19012311,9,6,10,5,7
19012312,7,11,2,1,8
19012313,7,11,8,3,1
19012314,6,4,7,11,8
19012315,7,2,9,11,5
19012316,2,10,6,5,3
19012317,8,5,9,10,7
19012318,5,11,1,6,3
19012319,11,3,8,7,2
19012320,7,9,8,10,5
19012321,3,7,1,10,9
19012322,8,7,11,6,1
19012323,7,9,10,4,2
19012324,6,10,3,2,7
19012325,4,9,5,7,10
19012326,11,2,10,8,9
19012327,7,8,4,3,9
19012328,11,1,4,8,5
19012329,4,6,1,5,7
19012330,8,9,5,1,10
19012331,2,5,4,1,8
19012332,9,10,11,4,5
19012333,11,1,2,8,6
19012334,4,1,3,2,9
19012335,6,1,4,10,11
19012336,7,11,6,1,3
19012337,6,5,11,8,9
19012338,4,7,10,8,11
19012339,10,6,7,8,11
19012340,11,10,5,8,3
19012341,11,9,1,10,5
19012342,3,5,2,8,7
19012343,7,3,11,5,2
19012344,9,10,2,11,4
19012345,2,7,8,5,3
19012346,2,11,10,3,6
19012347,4,2,10,6,3
19012348,5,2,11,6,4
19012349,7,8,11,2,10
19012350,1,2,10,7,11
19012351,1,9,7,11,4
19012352,5,1,7,2,11
19012353,7,1,6,8,5
19012354,1,6,2,7,3
19012355,4,7,1,11,6
19012356,9,5,11,3,2
19012357,7,3,9,5,10
19012358,3,7,8,2,6
19012359,5,10,2,11,3
19012360,2,8,7,1,6
19012361,8,3,1,7,2
19012362,3,2,11,5,4
19012363,4,1,6,9,3
19012364,3,10,5,6,1
19012365,11,2,9,5,7
19012366,3,4,7,5,6
19012367,8,11,5,7,4
19012368,4,11,5,3,8
19012369,8,1,9,11,10
19012370,3,5,11,1,10
19012371,10,8,11,9,3
19012372,5,6,11,10,7
19012373,4,11,2,10,8
19012374,5,7,6,10,3
19012375,2,10,5,11,3
19012376,7,10,4,3,2
19012377,7,10,4,6,9
19012378,2,6,8,9,1
19012379,1,10,11,6,7
19012380,11,1,8,4,2
19012381,2,11,4,6,10
19012382,9,7,8,4,1
19012383,9,11,4,5,2
19012384,4,2,10,7,5
19012401,3,5,10,8,6
19012402,10,5,2,8,11
19012403,6,5,1,4,7
19012404,10,5,9,7,2
19012405,7,5,3,10,6
19012406,6,11,8,7,5
19012407,10,5,7,11,9
19012408,11,9,3,10,5
19012409,1,6,7,2,5
19012410,7,4,1,5,6
19012411,11,2,5,4,8
19012412,6,1,2,10,11
19012413,11,2,5,8,7
19012414,3,6,5,2,1
19012415,1,6,5,9,2
19012416,11,10,8,5,1
19012417,4,11,6,9,10
19012418,3,1,9,2,5
19012419,1,5,3,11,8
19012420,7,10,3,1,4
19012421,7,4,10,11,9
19012422,3,9,11,6,4
19012423,10,1,3,9,11
19012424,7,3,1,9,10
19012425,9,6,7,11,8
19012426,9,2,4,8,3
19012427,3,10,7,1,9
19012428,3,7,6,1,5
19012429,8,6,10,5,2
19012430,3,2,6,1,9
19012431,9,2,10,4,5
19012432,10,4,7,2,11
19012433,8,4,3,10,1
19012434,9,4,5,1,10
19012435,8,2,10,11,3
19012436,6,10,8,4,7
19012437,7,11,2,1,6
19012438,11,2,10,5,6
19012439,5,6,3,10,11
19012440,4,11,6,7,10
19012441,6,1,5,3,7
19012442,6,11,10,4,5
19012443,9,7,4,5,1
19012444,10,9,4,3,8
19012445,10,7,6,9,2
19012446,10,8,9,3,5
19012447,10,9,7,3,5
19012448,5,7,4,1,10
19012449,10,7,4,3,5
19012450,3,2,6,9,5
19012451,1,6,9,10,3
19012452,9,8,10,3,6
19012453,1,9,5,11,6
19012454,7,11,1,10,5
19012455,7,1,2,10,4
19012456,7,10,11,1,2
19012457,1,9,7,6,4
19012458,11,4,5,3,6
19012459,9,2,7,3,11
19012460,6,4,2,11,3
19012461,2,5,11,8,3
19012462,7,4,8,6,3
19012463,6,3,2,1,11
19012464,10,8,5,11,7
19012465,3,9,11,7,6
19012466,2,7,10,9,5
19012467,7,4,8,1,5
19012468,7,8,11,9,1
19012469,3,7,4,1,11
19012470,2,9,4,10,11
19012471,1,11,6,4,8
19012472,2,7,11,9,10
19012473,8,6,10,7,5
19012474,3,5,7,2,11
19012475,5,8,1,11,3
19012476,4,11,10,5,3
19012477,5,8,2,4,9
19012478,5,2,1,8,7
19012479,3,2,5,6,7
19012480,5,7,9,1,11
19012481,4,2,1,10,8
19012482,1,2,4,5,7
19012483,3,6,2,9,5
19012484,11,1,9,5,8
19012501,7,11,2,6,8
19012502,11,10,3,8,5
19012503,5,4,10,3,11
19012504,7,10,11,8,5
19012505,4,8,1,5,6
19012506,8,5,7,10,11
19012507,1,11,10,5,4
19012508,11,9,6,8,10
19012509,7,11,1,6,4
19012510,4,10,7,8,5
19012511,7,8,5,10,9
19012512,2,1,10,4,11
19012513,7,2,3,11,9
19012514,10,4,11,3,6
19012515,3,8,4,5,10
19012516,10,9,2,7,5
19012517,6,5,2,7,9
19012518,2,6,10,4,11
19012519,6,8,2,9,7
19012520,5,10,8,9,7
19012521,5,7,4,1,3
19012522,6,5,8,1,10
19012523,10,2,5,8,7
19012524,11,1,3,2,4
19012525,1,8,2,3,5
19012526,3,6,9,2,5
19012527,6,2,10,9,8
19012528,10,8,4,7,9
19012529,6,10,2,4,11
19012530,9,1,5,2,3
19012531,7,1,5,11,8
19012532,2,4,1,3,9
19012533,9,6,7,11,4
19012534,10,8,11,3,2
19012535,3,1,5,9,8
19012536,2,3,6,8,7
19012537,9,6,3,10,11
19012538,11,7,6,4,2
19012539,10,11,1,3,4
19012540,6,11,3,10,1
19012541,2,10,6,3,7
19012542,8,10,2,1,4
19012543,6,7,11,1,5
19012544,7,8,9,6,11
19012545,8,11,9,1,7
19012546,9,8,7,6,4
19012547,8,5,10,6,4
19012548,1,8,11,3,9
19012549,6,10,3,8,4
19012550,9,3,8,5,6
19012551,8,7,5,3,4
19012552,4,9,1,5,11
19012553,1,5,10,8,3
19012554,7,4,3,8,10
19012555,1,6,11,3,8
19012556,9,2,8,11,4
19012557,2,5,9,8,6
19012558,3,6,11,2,7
19012559,7,1,11,4,8
19012560,4,9,2,3,8
19012561,9,6,1,3,5
19012562,2,10,4,7,8
19012563,10,9,5,7,8
19012564,1,2,9,11,8
19012565,8,6,4,10,1
19012566,5,6,3,8,2
19012567,11,10,7,4,5
19012568,5,8,7,2,3
19012569,4,10,8,3,1
19012570,3,7,2,10,6
19012571,1,11,5,2,3
19012572,3,5,11,10,4
19012573,10,4,3,9,7
19012574,9,5,8,2,3
19012575,10,8,5,6,2
19012576,7,5,4,3,10
19012577,6,4,1,5,2
19012578,5,1,4,9,11
19012579,4,1,11,2,7
19012580,2,8,7,11,6
19012581,8,6,2,9,1
19012582,11,10,5,9,8
19012583,8,9,1,11,7
19012584,7,2,10,6,8
19012601,2,8,11,3,6
19012602,8,3,6,1,10
19012603,8,1,3,2,7
19012604,11,7,3,4,2
19012605,8,9,7,6,2
19012606,7,6,8,9,11
19012607,1,8,2,4,9
19012608,1,10,11,2,6
19012609,1,10,6,7,5
19012610,9,2,10,3,1
19012611,8,4,1,10,11
19012612,3,8,10,2,6
19012613,1,2,5,7,6
19012614,10,6,4,11,1
19012615,1,5,3,6,10
19012616,7,9,3,11,1
19012617,3,1,2,6,4
19012618,2,7,8,5,6
19012619,1,11,7,3,2
19012620,6,5,1,9,7
19012621,11,1,3,2,7
19012622,10,5,3,8,9
19012623,3,7,8,1,9
19012624,3,7,1,6,10
19012625,7,8,11,5,6
19012626,1,9,8,11,10
19012627,6,7,10,2,11
19012628,4,3,7,8,11
19012629,8,7,6,9,5
19012630,2,9,6,1,10
19012631,1,6,8,3,7
19012632,9,11,3,7,4
19012633,10,8,2,4,3
19012634,1,4,7,3,9
19012635,8,4,10,7,2
19012636,9,10,3,7,4
19012637,11,10,7,1,4
19012638,7,3,4,2,11
19012639,3,7,10,4,2
19012640,2,10,1,5,9
19012641,2,1,6,11,4
19012642,10,5,1,7,11
19012643,10,5,3,4,6
19012644,8,5,7,11,1
19012645,4,11,9,6,5
19012646,6,4,9,3,2
19012647,7,3,10,4,2
19012648,9,11,4,6,2
19012649,10,9,3,7,8
19012650,9,10,5,4,2
19012651,10,9,5,4,1
19012652,1,11,5,6,3
19012653,1,8,5,10,3
19012654,1,3,5,2,8
19012655,1,2,7,11,4
19012656,1,4,9,11,3
19012657,9,10,3,2,1
19012658,1,4,6,10,11
19012659,1,2,5,8,7
19012660,11,2,9,4,3
19012661,5,3,8,10,1
19012662,7,9,1,11,8
19012663,10,2,8,1,7
19012664,9,10,7,6,5
19012665,8,4,3,11,5
19012666,6,11,1,5,9
19012667,1,4,6,9,3
19012668,5,8,10,1,11
19012669,2,10,6,9,11
19012670,3,2,8,6,4
19012671,1,8,11,5,4
19012672,7,10,8,6,11
19012673,5,1,10,6,11
19012674,7,11,5,2,9
19012675,10,1,8,4,6
19012676,7,5,6,3,11
19012677,11,3,1,9,4
19012678,1,7,2,8,11
19012679,4,11,2,3,5
19012680,11,1,7,9,5
19012681,10,9,11,6,2
19012682,4,10,9,1,5
19012683,2,1,6,10,7
19012684,1,4,2,5,3
19012701,6,1,4,3,2
19012702,11,4,7,3,10
19012703,6,4,9,1,5
19012704,6,7,4,2,1
19012705,1,4,11,5,9
19012706,4,6,1,10,7
19012707,9,4,11,3,10
19012708,11,4,7,2,1
19012709,7,5,4,8,11
19012710,3,4,11,6,1
19012711,6,4,11,10,8
19012712,1,3,8,11,4
19012713,2,10,3,8,6
19012714,4,8,1,11,9
19012715,4,2,8,10,7
19012716,4,5,3,6,2
19012717,5,11,4,8,2
19012718,9,2,6,10,11
19012719,11,2,6,8,9
19012720,2,10,7,4,1
19012721,6,8,10,1,9
19012722,2,11,1,6,9
19012723,1,7,2,10,5
19012724,2,6,3,9,1
19012725,7,5,10,11,2
19012726,10,6,7,2,1
19012727,10,2,3,11,6
19012728,4,5,11,7,3
19012729,1,5,4,11,10
19012730,7,1,8,3,9
19012731,8,10,4,7,1
19012732,1,6,11,4,8
19012733,6,3,2,7,1
19012734,9,2,3,6,10
19012735,9,8,6,10,5
19012736,11,5,8,3,4
19012737,4,8,1,9,3
19012738,11,9,4,2,7
19012739,8,4,6,2,10
19012740,8,3,2,7,10
19012741,4,7,11,1,10
19012742,4,9,5,7,2
19012743,3,9,1,6,5
19012744,1,5,4,10,7
19012745,4,10,6,2,9
19012746,2,3,7,9,4
19012747,9,4,5,2,1
19012748,2,6,1,3,11
19012749,5,8,2,6,7
19012750,5,4,10,7,1
19012751,2,5,8,6,3
19012752,6,5,3,8,11
19012753,5,10,1,2,4
19012754,1,6,11,5,7
19012755,3,1,6,11,5
19012756,4,10,8,1,9
19012757,8,1,10,3,7
19012758,4,2,7,5,9
19012759,3,10,11,4,1
19012760,4,2,1,7,11
19012761,5,11,6,9,7
19012762,1,8,7,5,9
19012763,6,11,9,3,1
19012764,7,6,4,10,3
19012765,8,2,5,11,3
19012766,3,9,10,5,4
19012767,2,3,6,1,5
19012768,3,8,10,2,11
19012769,1,6,2,5,9
19012770,9,6,1,4,3
19012771,11,5,6,10,1
19012772,7,6,10,4,5
19012773,5,4,9,11,6
19012774,7,10,4,3,9
19012775,10,9,1,7,5
19012776,10,8,2,11,5
19012777,3,8,11,10,7
19012778,11,2,6,3,4
19012779,8,3,4,9,1
19012780,3,10,5,9,1
19012781,4,9,3,1,5
19012782,11,2,8,5,3
19012783,5,7,2,10,3
19012784,8,1,4,9,5
19012801,1,3,8,7,11
19012802,10,6,8,2,9
19012803,9,5,6,3,11
19012804,2,4,3,1,8
19012805,3,9,6,2,7
19012806,8,5,2,9,10
19012807,7,11,2,3,1
19012808,5,3,8,9,7
19012809,10,8,9,3,1
19012810,9,5,6,11,7
19012811,8,9,11,7,3
19012812,11,2,4,3,7
19012813,4,3,6,10,11
19012814,7,4,2,3,9
19012815,5,11,4,3,9
19012816,10,3,8,2,5
19012817,1,11,3,4,6
19012818,9,5,4,8,6
19012819,3,5,9,1,7
19012820,10,4,6,2,11
19012821,8,2,10,9,5
19012822,11,4,3,8,1
19012823,6,1,9,11,10
19012824,1,9,2,5,8
19012825,10,9,7,4,8
19012826,8,11,6,9,10
19012827,1,6,9,4,10
19012828,4,11,10,2,1
19012829,5,10,3,8,7
19012830,3,8,9,4,1
19012831,2,10,8,9,7
19012832,11,2,9,10,1
19012833,10,2,1,8,9
19012834,8,9,10,5,3
19012835,1,10,6,7,3
19012836,4,10,5,8,3
19012837,8,11,7,4,3
19012838,4,7,5,10,6
19012839,3,7,5,2,10
19012840,10,9,3,2,6
19012841,11,5,3,4,10
19012842,11,9,8,4,6
19012843,7,1,9,11,10
19012844,1,10,9,11,6
19012845,7,10,1,11,4
19012846,9,1,8,3,7
19012847,10,11,3,6,4
19012848,7,10,5,11,3
19012849,4,8,3,6,9
19012850,1,4,3,7,11
19012851,7,1,8,10,9
19012852,1,2,3,5,9
19012853,10,9,1,6,2
19012854,11,1,8,5,3
19012855,1,3,10,7,9
19012856,9,2,10,4,7
19012857,4,8,2,3,9
19012858,3,2,9,8,11
19012859,10,11,8,3,6
19012860,3,2,10,4,7
19012861,9,1,6,8,5
19012862,3,4,10,8,1
19012863,11,8,10,5,2
19012864,9,3,5,6,4
19012865,6,5,3,8,4
19012866,4,5,6,1,7
19012867,10,7,9,11,1
19012868,10,8,3,6,9
19012869,5,7,10,6,3
19012870,4,8,10,3,6
19012871,3,2,11,8,10
19012872,10,9,4,1,3
19012873,3,8,5,6,10
19012874,3,5,10,2,7
19012875,3,5,2,1,7
19012876,6,9,5,10,8
19012877,5,4,2,7,6
19012878,3,7,9,10,1
19012879,3,10,1,2,4
19012880,5,11,7,8,4
19012881,10,11,9,8,2
19012882,11,6,2,9,3
19012883,3,5,6,9,7
19012884,7,11,5,10,9
19012901,8,5,2,4,1
19012902,11,1,3,7,8
19012903,4,5,2,9,1
19012904,3,1,11,7,10
19012905,6,7,1,8,9
19012906,7,4,11,9,5
19012907,6,3,5,10,7
19012908,8,2,7,11,3
19012909,8,1,6,11,5
19012910,9,5,8,10,2
19012911,11,7,8,2,10
19012912,11,8,4,10,2
19012913,7,6,10,4,5
19012914,1,6,8,2,11
19012915,5,9,2,10,1
19012916,6,9,2,11,10
19012917,1,2,9,11,4
19012918,5,6,4,3,10
19012919,2,11,1,9,8
19012920,10,1,8,5,7
19012921,8,1,3,2,11
19012922,9,3,10,6,4
19012923,5,6,2,8,1
19012924,5,1,2,9,11
19012925,5,9,4,3,11
19012926,9,8,4,5,2
19012927,3,7,6,2,9
19012928,4,8,9,1,2
19012929,1,3,7,8,9
19012930,8,9,1,5,6
19012931,1,4,3,7,8
19012932,10,6,1,5,9
19012933,3,8,5,11,4
19012934,9,11,6,5,8
19012935,6,10,1,2,4
19012936,1,11,9,6,5
19012937,4,8,10,7,5
19012938,2,4,1,11,7
19012939,4,7,8,11,6
19012940,7,6,5,9,3
19012941,9,4,8,5,10
19012942,9,10,8,1,2
19012943,10,6,7,1,2
19012944,9,5,2,6,10
19012945,1,3,8,5,11
19012946,4,6,5,7,8
19012947,7,1,3,6,5
19012948,11,1,2,10,7
19012949,1,9,5,10,6
19012950,3,11,10,2,9
19012951,5,9,7,10,11
19012952,4,3,2,8,1
19012953,10,9,7,11,2
19012954,5,11,2,10,6
19012955,6,8,3,1,5
19012956,6,4,7,2,10
19012957,1,10,8,4,5
19012958,3,6,2,11,10
19012959,7,5,10,9,4
19012960,4,2,10,1,11
19012961,7,11,1,3,2
19012962,10,5,6,3,7
19012963,6,3,9,11,5
19012964,10,3,4,1,9
19012965,2,6,3,9,1
19012966,3,9,5,6,4
19012967,2,7,4,1,5
19012968,6,11,3,2,1
19012969,5,2,6,10,3
19012970,9,4,11,5,8
19012971,8,3,9,6,2
19012972,2,5,8,9,4
19012973,2,7,5,10,6
19012974,11,10,7,4,5
19012975,11,1,3,4,10
19012976,4,9,10,1,11
19012977,11,5,9,8,2
19012978,4,8,3,2,11
19012979,7,11,6,2,5
19012980,4,1,3,5,2
19012981,9,5,2,7,6
19012982,6,4,11,10,9
19012983,8,6,1,11,9
19012984,3,5,8,4,1
19013001,1,10,5,4,8
19013002,8,7,2,5,1
19013003,5,11,6,10,3
19013004,5,7,10,9,3
19013005,3,9,7,6,1
19013006,11,3,1,5,2
19013007,4,1,5,3,9
19013008,4,5,2,1,11
19013009,1,11,3,5,6
19013010,8,10,2,5,7
19013011,1,2,11,4,5
19013012,4,1,3,11,2
19013013,5,6,3,9,7
19013014,10,8,7,6,11
19013015,11,10,2,1,9
19013016,4,7,9,10,11
19013017,7,2,3,11,1
19013018,3,1,7,10,8
19013019,9,11,8,2,3
19013020,1,8,5,4,6
19013021,2,9,5,10,11
19013022,7,3,1,10,2
19013023,3,7,6,5,4
19013024,4,9,5,6,1
19013025,11,6,2,10,9
19013026,10,4,1,8,2
19013027,8,5,3,4,11
19013028,9,5,2,1,8
19013029,7,6,11,8,4
19013030,10,1,2,3,4
19013031,8,5,4,6,7
19013032,11,8,7,5,3
19013033,9,6,10,5,2
19013034,4,7,3,10,6
19013035,9,11,5,2,1
19013036,4,11,6,9,2
19013037,8,2,3,7,10
19013038,9,8,6,11,5
19013039,5,1,7,8,6
19013040,1,9,7,11,6
19013041,10,5,3,4,6
19013042,9,1,8,7,3
19013043,6,10,11,7,8
19013044,3,5,9,2,4
19013045,2,1,4,3,9
19013046,6,1,2,4,11
19013047,5,3,7,9,2
19013048,9,1,6,11,3
19013049,6,8,9,2,7
19013050,5,11,3,1,6
19013051,7,3,1,6,10
19013052,3,10,8,4,11
19013053,5,1,9,2,11
19013054,11,5,9,7,4
19013055,5,2,1,8,9
19013056,11,1,10,4,8
19013057,4,7,6,10,11
19013058,3,7,6,9,4
19013059,3,11,4,5,1
19013060,5,7,3,9,4
19013061,8,5,2,4,3
19013062,8,2,6,5,1
19013063,11,3,8,1,7
19013064,6,7,9,10,8
19013065,9,7,10,3,11
19013066,6,4,7,9,5
19013067,9,10,1,2,11
19013068,1,5,4,8,9
19013069,11,3,4,6,2
19013070,5,7,3,9,11
19013071,11,2,5,7,9
19013072,9,6,2,5,7
19013073,1,9,5,8,11
19013074,3,10,11,9,1
19013075,4,7,8,3,10
19013076,3,1,11,8,4
19013077,8,3,5,6,4
19013078,4,5,9,11,6
19013079,3,6,11,4,1
19013080,6,3,7,1,4
19013081,2,1,3,10,6
19013082,6,11,9,1,10
19013083,4,7,11,8,10
19013084,2,7,1,4,10
19013101,3,11,6,4,8
19013102,9,2,1,4,6
19013103,10,7,5,4,3
19013104,10,11,5,4,3
19013105,11,10,4,5,7
19013106,8,6,7,11,3
19013107,1,11,2,7,5
19013108,9,10,1,3,8
19013109,10,9,11,2,7
19013110,9,2,7,6,8
19013111,10,1,11,9,6
19013112,8,11,7,9,2
19013113,11,8,7,10,6
19013114,5,4,9,2,3
19013115,1,11,4,5,10
19013116,6,7,1,8,5
19013117,4,3,5,6,9
19013118,6,11,1,9,7
19013119,8,7,11,3,9
19013120,7,5,6,3,8
19013121,11,1,2,5,10
19013122,6,10,2,1,9
19013123,4,11,5,8,6
19013124,4,8,5,10,2
19013125,11,7,4,5,8
19013126,5,6,4,10,2
19013127,9,7,8,2,1
19013128,10,5,2,7,8
19013129,2,10,11,7,4
19013130,9,1,3,4,7
19013131,10,1,7,11,4
19013132,3,10,8,9,5
19013133,9,2,1,3,5
19013134,10,2,5,8,6
19013135,7,9,8,3,4
19013136,5,2,1,9,3
19013137,3,11,1,9,2
19013138,1,6,11,5,3
19013139,2,8,7,6,11
19013140,5,7,1,9,3
19013141,11,10,1,3,7
19013142,7,1,2,4,3
19013143,7,6,4,8,1
19013144,3,1,4,11,10
19013145,7,6,8,9,5
19013146,8,6,4,7,9
19013147,3,5,6,8,11
19013148,1,2,10,4,9
19013149,8,3,4,7,1
19013150,8,4,6,11,9
19013151,3,4,2,8,1
19013152,1,3,5,9,10
19013153,2,4,7,6,3
19013154,9,1,10,3,4
19013155,2,9,4,1,8
19013156,11,4,6,1,3
19013157,2,6,5,7,9
19013158,1,4,8,11,5
19013159,3,5,6,9,2
19013160,9,4,1,6,5
19013161,1,2,3,10,11
19013162,10,11,1,3,8
19013163,5,4,8,11,3
19013164,2,5,7,4,8
19013165,7,4,6,10,9
19013166,2,7,5,10,1
19013167,11,4,5,8,9
19013168,2,4,8,11,5
19013169,9,7,5,6,10
19013170,11,10,1,3,6
19013171,10,7,4,6,9
19013172,4,3,8,6,10
19013173,2,4,7,6,3
19013174,6,3,5,11,7
19013175,10,3,11,2,5
19013176,4,6,8,5,9
19013177,11,2,1,6,9
19013178,8,7,5,2,1
19013179,9,6,11,3,1
19013180,1,3,4,8,6
19013181,7,8,6,5,10
19013182,2,3,4,10,8
19013183,6,2,8,10,1
19013184,4,8,1,3,11
