20090101,6,5,8,9,1
20090102,5,7,6,1,3
20090103,4,1,11,8,5
20090104,6,3,8,9,11
20090105,3,11,2,4,8
20090106,6,4,5,7,11
20090107,1,2,9,11,8
20090108,2,6,8,10,3
20090109,6,8,9,2,3
20090110,7,10,9,11,5
20090111,1,10,4,6,9
20090112,7,9,3,1,6
20090113,1,2,8,10,4
20090114,7,6,3,4,9
20090115,10,7,1,9,3
20090116,9,3,7,10,2
20090117,1,4,10,9,5
20090118,6,11,9,8,10
20090119,8,5,7,9,4
20090120,1,2,4,9,10
20090121,3,5,4,2,8
20090122,3,4,11,8,7
20090123,6,3,7,4,8
20090124,8,9,6,2,11
20090125,1,8,7,3,6
20090126,6,5,9,3,1
20090127,8,9,10,7,2
20090128,4,3,10,7,2
20090129,6,11,8,10,7
20090130,1,10,6,11,7
20090131,5,6,9,10,8
20090132,2,4,9,1,5
20090133,8,6,10,9,7
20090134,1,9,4,11,5
20090135,7,2,4,3,9
20090136,7,10,8,3,4
20090137,9,5,10,4,11
20090138,4,3,2,11,7
20090139,1,3,2,6,7
20090140,7,1,8,6,10
20090141,7,5,1,3,9
20090142,3,8,7,10,9
