20060101,3,11,2,5,10
20060102,7,2,9,1,11
20060103,5,9,3,11,6
20060104,9,6,8,7,3
20060105,9,3,4,2,8
20060106,6,1,2,5,7
20060107,9,4,7,2,6
20060108,2,7,5,8,4
20060109,11,2,3,1,9
20060110,2,7,11,1,8
20060111,3,7,4,2,11
20060112,8,7,10,4,1
20060113,8,1,11,9,2
20060114,8,6,9,3,5
20060115,2,1,11,6,8
20060116,3,6,9,11,5
20060117,2,4,3,5,9
20060118,4,10,1,9,6
20060119,10,8,9,2,7
20060120,11,7,5,9,1
20060121,3,6,4,8,7
20060122,6,1,4,8,3
20060123,2,5,3,11,1
20060124,2,9,7,4,11
20060125,7,4,3,11,1
20060126,3,1,10,9,6
20060127,4,9,3,8,10
20060128,11,9,8,3,5
20060129,2,10,4,9,7
20060130,1,3,5,7,6
20060131,1,2,10,3,5
20060132,9,10,1,5,3
20060133,1,11,2,8,9
20060134,8,2,10,5,3
20060135,1,2,11,9,10
20060136,9,2,8,4,1
20060137,11,8,5,2,3
20060138,7,11,1,6,5
20060139,2,9,1,11,8
20060140,2,9,7,10,3
20060141,3,2,1,7,9
