18110101,2,11,5,6,1
18110102,2,5,7,6,10
18110103,3,5,8,9,7
18110104,10,4,8,2,6
18110105,9,8,11,3,1
18110106,1,2,10,8,4
18110107,7,11,9,10,8
18110108,4,5,1,3,2
18110109,9,5,6,8,11
18110110,3,11,7,2,4
18110111,8,6,7,5,10
18110112,5,8,2,4,6
18110113,10,2,3,7,1
18110114,9,10,3,5,11
18110115,3,2,1,5,11
18110116,1,7,9,8,10
18110117,10,1,9,7,2
18110118,9,3,11,10,7
18110119,8,2,9,11,6
18110120,11,7,1,10,4
18110121,9,10,8,1,3
18110122,7,9,11,5,4
18110123,10,9,2,7,8
18110124,11,8,9,5,3
18110125,1,5,8,6,11
18110126,9,5,4,2,6
18110127,2,1,4,11,3
18110128,3,4,7,1,11
18110129,1,7,11,3,2
18110130,9,11,10,7,4
18110131,6,1,5,3,10
18110132,11,8,6,5,4
18110133,5,6,3,1,10
18110134,1,10,3,7,4
18110135,7,1,6,8,3
18110136,8,4,6,9,10
18110137,4,2,1,5,6
18110138,2,1,11,8,6
18110139,5,9,10,7,11
18110140,1,10,9,8,11
18110141,9,11,3,1,6
18110142,4,7,11,2,3
18110143,3,4,5,8,6
18110144,5,6,11,3,10
18110145,6,11,1,9,2
18110146,9,4,8,11,2
18110147,7,5,6,9,10
18110148,1,3,7,10,8
18110149,11,10,3,1,5
18110150,5,11,7,6,1
18110151,7,9,3,4,10
18110152,6,3,10,1,8
18110153,6,11,4,3,7
18110154,11,5,7,4,10
18110155,8,9,6,1,5
18110156,1,11,3,5,9
18110157,8,1,10,11,9
18110158,5,4,7,10,9
18110159,10,4,1,11,2
18110160,7,2,10,4,9
18110161,11,3,1,7,2
18110162,5,6,10,9,2
18110163,8,1,10,7,3
18110164,9,4,10,1,5
18110165,3,1,6,9,2
18110166,6,7,5,10,8
18110167,8,5,9,3,11
18110168,6,7,4,10,9
18110169,6,8,3,5,1
18110170,5,10,1,9,8
18110171,2,3,10,8,1
18110172,11,10,5,8,1
18110173,6,8,1,11,2
18110174,3,11,7,8,5
18110175,9,5,3,6,11
18110176,2,6,1,11,4
18110177,9,3,8,6,10
18110178,10,2,3,7,5
18110179,5,3,6,11,4
18110180,1,9,7,8,5
18110181,1,4,3,8,2
18110182,2,11,7,1,8
18110183,9,4,2,5,1
18110184,11,4,8,2,10
18110185,5,10,3,11,8
18110186,11,1,9,4,8
18110187,6,3,2,4,10
18110201,2,1,11,5,3
18110202,2,6,5,3,11
18110203,7,5,8,3,9
18110204,6,2,5,9,1
18110205,6,11,1,2,7
18110206,9,6,2,3,5
18110207,11,10,6,8,7
18110208,9,3,7,6,5
18110209,2,8,7,11,3
18110210,4,6,2,1,3
18110211,5,10,4,3,9
18110212,8,6,2,10,3
18110213,4,2,11,6,5
18110214,5,7,11,9,1
18110215,2,8,10,6,5
18110216,9,4,11,10,7
18110217,6,11,7,8,10
18110218,11,8,1,4,6
18110219,8,10,2,11,1
18110220,9,10,5,3,4
18110221,5,1,11,7,2
18110222,8,7,6,9,4
18110223,8,11,2,5,10
18110224,1,7,3,5,4
18110225,5,11,1,3,6
18110226,8,4,7,9,6
18110227,11,5,2,7,6
18110228,5,4,9,10,8
18110229,7,9,8,11,4
18110230,8,10,2,3,4
18110231,6,2,1,5,8
18110232,1,6,11,4,5
18110233,4,8,7,2,5
18110234,9,11,4,2,7
18110235,9,4,5,7,10
18110236,3,9,7,10,5
18110237,5,10,9,4,2
18110238,5,4,11,9,7
18110239,3,5,1,10,4
18110240,5,3,7,2,11
18110241,6,9,3,1,7
18110242,11,5,3,8,2
18110243,10,4,8,11,2
18110244,5,10,4,1,2
18110245,5,10,8,6,7
18110246,6,11,8,4,10
18110247,4,3,2,6,9
18110248,3,2,6,1,7
18110249,7,3,10,1,11
18110250,4,8,3,10,2
18110251,4,7,9,6,2
18110252,4,5,7,8,10
18110253,1,7,9,2,11
18110254,9,4,2,3,1
18110255,2,8,5,11,1
18110256,6,11,4,3,10
18110257,5,2,7,1,11
18110258,8,10,5,4,7
18110259,3,1,8,10,4
18110260,9,6,7,3,1
18110261,9,10,3,4,2
18110262,7,9,5,4,2
18110263,9,6,11,2,7
18110264,5,9,6,7,4
18110265,4,10,11,3,8
18110266,6,7,5,9,4
18110267,9,11,1,5,10
18110268,3,10,9,8,4
18110269,9,8,6,4,10
18110270,2,5,3,8,4
18110271,3,6,4,7,9
18110272,2,3,9,1,8
18110273,10,6,1,2,3
18110274,2,10,9,4,6
18110275,6,1,11,4,5
18110276,7,5,2,1,8
18110277,9,8,2,7,6
18110278,10,8,2,3,6
18110279,9,10,6,3,11
18110280,9,4,2,3,11
18110281,2,7,3,5,10
18110282,10,2,9,5,4
18110283,4,11,2,9,8
18110284,1,9,2,10,5
18110285,4,10,3,8,2
18110286,1,10,7,11,2
18110287,10,3,5,8,4
18110301,7,8,6,5,2
18110302,1,3,11,5,9
18110303,4,11,9,10,8
18110304,10,4,6,3,7
18110305,9,8,1,11,7
18110306,5,7,1,11,9
18110307,11,4,5,8,9
18110308,3,1,9,10,7
18110309,3,11,4,2,9
18110310,5,7,1,6,8
18110311,9,4,3,7,11
18110312,3,5,11,6,8
18110313,7,2,4,9,6
18110314,11,4,9,10,5
18110315,5,11,2,7,1
18110316,10,8,2,4,6
18110317,11,8,6,4,3
18110318,7,8,4,2,11
18110319,7,5,2,4,8
18110320,2,6,8,3,9
18110321,10,2,1,8,11
18110322,5,2,1,6,7
18110323,7,1,8,10,11
18110324,3,8,1,11,7
18110325,7,3,8,11,9
18110326,11,8,1,6,5
18110327,11,8,1,10,5
18110328,7,8,4,10,11
18110329,8,3,4,2,11
18110330,3,7,5,2,6
18110331,11,5,1,7,8
18110332,6,3,7,9,5
18110333,10,3,9,2,1
18110334,10,8,9,3,5
18110335,7,9,6,1,11
18110336,10,3,6,2,1
18110337,7,6,3,2,1
18110338,8,3,9,11,5
18110339,11,3,1,9,5
18110340,6,8,5,10,9
18110341,9,10,7,4,6
18110342,1,10,6,5,11
18110343,5,6,11,4,9
18110344,7,6,10,1,8
18110345,3,11,9,5,6
18110346,6,9,7,1,4
18110347,5,9,7,3,2
18110348,3,8,4,2,7
18110349,2,4,10,6,7
18110350,1,2,7,4,3
18110351,11,5,9,1,3
18110352,9,2,6,5,11
18110353,7,2,11,9,3
18110354,4,8,6,11,1
18110355,4,6,9,5,7
18110356,8,11,4,2,1
18110357,5,3,11,9,8
18110358,3,10,6,5,1
18110359,1,11,8,9,5
18110360,3,6,9,1,8
18110361,5,8,1,7,4
18110362,4,8,5,3,7
18110363,6,2,8,4,10
18110364,1,5,6,9,4
18110365,2,3,1,9,7
18110366,6,4,3,2,11
18110367,1,3,5,10,8
18110368,2,1,9,11,6
18110369,3,10,8,5,7
18110370,5,2,4,6,7
18110371,8,2,10,9,6
18110372,10,4,5,1,9
18110373,3,1,8,5,6
18110374,5,9,2,3,4
18110375,2,7,10,5,3
18110376,2,8,9,11,10
18110377,9,11,5,7,6
18110378,5,1,3,9,6
18110379,6,11,9,5,3
18110380,2,3,5,4,1
18110381,2,4,8,9,10
18110382,5,6,8,10,3
18110383,5,8,2,7,10
18110384,9,10,3,5,6
18110385,9,2,4,6,8
18110386,10,7,8,6,1
18110387,2,7,9,11,3
18110401,9,5,4,2,6
18110402,5,7,1,9,8
18110403,4,5,8,1,11
18110404,11,6,3,4,7
18110405,7,2,9,6,8
18110406,8,6,9,5,1
18110407,8,5,4,6,2
18110408,11,7,4,2,5
18110409,1,7,10,4,3
18110410,1,7,4,9,2
18110411,8,10,2,3,11
18110412,7,5,2,4,1
18110413,4,10,9,8,2
18110414,3,11,1,9,5
18110415,2,9,10,5,11
18110416,1,6,3,5,8
18110417,3,7,8,9,10
18110418,5,8,3,7,10
18110419,3,7,9,1,4
18110420,1,2,11,10,4
18110421,11,8,9,7,6
18110422,4,2,10,11,8
18110423,2,1,11,10,9
18110424,5,11,10,9,8
18110425,6,4,9,2,1
18110426,3,4,9,6,1
18110427,1,8,11,2,3
18110428,10,2,9,4,7
18110429,11,4,10,7,2
18110430,8,7,4,11,3
18110431,2,11,4,9,6
18110432,7,6,9,5,8
18110433,1,4,6,2,3
18110434,8,9,11,2,1
18110435,5,8,11,3,10
18110436,1,7,9,2,8
18110437,11,4,7,6,8
18110438,6,1,3,11,8
18110439,5,4,3,7,11
18110440,1,10,6,11,7
18110441,4,11,3,2,1
18110442,2,1,10,9,6
18110443,6,9,5,8,4
18110444,4,1,8,9,3
18110445,7,5,3,11,8
18110446,5,10,2,8,11
18110447,11,1,7,3,5
18110448,2,10,1,8,11
18110449,6,3,5,4,11
18110450,2,10,3,1,9
18110451,4,2,11,8,5
18110452,5,4,1,10,7
18110453,9,4,10,2,6
18110454,2,5,4,11,1
18110455,2,5,1,11,10
18110456,7,1,6,10,5
18110457,3,8,5,10,9
18110458,9,4,10,11,3
18110459,4,6,2,5,8
18110460,7,3,2,10,1
18110461,6,3,11,7,2
18110462,3,1,4,11,8
18110463,10,7,11,1,8
18110464,11,4,9,10,5
18110465,1,9,2,5,4
18110466,8,1,7,2,3
18110467,7,4,11,9,6
18110468,9,5,2,11,3
18110469,9,10,8,4,5
18110470,2,4,6,8,3
18110471,9,3,4,5,6
18110472,9,10,1,11,8
18110473,4,7,3,5,10
18110474,8,10,5,6,11
18110475,1,2,3,9,11
18110476,7,6,1,10,8
18110477,6,1,4,9,3
18110478,6,5,2,3,9
18110479,10,4,8,11,6
18110480,4,5,2,11,3
18110481,5,4,8,10,9
18110482,9,3,7,8,2
18110483,9,4,2,1,10
18110484,5,9,3,4,6
18110485,11,7,3,4,5
18110486,8,7,2,9,4
18110487,5,9,7,10,2
18110501,7,10,1,4,2
18110502,1,11,10,4,7
18110503,4,10,8,9,11
18110504,2,8,5,4,11
18110505,2,4,5,11,1
18110506,6,5,9,3,4
18110507,3,8,10,4,11
18110508,3,1,10,2,11
18110509,10,5,11,7,2
18110510,7,9,8,11,10
18110511,11,2,6,10,5
18110512,3,10,5,2,7
18110513,4,5,1,2,6
18110514,1,4,11,9,8
18110515,1,4,8,10,2
18110516,5,8,11,4,3
18110517,7,9,1,6,5
18110518,8,10,9,6,3
18110519,3,5,6,1,10
18110520,4,9,2,10,7
18110521,2,7,5,3,11
18110522,1,7,9,3,8
18110523,2,5,10,9,8
18110524,8,2,7,6,9
18110525,2,1,8,3,6
18110526,9,2,5,1,4
18110527,9,10,11,3,2
18110528,5,7,10,9,2
18110529,5,9,11,6,2
18110530,3,7,1,5,4
18110531,6,11,5,1,8
18110532,11,6,1,2,9
18110533,6,7,1,8,4
18110534,8,3,1,4,10
18110535,6,11,2,5,10
18110536,5,10,3,8,7
18110537,11,1,7,6,8
18110538,4,9,6,8,7
18110539,4,2,7,5,1
18110540,1,5,9,2,11
18110541,1,11,3,2,8
18110542,10,9,3,5,4
18110543,6,11,9,7,4
18110544,7,6,11,10,4
18110545,1,7,6,2,11
18110546,8,9,7,10,6
18110547,1,3,5,11,10
18110548,8,2,9,1,10
18110549,10,3,8,1,4
18110550,1,8,7,2,3
18110551,9,10,7,6,3
18110552,10,7,1,3,6
18110553,11,8,3,9,4
18110554,1,7,10,8,9
18110555,1,5,2,10,9
18110556,6,4,10,1,11
18110557,8,4,10,9,6
18110558,2,7,9,1,5
18110559,11,4,8,2,7
18110560,1,9,2,6,5
18110561,1,7,9,3,4
18110562,7,11,5,8,1
18110563,10,9,2,7,6
18110564,4,1,3,6,7
18110565,4,11,6,10,3
18110566,11,4,5,7,3
18110567,6,1,10,4,5
18110568,11,3,9,1,7
18110569,7,3,2,1,10
18110570,1,6,3,10,2
18110571,10,2,3,4,11
18110572,3,10,5,9,2
18110573,11,8,6,9,3
18110574,8,9,6,4,2
18110575,9,8,5,10,7
18110576,9,3,2,11,6
18110577,4,6,10,5,7
18110578,3,7,2,9,10
18110579,3,8,6,1,11
18110580,7,5,3,2,9
18110581,9,2,11,3,10
18110582,10,9,4,7,8
18110583,11,10,7,6,2
18110584,9,5,11,7,10
18110585,11,5,3,2,6
18110586,1,5,7,8,4
18110587,2,8,10,3,9
18110601,1,5,10,8,7
18110602,3,4,5,1,2
18110603,10,9,4,3,7
18110604,10,8,4,1,11
18110605,6,10,2,8,7
18110606,4,5,8,11,2
18110607,6,2,8,1,3
18110608,2,5,10,11,6
18110609,5,11,4,10,1
18110610,8,11,3,10,1
18110611,8,5,1,6,9
18110612,5,4,9,6,11
18110613,7,6,3,9,2
18110614,10,5,3,4,11
18110615,4,8,3,7,6
18110616,5,4,1,2,6
18110617,3,8,7,10,6
18110618,8,5,7,10,6
18110619,6,2,11,10,1
18110620,11,1,8,4,2
18110621,7,11,3,4,8
18110622,9,6,5,1,11
18110623,4,5,6,1,8
18110624,2,11,3,6,5
18110625,9,6,8,2,7
18110626,4,7,1,5,9
18110627,9,2,11,10,1
18110628,5,8,7,1,11
18110629,5,7,10,11,4
18110630,10,9,8,2,1
18110631,6,4,11,7,1
18110632,1,6,5,8,4
18110633,4,7,1,2,11
18110634,5,2,8,10,1
18110635,5,8,6,4,7
18110636,3,2,8,5,11
18110637,1,4,3,8,2
18110638,11,7,4,2,5
18110639,8,1,4,6,2
18110640,6,3,5,11,2
18110641,10,7,6,9,4
18110642,9,1,6,7,2
18110643,7,11,6,8,5
18110644,1,9,8,11,7
18110645,9,11,3,2,7
18110646,10,1,2,11,6
18110647,2,1,6,4,11
18110648,4,9,2,10,11
18110649,2,11,9,3,6
18110650,11,1,3,9,2
18110651,2,9,6,1,5
18110652,8,9,6,4,3
18110653,10,3,1,8,2
18110654,6,4,10,11,8
18110655,2,1,6,7,9
18110656,11,10,9,6,4
18110657,2,9,6,8,3
18110658,11,4,2,7,5
18110659,8,3,6,11,9
18110660,2,5,10,6,7
18110661,11,6,1,8,5
18110662,10,8,5,4,2
18110663,11,1,7,4,6
18110664,8,6,7,2,1
18110665,8,4,5,6,9
18110666,4,11,8,5,2
18110667,1,7,9,5,8
18110668,3,11,4,1,5
18110669,8,5,6,1,9
18110670,2,3,4,7,1
18110671,1,8,9,10,6
18110672,3,4,9,8,6
18110673,9,5,3,7,2
18110674,3,9,10,5,7
18110675,3,11,10,7,2
18110676,7,11,5,9,4
18110677,9,4,3,11,7
18110678,10,4,6,2,7
18110679,3,4,8,2,7
18110680,7,2,11,5,9
18110681,4,8,1,11,3
18110682,10,1,6,9,4
18110683,4,10,3,9,1
18110684,9,10,1,5,3
18110685,9,4,6,5,11
18110686,1,8,4,10,9
18110687,7,10,8,6,11
18110701,10,6,4,2,8
18110702,5,4,6,1,3
18110703,4,5,1,10,3
18110704,1,5,9,8,10
18110705,8,7,1,9,11
18110706,9,4,10,11,3
18110707,5,8,6,11,1
18110708,11,7,2,10,5
18110709,5,3,4,2,9
18110710,4,5,10,3,6
18110711,3,8,2,4,5
18110712,4,7,10,8,9
18110713,1,4,9,7,3
18110714,8,6,4,5,7
18110715,3,1,8,10,6
18110716,2,10,8,3,9
18110717,6,8,9,1,2
18110718,9,1,5,7,10
18110719,1,7,2,3,6
18110720,10,3,1,9,6
18110721,2,10,9,1,5
18110722,9,2,7,5,10
18110723,2,6,4,8,11
18110724,3,1,10,5,6
18110725,7,11,10,9,5
18110726,1,9,11,3,7
18110727,6,1,9,3,4
18110728,5,2,10,1,3
18110729,11,9,8,4,5
18110730,9,7,11,2,1
18110731,10,3,11,6,4
18110732,3,2,4,5,6
18110733,6,8,10,11,3
18110734,11,1,5,10,2
18110735,4,11,8,1,3
18110736,10,2,7,8,6
18110737,5,3,11,8,2
18110738,3,6,2,7,9
18110739,5,10,2,7,3
18110740,11,10,4,2,8
18110741,2,10,4,5,1
18110742,7,1,8,9,4
18110743,2,7,1,11,6
18110744,7,1,4,6,2
18110745,5,4,1,9,7
18110746,3,5,6,10,2
18110747,9,8,2,10,4
18110748,4,6,5,11,9
18110749,1,5,9,2,11
18110750,7,8,10,2,1
18110751,4,7,6,2,9
18110752,3,1,6,9,11
18110753,4,2,8,7,9
18110754,3,7,4,2,10
18110755,7,10,6,9,8
18110756,11,9,10,3,6
18110757,9,2,11,7,10
18110758,4,3,8,5,9
18110759,7,5,8,11,1
18110760,2,6,9,10,11
18110761,10,3,5,6,1
18110762,4,9,5,6,11
18110763,6,2,4,3,8
18110764,11,4,7,5,8
18110765,8,2,11,6,5
18110766,2,10,1,7,9
18110767,3,1,4,9,5
18110768,6,10,8,11,9
18110769,8,11,4,3,6
18110770,6,2,8,3,4
18110771,7,1,9,3,2
18110772,4,10,2,6,7
18110773,2,7,3,5,11
18110774,3,5,6,11,7
18110775,6,4,5,9,2
18110776,1,5,10,2,11
18110777,2,3,9,8,10
18110778,1,9,2,5,4
18110779,1,9,4,6,7
18110780,10,6,4,5,8
18110781,9,10,7,4,6
18110782,7,2,3,4,11
18110783,7,9,10,2,4
18110784,4,2,9,5,6
18110785,11,2,9,3,6
18110786,7,9,1,4,10
18110787,5,11,10,3,1
18110801,6,9,1,3,4
18110802,5,10,3,9,1
18110803,5,8,11,4,9
18110804,6,10,4,2,5
18110805,6,11,4,3,10
18110806,4,9,5,11,3
18110807,5,2,8,3,4
18110808,11,9,6,4,5
18110809,3,4,10,1,11
18110810,6,4,1,8,5
18110811,2,10,4,9,8
18110812,7,3,9,6,8
18110813,6,3,5,7,4
18110814,5,4,9,1,2
18110815,9,11,5,8,10
18110816,11,2,10,8,7
18110817,4,9,1,3,7
18110818,1,4,5,11,2
18110819,10,8,11,9,6
18110820,11,6,2,3,5
18110821,10,4,1,2,5
18110822,5,3,7,9,4
18110823,11,4,9,2,7
18110824,2,5,4,9,3
18110825,11,4,8,5,7
18110826,1,7,11,8,9
18110827,9,8,3,11,1
18110828,4,10,11,5,3
18110829,9,5,3,10,8
18110830,7,3,4,6,8
18110831,2,7,9,10,6
18110832,5,2,1,8,7
18110833,7,5,1,10,9
18110834,4,11,7,3,9
18110835,2,1,10,7,11
18110836,7,4,1,2,8
18110837,5,3,2,1,11
18110838,5,3,8,4,2
18110839,9,3,11,6,10
18110840,7,5,11,1,8
18110841,8,5,9,3,6
18110842,1,8,6,4,3
18110843,8,4,1,5,6
18110844,8,11,1,3,9
18110845,9,6,4,10,7
18110846,6,8,5,10,11
18110847,11,6,8,5,4
18110848,7,11,2,10,6
18110849,10,1,5,4,11
18110850,11,9,8,7,4
18110851,8,1,2,4,11
18110852,8,5,10,1,4
18110853,3,9,2,7,5
18110854,2,3,9,11,8
18110855,1,4,11,6,2
18110856,1,7,8,10,11
18110857,1,10,9,4,8
18110858,10,2,3,9,7
18110859,8,10,5,7,11
18110860,8,5,7,11,6
18110861,6,4,11,10,3
18110862,1,3,9,8,2
18110863,2,7,1,3,6
18110864,7,4,10,5,6
18110865,5,11,1,9,7
18110866,6,4,9,1,2
18110867,9,5,7,8,1
18110868,5,6,1,7,11
18110869,7,6,10,2,11
18110870,2,11,5,7,9
18110871,11,6,3,1,4
18110872,9,3,8,11,10
18110873,8,1,6,7,5
18110874,10,2,4,7,6
18110875,4,3,8,10,1
18110876,8,9,7,3,11
18110877,6,8,4,5,3
18110878,7,4,10,2,11
18110879,4,8,2,5,9
18110880,4,6,3,9,5
18110881,4,1,3,6,7
18110882,7,2,5,10,4
18110883,6,5,9,3,1
18110884,7,3,10,1,2
18110885,7,2,1,9,8
18110886,4,6,5,3,9
18110887,3,7,4,2,1
18110901,6,7,3,8,9
18110902,8,3,6,10,2
18110903,5,8,1,3,6
18110904,4,9,5,3,11
18110905,7,11,9,4,1
18110906,5,1,7,10,9
18110907,9,2,10,7,8
18110908,5,9,1,7,6
18110909,2,1,4,7,6
18110910,4,7,1,2,8
18110911,2,1,10,7,8
18110912,4,7,6,8,10
18110913,9,11,7,1,4
18110914,3,6,8,11,4
18110915,7,11,4,5,8
18110916,8,2,6,11,5
18110917,11,1,3,9,4
18110918,7,3,2,6,11
18110919,7,8,2,9,10
18110920,11,2,7,10,6
18110921,11,7,10,3,1
18110922,6,8,2,7,1
18110923,9,3,6,4,10
18110924,8,3,4,11,6
18110925,6,4,11,9,3
18110926,10,9,3,1,5
18110927,7,5,2,4,11
18110928,8,7,2,9,11
18110929,4,8,5,6,7
18110930,10,2,11,8,3
18110931,4,11,2,7,9
18110932,2,1,7,3,11
18110933,3,8,6,5,4
18110934,10,6,3,11,8
18110935,2,8,11,9,1
18110936,5,4,10,2,6
18110937,5,4,7,6,8
18110938,8,5,2,1,7
18110939,2,7,4,1,5
18110940,6,3,2,10,9
18110941,10,7,11,3,5
18110942,5,6,1,8,4
18110943,7,3,9,2,10
18110944,9,7,6,11,10
18110945,11,8,2,4,7
18110946,3,6,5,7,8
18110947,9,3,6,10,8
18110948,6,10,9,5,11
18110949,3,9,6,2,4
18110950,3,11,5,8,4
18110951,1,5,8,7,10
18110952,2,8,6,5,9
18110953,6,10,5,3,1
18110954,7,5,3,8,4
18110955,10,7,6,8,4
18110956,11,3,6,1,9
18110957,4,3,2,5,9
18110958,4,10,2,5,8
18110959,4,7,1,3,10
18110960,10,8,4,5,3
18110961,6,2,5,7,4
18110962,10,3,7,9,4
18110963,5,8,2,1,3
18110964,6,9,10,8,5
18110965,9,6,8,3,5
18110966,6,3,5,8,7
18110967,10,3,11,8,7
18110968,4,7,2,9,8
18110969,3,9,10,11,1
18110970,7,9,6,3,5
18110971,10,11,6,2,3
18110972,1,6,7,9,2
18110973,6,4,7,3,2
18110974,6,2,3,4,8
18110975,1,5,8,2,10
18110976,7,8,10,9,11
18110977,4,1,5,6,10
18110978,3,11,7,10,5
18110979,8,6,10,7,4
18110980,11,7,4,10,2
18110981,4,7,10,11,2
18110982,4,3,5,7,8
18110983,5,10,6,8,2
18110984,10,9,11,6,5
18110985,4,7,11,9,2
18110986,4,5,10,6,7
18110987,9,5,2,11,3
18111001,9,2,1,4,6
18111002,2,8,10,7,6
18111003,6,7,5,1,11
18111004,7,9,8,10,3
18111005,8,11,10,3,4
18111006,6,7,11,2,8
18111007,2,8,5,7,1
18111008,10,6,1,9,2
18111009,8,10,11,3,4
18111010,11,6,3,1,7
18111011,1,3,2,7,5
18111012,1,4,3,6,10
18111013,7,3,2,6,9
18111014,3,2,1,7,11
18111015,3,11,10,4,2
18111016,1,4,2,6,9
18111017,8,7,11,10,9
18111018,3,10,9,5,4
18111019,9,2,11,6,10
18111020,1,2,9,8,7
18111021,5,10,4,8,2
18111022,8,7,4,3,2
18111023,3,5,8,1,11
18111024,4,6,1,3,5
18111025,8,2,11,1,6
18111026,10,5,11,1,4
18111027,5,6,1,9,7
18111028,1,11,10,4,8
18111029,2,3,9,5,7
18111030,10,3,4,5,6
18111031,2,10,5,4,11
18111032,5,10,11,1,7
18111033,7,3,8,5,11
18111034,6,5,2,3,9
18111035,9,11,7,8,6
18111036,10,2,11,6,7
18111037,9,6,5,2,10
18111038,5,4,2,8,3
18111039,11,10,6,8,3
18111040,5,11,3,6,10
18111041,6,1,10,8,9
18111042,3,8,9,10,5
18111043,9,3,4,1,7
18111044,11,7,8,5,10
18111045,6,9,4,8,10
18111046,11,5,10,4,8
18111047,10,1,6,2,3
18111048,9,6,2,10,3
18111049,1,2,4,8,11
18111050,6,10,7,5,1
18111051,9,2,4,8,1
18111052,9,5,8,6,1
18111053,10,7,3,9,6
18111054,8,6,5,7,11
18111055,10,4,6,5,11
18111056,6,4,2,5,11
18111057,7,10,2,6,3
18111058,7,3,5,4,9
18111059,3,10,1,7,2
18111060,2,8,10,6,11
18111061,11,2,4,6,1
18111062,2,10,6,8,1
18111063,10,9,11,3,8
18111064,1,5,11,9,6
18111065,1,5,7,3,9
18111066,2,10,5,4,3
18111067,5,2,10,6,9
18111068,2,4,9,11,3
18111069,2,5,11,9,4
18111070,4,7,9,2,11
18111071,1,11,10,7,5
18111072,5,1,11,3,9
18111073,3,6,4,11,2
18111074,1,8,2,10,7
18111075,11,1,5,2,7
18111076,6,5,1,3,4
18111077,7,2,1,9,10
18111078,5,10,9,1,4
18111079,11,8,10,1,4
18111080,5,1,7,6,3
18111081,3,8,11,4,7
18111082,10,6,1,9,11
18111083,9,3,10,7,1
18111084,6,2,8,7,10
18111085,11,3,8,6,10
18111086,4,11,5,2,9
18111087,5,8,11,2,1
18111101,7,8,4,3,11
18111102,4,1,6,10,9
18111103,2,1,9,3,4
18111104,11,1,8,2,7
18111105,8,2,5,11,10
18111106,1,11,9,7,3
18111107,3,10,7,9,11
18111108,5,10,2,9,7
18111109,5,7,1,2,3
18111110,6,3,8,4,2
18111111,9,2,4,6,3
18111112,1,6,2,4,3
18111113,5,7,11,9,10
18111114,1,7,5,8,2
18111115,6,5,4,9,3
18111116,5,1,6,4,11
18111117,1,7,4,3,5
18111118,5,4,7,6,10
18111119,9,7,4,1,5
18111120,5,2,4,8,9
18111121,4,5,11,10,3
18111122,5,8,9,7,10
18111123,1,10,8,11,2
18111124,11,2,8,5,1
18111125,4,6,7,3,2
18111126,7,5,4,6,10
18111127,2,6,5,8,4
18111128,5,6,7,10,1
18111129,4,6,11,2,8
18111130,11,2,8,3,9
18111131,2,5,10,6,11
18111132,7,9,4,10,6
18111133,6,4,1,5,10
18111134,1,6,4,2,3
18111135,9,5,6,7,8
18111136,4,1,9,11,7
18111137,4,11,5,7,3
18111138,7,1,6,9,11
18111139,7,11,4,2,5
18111140,1,11,9,2,8
18111141,2,1,10,8,7
18111142,1,6,4,10,7
18111143,5,11,6,9,7
18111144,6,3,10,7,9
18111145,8,6,1,10,7
18111146,1,11,3,8,5
18111147,10,4,8,1,6
18111148,1,10,2,8,3
18111149,10,6,7,9,5
18111150,8,9,5,6,10
18111151,9,5,11,3,2
18111152,8,6,10,2,4
18111153,6,5,7,10,4
18111154,11,10,5,4,1
18111155,10,9,1,5,11
18111156,2,7,5,6,9
18111157,1,3,9,7,2
18111158,6,5,3,9,10
18111159,4,7,9,1,2
18111160,2,11,4,1,6
18111161,8,1,4,6,7
18111162,11,10,8,6,9
18111163,4,6,1,5,2
18111164,10,6,2,8,3
18111165,7,9,2,10,8
18111166,3,5,2,8,9
18111167,2,8,3,5,6
18111168,10,5,3,9,7
18111169,10,6,9,3,7
18111170,10,7,5,4,6
18111171,6,3,9,11,1
18111172,7,4,11,1,9
18111173,11,6,1,10,2
18111174,4,1,11,10,5
18111175,2,5,4,6,10
18111176,9,6,4,10,2
18111177,6,5,2,8,11
18111178,5,9,6,4,7
18111179,2,4,3,6,1
18111180,11,3,5,6,10
18111181,6,3,8,7,11
18111182,7,4,3,5,10
18111183,8,9,5,4,2
18111184,7,5,2,8,6
18111185,3,7,9,11,4
18111186,1,3,11,7,10
18111187,9,4,1,6,3
18111201,2,5,9,10,3
18111202,7,6,10,8,1
18111203,8,7,11,10,1
18111204,9,6,3,1,11
18111205,6,3,4,7,10
18111206,5,1,7,4,11
18111207,10,7,5,1,6
18111208,11,9,4,8,5
18111209,10,5,8,6,2
18111210,2,7,5,11,10
18111211,10,8,3,6,11
18111212,9,8,11,7,1
18111213,6,2,4,10,7
18111214,6,7,3,5,1
18111215,6,5,10,8,4
18111216,6,7,8,10,4
18111217,1,2,11,8,5
18111218,6,2,9,10,5
18111219,8,5,11,7,6
18111220,3,8,1,10,7
18111221,5,9,6,10,4
18111222,4,6,1,3,11
18111223,2,8,5,11,9
18111224,6,11,9,4,7
18111225,8,7,2,4,10
18111226,6,7,1,5,10
18111227,4,5,8,7,1
18111228,7,8,1,2,9
18111229,6,11,8,10,1
18111230,7,8,11,10,9
18111231,11,10,5,8,7
18111232,5,1,6,8,7
18111233,7,10,3,4,9
18111234,11,3,1,9,10
18111235,6,5,8,7,11
18111236,1,6,3,10,8
18111237,4,6,2,9,8
18111238,2,3,5,9,11
18111239,3,4,6,10,11
18111240,10,4,8,11,9
18111241,2,1,5,7,10
18111242,5,4,1,2,7
18111243,7,5,10,9,8
18111244,1,8,5,9,6
18111245,6,7,1,5,11
18111246,6,2,3,1,11
18111247,11,6,4,2,3
18111248,3,8,1,4,7
18111249,1,8,4,6,9
18111250,1,5,9,8,11
18111251,5,1,8,6,4
18111252,1,4,10,11,3
18111253,7,3,9,6,8
18111254,5,8,7,2,4
18111255,8,3,9,7,4
18111256,3,7,5,2,9
18111257,10,7,1,8,9
18111258,7,9,11,5,8
18111259,6,8,2,10,5
18111260,11,8,6,5,2
18111261,2,8,1,11,4
18111262,6,11,9,1,4
18111263,1,2,3,10,8
18111264,8,3,10,4,1
18111265,10,8,9,5,6
18111266,9,10,11,1,3
18111267,8,7,5,9,4
18111268,8,7,11,5,4
18111269,8,5,10,1,7
18111270,11,3,9,7,10
18111271,7,4,3,9,2
18111272,11,2,3,7,9
18111273,6,1,2,10,9
18111274,8,6,1,7,3
18111275,2,3,11,8,7
18111276,2,3,6,4,8
18111277,5,4,8,9,6
18111278,5,6,7,9,10
18111279,5,2,3,8,4
18111280,10,7,2,6,11
18111281,11,2,10,3,1
18111282,2,6,1,7,5
18111283,3,10,11,5,1
18111284,10,4,6,9,5
18111285,8,3,6,10,9
18111286,4,1,7,10,3
18111287,7,5,3,10,11
18111301,11,4,5,1,2
18111302,3,8,10,11,5
18111303,5,4,2,6,10
18111304,3,1,11,9,10
18111305,10,5,7,1,8
18111306,11,6,5,3,8
18111307,11,7,4,3,2
18111308,5,3,9,8,11
18111309,2,1,7,11,5
18111310,2,10,11,3,1
18111311,10,3,11,2,8
18111312,2,6,9,8,7
18111313,7,2,10,1,11
18111314,9,7,4,6,8
18111315,7,4,1,5,8
18111316,4,5,10,7,11
18111317,7,11,5,2,8
18111318,5,1,8,4,10
18111319,5,3,9,7,4
18111320,6,8,10,3,2
18111321,5,6,3,9,4
18111322,9,7,1,10,11
18111323,5,1,9,11,6
18111324,3,9,1,10,7
18111325,4,9,8,6,2
18111326,11,9,7,1,3
18111327,5,9,4,11,7
18111328,11,8,1,6,3
18111329,6,1,8,4,5
18111330,1,9,4,11,7
18111331,5,11,9,7,8
18111332,3,4,7,10,1
18111333,11,8,3,5,4
18111334,6,1,11,10,8
18111335,2,1,4,7,8
18111336,4,7,3,11,6
18111337,4,6,9,3,10
18111338,1,8,9,10,5
18111339,2,3,5,4,6
18111340,8,7,3,2,5
18111341,10,11,8,6,4
18111342,10,7,1,9,5
18111343,1,3,11,5,4
18111344,11,4,8,6,7
18111345,5,6,9,10,3
18111346,2,8,1,5,7
18111347,5,9,3,2,6
18111348,1,4,7,6,9
18111349,3,8,11,4,2
18111350,9,8,10,3,2
18111351,8,11,6,9,7
18111352,7,4,10,2,11
18111353,4,6,2,8,9
18111354,3,5,8,2,4
18111355,7,6,2,3,4
18111356,3,4,9,1,7
18111357,11,3,6,5,2
18111358,2,9,4,1,5
18111359,8,5,2,1,3
18111360,1,11,5,6,4
18111361,9,10,11,7,3
18111362,8,7,3,5,10
18111363,1,3,10,11,7
18111364,3,7,9,8,6
18111365,10,11,9,7,5
18111366,11,3,4,8,6
18111367,3,5,1,7,4
18111368,10,3,4,5,1
18111369,6,8,5,3,11
18111370,7,3,2,1,5
18111371,8,10,3,11,6
18111372,9,5,2,7,8
18111373,1,4,8,6,11
18111374,5,8,9,6,2
18111375,11,2,6,5,8
18111376,8,7,2,4,11
18111377,9,5,11,4,1
18111378,11,6,9,7,10
18111379,6,10,5,3,4
18111380,11,2,7,10,1
18111381,9,8,1,10,11
18111382,1,10,3,4,9
18111383,11,7,10,2,3
18111384,5,2,4,9,1
18111385,7,10,3,2,6
18111386,10,11,5,8,7
18111387,5,8,4,1,7
18111401,5,7,10,9,1
18111402,3,11,5,9,7
18111403,11,2,7,4,1
18111404,9,1,8,7,3
18111405,11,8,7,9,5
18111406,11,2,7,4,8
18111407,2,5,3,8,4
18111408,6,1,4,11,5
18111409,1,4,10,3,2
18111410,2,8,4,7,9
18111411,11,6,7,3,2
18111412,10,5,3,8,9
18111413,10,11,7,3,5
18111414,10,5,3,4,11
18111415,9,1,3,11,7
18111416,2,6,3,10,7
18111417,1,6,5,7,9
18111418,5,8,1,4,2
18111419,1,4,6,3,8
18111420,8,3,1,9,7
18111421,5,2,3,10,11
18111422,3,4,6,1,2
18111423,10,11,9,5,8
18111424,8,5,10,3,11
18111425,9,5,2,8,3
18111426,1,4,11,2,5
18111427,1,6,8,10,7
18111428,6,7,3,8,10
18111429,4,11,10,9,1
18111430,1,2,6,9,3
18111431,2,7,1,6,10
18111432,9,8,5,2,3
18111433,1,5,11,7,4
18111434,2,8,3,5,11
18111435,11,8,5,3,1
18111436,2,5,10,6,1
18111437,10,1,4,3,2
18111438,7,1,5,8,6
18111439,4,7,2,10,1
18111440,11,7,4,10,3
18111441,10,9,4,2,6
18111442,4,7,6,10,8
18111443,8,5,1,3,9
18111444,9,6,3,2,11
18111445,6,11,10,1,4
18111446,3,7,8,6,10
18111447,2,9,7,8,1
18111448,11,8,9,2,6
18111449,6,10,11,5,7
18111450,5,4,3,1,11
18111451,7,10,5,8,9
18111452,1,11,8,9,7
18111453,10,8,11,7,2
18111454,2,8,7,5,11
18111455,1,4,8,2,10
18111456,1,7,6,3,2
18111457,9,4,5,1,7
18111458,2,1,4,3,9
18111459,1,3,5,11,8
18111460,1,2,5,10,6
18111461,10,3,4,5,9
18111462,7,10,5,4,9
18111463,1,5,3,9,4
18111464,2,9,11,5,8
18111465,9,4,1,5,7
18111466,5,3,1,2,4
18111467,2,4,5,9,8
18111468,9,11,5,1,3
18111469,2,6,4,1,5
18111470,8,10,5,3,9
18111471,3,11,1,2,4
18111472,1,10,2,5,8
18111473,9,11,7,6,5
18111474,3,5,2,9,7
18111475,3,6,4,2,11
18111476,10,7,9,5,2
18111477,10,9,3,6,2
18111478,6,1,11,9,4
18111479,10,6,5,7,1
18111480,7,10,4,1,11
18111481,10,8,7,3,4
18111482,9,8,7,3,2
18111483,5,4,6,11,8
18111484,4,6,2,5,9
18111485,1,2,7,9,10
18111486,5,8,10,7,11
18111487,1,9,6,5,8
18111501,8,2,4,9,10
18111502,7,4,3,8,10
18111503,8,5,9,1,4
18111504,2,4,6,5,3
18111505,6,4,8,9,7
18111506,7,8,6,11,5
18111507,9,2,7,3,4
18111508,3,9,6,5,8
18111509,4,6,8,9,5
18111510,3,10,6,8,2
18111511,8,1,10,2,7
18111512,3,2,11,8,4
18111513,11,2,5,3,4
18111514,6,3,7,2,5
18111515,10,4,5,3,8
18111516,9,6,10,5,7
18111517,2,3,11,6,4
18111518,3,5,7,6,8
18111519,9,5,3,11,7
18111520,6,2,10,7,4
18111521,9,3,5,10,4
18111522,3,8,10,2,7
18111523,10,4,1,7,8
18111524,6,9,4,5,11
18111525,10,11,8,4,7
18111526,2,5,6,9,1
18111527,1,5,8,9,10
18111528,11,2,5,4,9
18111529,8,4,10,3,7
18111530,11,1,7,3,8
18111531,2,10,9,11,5
18111532,2,1,6,9,3
18111533,11,10,1,4,9
18111534,4,9,7,6,1
18111535,11,3,7,6,4
18111536,9,8,4,1,2
18111537,6,2,9,8,11
18111538,1,8,2,11,5
18111539,1,10,7,9,8
18111540,3,4,11,5,8
18111541,7,5,4,11,3
18111542,2,11,7,9,8
18111543,7,2,9,8,4
18111544,1,8,5,3,6
18111545,3,1,10,8,4
18111546,11,9,1,6,3
18111547,4,11,6,10,3
18111548,9,11,10,3,8
18111549,5,8,6,7,9
18111550,1,6,8,9,5
18111551,5,6,3,7,8
18111552,7,5,6,10,1
18111553,10,9,1,6,7
18111554,9,7,2,6,1
18111555,5,7,8,4,1
18111556,3,9,7,4,6
18111557,8,3,4,7,10
18111558,7,2,6,4,1
18111559,4,3,5,8,2
18111560,2,8,4,9,5
18111561,4,5,6,1,8
18111562,9,8,7,5,3
18111563,10,3,11,4,8
18111564,11,8,3,7,6
18111565,9,3,6,11,7
18111566,10,5,2,1,11
18111567,8,6,4,5,2
18111568,4,10,3,5,8
18111569,10,2,7,3,9
18111570,9,3,2,1,11
18111571,5,7,4,11,9
18111572,2,6,10,3,1
18111573,3,6,7,11,4
18111574,2,9,8,4,3
18111575,1,9,8,7,3
18111576,11,3,7,4,2
18111577,4,8,1,9,2
18111578,4,5,2,11,10
18111579,11,4,3,9,7
18111580,2,4,5,3,1
18111581,5,1,7,10,11
18111582,1,4,6,10,8
18111583,10,8,4,5,2
18111584,3,2,5,6,1
18111585,11,3,2,9,10
18111586,9,7,11,2,8
18111587,3,9,8,10,7
18111601,9,5,4,10,11
18111602,5,7,4,2,3
18111603,4,6,1,8,9
18111604,7,3,8,5,11
18111605,7,2,5,11,6
18111606,8,7,1,4,3
18111607,5,4,1,7,6
18111608,4,11,9,7,10
18111609,9,7,1,8,4
18111610,5,3,1,6,11
18111611,9,2,11,6,1
18111612,10,6,5,9,8
18111613,1,6,8,3,4
18111614,3,8,10,1,5
18111615,4,9,5,2,3
18111616,10,8,4,7,1
18111617,5,2,11,9,7
18111618,2,5,8,3,7
18111619,9,11,6,1,10
18111620,9,3,6,2,11
18111621,4,9,7,5,2
18111622,3,10,7,9,2
18111623,4,7,5,9,10
18111624,7,5,11,4,9
18111625,3,10,7,2,4
18111626,6,2,4,3,1
18111627,10,6,9,7,8
18111628,11,6,10,9,1
18111629,8,2,10,6,4
18111630,2,4,7,5,3
18111631,2,4,8,10,1
18111632,10,3,1,2,8
18111633,4,11,7,8,9
18111634,5,8,6,1,3
18111635,9,8,1,7,11
18111636,3,11,9,5,8
18111637,10,11,8,5,6
18111638,10,6,9,1,4
18111639,9,3,11,10,4
18111640,9,8,3,7,6
18111641,11,6,5,1,9
18111642,6,7,4,11,9
18111643,10,1,4,7,9
18111644,8,3,11,1,4
18111645,8,10,1,6,7
18111646,6,7,5,1,11
18111647,6,3,8,2,11
18111648,11,1,3,5,4
18111649,8,6,4,9,3
18111650,11,6,7,2,9
18111651,2,10,8,4,9
18111652,7,5,1,9,11
18111653,2,10,8,4,9
18111654,2,11,5,6,7
18111655,1,5,2,11,9
18111656,7,1,10,9,8
18111657,3,11,4,7,9
18111658,3,5,8,1,2
18111659,2,8,11,1,6
18111660,1,3,11,5,6
18111661,10,11,2,5,3
18111662,2,6,10,4,9
18111663,3,6,11,1,4
18111664,11,4,8,7,2
18111665,4,3,5,8,7
18111666,8,5,10,11,4
18111667,9,7,11,5,2
18111668,8,6,5,4,7
18111669,8,2,10,11,7
18111670,2,10,6,4,8
18111671,11,2,5,10,9
18111672,6,10,5,3,1
18111673,1,9,11,7,10
18111674,4,10,5,9,7
18111675,1,4,3,6,7
18111676,4,5,2,11,10
18111677,2,8,7,9,10
18111678,10,2,5,6,7
18111679,10,6,11,8,7
18111680,10,5,4,3,11
18111681,5,7,6,4,9
18111682,11,8,1,9,4
18111683,11,2,3,5,1
18111684,6,7,5,10,2
18111685,5,9,11,3,1
18111686,8,7,5,9,11
18111687,4,10,3,8,5
18111701,3,4,7,8,11
18111702,2,9,1,10,8
18111703,7,3,8,4,9
18111704,3,4,9,10,6
18111705,6,7,11,9,2
18111706,5,1,4,3,9
18111707,8,5,1,9,10
18111708,5,4,8,3,11
18111709,5,11,7,9,6
18111710,2,8,1,7,11
18111711,9,7,8,1,10
18111712,7,11,1,4,2
18111713,5,2,4,9,8
18111714,1,2,9,10,8
18111715,2,1,9,8,3
18111716,8,9,10,6,11
18111717,3,6,8,4,7
18111718,7,10,11,1,5
18111719,7,3,4,10,6
18111720,7,8,6,3,2
18111721,7,10,9,11,4
18111722,10,8,6,5,1
18111723,1,8,2,3,4
18111724,3,8,1,2,6
18111725,10,6,5,9,7
18111726,11,6,1,2,4
18111727,5,1,9,7,3
18111728,1,5,7,8,3
18111729,1,11,8,7,6
18111730,3,7,4,9,2
18111731,7,3,1,2,11
18111732,5,10,6,8,2
18111733,5,11,9,4,6
18111734,10,5,1,6,8
18111735,10,5,4,7,6
18111736,9,11,5,4,6
18111737,5,1,6,8,3
18111738,6,1,8,3,11
18111739,4,3,8,2,9
18111740,4,3,6,1,9
18111741,7,11,3,9,6
18111742,2,9,1,11,3
18111743,9,11,8,1,3
18111744,7,1,6,11,4
18111745,6,4,3,2,9
18111746,6,2,11,3,9
18111747,11,9,6,4,1
18111748,7,6,8,4,11
18111749,10,9,5,1,7
18111750,3,4,8,2,1
18111751,6,7,9,4,1
18111752,9,3,10,8,11
18111753,8,6,9,10,2
18111754,2,3,1,8,7
18111755,8,4,9,2,5
18111756,11,8,7,9,3
18111757,2,3,9,6,5
18111758,6,2,11,9,4
18111759,9,1,6,10,3
18111760,3,1,7,5,2
18111761,4,9,5,1,8
18111762,8,11,3,9,7
18111763,1,9,10,8,5
18111764,4,6,7,2,5
18111765,4,3,8,6,2
18111766,9,6,11,5,4
18111767,8,11,6,5,1
18111768,11,5,6,3,10
18111769,2,10,3,9,5
18111770,11,4,1,10,3
18111771,9,3,6,10,5
18111772,1,10,2,7,5
18111773,8,5,7,1,4
18111774,8,10,7,1,2
18111775,5,6,4,3,1
18111776,6,2,10,7,3
18111777,7,8,5,6,2
18111778,6,9,11,10,3
18111779,1,9,3,8,6
18111780,3,9,1,10,7
18111781,8,4,1,2,10
18111782,3,2,11,6,5
18111783,11,3,7,4,8
18111784,5,11,7,4,8
18111785,1,5,6,3,7
18111786,10,11,6,4,8
18111787,2,3,1,8,5
18111801,9,6,8,11,5
18111802,8,6,5,4,10
18111803,7,1,3,10,5
18111804,11,5,2,9,3
18111805,3,10,5,6,7
18111806,3,6,7,5,11
18111807,5,7,4,9,1
18111808,6,10,2,3,1
18111809,10,5,9,1,6
18111810,7,10,8,9,1
18111811,4,11,1,7,9
18111812,3,7,10,1,5
18111813,9,8,5,2,10
18111814,10,4,6,7,1
18111815,6,1,2,11,8
18111816,5,8,1,6,7
18111817,4,9,2,7,11
18111818,6,1,8,9,4
18111819,2,5,6,7,9
18111820,1,3,6,10,8
18111821,11,9,8,4,10
18111822,8,10,3,6,5
18111823,1,3,9,2,10
18111824,9,8,4,5,6
18111825,1,6,2,5,7
18111826,5,2,4,3,1
18111827,11,2,6,10,9
18111828,3,9,8,2,5
18111829,1,2,7,9,4
18111830,4,6,11,8,3
18111831,4,5,6,8,11
18111832,9,4,1,3,6
18111833,9,5,7,6,2
18111834,6,9,4,10,8
18111835,2,6,1,4,8
18111836,3,7,4,9,11
18111837,1,3,10,11,9
18111838,4,7,3,9,1
18111839,11,5,8,3,4
18111840,3,11,1,10,2
18111841,11,7,5,8,9
18111842,10,7,9,3,2
18111843,6,11,9,5,2
18111844,9,11,10,2,6
18111845,10,1,8,2,5
18111846,10,11,2,9,3
18111847,7,10,9,5,4
18111848,9,8,1,3,11
18111849,11,1,3,9,7
18111850,2,8,1,5,7
18111851,3,8,1,2,5
18111852,8,11,9,7,6
18111853,7,2,10,9,11
18111854,1,8,9,11,3
18111855,1,11,5,2,4
18111856,7,8,1,5,2
18111857,3,7,1,2,5
18111858,7,8,5,4,10
18111859,2,3,1,4,7
18111860,10,5,11,2,7
18111861,4,5,1,3,2
18111862,10,7,4,2,3
18111863,2,3,7,4,6
18111864,9,8,3,7,11
18111865,6,8,7,5,2
18111866,11,9,10,1,5
18111867,11,9,8,1,3
18111868,5,9,7,11,3
18111869,7,2,5,10,1
18111870,6,10,11,2,8
18111871,7,3,8,11,10
18111872,7,1,3,4,5
18111873,10,7,2,11,4
18111874,5,4,2,11,1
18111875,4,9,11,7,2
18111876,6,5,1,2,7
18111877,8,10,9,11,7
18111878,11,9,5,7,4
18111879,4,2,5,10,7
18111880,2,3,10,9,4
18111881,11,8,3,2,10
18111882,11,6,5,3,4
18111883,10,9,2,11,1
18111884,5,3,7,4,1
18111885,6,8,7,10,3
18111886,7,1,2,10,3
18111887,10,11,4,8,2
18111901,2,11,4,5,8
18111902,4,3,9,8,5
18111903,5,9,8,1,3
18111904,11,5,7,2,6
18111905,1,4,10,5,3
18111906,3,10,1,6,11
18111907,7,6,1,4,3
18111908,10,11,4,6,7
18111909,9,10,7,5,6
18111910,5,2,9,7,11
18111911,7,3,11,6,10
18111912,4,9,3,10,7
18111913,1,7,3,9,2
18111914,7,5,10,6,8
18111915,2,3,6,4,8
18111916,5,4,3,7,9
18111917,6,10,2,3,4
18111918,5,9,6,10,8
18111919,3,9,10,1,4
18111920,1,11,3,4,7
18111921,2,4,9,11,3
18111922,2,9,11,8,10
18111923,5,4,2,1,7
18111924,5,11,10,1,7
18111925,2,8,1,4,9
18111926,4,11,10,1,6
18111927,5,11,2,4,7
18111928,3,6,11,5,8
18111929,10,3,5,1,7
18111930,1,6,9,3,8
18111931,4,3,1,11,10
18111932,11,9,5,3,10
18111933,4,10,7,11,9
18111934,4,6,9,10,3
18111935,4,2,10,6,7
18111936,2,5,8,7,3
18111937,2,8,1,11,5
18111938,9,7,6,8,4
18111939,11,9,1,5,8
18111940,10,9,11,5,1
18111941,4,10,7,5,9
18111942,1,3,7,11,8
18111943,2,1,6,9,8
18111944,3,9,10,11,2
18111945,2,8,7,6,5
18111946,10,11,7,4,2
18111947,8,9,5,7,6
18111948,11,4,2,1,6
18111949,3,11,7,9,5
18111950,6,5,3,1,7
18111951,6,8,7,11,10
18111952,5,8,4,3,2
18111953,10,8,1,3,11
18111954,6,8,4,9,1
18111955,10,4,6,1,5
18111956,11,5,4,8,9
18111957,9,10,6,11,3
18111958,7,2,10,9,4
18111959,6,8,10,9,4
18111960,8,5,2,11,9
18111961,8,9,7,2,11
18111962,8,10,3,2,9
18111963,6,5,7,11,10
18111964,7,9,4,2,5
18111965,10,6,2,3,11
18111966,7,10,5,9,1
18111967,4,10,1,2,11
18111968,6,11,7,4,10
18111969,11,5,10,3,4
18111970,5,3,2,6,10
18111971,6,3,7,11,1
18111972,5,8,7,9,3
18111973,1,7,3,6,11
18111974,7,3,2,5,4
18111975,5,6,2,1,9
18111976,5,4,8,2,1
18111977,8,1,2,9,3
18111978,3,1,7,4,11
18111979,8,4,7,9,3
18111980,9,10,5,8,6
18111981,5,7,2,8,10
18111982,6,8,11,7,1
18111983,9,5,4,11,10
18111984,9,8,1,7,10
18111985,2,10,8,5,3
18111986,5,4,11,10,8
18111987,6,10,4,3,7
18112001,9,4,8,3,2
18112002,2,5,6,7,3
18112003,2,7,4,10,5
18112004,5,2,1,10,7
18112005,4,1,10,7,6
18112006,1,8,9,3,11
18112007,10,5,7,3,1
18112008,11,9,8,10,5
18112009,7,10,8,11,6
18112010,10,7,2,11,6
18112011,4,11,7,2,10
18112012,10,11,9,7,5
18112013,1,10,11,7,9
18112014,2,8,1,6,3
18112015,10,9,6,8,4
18112016,5,2,11,9,4
18112017,7,8,4,1,2
18112018,1,3,10,8,4
18112019,8,3,4,11,2
18112020,5,4,11,7,9
18112021,10,6,8,2,1
18112022,7,4,11,2,6
18112023,4,8,10,9,3
18112024,9,1,5,7,10
18112025,4,6,3,7,5
18112026,3,9,4,7,1
18112027,4,7,6,1,10
18112028,10,6,9,2,7
18112029,7,1,9,4,10
18112030,6,11,8,1,5
18112031,11,9,10,7,6
18112032,3,1,5,8,9
18112033,10,2,4,9,3
18112034,3,11,4,7,5
18112035,6,10,4,1,11
18112036,6,4,11,5,2
18112037,2,11,4,7,3
18112038,2,8,5,11,6
18112039,8,5,11,10,1
18112040,5,3,7,11,4
18112041,2,11,8,4,1
18112042,7,9,6,1,5
18112043,1,8,5,7,11
18112044,9,1,3,5,4
18112045,9,11,3,10,8
18112046,4,9,8,10,1
18112047,8,11,3,9,5
18112048,2,6,8,4,3
18112049,3,10,8,11,9
18112050,2,9,11,5,8
18112051,11,2,7,9,5
18112052,3,1,2,5,11
18112053,1,5,10,3,7
18112054,1,5,3,11,6
18112055,4,2,10,8,11
18112056,5,10,9,1,2
18112057,3,6,5,2,9
18112058,7,10,1,4,9
18112059,2,8,7,1,10
18112060,5,7,2,8,3
18112061,7,11,5,9,6
18112062,5,11,2,1,9
18112063,8,2,1,6,10
18112064,9,8,3,11,5
18112065,11,6,7,9,1
18112066,3,8,7,5,1
18112067,8,11,7,4,10
18112068,4,6,8,3,7
18112069,5,4,7,9,1
18112070,8,9,1,6,2
18112071,7,10,5,1,8
18112072,8,9,11,6,2
18112073,2,9,7,1,10
18112074,4,3,10,1,8
18112075,10,7,1,2,6
18112076,11,9,2,10,4
18112077,5,9,11,4,8
18112078,2,10,11,6,1
18112079,9,4,8,2,3
18112080,5,4,3,8,11
18112081,10,3,11,4,9
18112082,3,5,6,1,9
18112083,3,5,8,6,7
18112084,7,1,5,10,9
18112085,6,4,2,3,10
18112086,3,9,7,8,6
18112087,4,3,1,5,6
18112101,4,5,11,7,2
18112102,8,11,9,4,2
18112103,11,2,7,3,4
18112104,8,2,10,1,4
18112105,8,6,7,2,5
18112106,11,2,7,3,4
18112107,8,4,7,11,9
18112108,11,2,4,7,10
18112109,3,4,1,9,11
18112110,5,6,9,11,1
18112111,9,10,3,4,8
18112112,3,6,4,11,10
18112113,3,1,2,5,8
18112114,9,4,6,5,10
18112115,5,9,10,2,6
18112116,11,7,10,8,1
18112117,6,10,3,8,4
18112118,1,2,3,4,6
18112119,11,1,7,6,8
18112120,5,4,6,10,3
18112121,9,8,5,11,3
18112122,2,8,4,9,6
18112123,1,10,7,5,9
18112124,6,2,5,7,11
18112125,8,10,1,6,3
18112126,8,5,7,3,6
18112127,3,11,7,2,5
18112128,1,5,11,3,8
18112129,2,4,5,8,1
18112130,1,10,2,11,5
18112131,1,7,6,11,3
18112132,1,3,6,8,4
18112133,3,5,6,1,2
18112134,6,5,8,1,10
18112135,11,6,8,7,4
18112136,10,4,11,1,9
18112137,3,11,8,1,9
18112138,4,6,9,7,3
18112139,9,1,6,3,11
18112140,8,9,2,3,6
18112141,11,1,10,6,2
18112142,7,6,2,11,3
18112143,10,8,1,9,5
18112144,5,1,8,10,4
18112145,5,4,9,6,7
18112146,6,11,2,8,7
18112147,8,10,5,4,7
18112148,11,10,4,6,5
18112149,6,11,7,3,9
18112150,6,8,1,5,7
18112151,9,1,5,2,8
18112152,2,8,10,3,1
18112153,3,5,2,7,11
18112154,1,2,4,8,11
18112155,4,10,11,2,8
18112156,2,5,7,8,3
18112157,10,2,7,1,9
18112158,3,9,6,7,1
18112159,2,1,5,11,3
18112160,4,2,8,3,11
18112161,4,6,5,8,10
18112162,9,7,10,5,6
18112163,4,8,5,10,3
18112164,8,5,9,10,6
18112165,3,2,10,8,1
18112166,9,11,1,10,2
18112167,6,11,7,10,1
18112168,8,7,9,1,2
18112169,10,3,4,6,8
18112170,8,2,9,4,10
18112171,7,4,5,3,2
18112172,8,4,1,3,9
18112173,6,5,4,3,8
18112174,3,8,10,1,4
18112175,11,3,5,9,2
18112176,4,5,10,2,7
18112177,9,6,8,4,3
18112178,5,11,10,8,2
18112179,9,8,1,4,5
18112180,7,9,2,10,8
18112181,11,7,2,4,3
18112182,9,4,2,11,3
18112183,2,6,1,5,7
18112184,9,2,6,5,1
18112185,10,8,6,4,3
18112186,9,6,8,4,11
18112187,4,1,9,2,3
18112201,10,5,9,3,11
18112202,2,3,10,1,11
18112203,11,3,9,4,1
18112204,7,11,9,2,10
18112205,4,7,6,5,9
18112206,8,2,4,5,10
18112207,7,6,3,11,1
18112208,9,7,11,10,2
18112209,10,4,5,6,7
18112210,1,2,8,4,10
18112211,8,3,10,6,1
18112212,7,8,9,5,1
18112213,11,4,9,8,3
18112214,5,8,7,11,10
18112215,7,9,6,2,1
18112216,1,5,6,9,10
18112217,3,8,5,4,2
18112218,8,4,11,3,1
18112219,6,4,7,10,3
18112220,7,1,2,9,3
18112221,8,9,3,7,6
18112222,11,4,2,1,10
18112223,2,8,4,11,3
18112224,3,1,7,4,8
18112225,9,6,10,1,3
18112226,8,5,3,10,7
18112227,9,8,11,2,10
18112228,1,7,4,6,2
18112229,2,1,8,4,11
18112230,2,3,11,8,4
18112231,7,1,11,10,8
18112232,8,9,6,2,11
18112233,1,8,7,2,11
18112234,9,4,10,6,5
18112235,9,5,6,1,11
18112236,3,2,7,1,10
18112237,5,7,8,11,3
18112238,4,1,6,2,11
18112239,9,10,4,3,7
18112240,7,3,11,4,6
18112241,5,8,7,3,9
18112242,2,4,1,11,3
18112243,7,11,1,8,6
18112244,6,3,8,2,11
18112245,5,6,8,1,11
18112246,3,5,8,11,10
18112247,5,7,11,6,4
18112248,7,1,4,11,9
18112249,5,1,3,8,10
18112250,9,7,8,5,4
18112251,5,6,11,8,3
18112252,3,5,7,9,6
18112253,4,6,1,8,3
18112254,10,8,7,5,11
18112255,5,8,2,9,3
18112256,3,10,5,8,6
18112257,4,6,3,8,10
18112258,10,2,6,9,11
18112259,7,6,3,1,9
18112260,7,9,4,5,6
18112261,6,3,1,10,8
18112262,3,10,4,5,7
18112263,5,2,7,8,10
18112264,6,8,3,7,5
18112265,9,1,4,10,8
18112266,2,3,11,5,10
18112267,2,9,4,11,6
18112268,4,5,6,10,2
18112269,11,6,10,4,7
18112270,2,7,5,1,3
18112271,5,7,10,3,9
18112272,9,5,8,7,6
18112273,10,8,2,4,3
18112274,1,6,11,9,10
18112275,5,4,3,9,7
18112276,10,5,3,6,9
18112277,1,11,4,9,2
18112278,1,7,9,4,11
18112279,11,3,8,2,6
18112280,6,10,3,11,5
18112281,4,5,3,6,10
18112282,4,2,3,10,11
18112283,10,3,8,1,6
18112284,1,2,7,11,4
18112285,6,4,1,5,10
18112286,9,4,1,3,7
18112287,5,9,10,8,7
18112301,9,6,1,11,8
18112302,11,9,8,5,2
18112303,10,3,8,2,9
18112304,1,10,7,5,8
18112305,9,11,5,7,2
18112306,4,5,7,6,2
18112307,1,11,5,6,9
18112308,6,7,11,9,8
18112309,8,3,4,2,11
18112310,8,3,10,7,5
18112311,4,6,9,11,1
18112312,1,10,11,5,8
18112313,7,1,11,6,9
18112314,5,6,7,8,11
18112315,8,1,2,6,4
18112316,2,4,11,1,3
18112317,10,8,3,9,4
18112318,6,11,9,4,10
18112319,7,6,8,10,4
18112320,8,5,9,4,7
18112321,7,3,9,5,4
18112322,7,1,10,2,8
18112323,9,1,3,7,11
18112324,5,3,2,11,6
18112325,9,6,8,7,1
18112326,10,1,8,11,5
18112327,6,2,4,10,11
18112328,9,5,6,3,1
18112329,11,8,1,10,9
18112330,1,5,4,2,7
18112331,3,8,5,9,2
18112332,2,4,6,8,9
18112333,9,3,7,6,5
18112334,7,9,5,11,3
18112335,8,10,3,4,5
18112336,7,1,2,3,11
18112337,11,10,1,6,4
18112338,3,9,6,5,10
18112339,6,8,1,10,2
18112340,5,6,10,7,4
18112341,8,9,10,2,5
18112342,1,6,5,2,4
18112343,9,5,7,10,8
18112344,8,4,5,9,10
18112345,4,11,5,7,10
18112346,7,10,9,5,6
18112347,11,3,6,7,2
18112348,1,2,5,3,4
18112349,5,11,10,2,9
18112350,4,5,10,1,7
18112351,1,7,5,9,2
18112352,9,5,4,3,1
18112353,10,2,11,4,8
18112354,7,3,8,1,6
18112355,6,9,1,10,11
18112356,6,9,11,8,2
18112357,8,2,3,6,9
18112358,11,4,8,3,10
18112359,9,1,2,7,8
18112360,4,3,10,11,9
18112361,11,2,1,8,10
18112362,9,11,1,10,5
18112363,3,8,5,6,10
18112364,4,11,5,1,7
18112365,7,9,4,6,11
18112366,8,5,10,2,1
18112367,8,2,1,3,6
18112368,2,1,6,4,9
18112369,4,1,8,7,9
18112370,5,2,10,7,11
18112371,5,7,3,6,1
18112372,3,10,6,9,8
18112373,4,8,3,9,11
18112374,2,7,10,3,1
18112375,11,1,4,3,2
18112376,3,8,6,4,2
18112377,6,5,7,3,2
18112378,10,8,1,2,9
18112379,9,4,11,3,6
18112380,8,5,3,4,10
18112381,4,2,5,6,1
18112382,7,5,6,10,3
18112383,10,9,3,8,2
18112384,6,1,5,7,4
18112385,9,5,7,10,2
18112386,6,4,2,9,1
18112387,8,4,5,9,1
18112401,6,1,8,2,4
18112402,7,9,1,5,2
18112403,8,1,5,10,11
18112404,2,5,11,9,6
18112405,9,2,3,5,7
18112406,6,3,8,11,9
18112407,6,8,5,2,4
18112408,7,3,4,10,1
18112409,6,8,2,9,4
18112410,2,11,1,4,6
18112411,3,2,10,6,5
18112412,4,7,5,11,9
18112413,7,9,10,1,11
18112414,7,4,6,3,1
18112415,6,3,9,11,7
18112416,6,3,1,4,11
18112417,2,1,6,7,11
18112418,4,7,10,3,6
18112419,9,5,4,8,1
18112420,6,7,5,8,9
18112421,1,3,11,8,5
18112422,7,6,8,4,11
18112423,4,3,1,8,6
18112424,10,6,2,1,9
18112425,6,8,7,5,11
18112426,6,5,9,4,2
18112427,5,4,1,3,7
18112428,11,1,2,7,10
18112429,3,6,8,9,1
18112430,8,5,1,10,4
18112431,2,8,10,9,4
18112432,4,8,3,10,9
18112433,2,10,5,11,9
18112434,8,6,2,7,1
18112435,11,1,8,9,10
18112436,10,3,6,11,8
18112437,6,10,7,8,9
18112438,10,7,5,11,1
18112439,7,2,10,3,5
18112440,4,10,1,2,6
18112441,10,7,5,3,11
18112442,4,5,1,9,6
18112443,9,3,10,5,2
18112444,8,1,5,3,2
18112445,10,1,4,11,3
18112446,7,4,1,3,11
18112447,10,5,7,6,8
18112448,2,1,3,4,10
18112449,10,3,7,4,2
18112450,7,1,2,9,5
18112451,11,6,5,7,8
18112452,2,1,6,8,7
18112453,8,2,9,5,1
18112454,8,4,6,3,5
18112455,8,2,6,11,3
18112456,1,8,3,10,9
18112457,5,10,1,4,9
18112458,3,7,5,9,11
18112459,6,3,4,5,1
18112460,9,4,1,10,6
18112461,11,10,3,1,8
18112462,6,7,1,5,11
18112463,6,9,3,4,5
18112464,5,11,2,8,3
18112465,5,2,10,6,9
18112466,7,10,3,2,11
18112467,7,8,2,3,9
18112468,8,4,10,3,7
18112469,3,1,5,6,2
18112470,1,9,6,2,5
18112471,1,10,6,7,8
18112472,3,1,9,2,4
18112473,5,6,7,11,4
18112474,9,6,10,3,5
18112475,1,11,4,2,6
18112476,7,6,1,11,5
18112477,9,6,2,5,7
18112478,11,4,5,6,2
18112479,7,8,3,9,2
18112480,11,4,7,10,9
18112481,3,4,2,11,7
18112482,7,1,5,9,2
18112483,9,7,3,10,1
18112484,6,11,5,9,2
18112485,11,6,10,5,9
18112486,10,6,9,7,2
18112487,5,11,2,8,3
18112501,4,1,2,11,5
18112502,1,9,3,4,7
18112503,3,7,9,1,2
18112504,6,5,3,11,10
18112505,1,9,5,2,11
18112506,1,2,8,7,5
18112507,11,7,10,2,3
18112508,10,8,2,7,6
18112509,9,5,8,3,1
18112510,1,4,7,3,5
18112511,1,11,9,4,3
18112512,8,5,3,4,6
18112513,7,10,5,8,3
18112514,3,7,11,1,10
18112515,5,6,10,8,9
18112516,2,4,11,5,10
18112517,10,3,7,11,9
18112518,11,5,9,6,2
18112519,11,6,5,1,9
18112520,6,10,8,7,2
18112521,10,4,5,7,8
18112522,11,5,9,10,1
18112523,3,4,7,1,8
18112524,7,4,6,8,11
18112525,6,2,3,8,10
18112526,11,1,4,6,8
18112527,8,2,11,3,6
18112528,3,9,5,4,1
18112529,6,9,7,3,10
18112530,7,3,2,1,6
18112531,10,5,3,1,11
18112532,2,6,4,5,11
18112533,6,8,7,3,2
18112534,9,5,4,8,7
18112535,1,2,4,7,11
18112536,2,10,4,11,3
18112537,6,11,2,3,1
18112538,10,2,4,6,3
18112539,1,4,5,9,7
18112540,8,9,6,5,4
18112541,1,7,5,11,9
18112542,4,2,9,6,7
18112543,5,7,9,1,3
18112544,5,6,2,4,1
18112545,9,11,8,7,3
18112546,1,8,7,6,10
18112547,2,5,3,1,7
18112548,10,2,4,3,1
18112549,4,10,7,11,3
18112550,6,7,4,2,5
18112551,11,5,10,3,4
18112552,11,1,6,3,7
18112553,3,5,7,11,8
18112554,1,10,11,7,4
18112555,6,7,4,10,11
18112556,8,1,3,11,7
18112557,1,3,4,6,9
18112558,6,11,1,10,8
18112559,3,10,5,6,1
18112560,2,10,8,9,7
18112561,6,9,11,4,7
18112562,6,10,7,3,5
18112563,1,5,3,2,6
18112564,7,6,1,8,10
18112565,5,10,2,7,6
18112566,11,10,9,4,8
18112567,2,4,1,3,6
18112568,2,8,9,6,10
18112569,10,7,9,1,6
18112570,1,3,11,10,7
18112571,9,10,2,3,4
18112572,3,10,8,11,6
18112573,9,10,8,4,5
18112574,3,7,5,4,11
18112575,6,9,11,2,1
18112576,1,11,4,10,7
18112577,10,1,7,8,9
18112578,5,8,11,2,4
18112579,3,7,11,1,9
18112580,11,3,5,4,8
18112581,8,9,4,1,10
18112582,10,2,3,5,6
18112583,10,1,9,8,6
18112584,3,5,2,4,1
18112585,1,8,7,9,11
18112586,5,1,10,2,3
18112587,1,3,8,5,4
18112601,7,1,5,4,9
18112602,11,2,4,3,7
18112603,1,10,3,9,7
18112604,5,9,6,10,4
18112605,8,11,5,2,6
18112606,4,5,3,6,2
18112607,8,4,5,9,11
18112608,8,5,1,3,9
18112609,5,8,6,1,11
18112610,1,8,10,5,4
18112611,6,4,7,1,9
18112612,9,2,7,1,5
18112613,1,5,8,9,4
18112614,8,5,11,6,1
18112615,1,6,5,2,11
18112616,11,3,9,10,5
18112617,1,11,9,5,3
18112618,1,11,7,9,2
18112619,5,8,9,10,11
18112620,1,5,10,9,7
18112621,10,2,4,3,5
18112622,1,11,6,4,5
18112623,2,5,8,9,7
18112624,2,9,8,11,7
18112625,1,3,6,11,8
18112626,3,1,11,10,8
18112627,6,2,4,8,1
18112628,4,7,6,3,8
18112629,1,10,9,2,3
18112630,2,9,8,11,6
18112631,4,8,9,3,11
18112632,7,8,4,9,1
18112633,10,3,1,11,2
18112634,7,8,1,5,2
18112635,5,4,2,10,11
18112636,6,3,10,4,8
18112637,9,5,3,6,1
18112638,1,3,4,7,9
18112639,10,1,3,6,8
18112640,1,9,7,4,10
18112641,8,5,4,3,11
18112642,7,4,6,1,8
18112643,6,7,2,3,4
18112644,4,9,11,7,8
18112645,2,9,5,6,1
18112646,11,1,4,7,2
18112647,11,9,1,5,6
18112648,11,1,3,2,5
18112649,3,9,11,8,4
18112650,10,1,5,7,3
18112651,3,7,1,9,4
18112652,11,8,2,1,9
18112653,5,10,9,2,6
18112654,9,1,7,6,8
18112655,9,11,7,4,6
18112656,8,10,9,3,7
18112657,11,7,2,8,9
18112658,1,11,9,5,6
18112659,1,6,3,9,4
18112660,3,2,9,8,10
18112661,6,5,7,8,11
18112662,5,4,3,8,7
18112663,4,1,6,11,8
18112664,6,5,11,9,7
18112665,6,2,4,3,10
18112666,6,10,5,2,4
18112667,4,5,3,11,6
18112668,3,9,4,6,8
18112669,11,10,3,1,8
18112670,4,8,10,3,9
18112671,9,5,11,3,6
18112672,2,11,6,10,1
18112673,9,1,7,10,11
18112674,4,5,6,9,10
18112675,1,6,10,7,2
18112676,7,9,8,11,5
18112677,7,4,2,11,9
18112678,5,6,7,3,2
18112679,1,11,10,6,5
18112680,5,9,6,8,2
18112681,2,8,4,5,3
18112682,6,2,9,8,5
18112683,11,9,7,3,4
18112684,9,11,6,2,4
18112685,1,9,5,7,8
18112686,1,3,11,8,2
18112687,6,9,7,2,1
18112701,4,3,10,2,11
18112702,5,6,7,1,2
18112703,7,9,8,4,3
18112704,9,6,10,1,4
18112705,9,10,11,1,4
18112706,11,3,1,5,7
18112707,4,3,2,11,5
18112708,5,9,6,4,10
18112709,5,6,1,2,3
18112710,1,7,2,6,3
18112711,9,6,2,1,3
18112712,2,3,9,10,5
18112713,5,11,10,8,7
18112714,2,10,7,4,3
18112715,1,4,8,9,5
18112716,7,8,3,1,10
18112717,8,9,4,7,3
18112718,9,8,1,3,11
18112719,3,5,10,11,6
18112720,3,1,10,6,9
18112721,9,6,1,4,10
18112722,1,4,6,11,5
18112723,9,3,1,5,7
18112724,1,5,3,4,9
18112725,3,5,9,1,4
18112726,1,5,9,10,3
18112727,7,11,4,5,1
18112728,1,8,10,7,6
18112729,1,11,9,2,8
18112730,2,5,3,11,10
18112731,5,6,11,10,7
18112732,4,8,9,6,1
18112733,9,11,7,5,4
18112734,11,1,7,10,3
18112735,5,8,9,11,2
18112736,6,8,5,11,1
18112737,9,4,8,7,10
18112738,9,11,2,1,6
18112739,8,9,1,2,10
18112740,1,4,5,7,8
18112741,1,3,4,7,10
18112742,11,4,10,1,5
18112743,9,7,10,8,11
18112744,9,5,6,4,2
18112745,4,2,11,6,5
18112746,6,2,7,5,10
18112747,1,6,9,7,8
18112748,3,2,7,5,10
18112749,8,4,9,3,11
18112750,7,4,1,3,2
18112751,10,2,8,5,6
18112752,5,3,9,4,10
18112753,4,11,2,7,6
18112754,11,7,5,9,2
18112755,7,10,5,9,3
18112756,10,8,1,6,3
18112757,9,1,4,10,11
18112758,1,9,7,2,5
18112759,9,10,2,7,6
18112760,8,1,4,7,9
18112761,5,6,1,9,2
18112762,5,4,6,2,9
18112763,3,11,4,10,9
18112764,2,9,3,4,7
18112765,2,9,7,5,6
18112766,1,8,3,10,5
18112767,8,7,1,10,4
18112768,10,8,9,6,1
18112769,11,9,1,4,8
18112770,6,3,5,11,9
18112771,6,9,5,7,10
18112772,1,6,11,7,9
18112773,6,3,1,5,11
18112774,10,3,9,5,7
18112775,5,3,8,2,6
18112776,8,3,2,7,6
18112777,9,8,1,2,3
18112778,7,9,4,2,1
18112779,7,4,9,10,2
18112780,1,2,9,6,8
18112781,6,1,10,7,3
18112782,7,11,8,6,9
18112783,3,10,9,7,8
18112784,4,10,8,5,6
18112785,2,4,6,3,11
18112786,4,8,9,1,10
18112787,1,7,9,8,6
18112801,8,1,6,4,9
18112802,3,6,10,5,1
18112803,4,8,10,7,3
18112804,8,11,3,7,6
18112805,8,7,6,5,9
18112806,3,1,9,5,2
18112807,4,2,6,8,7
18112808,3,7,9,10,1
18112809,10,7,1,6,8
18112810,6,7,8,1,11
18112811,10,1,9,4,7
18112812,11,6,5,10,9
18112813,8,10,11,5,6
18112814,11,3,2,6,10
18112815,10,8,5,6,2
18112816,7,8,6,1,3
18112817,10,5,2,9,4
18112818,11,8,4,9,3
18112819,6,10,4,11,2
18112820,2,7,6,11,3
18112821,5,10,7,9,3
18112822,7,3,8,4,11
18112823,9,5,8,3,1
18112824,5,3,1,4,6
18112825,8,4,6,7,2
18112826,5,6,4,11,3
18112827,2,4,9,3,8
18112828,4,5,8,11,3
18112829,2,7,11,4,9
18112830,4,5,2,6,7
18112831,3,5,2,4,9
18112832,9,11,8,10,2
18112833,10,11,7,6,2
18112834,1,6,7,2,11
18112835,10,4,5,9,2
18112836,9,5,3,8,6
18112837,11,7,3,9,8
18112838,1,9,10,3,7
18112839,1,5,3,10,8
18112840,6,10,3,8,4
18112841,1,2,6,9,7
18112842,5,9,11,3,1
18112843,7,2,11,5,1
18112844,2,5,7,8,9
18112845,2,8,5,6,9
18112846,10,7,5,8,3
18112847,6,11,10,4,2
18112848,11,10,8,7,5
18112849,5,3,7,2,9
18112850,3,7,10,6,8
18112851,3,8,11,5,6
18112852,5,11,6,8,10
18112853,3,9,2,8,1
18112854,4,7,1,11,8
18112855,10,6,1,7,11
18112856,1,6,8,2,10
18112857,4,2,5,6,1
18112858,4,3,8,10,7
18112859,9,10,11,6,5
18112860,7,6,9,5,3
18112861,7,3,1,6,5
18112862,11,2,7,8,6
18112863,9,10,1,8,11
18112864,9,2,10,3,4
18112865,11,3,6,2,9
18112866,3,11,7,5,1
18112867,9,10,7,3,1
18112868,5,2,8,7,10
18112869,1,11,7,8,6
18112870,2,6,9,10,7
18112871,4,11,7,5,9
18112872,4,9,8,1,7
18112873,9,7,11,10,4
18112874,6,7,1,9,11
18112875,3,7,2,1,8
18112876,6,11,10,3,5
18112877,5,1,7,11,4
18112878,4,5,7,9,3
18112879,7,9,11,5,1
18112880,6,5,10,2,4
18112881,3,5,9,1,4
18112882,9,1,5,3,8
18112883,5,4,8,7,9
18112884,8,9,3,1,5
18112885,10,11,5,8,9
18112886,9,1,5,6,7
18112887,11,10,4,1,7
18112901,7,4,10,3,9
18112902,4,6,7,9,10
18112903,6,1,8,7,4
18112904,10,5,8,9,6
18112905,3,6,8,10,7
18112906,7,8,3,11,2
18112907,2,4,9,8,1
18112908,6,3,8,5,11
18112909,11,2,4,10,8
18112910,5,8,7,3,1
18112911,6,5,2,7,11
18112912,4,6,1,7,10
18112913,1,8,2,11,4
18112914,6,1,2,3,9
18112915,10,6,5,3,11
18112916,11,7,5,4,3
18112917,1,10,11,8,4
18112918,10,6,5,9,8
18112919,4,9,3,1,10
18112920,10,8,1,7,9
18112921,9,2,6,11,3
18112922,2,9,11,10,1
18112923,8,7,2,5,6
18112924,11,2,10,3,8
18112925,7,4,1,5,2
18112926,11,9,10,6,8
18112927,6,11,8,4,1
18112928,4,7,2,9,8
18112929,9,11,4,1,10
18112930,7,6,4,9,1
18112931,6,8,2,7,4
18112932,10,11,9,6,4
18112933,1,7,3,4,10
18112934,1,3,5,7,8
18112935,3,8,11,10,6
18112936,10,6,11,4,1
18112937,2,1,6,5,7
18112938,3,6,10,11,4
18112939,5,1,3,6,10
18112940,3,10,5,9,7
18112941,8,2,10,9,5
18112942,8,10,2,3,7
18112943,7,11,4,3,6
18112944,9,5,2,11,1
18112945,2,7,4,10,1
18112946,7,6,8,9,3
18112947,1,3,10,7,5
18112948,5,6,8,3,10
18112949,5,9,10,3,4
18112950,4,7,5,3,9
18112951,3,4,1,11,10
18112952,5,4,2,7,3
18112953,5,4,3,6,1
18112954,5,4,7,6,9
18112955,11,9,6,4,3
18112956,4,7,6,3,9
18112957,4,6,10,8,5
18112958,3,10,5,9,11
18112959,11,7,4,5,9
18112960,5,1,7,11,4
18112961,11,1,3,4,2
18112962,8,3,4,11,10
18112963,2,1,3,7,9
18112964,1,6,5,10,9
18112965,1,6,3,8,4
18112966,2,9,5,8,6
18112967,6,5,3,11,7
18112968,9,8,10,5,7
18112969,8,3,10,11,2
18112970,3,6,4,11,7
18112971,10,6,2,1,3
18112972,4,3,11,10,8
18112973,7,5,10,8,9
18112974,10,8,1,4,3
18112975,7,5,8,11,6
18112976,3,5,4,7,1
18112977,5,2,11,9,4
18112978,9,10,4,2,11
18112979,7,10,3,5,11
18112980,8,5,6,7,9
18112981,11,2,7,4,5
18112982,9,4,11,5,6
18112983,2,10,7,4,5
18112984,10,5,1,6,3
18112985,5,6,3,8,9
18112986,2,4,6,8,3
18112987,5,9,6,1,2
18113001,10,6,4,11,5
18113002,7,9,2,6,1
18113003,10,3,8,11,6
18113004,8,4,1,3,2
18113005,8,4,10,11,6
18113006,4,11,5,9,8
18113007,3,11,7,10,1
18113008,10,1,11,9,3
18113009,3,2,9,1,4
18113010,4,1,11,8,7
18113011,3,8,7,1,4
18113012,7,1,10,3,11
18113013,11,3,6,9,2
18113014,7,4,5,2,3
18113015,1,7,3,8,11
18113016,1,3,11,7,4
18113017,7,10,5,4,9
18113018,9,10,11,4,8
18113019,7,3,1,11,9
18113020,1,8,7,4,5
18113021,8,5,6,4,11
18113022,8,11,5,3,6
18113023,6,1,2,3,10
18113024,6,3,7,9,2
18113025,9,4,3,5,8
18113026,11,4,9,10,7
18113027,10,1,9,7,11
18113028,2,3,4,6,1
18113029,8,6,5,10,3
18113030,6,4,8,11,7
18113031,1,9,6,2,5
18113032,5,8,6,11,1
18113033,9,6,7,11,8
18113034,2,5,1,11,4
18113035,5,1,11,2,10
18113036,6,4,9,1,2
18113037,5,3,11,4,1
18113038,3,4,1,11,8
18113039,5,2,11,6,7
18113040,8,6,10,4,5
18113041,3,4,2,10,8
18113042,1,8,11,6,2
18113043,4,5,1,7,11
18113044,7,8,1,4,9
18113045,7,9,4,5,8
18113046,11,7,3,10,5
18113047,4,11,7,3,6
18113048,10,5,1,4,7
18113049,3,4,5,11,2
18113050,11,10,7,4,9
18113051,5,10,11,3,8
18113052,8,10,1,9,11
18113053,1,4,11,2,10
18113054,10,5,9,11,1
18113055,1,7,6,2,9
18113056,10,2,11,8,7
18113057,10,5,3,6,11
18113058,7,10,1,3,6
18113059,6,1,9,7,4
18113060,2,4,8,11,1
18113061,10,8,11,4,7
18113062,5,9,3,4,11
18113063,5,2,1,3,10
18113064,7,11,8,6,9
18113065,11,2,10,6,3
18113066,10,7,3,11,1
18113067,10,1,7,5,3
18113068,9,3,1,4,11
18113069,4,1,11,3,6
18113070,7,4,9,8,6
18113071,11,4,10,2,1
18113072,1,4,7,5,6
18113073,10,2,8,4,6
18113074,3,11,10,8,2
18113075,4,2,1,8,7
18113076,6,2,1,4,11
18113077,11,3,9,6,5
18113078,3,8,9,11,4
18113079,2,4,1,7,9
18113080,6,10,9,2,5
18113081,1,4,2,5,8
18113082,10,2,8,4,9
18113083,2,10,5,6,8
18113084,2,5,10,7,1
18113085,7,2,11,6,5
18113086,7,10,9,11,8
18113087,3,9,10,6,8
