18120101,6,5,8,10,4
18120102,6,5,8,7,3
18120103,10,4,7,2,8
18120104,9,5,6,7,11
18120105,2,7,1,10,8
18120106,11,3,10,5,4
18120107,1,7,10,8,3
18120108,6,5,1,3,11
18120109,6,1,7,3,10
18120110,7,3,6,9,8
18120111,3,7,6,2,1
18120112,4,8,9,7,3
18120113,2,3,11,5,1
18120114,9,5,7,2,4
18120115,2,9,1,4,5
18120116,2,9,1,8,7
18120117,1,4,6,10,5
18120118,11,9,4,8,2
18120119,8,11,6,10,2
18120120,1,6,7,2,4
18120121,7,10,2,5,4
18120122,8,7,4,9,6
18120123,8,9,10,6,4
18120124,11,4,1,6,2
18120125,2,11,7,5,9
18120126,4,9,10,5,2
18120127,5,1,7,3,8
18120128,9,8,1,11,3
18120129,1,11,6,5,4
18120130,8,2,6,7,3
18120131,9,10,11,1,4
18120132,5,3,1,4,7
18120133,3,7,8,2,4
18120134,6,9,2,7,3
18120135,7,3,6,4,5
18120136,9,3,8,5,10
18120137,5,11,4,3,10
18120138,4,8,5,6,2
18120139,3,9,7,1,2
18120140,1,5,3,8,4
18120141,6,1,3,8,11
18120142,5,2,3,6,10
18120143,3,1,4,10,7
18120144,11,5,10,9,1
18120145,1,10,3,2,9
18120146,1,2,10,5,9
18120147,8,10,3,5,2
18120148,7,8,5,3,6
18120149,5,11,7,10,8
18120150,11,3,10,2,4
18120151,4,11,2,3,8
18120152,10,11,2,5,8
18120153,2,4,8,11,10
18120154,2,9,6,7,11
18120155,5,9,10,4,7
18120156,8,5,1,11,4
18120157,11,3,10,4,7
18120158,4,5,10,2,9
18120159,8,6,7,2,3
18120160,3,2,7,4,1
18120161,9,10,3,1,7
18120162,1,10,4,8,7
18120163,4,7,2,11,9
18120164,8,5,9,2,11
18120165,7,10,9,6,4
18120166,6,2,3,7,11
18120167,4,3,5,10,11
18120168,10,3,5,2,4
18120169,7,11,4,6,5
18120170,1,4,5,9,10
18120171,4,11,10,8,7
18120172,8,1,6,2,4
18120173,8,5,4,6,1
18120174,11,2,3,9,5
18120175,9,11,8,4,1
18120176,7,2,8,5,1
18120177,7,2,10,8,9
18120178,1,8,3,7,9
18120179,11,5,9,8,1
18120180,6,11,10,4,8
18120181,6,9,10,3,11
18120182,8,4,5,10,9
18120183,6,9,11,2,10
18120184,6,5,9,10,7
18120185,2,6,9,10,1
18120186,11,7,4,5,3
18120187,10,5,3,9,7
18120201,10,1,3,5,4
18120202,9,11,5,10,4
18120203,8,5,9,3,11
18120204,1,10,9,6,5
18120205,3,11,10,2,7
18120206,7,1,9,5,11
18120207,4,7,6,5,11
18120208,10,1,9,11,8
18120209,6,2,8,9,11
18120210,8,4,1,11,9
18120211,7,11,5,6,10
18120212,1,3,4,2,8
18120213,4,5,9,8,7
18120214,4,5,2,3,10
18120215,7,3,9,2,5
18120216,9,2,7,1,3
18120217,1,7,4,9,11
18120218,9,10,4,8,7
18120219,8,11,9,7,10
18120220,7,9,3,6,11
18120221,3,4,2,7,10
18120222,6,7,11,4,5
18120223,9,8,4,5,11
18120224,4,8,10,2,1
18120225,9,5,7,8,6
18120226,10,6,5,8,7
18120227,3,5,10,2,9
18120228,8,1,9,7,4
18120229,4,3,1,7,10
18120230,5,8,7,10,9
18120231,2,3,5,10,11
18120232,8,5,9,3,2
18120233,5,1,8,11,9
18120234,11,4,1,8,3
18120235,4,2,5,9,8
18120236,4,6,3,10,1
18120237,10,1,5,2,4
18120238,7,5,10,4,8
18120239,9,3,10,4,2
18120240,6,10,1,4,9
18120241,1,2,5,6,3
18120242,6,3,5,2,10
18120243,4,3,2,5,7
18120244,9,7,10,3,8
18120245,1,10,7,5,2
18120246,11,1,10,3,6
18120247,10,9,5,7,1
18120248,3,5,2,11,6
18120249,10,3,6,8,4
18120250,1,2,7,11,8
18120251,9,5,3,2,1
18120252,10,4,2,5,3
18120253,5,1,3,7,4
18120254,1,11,4,10,6
18120255,7,9,11,10,6
18120256,5,7,1,2,6
18120257,1,3,8,4,7
18120258,11,6,5,9,2
18120259,10,1,9,8,3
18120260,1,7,6,3,5
18120261,7,2,9,6,4
18120262,2,7,5,6,11
18120263,8,6,9,5,7
18120264,10,9,4,1,7
18120265,3,1,10,7,11
18120266,9,7,11,4,8
18120267,6,1,8,2,10
18120268,7,10,2,8,11
18120269,4,2,10,6,1
18120270,5,1,9,6,8
18120271,3,9,1,2,5
18120272,8,9,4,3,1
18120273,2,1,7,10,6
18120274,1,8,3,6,5
18120275,8,9,10,6,3
18120276,11,8,5,4,9
18120277,10,8,5,11,7
18120278,5,7,10,9,11
18120279,5,6,7,10,11
18120280,11,5,4,6,3
18120281,4,6,3,9,5
18120282,4,7,9,6,3
18120283,2,10,8,11,3
18120284,4,1,3,9,5
18120285,1,2,10,4,5
18120286,1,9,3,6,11
18120287,5,10,1,7,8
18120301,6,10,7,4,1
18120302,4,6,1,5,7
18120303,10,7,2,3,1
18120304,9,8,3,4,7
18120305,3,8,4,10,7
18120306,8,5,7,4,6
18120307,10,6,4,7,9
18120308,2,6,10,1,5
18120309,11,10,3,5,6
18120310,9,8,3,10,1
18120311,10,9,6,1,4
18120312,3,11,8,5,9
18120313,11,6,8,2,4
18120314,9,5,10,8,7
18120315,2,10,8,5,9
18120316,5,2,4,1,6
18120317,9,11,6,4,3
18120318,3,6,4,2,1
18120319,7,11,4,9,5
18120320,6,10,5,11,1
18120321,1,9,5,7,4
18120322,1,2,11,4,5
18120323,9,6,8,11,7
18120324,1,7,3,4,8
18120325,3,9,10,5,8
18120326,2,9,5,11,7
18120327,1,4,3,11,7
18120328,10,6,7,1,8
18120329,9,7,5,2,1
18120330,7,4,1,11,10
18120331,5,11,3,4,2
18120332,11,4,6,1,2
18120333,4,6,5,3,11
18120334,9,8,3,7,4
18120335,1,3,5,11,6
18120336,7,5,1,4,2
18120337,4,6,9,11,3
18120338,2,1,5,3,8
18120339,6,7,11,8,3
18120340,10,9,4,6,8
18120341,9,11,3,6,8
18120342,2,10,4,5,6
18120343,10,3,4,6,5
18120344,3,9,5,2,8
18120345,6,7,8,11,3
18120346,5,11,4,10,6
18120347,7,11,8,6,1
18120348,4,1,10,11,7
18120349,6,10,8,5,2
18120350,6,10,8,4,2
18120351,9,5,6,7,8
18120352,8,6,7,11,4
18120353,7,2,11,10,1
18120354,7,11,10,9,4
18120355,3,10,7,2,9
18120356,1,8,2,9,5
18120357,3,7,4,11,1
18120358,10,5,3,6,2
18120359,4,1,8,3,5
18120360,9,6,10,5,3
18120361,11,7,8,4,3
18120362,2,3,4,11,7
18120363,10,9,8,3,6
18120364,1,5,10,4,9
18120365,11,4,5,3,6
18120366,8,6,3,5,11
18120367,5,7,6,2,1
18120368,8,4,2,3,6
18120369,6,3,2,7,9
18120370,2,8,1,4,3
18120371,5,1,8,11,9
18120372,9,11,3,4,6
18120373,10,2,1,3,5
18120374,8,2,11,4,9
18120375,6,7,10,4,3
18120376,5,3,11,9,4
18120377,1,7,6,9,4
18120378,11,5,8,7,3
18120379,4,8,9,6,2
18120380,7,4,1,9,2
18120381,11,4,3,7,8
18120382,5,3,2,4,7
18120383,4,1,8,11,6
18120384,5,10,11,4,2
18120385,3,7,2,11,1
18120386,7,5,10,3,2
18120387,5,4,11,10,8
18120401,6,2,5,1,9
18120402,7,3,6,2,10
18120403,1,7,11,8,2
18120404,11,5,3,7,8
18120405,7,4,2,9,11
18120406,3,6,5,9,1
18120407,1,10,5,8,7
18120408,10,8,1,11,9
18120409,4,8,10,11,7
18120410,9,5,6,4,8
18120411,3,9,11,10,2
18120412,1,7,5,11,9
18120413,4,1,10,3,5
18120414,4,1,10,6,8
18120415,4,1,2,6,3
18120416,3,4,10,7,9
18120417,9,1,6,10,11
18120418,6,4,2,1,5
18120419,1,3,5,4,6
18120420,3,11,4,5,7
18120421,1,5,6,11,4
18120422,9,11,3,5,6
18120423,9,1,10,7,5
18120424,2,1,5,10,3
18120425,6,1,10,8,9
18120426,5,7,3,1,4
18120427,4,7,1,8,11
18120428,3,6,9,7,8
18120429,3,6,1,11,2
18120430,11,5,4,10,3
18120431,2,8,7,10,11
18120432,7,5,8,3,9
18120433,8,7,11,6,2
18120434,8,10,5,7,9
18120435,4,11,3,1,5
18120436,8,10,3,5,2
18120437,10,11,5,9,6
18120438,8,4,11,1,5
18120439,9,7,5,2,1
18120440,5,4,11,1,7
18120441,7,4,8,11,9
18120442,3,11,10,8,2
18120443,10,1,8,2,3
18120444,2,7,4,5,3
18120445,5,10,2,8,6
18120446,5,4,1,3,8
18120447,4,8,6,2,11
18120448,1,7,9,4,5
18120449,1,7,5,3,8
18120450,7,1,9,11,8
18120451,9,4,5,10,7
18120452,10,6,11,7,8
18120453,7,5,10,9,8
18120454,10,9,8,4,6
18120455,2,3,10,9,11
18120456,4,7,3,11,8
18120457,4,9,2,7,5
18120458,9,11,7,10,6
18120459,9,11,3,1,10
18120460,6,10,3,11,1
18120461,8,2,3,5,9
18120462,10,3,5,1,9
18120463,9,11,1,2,10
18120464,8,9,3,1,10
18120465,4,9,10,3,2
18120466,3,1,4,8,10
18120467,4,2,6,5,7
18120468,7,11,2,10,6
18120469,3,11,2,9,10
18120470,5,9,6,10,4
18120471,2,5,4,7,3
18120472,11,1,3,8,10
18120473,11,4,5,2,7
18120474,7,2,1,8,3
18120475,6,2,11,10,8
18120476,8,5,6,10,3
18120477,5,8,1,7,3
18120478,4,8,5,1,9
18120479,3,2,7,9,10
18120480,8,10,2,6,11
18120481,5,7,6,2,3
18120482,9,1,5,2,3
18120483,3,9,6,4,1
18120484,2,9,7,6,3
18120485,4,5,3,1,9
18120486,11,5,7,8,2
18120487,1,10,6,9,5
18120501,2,5,6,8,11
18120502,8,4,2,1,7
18120503,6,9,4,3,1
18120504,6,9,4,5,11
18120505,9,10,8,3,6
18120506,9,6,7,2,8
18120507,5,4,6,1,7
18120508,4,8,3,11,2
18120509,8,11,1,6,3
18120510,2,5,10,9,8
18120511,2,10,3,4,9
18120512,1,10,9,3,4
18120513,9,5,4,11,1
18120514,11,1,8,9,10
18120515,3,11,4,9,1
18120516,9,2,3,8,5
18120517,6,9,10,5,8
18120518,4,8,3,6,10
18120519,2,1,4,7,8
18120520,5,1,11,7,3
18120521,9,6,2,8,5
18120522,5,6,9,3,10
18120523,1,8,2,10,6
18120524,5,3,11,9,10
18120525,5,11,10,1,3
18120526,5,7,6,11,2
18120527,10,5,11,9,3
18120528,5,2,6,10,1
18120529,1,3,6,10,9
18120530,8,2,4,1,10
18120531,9,11,7,3,4
18120532,11,5,7,8,10
18120533,5,4,1,11,7
18120534,6,9,11,5,10
18120535,7,4,3,5,10
18120536,4,11,6,5,7
18120537,4,11,8,10,5
18120538,4,3,6,11,7
18120539,5,2,8,3,7
18120540,10,4,3,2,1
18120541,10,3,9,2,7
18120542,8,9,6,11,3
18120543,11,4,2,6,3
18120544,8,4,9,2,3
18120545,11,4,6,8,10
18120546,10,8,3,2,5
18120547,4,5,11,9,7
18120548,5,7,10,8,2
18120549,1,6,7,10,5
18120550,9,2,5,4,10
18120551,10,11,7,4,3
18120552,10,8,2,11,9
18120553,5,8,9,4,3
18120554,3,11,2,9,1
18120555,5,10,11,1,6
18120556,11,9,6,5,10
18120557,10,2,6,5,1
18120558,11,2,3,8,1
18120559,2,4,5,1,9
18120560,3,11,1,4,8
18120561,7,3,8,2,10
18120562,4,11,8,2,5
18120563,5,4,3,1,7
18120564,4,10,3,7,9
18120565,3,10,4,11,1
18120566,10,7,11,9,6
18120567,1,9,2,8,10
18120568,11,6,7,3,8
18120569,2,3,11,4,9
18120570,11,7,8,1,4
18120571,10,6,2,3,5
18120572,5,3,1,8,2
18120573,11,9,3,1,7
18120574,8,10,7,9,1
18120575,1,6,3,8,7
18120576,5,1,11,6,9
18120577,4,1,11,3,5
18120578,10,4,6,9,11
18120579,4,2,8,3,7
18120580,6,5,1,4,9
18120581,7,6,3,10,4
18120582,11,1,9,10,3
18120583,3,4,7,8,9
18120584,3,9,4,5,2
18120585,9,10,5,3,4
18120586,8,3,2,5,10
18120587,8,5,2,10,11
18120601,11,8,7,10,5
18120602,5,2,6,4,10
18120603,7,3,10,5,4
18120604,7,5,3,11,1
18120605,8,6,11,1,7
18120606,10,3,8,2,9
18120607,9,4,10,11,8
18120608,8,9,6,4,11
18120609,10,11,4,9,3
18120610,2,9,5,4,3
18120611,3,6,8,2,4
18120612,7,3,11,2,9
18120613,2,4,5,8,10
18120614,9,11,6,7,1
18120615,7,9,3,4,5
18120616,6,10,5,7,9
18120617,4,10,2,9,5
18120618,2,6,11,3,4
18120619,7,5,10,4,11
18120620,7,10,8,9,3
18120621,1,4,3,9,5
18120622,7,10,5,11,1
18120623,3,6,5,10,1
18120624,2,11,4,1,6
18120625,6,3,1,11,9
18120626,11,3,1,4,7
18120627,2,1,7,3,11
18120628,4,8,10,5,11
18120629,5,2,11,10,7
18120630,9,11,3,10,5
18120631,8,9,6,3,2
18120632,9,4,7,1,3
18120633,7,4,3,8,6
18120634,4,6,10,5,7
18120635,4,6,7,1,11
18120636,4,1,10,3,5
18120637,5,1,2,7,8
18120638,5,7,8,3,10
18120639,8,9,6,5,1
18120640,8,3,5,6,7
18120641,10,1,9,3,4
18120642,5,2,8,3,10
18120643,1,6,2,8,5
18120644,3,5,7,11,8
18120645,2,1,3,10,6
18120646,7,9,4,3,11
18120647,8,7,9,10,1
18120648,4,9,3,1,10
18120649,9,11,4,7,6
18120650,3,11,7,6,10
18120651,4,6,5,1,2
18120652,8,9,10,6,11
18120653,10,3,1,6,2
18120654,10,8,9,11,4
18120655,3,4,1,10,8
18120656,1,11,3,8,6
18120657,5,6,9,8,11
18120658,9,3,10,5,11
18120659,8,4,3,9,6
18120660,8,3,1,11,6
18120661,5,4,9,2,1
18120662,5,1,4,6,11
18120663,4,9,10,7,5
18120664,5,9,10,1,8
18120665,1,3,6,2,8
18120666,10,6,2,8,5
18120667,6,7,1,9,3
18120668,11,3,4,5,9
18120669,4,1,10,6,8
18120670,1,5,9,3,7
18120671,4,5,10,9,11
18120672,10,7,9,3,2
18120673,4,6,2,7,8
18120674,4,2,1,3,10
18120675,7,11,6,8,3
18120676,3,9,2,1,7
18120677,11,10,3,1,7
18120678,11,1,3,8,4
18120679,10,9,6,7,5
18120680,2,10,1,8,6
18120681,5,6,8,4,7
18120682,1,3,9,6,2
18120683,3,2,9,6,1
18120684,11,6,2,9,5
18120685,4,3,8,5,2
18120686,1,3,10,8,9
18120687,10,7,11,2,6
18120701,3,9,8,10,4
18120702,2,7,3,11,5
18120703,1,9,4,8,5
18120704,9,8,11,3,7
18120705,8,9,6,4,10
18120706,4,1,8,3,11
18120707,6,4,1,10,2
18120708,6,1,9,11,4
18120709,10,2,7,9,1
18120710,4,1,8,9,3
18120711,7,8,4,3,5
18120712,8,1,3,4,6
18120713,6,9,4,8,7
18120714,2,11,7,3,8
18120715,9,7,5,6,2
18120716,3,10,5,1,8
18120717,5,9,1,4,10
18120718,7,9,6,1,2
18120719,2,5,1,4,10
18120720,10,5,11,6,4
18120721,11,10,7,8,9
18120722,1,3,2,9,5
18120723,9,2,8,3,7
18120724,5,6,4,9,10
18120725,7,1,4,5,11
18120726,4,7,8,1,11
18120727,4,11,8,5,7
18120728,6,10,3,4,8
18120729,3,1,6,5,11
18120730,10,1,6,3,5
18120731,8,6,7,5,3
18120732,9,10,1,5,11
18120733,7,5,11,1,3
18120734,4,5,7,3,6
18120735,8,4,10,2,6
18120736,1,3,5,9,7
18120737,5,1,2,4,10
18120738,5,10,6,1,9
18120739,2,4,9,11,5
18120740,6,10,4,11,2
18120741,3,4,5,1,7
18120742,2,8,1,9,6
18120743,11,5,7,8,4
18120744,6,8,1,10,5
18120745,7,1,9,6,4
18120746,11,4,10,9,8
18120747,2,8,11,6,5
18120748,3,11,10,2,6
18120749,9,10,5,8,4
18120750,3,6,4,1,10
18120751,2,3,9,11,8
18120752,6,9,3,5,8
18120753,1,6,10,8,9
18120754,11,2,7,5,10
18120755,5,1,9,11,4
18120756,7,4,1,9,11
18120757,5,6,4,3,9
18120758,11,1,7,9,2
18120759,7,9,3,11,4
18120760,3,7,8,9,10
18120761,3,11,2,4,10
18120762,5,1,6,11,2
18120763,3,6,2,1,8
18120764,7,11,2,9,10
18120765,7,2,3,10,1
18120766,5,11,6,2,4
18120767,7,9,6,11,8
18120768,2,5,1,4,3
18120769,10,4,1,5,6
18120770,2,5,4,11,6
18120771,9,1,11,2,3
18120772,4,1,3,9,5
18120773,1,6,9,8,7
18120774,3,9,10,4,5
18120775,5,1,4,10,7
18120776,1,2,3,7,11
18120777,10,11,6,3,1
18120778,3,4,2,6,7
18120779,4,11,3,6,10
18120780,4,3,6,5,8
18120781,9,3,11,7,4
18120782,8,5,9,7,4
18120783,4,9,10,5,6
18120784,2,10,9,6,1
18120785,4,10,11,9,1
18120786,6,3,11,9,2
18120787,10,5,4,2,11
18120801,6,2,11,8,3
18120802,6,2,9,5,3
18120803,4,7,10,3,9
18120804,2,7,1,3,6
18120805,8,7,10,9,11
18120806,3,9,5,10,8
18120807,3,11,4,9,7
18120808,4,6,7,9,10
18120809,6,5,9,3,4
18120810,5,4,9,7,11
18120811,9,7,11,8,1
18120812,8,3,7,2,9
18120813,9,7,4,11,6
18120814,5,6,8,2,9
18120815,6,9,11,4,1
18120816,9,2,10,7,1
18120817,2,9,3,8,1
18120818,11,6,4,9,1
18120819,9,7,3,8,2
18120820,5,7,4,1,9
18120821,6,1,10,8,7
18120822,8,3,10,7,6
18120823,10,5,9,1,11
18120824,1,6,7,3,8
18120825,6,4,7,10,11
18120826,11,4,10,8,7
18120827,3,2,10,8,1
18120828,11,2,7,1,10
18120829,10,4,1,6,2
18120830,4,3,2,5,6
18120831,10,4,6,7,1
18120832,9,1,2,10,5
18120833,9,2,5,4,10
18120834,8,7,6,2,5
18120835,9,5,3,4,10
18120836,4,5,10,6,7
18120837,3,1,8,2,9
18120838,4,3,8,5,2
18120839,6,10,4,2,11
18120840,4,5,7,6,2
18120841,4,8,7,6,2
18120842,11,10,6,9,2
18120843,11,6,7,5,3
18120844,3,1,8,5,7
18120845,5,4,9,6,7
18120846,5,10,3,2,1
18120847,9,2,11,8,4
18120848,1,9,8,11,10
18120849,9,6,2,5,1
18120850,1,10,11,8,3
18120851,1,9,7,5,3
18120852,8,5,3,7,11
18120853,2,6,5,9,10
18120854,3,1,2,9,5
18120855,4,9,7,3,5
18120856,7,9,10,11,4
18120857,6,4,3,1,5
18120858,4,5,6,8,3
18120859,4,6,5,1,9
18120860,11,9,3,2,4
18120861,3,6,10,2,8
18120862,4,1,7,10,11
18120863,11,7,10,8,9
18120864,7,4,2,10,8
18120865,5,11,3,4,9
18120866,9,6,8,7,1
18120867,10,1,6,3,5
18120868,10,2,1,11,5
18120869,3,5,4,11,8
18120870,2,7,10,8,4
18120871,1,6,4,9,3
18120872,5,1,10,3,7
18120873,1,7,4,11,10
18120874,11,7,5,4,3
18120875,8,9,5,4,10
18120876,2,3,11,7,8
18120877,4,5,9,8,10
18120878,10,3,1,11,2
18120879,10,1,7,5,8
18120880,5,4,1,9,10
18120881,10,9,8,5,6
18120882,10,3,2,11,8
18120883,5,1,3,6,9
18120884,6,5,2,7,9
18120885,5,4,1,3,11
18120886,3,2,11,9,4
18120887,11,2,8,10,7
18120901,7,2,6,5,10
18120902,4,9,5,8,11
18120903,3,4,9,7,6
18120904,10,1,8,5,7
18120905,10,7,9,3,1
18120906,9,7,1,11,3
18120907,2,4,8,6,7
18120908,10,7,2,11,1
18120909,4,11,6,3,8
18120910,7,10,1,4,8
18120911,3,8,5,1,6
18120912,7,5,8,11,4
18120913,10,8,4,2,5
18120914,4,9,2,7,5
18120915,10,7,1,4,8
18120916,4,3,1,2,5
18120917,4,11,6,9,7
18120918,10,7,2,1,5
18120919,11,9,2,6,10
18120920,7,6,4,9,3
18120921,5,10,2,11,3
18120922,2,6,8,1,7
18120923,10,11,8,9,4
18120924,7,3,2,6,8
18120925,2,8,9,7,1
18120926,4,8,9,7,3
18120927,7,11,5,3,8
18120928,5,2,6,4,10
18120929,5,1,6,10,8
18120930,1,5,7,3,11
18120931,8,1,7,10,6
18120932,3,5,6,4,11
18120933,6,10,7,1,3
18120934,8,1,10,11,2
18120935,10,2,6,5,1
18120936,4,9,3,1,7
18120937,10,4,5,7,1
18120938,3,9,7,6,8
18120939,3,5,7,6,10
18120940,6,1,7,10,11
18120941,9,4,10,6,1
18120942,2,10,8,4,11
18120943,11,8,5,9,1
18120944,1,4,5,8,10
18120945,6,1,3,4,8
18120946,10,6,1,4,9
18120947,8,5,3,9,6
18120948,8,6,10,1,11
18120949,3,2,9,11,1
18120950,5,3,9,7,8
18120951,6,11,2,8,9
18120952,1,7,5,4,10
18120953,2,6,9,11,1
18120954,7,9,5,2,4
18120955,7,11,3,6,9
18120956,4,8,10,2,5
18120957,11,6,3,4,2
18120958,2,10,7,11,1
18120959,11,10,8,4,2
18120960,8,9,1,6,5
18120961,4,5,6,2,10
18120962,8,2,4,5,9
18120963,7,11,3,6,4
18120964,3,11,8,7,9
18120965,5,9,6,7,8
18120966,10,5,1,3,6
18120967,6,3,4,7,5
18120968,6,9,7,10,5
18120969,1,5,6,3,7
18120970,6,3,8,11,2
18120971,8,2,5,11,4
18120972,11,9,4,2,7
18120973,6,11,10,4,8
18120974,10,2,9,6,8
18120975,9,6,3,4,10
18120976,2,6,7,8,4
18120977,8,9,1,3,11
18120978,10,11,7,5,8
18120979,6,5,1,3,9
18120980,11,2,4,7,1
18120981,4,10,5,7,11
18120982,2,10,6,5,9
18120983,1,7,6,5,2
18120984,4,9,2,8,6
18120985,8,9,7,10,4
18120986,10,6,8,4,2
18120987,5,11,3,2,10
18121001,9,1,4,3,8
18121002,3,10,7,8,2
18121003,4,6,8,7,9
18121004,6,11,1,4,10
18121005,8,11,7,9,6
18121006,6,4,7,8,2
18121007,10,2,7,1,9
18121008,11,4,8,2,3
18121009,7,1,11,6,3
18121010,9,5,7,11,3
18121011,5,2,7,11,4
18121012,1,3,2,9,7
18121013,8,4,1,7,9
18121014,7,1,4,5,3
18121015,1,2,10,6,4
18121016,4,3,11,9,6
18121017,6,4,5,3,1
18121018,9,6,7,1,11
18121019,7,4,9,6,8
18121020,2,4,11,8,6
18121021,10,6,9,8,11
18121022,1,11,8,5,2
18121023,9,6,10,3,5
18121024,11,5,4,9,6
18121025,6,9,8,3,1
18121026,2,8,4,10,1
18121027,3,7,4,9,11
18121028,11,5,3,1,9
18121029,7,8,5,9,3
18121030,7,2,10,4,3
18121031,3,8,9,5,4
18121032,6,4,5,8,2
18121033,7,5,8,3,1
18121034,4,9,3,7,10
18121035,2,7,4,5,9
18121036,11,5,7,8,4
18121037,5,6,11,2,8
18121038,3,9,8,7,4
18121039,2,10,9,4,7
18121040,7,4,5,11,6
18121041,10,4,2,3,8
18121042,6,11,4,9,7
18121043,10,7,5,11,8
18121044,11,8,6,2,7
18121045,3,7,10,8,11
18121046,10,5,8,3,4
18121047,2,7,4,6,9
18121048,8,1,9,3,4
18121049,3,1,10,9,2
18121050,7,11,5,6,9
18121051,6,3,7,2,9
18121052,5,9,11,10,1
18121053,11,10,1,7,6
18121054,4,5,3,2,7
18121055,3,11,7,4,8
18121056,8,2,3,11,9
18121057,10,5,3,9,6
18121058,7,11,8,5,4
18121059,6,7,8,10,1
18121060,8,7,9,2,1
18121061,1,3,9,11,8
18121062,11,10,6,5,2
18121063,3,11,6,5,9
18121064,9,11,7,5,1
18121065,10,3,4,6,7
18121066,11,1,8,3,2
18121067,6,3,4,10,7
18121068,2,7,4,8,11
18121069,8,3,5,9,6
18121070,11,9,4,5,10
18121071,9,10,11,4,2
18121072,10,4,9,11,1
18121073,6,7,5,9,10
18121074,5,8,2,1,9
18121075,5,4,8,9,1
18121076,5,10,1,3,11
18121077,1,6,7,11,10
18121078,3,6,1,9,5
18121079,5,9,3,7,8
18121080,3,2,1,10,4
18121081,4,7,8,1,3
18121082,5,6,9,1,10
18121083,2,1,4,11,9
18121084,2,1,11,9,7
18121085,5,4,1,10,2
18121086,2,4,5,8,1
18121087,5,4,9,7,2
18121101,9,8,3,11,4
18121102,4,9,1,3,7
18121103,6,1,10,11,8
18121104,10,11,5,8,2
18121105,5,4,2,11,10
18121106,5,11,7,6,8
18121107,6,10,3,11,7
18121108,1,5,11,7,6
18121109,1,5,4,11,6
18121110,9,10,1,2,11
18121111,5,4,8,10,3
18121112,3,2,10,6,5
18121113,11,8,6,9,1
18121114,9,6,4,1,3
18121115,11,3,2,6,9
18121116,3,1,8,10,4
18121117,5,1,8,3,2
18121118,9,6,1,5,3
18121119,5,4,9,8,10
18121120,3,2,11,7,5
18121121,7,6,10,11,1
18121122,3,7,8,6,11
18121123,6,7,9,11,10
18121124,3,6,1,4,11
18121125,5,7,3,1,4
18121126,6,2,7,3,5
18121127,7,5,2,3,4
18121128,10,3,4,9,5
18121129,5,8,7,9,6
18121130,4,9,6,2,10
18121131,11,6,5,10,1
18121132,9,2,8,11,3
18121133,1,3,9,5,7
18121134,10,9,7,8,6
18121135,9,3,1,2,6
18121136,10,7,9,3,4
18121137,5,10,1,2,9
18121138,1,5,10,11,9
18121139,1,2,6,5,3
18121140,1,3,7,2,10
18121141,8,2,11,5,9
18121142,2,3,10,9,5
18121143,4,11,1,2,6
18121144,3,7,2,9,4
18121145,5,9,3,1,6
18121146,6,9,10,2,3
18121147,2,6,3,11,8
18121148,11,1,9,4,2
18121149,10,4,8,7,9
18121150,9,5,2,11,6
18121151,9,1,2,10,11
18121152,6,4,5,2,3
18121153,2,10,3,11,6
18121154,4,10,2,5,8
18121155,1,5,4,2,11
18121156,11,2,1,4,8
18121157,2,4,10,3,8
18121158,3,4,8,9,11
18121159,7,11,1,8,2
18121160,4,8,3,10,2
18121161,11,4,8,1,9
18121162,6,10,1,5,11
18121163,8,9,11,4,6
18121164,2,7,6,4,11
18121165,4,5,11,3,2
18121166,7,6,1,10,8
18121167,10,2,4,5,9
18121168,8,3,10,9,4
18121169,7,2,9,10,4
18121170,2,10,1,5,4
18121171,3,5,10,1,11
18121172,3,9,7,4,1
18121173,8,7,1,4,10
18121174,10,1,8,5,7
18121175,2,3,4,10,1
18121176,1,3,10,9,11
18121177,7,6,8,11,5
18121178,9,1,5,4,10
18121179,3,9,2,11,4
18121180,2,3,8,5,11
18121181,10,9,11,6,1
18121182,5,4,11,1,10
18121183,2,5,9,8,1
18121184,5,8,3,7,4
18121185,1,7,5,10,6
18121186,1,7,3,11,10
18121187,10,1,7,4,6
18121201,9,10,2,3,11
18121202,8,5,1,10,7
18121203,1,11,10,8,6
18121204,3,1,4,5,7
18121205,3,9,10,11,8
18121206,4,11,2,3,5
18121207,6,8,11,5,10
18121208,5,3,7,6,1
18121209,6,1,9,8,2
18121210,3,5,1,8,4
18121211,9,4,6,5,2
18121212,4,7,3,11,5
18121213,9,6,3,11,7
18121214,8,9,11,3,1
18121215,3,7,5,2,6
18121216,4,1,8,9,10
18121217,10,5,1,4,7
18121218,2,4,8,11,6
18121219,2,4,1,5,11
18121220,6,2,9,3,7
18121221,8,3,7,10,11
18121222,7,10,3,2,6
18121223,5,4,7,11,6
18121224,1,9,11,10,2
18121225,11,2,6,8,3
18121226,11,2,5,6,8
18121227,1,2,7,6,4
18121228,4,10,5,9,2
18121229,10,2,11,8,5
18121230,10,9,4,2,7
18121231,10,6,9,2,4
18121232,8,1,2,3,4
18121233,7,10,6,4,9
18121234,5,3,2,7,8
18121235,3,10,5,11,2
18121236,5,6,11,8,3
18121237,5,9,4,3,1
18121238,10,7,1,4,9
18121239,8,10,5,6,9
18121240,2,4,10,9,1
18121241,10,1,9,7,11
18121242,10,11,2,3,6
18121243,2,6,8,7,9
18121244,1,11,7,5,2
18121245,2,3,4,11,9
18121246,4,9,2,1,7
18121247,8,10,1,5,4
18121248,9,2,4,6,7
18121249,4,11,5,8,7
18121250,7,6,10,4,9
18121251,4,2,1,11,7
18121252,4,6,7,10,3
18121253,8,9,5,7,11
18121254,2,10,7,6,9
18121255,8,9,11,5,6
18121256,5,3,10,2,8
18121257,11,1,8,7,2
18121258,11,3,1,8,5
18121259,8,11,2,10,4
18121260,6,1,9,10,7
18121261,3,6,9,1,7
18121262,10,2,5,3,9
18121263,9,8,2,3,5
18121264,8,10,3,7,6
18121265,10,11,7,5,3
18121266,4,8,10,6,5
18121267,8,7,6,2,10
18121268,4,10,3,8,6
18121269,11,1,3,9,2
18121270,9,3,11,1,8
18121271,9,4,8,7,11
18121272,11,10,5,6,2
18121273,9,7,6,3,2
18121274,9,1,10,6,3
18121275,11,7,8,10,2
18121276,1,5,3,11,6
18121277,10,8,1,5,9
18121278,11,7,9,2,8
18121279,3,1,7,11,9
18121280,9,2,4,3,11
18121281,7,3,6,2,1
18121282,9,2,8,10,6
18121283,5,8,1,4,11
18121284,2,10,7,6,1
18121285,11,8,4,2,10
18121286,3,7,8,1,5
18121287,7,1,5,9,3
18121301,9,8,11,3,10
18121302,4,11,8,1,6
18121303,1,3,9,11,7
18121304,5,1,11,7,6
18121305,3,7,5,8,1
18121306,7,5,11,3,10
18121307,6,3,4,10,8
18121308,10,9,8,6,4
18121309,1,8,7,9,11
18121310,2,4,5,7,1
18121311,3,5,1,10,7
18121312,5,3,8,1,4
18121313,2,5,11,4,3
18121314,2,1,5,3,9
18121315,5,9,6,1,11
18121316,4,8,6,3,7
18121317,10,7,6,3,8
18121318,3,5,8,4,1
18121319,4,10,9,6,2
18121320,10,8,5,7,2
18121321,7,3,2,10,11
18121322,5,7,8,1,11
18121323,11,3,5,9,2
18121324,6,4,2,1,5
18121325,10,1,11,3,4
18121326,8,7,10,2,6
18121327,7,11,6,5,9
18121328,10,9,5,4,7
18121329,11,6,8,9,10
18121330,1,3,8,6,9
18121331,3,6,11,8,1
18121332,9,7,5,2,11
18121333,5,4,6,3,10
18121334,1,7,5,10,6
18121335,5,8,1,3,6
18121336,8,6,3,9,4
18121337,4,9,3,5,6
18121338,10,11,6,8,3
18121339,8,11,10,6,9
18121340,7,3,5,4,10
18121341,1,10,2,5,8
18121342,4,2,5,1,8
18121343,7,4,6,10,8
18121344,4,5,11,9,1
18121345,10,6,1,5,2
18121346,9,8,2,5,7
18121347,10,5,3,9,8
18121348,5,6,2,8,9
18121349,6,3,9,5,2
18121350,11,4,1,6,10
18121351,2,1,6,9,8
18121352,1,3,5,7,10
18121353,11,5,2,10,6
18121354,5,8,6,7,4
18121355,6,1,9,11,10
18121356,10,5,11,3,9
18121357,3,11,7,10,4
18121358,11,5,4,9,10
18121359,2,6,1,11,7
18121360,6,10,3,1,2
18121361,6,1,5,4,11
18121362,8,1,3,6,9
18121363,6,8,7,11,2
18121364,5,7,4,9,3
18121365,3,2,5,11,6
18121366,11,9,4,10,6
18121367,10,9,6,7,4
18121368,9,2,3,4,6
18121369,3,7,11,5,8
18121370,6,2,4,10,9
18121371,10,5,7,4,6
18121372,9,2,1,7,6
18121373,1,4,9,5,6
18121374,6,11,9,7,5
18121375,1,6,2,4,8
18121376,11,4,1,9,6
18121377,7,8,1,2,4
18121378,6,5,11,9,8
18121379,1,2,7,6,5
18121380,7,11,5,6,9
18121381,7,1,2,8,5
18121382,5,1,6,9,3
18121383,11,1,7,3,6
18121384,5,7,4,6,10
18121385,10,1,5,6,8
18121386,3,2,4,8,10
18121387,7,5,1,4,9
18121401,4,11,1,9,2
18121402,4,1,6,10,9
18121403,5,6,7,9,1
18121404,6,8,3,5,9
18121405,6,7,8,1,3
18121406,11,8,4,3,1
18121407,7,8,3,9,2
18121408,11,2,3,9,4
18121409,10,8,4,7,6
18121410,1,3,7,10,11
18121411,1,3,9,4,10
18121412,5,1,10,9,7
18121413,4,2,9,7,8
18121414,2,8,6,5,7
18121415,2,5,3,10,7
18121416,3,10,7,6,11
18121417,9,1,3,8,4
18121418,2,9,5,1,10
18121419,2,10,8,6,11
18121420,6,7,9,8,10
18121421,6,7,4,10,11
18121422,6,2,5,9,1
18121423,5,8,4,11,3
18121424,2,7,10,11,6
18121425,11,5,8,2,1
18121426,11,1,7,8,3
18121427,8,10,5,3,7
18121428,2,10,5,3,11
18121429,1,7,6,11,10
18121430,10,5,3,7,1
18121431,11,5,7,6,3
18121432,6,10,2,3,4
18121433,7,3,11,8,4
18121434,1,2,4,5,8
18121435,3,6,11,1,4
18121436,7,10,6,1,11
18121437,3,11,8,6,2
18121438,9,8,1,11,3
18121439,3,9,6,4,2
18121440,5,1,6,4,11
18121441,11,4,6,10,8
18121442,1,6,5,4,10
18121443,3,11,2,5,1
18121444,7,2,1,6,8
18121445,4,9,5,6,8
18121446,10,6,4,11,7
18121447,7,2,10,9,1
18121448,11,5,8,2,3
18121449,8,5,10,9,3
18121450,5,2,8,11,1
18121451,1,5,4,11,2
18121452,2,7,6,1,10
18121453,10,1,6,5,4
18121454,6,8,10,2,1
18121455,7,5,11,10,9
18121456,9,6,5,11,3
18121457,10,2,9,5,6
18121458,3,8,4,2,9
18121459,4,5,7,8,1
18121460,10,2,9,4,1
18121461,2,10,3,11,7
18121462,8,7,5,10,6
18121463,2,11,4,9,8
18121464,8,11,7,2,3
18121465,7,8,9,1,3
18121466,1,3,8,7,4
18121467,4,2,7,6,8
18121468,1,4,11,9,5
18121469,10,9,4,2,1
18121470,3,1,2,6,8
18121471,8,10,11,2,5
18121472,6,2,11,9,10
18121473,6,7,9,1,8
18121474,6,3,2,1,9
18121475,4,8,6,9,11
18121476,6,2,11,10,1
18121477,4,3,5,2,11
18121478,7,2,6,1,8
18121479,10,7,4,6,11
18121480,8,5,6,3,11
18121481,8,2,6,10,7
18121482,8,6,9,1,4
18121483,1,8,2,3,6
18121484,4,5,9,3,10
18121485,8,6,2,1,11
18121486,6,1,8,4,10
18121487,1,11,9,5,10
18121501,2,9,1,11,6
18121502,9,8,3,11,4
18121503,3,4,8,11,10
18121504,5,10,11,4,1
18121505,7,4,1,2,3
18121506,2,9,11,10,8
18121507,6,3,4,2,1
18121508,1,10,4,5,9
18121509,6,3,10,11,1
18121510,5,10,2,9,7
18121511,7,11,5,3,2
18121512,1,2,6,11,9
18121513,7,3,8,1,5
18121514,6,8,4,7,3
18121515,5,4,11,9,3
18121516,10,7,3,2,8
18121517,10,5,3,6,4
18121518,11,10,5,4,8
18121519,7,8,1,11,10
18121520,7,6,9,3,11
18121521,7,9,11,6,4
18121522,7,9,2,6,3
18121523,3,11,2,8,9
18121524,9,11,3,2,8
18121525,9,5,10,2,7
18121526,2,8,3,7,5
18121527,5,4,6,2,3
18121528,9,3,10,7,8
18121529,6,7,4,5,2
18121530,4,5,10,11,3
18121531,10,9,11,1,5
18121532,8,1,11,7,9
18121533,9,8,4,1,5
18121534,6,8,2,11,5
18121535,6,7,1,11,9
18121536,2,6,7,3,9
18121537,7,1,8,9,3
18121538,6,3,4,7,11
18121539,1,4,6,7,10
18121540,4,2,7,10,8
18121541,7,10,3,2,6
18121542,10,2,6,1,5
18121543,3,11,10,1,9
18121544,1,6,11,8,9
18121545,11,1,4,3,7
18121546,9,5,11,8,4
18121547,4,1,2,6,9
18121548,6,8,11,2,4
18121549,5,8,9,1,2
18121550,1,10,2,8,5
18121551,10,3,4,8,5
18121552,8,5,3,1,2
18121553,2,4,10,3,6
18121554,11,10,4,6,9
18121555,7,6,3,2,1
18121556,4,11,8,5,2
18121557,2,6,1,11,10
18121558,3,9,7,1,6
18121559,7,6,3,9,5
18121560,10,11,1,2,7
18121561,5,8,2,3,4
18121562,6,1,8,5,11
18121563,4,9,1,3,8
18121564,7,3,4,9,5
18121565,1,10,8,5,7
18121566,1,6,7,10,8
18121567,7,2,9,5,3
18121568,11,2,8,6,7
18121569,5,2,3,11,10
18121570,11,8,1,4,5
18121571,6,9,8,1,7
18121572,7,10,9,6,8
18121573,10,1,9,5,3
18121574,11,3,7,4,6
18121575,10,5,6,2,7
18121576,10,6,1,5,11
18121577,8,9,6,4,5
18121578,10,8,1,7,4
18121579,5,10,2,11,9
18121580,5,2,7,9,11
18121581,7,6,9,8,10
18121582,9,11,8,3,4
18121583,10,6,7,3,2
18121584,9,8,6,10,7
18121585,3,8,4,10,6
18121586,7,11,10,1,2
18121587,11,4,3,9,5
18121601,5,11,10,7,3
18121602,6,10,8,7,2
18121603,4,2,8,3,1
18121604,5,11,4,10,6
18121605,4,7,3,5,2
18121606,4,7,3,8,1
18121607,5,1,2,3,10
18121608,4,2,6,11,3
18121609,8,9,11,1,2
18121610,10,5,4,11,8
18121611,2,3,7,10,5
18121612,5,6,11,7,10
18121613,5,11,8,7,4
18121614,8,11,6,2,9
18121615,3,8,6,11,7
18121616,11,3,9,7,2
18121617,10,4,1,8,6
18121618,7,2,9,1,6
18121619,4,3,9,2,7
18121620,1,3,4,2,9
18121621,9,5,3,1,11
18121622,1,5,8,9,10
18121623,11,3,8,10,7
18121624,1,2,10,7,3
18121625,7,5,2,4,6
18121626,8,9,5,10,2
18121627,11,9,4,6,3
18121628,8,10,1,6,7
18121629,10,1,2,5,11
18121630,5,9,6,10,8
18121631,4,3,1,8,9
18121632,2,7,8,1,9
18121633,10,9,8,1,7
18121634,5,6,8,11,9
18121635,1,3,2,11,4
18121636,5,2,8,10,3
18121637,5,8,7,4,3
18121638,4,1,9,11,8
18121639,6,1,9,10,4
18121640,10,1,6,11,9
18121641,2,11,9,8,7
18121642,7,5,11,3,6
18121643,11,7,9,6,3
18121644,1,3,7,4,6
18121645,11,5,9,6,7
18121646,11,5,3,10,9
18121647,9,4,7,2,3
18121648,3,11,9,6,4
18121649,2,6,9,11,3
18121650,1,4,2,7,10
18121651,4,3,9,11,5
18121652,9,4,6,1,10
18121653,7,3,1,4,8
18121654,7,8,1,10,2
18121655,9,4,6,2,10
18121656,9,5,11,7,3
18121657,3,2,8,5,1
18121658,8,2,10,7,4
18121659,8,1,5,10,7
18121660,9,7,2,6,3
18121661,10,2,9,6,7
18121662,5,4,11,6,2
18121663,8,5,6,7,11
18121664,9,4,2,8,6
18121665,1,6,7,3,2
18121666,1,8,6,10,9
18121667,9,4,8,10,2
18121668,11,7,6,3,2
18121669,2,10,1,6,4
18121670,10,7,3,8,5
18121671,8,10,4,7,5
18121672,7,1,5,9,6
18121673,8,11,2,7,3
18121674,4,8,1,10,11
18121675,10,4,2,7,8
18121676,8,3,9,1,7
18121677,5,10,8,6,4
18121678,4,11,10,8,3
18121679,3,1,11,6,4
18121680,10,4,7,9,2
18121681,9,2,6,10,7
18121682,9,11,2,10,4
18121683,6,10,7,4,5
18121684,11,2,3,6,1
18121685,5,4,9,3,7
18121686,7,4,5,8,1
18121687,4,7,6,5,3
18121701,10,8,6,7,5
18121702,11,8,3,9,2
18121703,4,5,2,10,6
18121704,7,5,9,6,3
18121705,10,5,6,2,1
18121706,10,6,3,1,11
18121707,8,11,1,10,2
18121708,5,6,8,10,3
18121709,10,4,3,9,1
18121710,4,1,2,3,6
18121711,5,7,11,4,6
18121712,9,11,6,2,5
18121713,5,7,10,11,9
18121714,10,8,6,7,3
18121715,1,10,9,3,11
18121716,9,8,3,11,10
18121717,1,10,11,4,5
18121718,6,10,8,3,5
18121719,6,9,10,3,8
18121720,9,3,8,7,11
18121721,5,1,8,10,3
18121722,3,7,1,4,11
18121723,1,11,5,10,8
18121724,6,4,11,1,5
18121725,7,1,11,6,2
18121726,6,9,8,11,5
18121727,11,10,7,5,9
18121728,3,6,4,7,9
18121729,11,1,10,7,9
18121730,5,10,11,7,9
18121731,1,9,8,4,6
18121732,9,4,6,7,3
18121733,1,4,9,8,6
18121734,5,1,7,3,6
18121735,9,6,10,8,4
18121736,1,11,10,3,5
18121737,9,3,10,1,7
18121738,8,4,6,5,7
18121739,3,4,7,5,8
18121740,11,6,7,1,10
18121741,8,10,9,1,4
18121742,3,7,10,5,4
18121743,7,11,5,2,8
18121744,7,8,5,1,3
18121745,9,3,2,10,7
18121746,10,1,11,8,3
18121747,1,4,6,10,2
18121748,2,8,1,4,3
18121749,10,11,3,1,4
18121750,2,3,9,11,8
18121751,11,2,4,1,3
18121752,1,8,3,11,4
18121753,9,10,2,6,4
18121754,11,6,10,4,2
18121755,6,11,10,3,2
18121756,11,1,9,2,8
18121757,4,6,10,11,2
18121758,3,5,6,2,9
18121759,8,10,7,11,5
18121760,6,9,3,10,7
18121761,6,9,2,5,7
18121762,2,10,8,7,9
18121763,3,10,5,4,1
18121764,1,3,4,9,10
18121765,9,5,11,6,4
18121766,6,5,7,2,10
18121767,5,1,10,11,2
18121768,11,5,2,3,8
18121769,11,7,10,5,9
18121770,9,8,2,5,1
18121771,4,2,8,1,5
18121772,1,8,2,5,10
18121773,1,11,7,4,10
18121774,10,7,3,11,8
18121775,4,10,11,7,9
18121776,11,1,6,10,3
18121777,4,2,1,8,9
18121778,7,9,4,5,3
18121779,2,6,1,11,5
18121780,8,4,9,11,1
18121781,9,11,3,5,7
18121782,9,4,8,7,11
18121783,11,5,7,10,9
18121784,2,8,4,1,10
18121785,2,4,7,1,5
18121786,2,10,9,11,1
18121787,4,3,11,7,1
18121801,5,11,1,7,3
18121802,2,11,1,6,7
18121803,4,5,3,1,7
18121804,3,6,10,2,11
18121805,1,4,2,11,3
18121806,8,11,6,5,1
18121807,9,7,3,5,4
18121808,8,2,4,11,7
18121809,7,1,2,11,8
18121810,2,5,7,3,11
18121811,1,9,11,3,6
18121812,2,5,1,10,7
18121813,9,4,2,6,5
18121814,10,9,11,5,6
18121815,7,8,10,4,5
18121816,2,10,3,1,6
18121817,3,5,7,10,8
18121818,2,10,4,5,6
18121819,3,10,9,7,5
18121820,11,5,6,3,4
18121821,6,7,10,3,5
18121822,7,3,1,5,10
18121823,6,10,1,11,8
18121824,9,2,1,10,5
18121825,6,5,7,10,11
18121826,9,6,3,2,11
18121827,9,4,5,11,3
18121828,7,8,6,10,4
18121829,5,8,4,6,9
18121830,11,7,1,5,2
18121831,6,1,8,4,2
18121832,6,2,5,9,10
18121833,11,7,4,5,6
18121834,6,1,3,4,9
18121835,2,1,9,4,7
18121836,7,8,3,2,11
18121837,1,5,3,7,4
18121838,6,4,5,3,11
18121839,5,8,3,1,11
18121840,3,2,11,10,4
18121841,8,5,3,1,6
18121842,6,4,3,11,8
18121843,9,3,5,8,4
18121844,11,7,8,5,4
18121845,11,9,1,3,5
18121846,9,8,6,7,5
18121847,2,8,5,6,11
18121848,7,9,5,6,11
18121849,5,9,4,3,2
18121850,4,9,6,1,7
18121851,8,6,1,3,10
18121852,1,7,10,2,8
18121853,9,1,8,5,11
18121854,1,2,4,5,7
18121855,9,4,3,7,11
18121856,10,1,9,8,4
18121857,3,10,11,2,8
18121858,2,1,10,4,8
18121859,5,7,9,10,6
18121860,5,1,4,8,11
18121861,4,5,9,3,6
18121862,7,9,10,5,4
18121863,5,4,11,3,10
18121864,4,8,11,10,7
18121865,9,4,2,10,8
18121866,11,8,7,5,2
18121867,2,8,10,9,1
18121868,4,11,1,2,7
18121869,3,8,9,1,6
18121870,2,8,11,10,7
18121871,5,7,1,8,10
18121872,9,5,4,11,6
18121873,5,1,10,11,2
18121874,7,2,8,1,6
18121875,9,2,3,1,5
18121876,8,7,6,9,5
18121877,2,4,3,1,10
18121878,9,8,7,1,2
18121879,7,5,4,8,11
18121880,1,5,6,2,4
18121881,4,6,10,8,11
18121882,9,3,6,7,8
18121883,4,7,1,3,5
18121884,10,6,2,5,7
18121885,8,4,7,2,6
18121886,10,9,4,2,5
18121887,7,8,11,10,2
18121901,11,4,10,9,1
18121902,5,10,7,1,3
18121903,11,6,2,3,4
18121904,5,9,4,1,2
18121905,6,7,5,9,8
18121906,1,11,5,4,6
18121907,10,8,6,7,3
18121908,3,6,8,4,11
18121909,10,2,4,9,7
18121910,9,3,6,4,1
18121911,6,3,11,9,10
18121912,11,7,5,1,4
18121913,10,2,7,9,11
18121914,3,4,2,9,5
18121915,3,6,5,1,11
18121916,7,5,9,11,1
18121917,3,1,8,6,9
18121918,3,4,8,6,9
18121919,7,3,4,6,1
18121920,10,2,7,11,8
18121921,11,2,5,3,1
18121922,9,4,7,3,10
18121923,8,3,2,9,11
18121924,5,2,3,10,4
18121925,10,9,5,2,11
18121926,6,9,4,5,3
18121927,10,2,11,8,4
18121928,8,10,5,1,11
18121929,10,2,4,3,6
18121930,7,11,6,10,4
18121931,1,9,2,11,5
18121932,2,6,11,3,4
18121933,10,11,4,3,1
18121934,11,10,9,4,6
18121935,4,1,5,11,6
18121936,5,2,4,8,11
18121937,9,8,4,2,1
18121938,8,1,2,9,5
18121939,8,1,3,6,9
18121940,3,8,5,6,7
18121941,5,10,8,3,9
18121942,8,4,9,3,5
18121943,7,3,2,10,1
18121944,8,5,3,2,6
18121945,8,7,2,3,11
18121946,7,3,5,4,11
18121947,5,6,11,8,9
18121948,11,2,10,7,9
18121949,11,10,1,4,9
18121950,3,11,7,6,1
18121951,10,2,1,11,9
18121952,6,1,5,10,4
18121953,7,5,8,11,10
18121954,11,5,3,6,8
18121955,10,2,3,9,6
18121956,8,6,2,9,4
18121957,10,8,5,6,4
18121958,8,9,4,2,3
18121959,2,1,11,10,7
18121960,6,9,7,2,3
18121961,11,3,2,7,8
18121962,3,11,8,1,10
18121963,8,7,5,4,9
18121964,8,9,2,7,3
18121965,1,5,3,11,6
18121966,5,2,9,1,11
18121967,5,10,6,1,9
18121968,10,8,3,6,11
18121969,4,9,5,3,2
18121970,9,4,11,7,8
18121971,2,8,7,3,6
18121972,9,2,6,5,10
18121973,3,2,9,8,11
18121974,10,5,6,9,8
18121975,11,2,3,6,5
18121976,3,7,6,5,11
18121977,4,1,11,6,8
18121978,11,10,4,1,8
18121979,7,11,4,9,5
18121980,5,1,3,7,2
18121981,1,10,4,11,2
18121982,2,9,11,7,3
18121983,8,9,4,3,10
18121984,2,7,11,3,4
18121985,3,2,5,1,7
18121986,3,8,4,11,7
18121987,3,2,11,9,1
18122001,6,3,7,1,10
18122002,7,6,8,10,9
18122003,3,8,6,5,10
18122004,4,8,2,9,10
18122005,9,6,11,5,3
18122006,1,10,4,9,11
18122007,2,8,11,10,1
18122008,7,3,8,11,6
18122009,8,6,5,1,11
18122010,9,6,11,7,5
18122011,6,2,9,10,7
18122012,2,5,6,8,10
18122013,9,7,3,1,6
18122014,4,1,8,2,7
18122015,2,4,7,6,8
18122016,2,9,1,3,11
18122017,5,1,11,4,2
18122018,3,8,10,1,9
18122019,2,10,7,8,6
18122020,5,7,3,4,1
18122021,8,7,5,4,3
18122022,10,2,4,11,1
18122023,10,4,9,6,7
18122024,10,6,4,1,8
18122025,3,6,11,9,7
18122026,5,8,6,2,9
18122027,7,1,11,5,2
18122028,3,4,11,1,10
18122029,1,7,11,10,4
18122030,5,6,1,8,9
18122031,1,6,4,10,7
18122032,1,10,7,8,11
18122033,9,1,7,11,3
18122034,6,10,11,9,7
18122035,8,9,2,7,5
18122036,1,2,8,10,11
18122037,11,7,3,4,9
18122038,11,8,1,6,3
18122039,10,11,3,1,9
18122040,10,1,6,8,2
18122041,8,2,4,6,10
18122042,3,7,9,6,5
18122043,7,4,5,1,11
18122044,10,11,4,7,9
18122045,11,3,1,9,10
18122046,1,10,2,9,7
18122047,2,9,6,3,8
18122048,11,5,9,2,3
18122049,4,3,9,2,7
18122050,8,11,10,5,7
18122051,2,1,5,3,11
18122052,9,11,6,2,5
18122053,7,10,6,11,9
18122054,11,5,6,2,10
18122055,3,10,4,11,1
18122056,3,10,9,2,11
18122057,4,5,6,11,8
18122058,11,4,1,5,8
18122059,9,7,4,2,5
18122060,9,3,11,6,2
18122061,6,2,3,8,9
18122062,7,5,10,3,8
18122063,10,6,2,1,9
18122064,5,2,6,4,8
18122065,1,4,8,2,5
18122066,3,6,2,5,7
18122067,4,9,7,1,10
18122068,4,1,6,8,3
18122069,7,1,5,9,8
18122070,8,11,2,4,5
18122071,11,8,7,6,9
18122072,2,4,6,5,7
18122073,1,10,3,6,4
18122074,4,6,3,7,1
18122075,9,7,1,6,4
18122076,9,6,11,5,1
18122077,6,5,7,11,10
18122078,6,8,3,2,5
18122079,7,2,5,10,3
18122080,7,10,6,3,5
18122081,1,5,2,4,8
18122082,8,1,7,11,9
18122083,6,7,10,5,8
18122084,8,3,4,1,11
18122085,6,9,10,1,8
18122086,7,8,6,1,4
18122087,11,10,7,3,4
18122101,10,1,6,3,5
18122102,4,8,9,2,1
18122103,9,10,3,1,8
18122104,9,5,4,2,7
18122105,7,5,10,1,6
18122106,9,8,7,4,1
18122107,6,7,4,11,9
18122108,9,7,8,10,11
18122109,7,1,9,3,4
18122110,6,11,7,8,4
18122111,9,8,5,6,10
18122112,8,5,6,7,3
18122113,6,3,11,9,7
18122114,10,7,6,11,4
18122115,3,4,8,6,9
18122116,10,5,7,6,9
18122117,4,2,3,6,9
18122118,3,8,10,5,9
18122119,4,3,9,8,6
18122120,5,7,9,2,10
18122121,2,4,10,6,11
18122122,11,2,10,9,7
18122123,8,10,3,1,6
18122124,10,6,9,7,5
18122125,9,5,7,1,10
18122126,11,3,2,7,1
18122127,4,5,8,1,6
18122128,10,3,5,9,11
18122129,6,8,10,4,5
18122130,9,11,2,5,10
18122131,4,10,9,11,3
18122132,2,7,4,10,8
18122133,2,6,11,1,9
18122134,8,5,4,10,6
18122135,4,3,2,6,9
18122136,8,6,1,9,10
18122137,5,9,8,10,3
18122138,10,8,3,1,6
18122139,8,2,1,5,7
18122140,5,4,7,8,6
18122141,8,3,5,7,10
18122142,2,7,1,6,4
18122143,11,6,2,5,1
18122144,5,6,1,11,8
18122145,7,3,4,5,9
18122146,1,6,9,5,2
18122147,2,8,10,5,3
18122148,2,7,5,3,9
18122149,1,10,7,11,3
18122150,3,5,4,11,1
18122151,5,10,6,4,8
18122152,11,9,3,6,4
18122153,6,5,9,2,11
18122154,7,3,8,11,10
18122155,11,5,4,1,8
18122156,4,3,10,6,9
18122157,5,3,9,8,7
18122158,3,1,9,6,7
18122159,4,7,11,8,6
18122160,7,4,8,2,9
18122161,2,3,11,7,8
18122162,9,2,8,10,6
18122163,11,6,2,7,9
18122164,5,11,8,9,3
18122165,3,4,8,10,11
18122166,4,1,9,11,7
18122167,10,2,8,3,9
18122168,9,4,7,6,8
18122169,6,4,2,8,1
18122170,11,10,4,9,8
18122171,5,6,3,2,7
18122172,4,3,6,1,10
18122173,9,1,3,10,2
18122174,7,4,11,2,9
18122175,9,10,8,1,3
18122176,9,11,8,6,3
18122177,9,11,1,2,4
18122178,4,10,2,6,1
18122179,10,4,3,9,1
18122180,6,1,8,3,9
18122181,11,8,6,1,9
18122182,11,1,7,6,2
18122183,8,7,9,10,1
18122184,3,4,6,11,2
18122185,4,10,6,2,5
18122186,8,3,9,5,1
18122187,6,7,9,2,10
18122201,2,7,9,1,3
18122202,4,1,6,11,2
18122203,7,1,8,4,11
18122204,7,9,10,3,2
18122205,3,11,5,2,7
18122206,10,9,4,6,2
18122207,11,8,5,3,6
18122208,8,1,7,3,4
18122209,3,9,4,1,8
18122210,5,2,11,9,10
18122211,2,4,5,11,8
18122212,9,2,3,10,7
18122213,2,3,11,6,4
18122214,10,7,11,6,8
18122215,1,2,8,5,3
18122216,9,5,8,4,1
18122217,6,3,11,9,8
18122218,1,5,8,4,7
18122219,3,7,1,4,10
18122220,11,1,3,10,9
18122221,6,1,7,3,5
18122222,2,4,7,9,1
18122223,11,8,5,3,4
18122224,2,9,10,5,6
18122225,1,7,2,9,5
18122226,6,8,7,10,2
18122227,10,1,5,2,7
18122228,6,9,10,7,3
18122229,4,1,10,2,3
18122230,10,11,8,5,1
18122231,2,1,11,4,7
18122232,4,5,10,3,7
18122233,2,3,6,1,8
18122234,3,1,6,4,2
18122235,5,2,1,3,11
18122236,4,3,7,11,9
18122237,5,10,8,11,7
18122238,6,10,8,5,2
18122239,4,10,8,1,2
18122240,4,5,1,2,3
18122241,6,3,10,11,1
18122242,9,4,5,6,2
18122243,11,6,4,1,9
18122244,4,1,5,9,8
18122245,8,10,2,7,5
18122246,1,2,4,6,5
18122247,1,6,3,8,4
18122248,7,3,10,2,4
18122249,9,2,5,3,4
18122250,10,6,7,2,3
18122251,4,7,2,10,6
18122252,7,10,9,8,11
18122253,4,5,1,8,11
18122254,9,1,10,5,2
18122255,4,8,9,1,11
18122256,5,4,3,1,9
18122257,6,3,8,7,1
18122258,1,10,8,6,3
18122259,3,7,5,10,9
18122260,8,10,3,11,1
18122261,11,6,2,8,9
18122262,4,8,3,5,9
18122263,3,11,2,10,4
18122264,11,10,2,8,5
18122265,6,1,11,5,7
18122266,9,2,5,4,6
18122267,4,10,2,8,11
18122268,1,10,8,11,9
18122269,6,5,8,3,1
18122270,4,8,9,1,10
18122271,6,3,7,8,10
18122272,4,8,6,2,3
18122273,4,9,8,3,2
18122274,7,9,6,2,1
18122275,9,7,10,4,8
18122276,4,2,1,11,7
18122277,10,11,7,5,1
18122278,3,11,4,1,5
18122279,5,1,7,6,3
18122280,11,9,10,1,2
18122281,5,3,9,10,7
18122282,7,8,9,3,5
18122283,9,2,1,7,8
18122284,5,7,4,9,1
18122285,9,5,3,11,8
18122286,11,9,3,10,8
18122287,4,10,5,6,7
18122301,2,11,3,6,1
18122302,2,10,9,11,1
18122303,3,9,8,5,6
18122304,2,11,9,6,8
18122305,11,9,6,5,10
18122306,6,11,8,3,9
18122307,6,2,3,8,10
18122308,2,5,6,11,3
18122309,7,8,4,6,11
18122310,3,9,4,2,6
18122311,6,11,5,8,2
18122312,1,11,10,7,3
18122313,4,3,5,7,6
18122314,2,7,1,5,3
18122315,2,4,10,6,8
18122316,9,1,7,2,11
18122317,2,1,8,6,11
18122318,6,4,2,11,8
18122319,8,9,5,7,2
18122320,2,4,1,7,5
18122321,9,8,4,2,7
18122322,10,5,7,1,8
18122323,2,7,3,4,5
18122324,11,5,9,6,4
18122325,4,6,7,8,1
18122326,11,1,5,7,9
18122327,6,2,5,10,11
18122328,8,4,3,11,7
18122329,1,11,9,6,10
18122330,11,2,3,5,6
18122331,6,7,11,4,8
18122332,5,7,2,11,4
18122333,5,6,8,7,1
18122334,10,3,11,7,5
18122335,5,4,6,2,11
18122336,9,10,4,1,6
18122337,7,6,5,9,11
18122338,3,10,11,8,6
18122339,6,5,2,11,9
18122340,10,8,5,2,6
18122341,11,10,1,4,3
18122342,8,7,10,11,6
18122343,8,11,2,5,3
18122344,7,1,4,11,8
18122345,3,10,11,2,9
18122346,5,7,11,6,3
18122347,10,8,6,1,3
18122348,4,5,1,11,3
18122349,6,4,5,10,1
18122350,10,11,6,8,9
18122351,7,8,10,3,1
18122352,3,11,2,5,9
18122353,3,4,1,7,10
18122354,2,4,11,5,10
18122355,4,3,6,5,8
18122356,11,5,7,9,1
18122357,6,9,11,5,8
18122358,11,2,8,3,6
18122359,11,9,3,7,8
18122360,7,9,4,11,10
18122361,11,9,4,5,1
18122362,5,8,4,3,11
18122363,2,4,11,3,8
18122364,4,8,1,7,10
18122365,8,10,11,9,2
18122366,11,1,6,7,10
18122367,1,7,9,8,10
18122368,4,3,11,6,7
18122369,7,1,9,10,8
18122370,9,7,1,11,6
18122371,2,9,6,1,7
18122372,4,2,11,3,10
18122373,3,11,9,8,4
18122374,1,7,6,3,4
18122375,2,4,8,7,1
18122376,8,9,4,1,7
18122377,3,4,2,7,5
18122378,4,6,2,7,1
18122379,6,10,9,5,11
18122380,10,3,4,9,5
18122381,5,6,1,2,3
18122382,4,2,7,8,1
18122383,7,6,10,8,2
18122384,10,1,4,9,2
18122385,1,2,7,5,9
18122386,10,1,9,5,4
18122387,9,7,1,10,5
18122401,6,2,9,1,8
18122402,8,4,2,5,10
18122403,8,1,9,7,3
18122404,5,4,6,11,2
18122405,11,10,9,8,4
18122406,9,1,3,11,4
18122407,6,7,2,5,1
18122408,2,11,8,7,10
18122409,3,2,9,6,5
18122410,10,2,5,6,7
18122411,10,11,7,6,5
18122412,10,11,5,7,3
18122413,8,3,4,2,9
18122414,10,3,4,11,6
18122415,6,5,2,10,11
18122416,9,2,3,6,1
18122417,10,2,9,5,7
18122418,7,1,3,9,11
18122419,10,1,2,11,4
18122420,5,2,6,3,8
18122421,5,7,11,9,4
18122422,5,8,7,9,6
18122423,7,11,1,2,8
18122424,8,7,1,4,6
18122425,1,7,4,5,8
18122426,4,1,8,3,10
18122427,7,11,9,5,6
18122428,3,6,11,10,1
18122429,7,6,9,2,5
18122430,11,1,8,5,4
18122431,11,3,4,5,8
18122432,6,9,11,3,2
18122433,11,10,6,8,4
18122434,11,10,8,7,9
18122435,9,7,10,11,1
18122436,2,9,1,7,4
18122437,11,6,9,8,2
18122438,4,3,9,8,2
18122439,11,10,3,5,4
18122440,9,5,10,3,4
18122441,8,1,5,2,4
18122442,9,5,4,6,3
18122443,11,5,2,3,8
18122444,6,5,7,4,1
18122445,10,4,9,1,8
18122446,4,3,7,2,5
18122447,11,9,3,10,2
18122448,1,5,2,4,6
18122449,10,3,9,6,4
18122450,6,5,10,8,1
18122451,9,8,5,6,7
18122452,10,11,3,7,4
18122453,9,4,5,7,6
18122454,3,1,10,8,11
18122455,2,11,10,4,7
18122456,11,9,5,8,3
18122457,7,9,5,4,6
18122458,3,1,4,6,11
18122459,6,1,5,9,3
18122460,5,8,2,10,7
18122461,3,6,2,1,10
18122462,3,7,9,6,11
18122463,6,5,11,2,7
18122464,10,9,2,4,5
18122465,8,11,3,9,5
18122466,4,8,11,9,5
18122467,11,3,5,6,9
18122468,5,3,4,11,2
18122469,1,4,9,8,10
18122470,7,4,10,6,3
18122471,6,5,2,10,11
18122472,7,11,1,6,10
18122473,6,1,7,9,10
18122474,2,9,5,6,1
18122475,4,11,7,2,3
18122476,7,1,10,9,6
18122477,5,6,8,11,3
18122478,6,5,1,4,2
18122479,9,10,2,11,6
18122480,7,6,3,2,5
18122481,5,7,4,9,6
18122482,9,10,6,11,1
18122483,11,9,2,6,7
18122484,11,2,7,9,8
18122485,7,2,9,3,6
18122486,8,6,2,9,1
18122487,11,8,10,3,9
18122501,5,1,9,6,8
18122502,3,2,4,6,7
18122503,9,6,11,2,10
18122504,7,9,11,10,3
18122505,3,9,8,6,2
18122506,1,5,3,10,11
18122507,6,10,4,7,8
18122508,6,10,9,8,5
18122509,9,10,6,3,2
18122510,11,2,3,10,7
18122511,11,2,1,7,6
18122512,6,10,3,1,2
18122513,5,8,3,10,6
18122514,10,1,5,3,7
18122515,3,11,9,10,2
18122516,5,8,11,7,9
18122517,8,4,2,6,3
18122518,1,4,5,9,2
18122519,5,6,11,9,7
18122520,6,11,7,8,1
18122521,3,7,5,11,6
18122522,11,10,9,7,2
18122523,9,10,2,8,11
18122524,1,9,10,11,6
18122525,2,11,4,5,10
18122526,3,7,2,1,5
18122527,10,5,6,4,3
18122528,2,5,8,4,6
18122529,5,3,10,11,8
18122530,11,8,4,2,10
18122531,6,3,4,10,9
18122532,1,7,2,10,8
18122533,10,8,5,9,11
18122534,3,4,2,8,1
18122535,6,8,7,2,1
18122536,9,1,7,11,3
18122537,9,3,4,8,1
18122538,4,1,10,9,2
18122539,6,5,8,1,7
18122540,5,10,11,3,7
18122541,6,9,8,1,11
18122542,5,6,3,8,9
18122543,11,6,4,5,3
18122544,5,3,6,2,8
18122545,4,2,7,11,3
18122546,3,4,5,7,1
18122547,2,1,3,11,10
18122548,10,5,7,3,1
18122549,6,9,7,8,4
18122550,4,5,6,2,7
18122551,6,5,2,3,4
18122552,8,10,4,9,11
18122553,7,3,10,11,6
18122554,4,9,8,3,2
18122555,4,5,6,8,11
18122556,10,4,5,1,6
18122557,2,11,5,3,9
18122558,8,11,4,10,3
18122559,5,7,3,2,1
18122560,5,7,1,6,8
18122561,10,3,4,2,5
18122562,1,5,4,2,7
18122563,2,4,8,9,5
18122564,9,8,3,10,11
18122565,1,10,4,7,3
18122566,11,8,5,10,2
18122567,11,5,7,3,4
18122568,6,9,2,4,7
18122569,6,8,5,10,1
18122570,4,6,5,10,3
18122571,5,3,8,6,4
18122572,6,10,2,5,7
18122573,7,8,5,11,3
18122574,3,8,1,4,11
18122575,7,11,4,1,3
18122576,8,5,10,7,6
18122577,6,8,4,1,3
18122578,2,3,4,1,9
18122579,6,10,9,4,3
18122580,4,6,11,3,2
18122581,2,10,6,7,3
18122582,4,6,8,11,9
18122583,8,10,7,9,11
18122584,1,2,6,5,7
18122585,10,8,9,7,3
18122586,4,1,5,9,6
18122587,1,7,11,5,3
18122601,1,8,11,2,10
18122602,11,6,8,4,7
18122603,9,11,3,2,6
18122604,7,3,11,1,4
18122605,11,5,9,7,6
18122606,4,3,10,6,9
18122607,3,8,6,7,4
18122608,4,2,5,6,11
18122609,7,4,10,6,1
18122610,10,3,7,6,5
18122611,5,7,8,1,3
18122612,2,10,4,8,11
18122613,6,5,10,4,1
18122614,6,11,1,3,8
18122615,2,3,8,7,11
18122616,3,11,6,1,9
18122617,1,2,10,5,6
18122618,10,3,11,6,8
18122619,10,5,4,2,6
18122620,9,11,2,3,5
18122621,9,10,3,11,6
18122622,1,9,6,2,7
18122623,5,8,7,6,3
18122624,5,1,3,10,11
18122625,3,7,5,8,10
18122626,2,7,5,6,4
18122627,5,4,8,2,3
18122628,6,4,3,9,1
18122629,7,5,3,2,1
18122630,7,10,1,6,9
18122631,2,9,7,6,5
18122632,6,8,7,5,4
18122633,10,4,11,3,6
18122634,3,2,4,5,8
18122635,6,1,5,10,9
18122636,11,10,4,6,2
18122637,5,3,11,6,10
18122638,2,1,9,7,11
18122639,1,4,6,5,8
18122640,6,11,3,1,5
18122641,10,1,6,9,3
18122642,10,4,2,7,3
18122643,4,7,3,6,9
18122644,11,10,6,4,2
18122645,11,6,1,2,9
18122646,11,4,8,3,9
18122647,9,7,11,3,8
18122648,9,7,3,5,8
18122649,7,10,1,5,3
18122650,9,5,8,4,10
18122651,5,6,2,8,10
18122652,1,5,11,9,7
18122653,6,5,2,7,8
18122654,7,6,9,2,1
18122655,7,5,3,10,8
18122656,8,5,9,3,6
18122657,4,9,3,2,6
18122658,8,3,7,1,4
18122659,9,2,5,10,7
18122660,7,5,9,3,10
18122661,6,5,2,8,11
18122662,7,8,3,2,4
18122663,4,8,2,6,7
18122664,8,7,10,2,4
18122665,11,9,8,1,6
18122666,10,7,1,3,5
18122667,10,5,2,1,6
18122668,8,3,4,9,7
18122669,4,7,9,5,6
18122670,9,4,1,11,3
18122671,5,4,11,1,7
18122672,5,4,3,6,8
18122673,4,6,10,2,1
18122674,6,2,1,3,9
18122675,6,10,8,11,2
18122676,9,11,8,5,3
18122677,3,9,10,11,5
18122678,5,1,6,4,7
18122679,3,2,1,5,4
18122680,1,10,9,4,8
18122681,4,6,8,9,7
18122682,1,6,4,10,3
18122683,4,5,6,3,11
18122684,1,11,9,7,2
18122685,11,7,9,4,8
18122686,4,1,5,10,2
18122687,9,4,5,7,11
18122701,3,10,9,11,1
18122702,9,1,11,5,7
18122703,9,4,8,2,1
18122704,11,1,5,4,7
18122705,1,9,7,11,6
18122706,11,8,6,3,1
18122707,1,8,2,7,4
18122708,8,7,2,9,4
18122709,1,9,4,8,3
18122710,10,8,7,5,2
18122711,6,5,8,3,2
18122712,11,5,4,8,7
18122713,4,2,8,5,7
18122714,10,6,11,1,4
18122715,3,9,11,10,7
18122716,5,7,8,3,11
18122717,2,11,4,1,3
18122718,1,2,10,5,11
18122719,7,4,2,11,1
18122720,6,7,3,5,9
18122721,2,3,1,9,7
18122722,5,10,11,2,7
18122723,6,5,7,10,3
18122724,7,2,1,9,4
18122725,8,1,11,9,2
18122726,5,8,3,11,4
18122727,1,8,3,5,6
18122728,11,3,4,6,1
18122729,8,1,4,6,10
18122730,11,3,6,5,1
18122731,5,3,8,9,7
18122732,7,11,1,2,5
18122733,11,3,9,1,4
18122734,6,5,1,3,8
18122735,5,6,4,2,1
18122736,10,1,5,8,9
18122737,5,11,9,4,10
18122738,9,3,5,4,1
18122739,7,2,3,4,5
18122740,2,4,1,6,7
18122741,8,10,5,11,7
18122742,6,3,5,4,1
18122743,7,3,5,4,1
18122744,1,11,2,10,6
18122745,10,6,1,7,4
18122746,7,8,9,4,5
18122747,8,3,6,10,5
18122748,5,9,8,10,4
18122749,5,8,11,7,1
18122750,5,10,1,2,11
18122751,1,4,8,7,5
18122752,4,11,10,3,7
18122753,1,2,10,11,8
18122754,4,2,8,10,9
18122755,5,3,4,6,8
18122756,9,11,7,8,10
18122757,5,2,1,10,7
18122758,4,10,6,5,7
18122759,3,2,8,4,1
18122760,5,2,6,7,1
18122761,11,9,1,7,5
18122762,9,5,7,2,8
18122763,8,7,4,11,6
18122764,6,10,8,3,5
18122765,4,9,6,3,1
18122766,2,6,5,1,10
18122767,5,11,10,8,9
18122768,2,10,4,6,7
18122769,6,10,5,8,7
18122770,9,4,3,8,2
18122771,11,6,7,3,1
18122772,11,9,8,3,6
18122773,4,3,11,6,10
18122774,1,7,6,5,9
18122775,11,3,10,1,9
18122776,10,5,3,9,4
18122777,10,1,6,2,3
18122778,5,4,8,1,9
18122779,5,2,4,1,10
18122780,7,9,4,2,5
18122781,1,3,5,10,11
18122782,11,4,3,6,7
18122783,10,7,4,6,11
18122784,2,11,5,4,3
18122785,1,8,2,10,4
18122786,7,3,9,8,2
18122787,10,3,7,5,4
18122801,5,10,11,4,2
18122802,8,1,3,11,10
18122803,9,4,1,5,3
18122804,7,3,4,6,2
18122805,8,1,6,9,5
18122806,5,7,2,4,6
18122807,7,5,4,10,8
18122808,4,8,11,6,3
18122809,10,1,8,9,11
18122810,3,7,6,2,4
18122811,2,6,7,4,8
18122812,5,4,8,1,7
18122813,4,8,1,11,10
18122814,11,7,4,9,3
18122815,2,11,5,8,1
18122816,6,5,9,8,1
18122817,9,6,2,11,10
18122818,3,6,4,11,5
18122819,3,1,2,8,7
18122820,4,1,9,10,2
18122821,5,4,8,1,2
18122822,11,9,7,2,1
18122823,3,10,9,4,7
18122824,5,4,1,6,7
18122825,10,5,2,7,8
18122826,10,8,6,4,2
18122827,9,3,6,2,10
18122828,9,11,2,1,3
18122829,5,3,9,10,6
18122830,4,9,8,11,3
18122831,5,3,6,7,10
18122832,10,2,9,8,7
18122833,3,4,9,11,8
18122834,7,1,3,9,5
18122835,1,6,5,9,8
18122836,3,10,4,9,11
18122837,2,3,11,9,6
18122838,5,8,4,3,9
18122839,7,4,9,10,3
18122840,6,11,3,8,10
18122841,1,11,7,4,9
18122842,10,9,11,6,5
18122843,1,8,6,3,4
18122844,6,2,9,4,1
18122845,2,9,10,3,6
18122846,4,10,6,1,11
18122847,1,9,3,11,8
18122848,7,10,6,1,3
18122849,7,3,9,8,2
18122850,10,11,7,3,9
18122851,6,10,8,5,7
18122852,2,8,6,4,9
18122853,11,7,3,10,9
18122854,9,2,6,5,8
18122855,10,7,4,5,9
18122856,2,4,11,5,10
18122857,10,1,9,5,6
18122858,5,3,11,8,2
18122859,7,8,2,9,5
18122860,4,1,11,7,3
18122861,7,4,6,10,3
18122862,10,8,7,9,1
18122863,1,2,5,11,9
18122864,1,7,8,6,5
18122865,4,6,1,7,10
18122866,6,3,5,2,11
18122867,3,5,6,4,1
18122868,4,7,6,10,3
18122869,9,2,11,5,3
18122870,6,9,5,8,2
18122871,10,9,3,8,4
18122872,7,10,4,2,8
18122873,10,1,2,9,11
18122874,3,7,2,6,8
18122875,4,5,10,1,3
18122876,4,11,6,1,10
18122877,4,11,7,9,10
18122878,2,9,6,1,11
18122879,11,8,5,2,7
18122880,3,6,4,2,5
18122881,2,8,1,3,10
18122882,1,5,9,6,3
18122883,3,7,4,6,1
18122884,10,5,3,6,8
18122885,3,9,6,2,7
18122886,5,8,10,2,3
18122887,8,2,3,7,11
18122901,11,1,4,5,2
18122902,10,1,11,5,4
18122903,6,9,10,5,4
18122904,1,6,4,10,5
18122905,1,7,4,3,8
18122906,2,11,4,7,10
18122907,11,8,3,1,6
18122908,4,10,7,8,6
18122909,8,11,7,2,3
18122910,4,6,1,7,2
18122911,11,2,6,5,4
18122912,4,8,7,1,3
18122913,7,4,5,3,9
18122914,7,2,4,1,8
18122915,11,4,10,2,5
18122916,8,3,6,5,9
18122917,2,9,5,4,7
18122918,7,11,1,3,10
18122919,1,3,7,9,4
18122920,8,2,4,10,3
18122921,4,8,6,11,7
18122922,3,7,10,4,2
18122923,5,9,3,1,11
18122924,5,11,10,3,8
18122925,9,3,7,1,6
18122926,8,5,2,9,11
18122927,1,2,5,9,8
18122928,9,1,4,10,11
18122929,1,8,6,11,9
18122930,2,4,1,9,6
18122931,4,7,2,11,1
18122932,11,7,1,5,10
18122933,8,3,10,5,1
18122934,10,2,3,6,8
18122935,6,8,7,2,5
18122936,1,4,6,5,9
18122937,7,4,9,10,2
18122938,5,8,9,3,11
18122939,6,1,10,5,8
18122940,11,7,1,3,10
18122941,10,9,1,4,7
18122942,11,7,1,2,4
18122943,11,9,7,3,8
18122944,2,11,9,10,7
18122945,4,2,11,5,6
18122946,2,11,3,6,1
18122947,3,1,8,11,2
18122948,6,8,4,10,5
18122949,3,9,2,4,5
18122950,4,11,7,6,10
18122951,1,5,8,2,7
18122952,3,7,2,10,5
18122953,2,5,7,6,10
18122954,5,6,10,7,11
18122955,9,4,7,11,6
18122956,11,2,7,9,1
18122957,8,2,1,5,4
18122958,10,3,11,1,4
18122959,4,1,9,11,8
18122960,6,2,4,1,11
18122961,8,1,7,2,9
18122962,5,7,9,8,3
18122963,11,4,10,3,9
18122964,9,3,11,1,4
18122965,4,6,11,3,8
18122966,11,2,8,6,1
18122967,6,7,10,9,2
18122968,7,3,1,8,4
18122969,8,1,9,5,7
18122970,11,2,8,5,6
18122971,5,1,7,9,2
18122972,8,7,3,9,1
18122973,8,4,5,11,6
18122974,5,10,1,11,3
18122975,3,5,1,6,9
18122976,10,3,7,5,11
18122977,9,5,11,6,7
18122978,8,3,9,5,11
18122979,10,1,3,9,5
18122980,2,3,8,5,11
18122981,4,11,2,7,9
18122982,10,6,5,4,2
18122983,10,2,5,4,1
18122984,7,6,9,11,2
18122985,7,10,5,8,2
18122986,8,6,2,7,3
18122987,11,2,4,1,7
18123001,11,10,5,1,3
18123002,11,7,8,9,10
18123003,10,3,8,11,1
18123004,2,1,7,10,6
18123005,1,6,10,11,3
18123006,1,4,2,11,5
18123007,1,4,7,9,3
18123008,7,2,5,4,10
18123009,1,7,9,11,2
18123010,1,8,4,9,10
18123011,1,6,3,9,2
18123012,10,8,7,5,2
18123013,11,3,6,7,9
18123014,7,6,10,9,8
18123015,7,9,6,8,11
18123016,5,11,6,3,7
18123017,2,8,9,6,5
18123018,9,11,2,8,7
18123019,9,7,3,10,2
18123020,3,9,4,1,11
18123021,10,11,1,9,4
18123022,3,5,11,1,6
18123023,9,3,10,7,2
18123024,9,1,6,7,3
18123025,1,4,5,8,2
18123026,4,7,9,3,8
18123027,7,2,1,5,8
18123028,6,9,3,8,7
18123029,7,1,5,10,8
18123030,8,7,5,11,10
18123031,4,5,8,11,7
18123032,8,6,9,10,7
18123033,1,5,4,9,11
18123034,3,6,10,11,1
18123035,7,6,8,11,9
18123036,2,5,1,3,7
18123037,5,1,6,9,3
18123038,4,2,1,6,8
18123039,6,3,7,2,9
18123040,7,10,5,2,8
18123041,2,5,8,7,11
18123042,3,8,7,4,2
18123043,10,2,6,5,1
18123044,7,11,3,9,10
18123045,9,8,4,6,2
18123046,10,7,2,5,11
18123047,7,1,2,10,3
18123048,3,9,6,4,7
18123049,7,2,11,10,1
18123050,10,7,2,8,4
18123051,11,5,8,9,4
18123052,10,2,9,5,7
18123053,1,10,8,3,9
18123054,8,4,6,2,1
18123055,2,7,6,4,3
18123056,3,10,6,8,1
18123057,5,10,11,3,1
18123058,10,4,6,2,11
18123059,8,11,5,2,10
18123060,10,7,5,6,2
18123061,3,5,10,1,7
18123062,4,3,2,5,10
18123063,10,8,6,5,3
18123064,3,6,1,11,8
18123065,4,2,9,5,1
18123066,3,8,6,2,11
18123067,11,7,9,1,3
18123068,2,6,9,11,4
18123069,5,11,6,7,4
18123070,4,1,7,6,5
18123071,3,4,8,7,6
18123072,10,9,4,8,3
18123073,2,10,7,11,5
18123074,1,7,8,11,4
18123075,7,3,8,2,4
18123076,5,10,2,6,11
18123077,9,4,5,7,11
18123078,1,5,6,3,4
18123079,7,1,2,4,8
18123080,2,1,3,9,5
18123081,11,3,7,8,10
18123082,7,10,11,5,8
18123083,1,11,10,8,4
18123084,10,4,6,5,8
18123085,9,2,6,4,7
18123086,4,3,10,11,7
18123087,2,6,8,5,10
18123101,5,10,7,6,4
18123102,2,7,4,1,6
18123103,8,3,2,10,9
18123104,5,10,9,8,4
18123105,10,4,5,11,8
18123106,9,2,4,8,11
18123107,9,2,8,7,6
18123108,2,7,9,3,8
18123109,7,5,9,10,3
18123110,8,5,11,10,7
18123111,6,2,3,5,8
18123112,6,10,1,2,7
18123113,1,2,9,11,3
18123114,5,9,1,3,11
18123115,2,7,10,1,9
18123116,8,1,4,11,10
18123117,2,1,6,7,4
18123118,3,2,1,6,9
18123119,1,7,2,10,9
18123120,4,5,10,9,7
18123121,11,2,7,9,3
18123122,1,5,11,8,10
18123123,8,1,11,7,9
18123124,10,7,5,8,9
18123125,4,11,9,5,1
18123126,9,7,8,3,11
18123127,5,11,10,6,2
18123128,11,6,5,9,2
18123129,5,9,1,4,6
18123130,4,3,6,2,7
18123131,1,7,9,10,5
18123132,2,5,3,1,4
18123133,3,6,9,4,8
18123134,8,2,9,11,6
18123135,7,5,10,11,3
18123136,11,10,2,7,9
18123137,2,8,7,4,6
18123138,9,2,3,10,7
18123139,7,1,11,2,10
18123140,4,1,9,8,3
18123141,8,6,9,3,11
18123142,8,11,4,1,5
18123143,10,8,9,4,11
18123144,10,4,2,11,1
18123145,3,9,6,10,11
18123146,11,4,3,7,1
18123147,11,5,4,1,8
18123148,10,8,7,3,4
18123149,8,4,3,10,1
18123150,7,5,6,10,4
18123151,10,9,1,8,4
18123152,11,4,10,8,9
18123153,8,10,5,6,2
18123154,9,5,2,1,4
18123155,8,5,6,11,7
18123156,4,6,10,11,2
18123157,1,11,8,2,4
18123158,9,5,7,6,2
18123159,10,7,5,9,11
18123160,4,9,10,5,11
18123161,8,11,7,3,4
18123162,9,3,2,7,10
18123163,10,1,5,4,9
18123164,6,11,4,8,3
18123165,10,11,9,7,2
18123166,5,6,9,11,2
18123167,5,7,6,3,1
18123168,6,1,4,11,2
18123169,6,11,3,5,2
18123170,10,5,3,7,6
18123171,4,2,6,10,11
18123172,2,3,9,8,10
18123173,5,4,6,9,7
18123174,1,10,2,8,7
18123175,2,11,6,1,8
18123176,4,8,2,11,9
18123177,6,4,3,2,10
18123178,4,10,2,7,11
18123179,5,3,1,2,9
18123180,3,11,6,10,1
18123181,10,4,9,6,11
18123182,6,10,8,1,5
18123183,7,5,4,1,10
18123184,10,3,11,8,9
18123185,10,11,7,6,1
18123186,9,8,4,1,7
18123187,7,3,9,11,2
