20080101,10,2,9,6,8
20080102,7,3,1,2,5
20080103,4,6,5,2,10
20080104,10,5,9,11,1
20080105,7,10,6,2,5
20080106,9,11,10,6,8
20080107,11,7,5,2,6
20080108,10,1,2,7,6
20080109,4,11,8,3,1
20080110,5,6,9,3,1
20080111,5,10,9,6,11
20080112,1,2,7,4,9
20080113,7,2,11,10,5
20080114,1,6,2,7,11
20080115,7,8,10,1,5
20080116,8,6,9,1,7
20080117,4,1,9,5,3
20080118,8,7,11,2,1
20080119,11,9,5,7,2
20080120,8,10,4,9,11
20080121,5,7,6,11,8
20080122,2,3,10,11,8
20080123,3,11,8,10,9
20080124,6,10,4,1,5
20080125,1,11,3,4,2
20080126,8,10,4,5,6
20080127,10,6,5,4,9
20080128,5,4,6,1,3
20080129,7,2,10,1,4
20080130,6,8,4,7,2
20080131,6,5,9,10,11
20080132,5,10,9,4,7
20080133,3,10,8,9,7
20080134,9,10,1,8,3
20080135,6,1,3,2,7
20080136,2,5,10,3,11
20080137,6,3,1,9,11
20080138,11,10,6,9,7
20080139,8,9,7,4,3
20080140,10,4,11,6,1
20080141,8,6,5,4,1
20080142,5,11,6,8,2
20080143,10,2,8,1,4
