20100501,1,3,9,5,11
20100502,2,10,8,1,6
20100503,7,8,10,11,3
20100504,4,6,5,1,2
20100505,11,3,1,4,8
20100506,4,2,11,1,9
20100507,2,8,7,6,4
20100508,4,8,2,11,10
20100509,9,8,7,3,6
20100510,9,4,7,6,3
20100511,8,6,3,2,1
20100512,9,4,2,1,6
20100513,1,6,2,11,8
20100514,10,5,8,7,3
20100515,10,3,4,5,2
20100516,1,3,2,8,7
20100517,4,2,7,3,5
20100518,9,2,10,4,1
20100519,7,3,2,9,8
20100520,7,8,11,6,10
20100521,8,10,9,7,4
20100522,2,1,3,9,7
20100523,5,7,3,6,1
20100524,2,10,7,9,4
20100525,11,5,7,10,3
20100526,11,10,4,3,1
20100527,8,4,7,11,1
20100528,5,9,8,3,1
20100529,2,7,4,6,5
20100530,8,3,7,9,6
20100531,7,5,4,6,11
20100532,5,4,1,9,6
20100533,10,8,2,9,11
20100534,9,3,2,8,7
20100535,11,3,5,4,7
20100536,10,5,4,2,3
20100537,10,2,6,3,4
20100538,9,8,5,7,3
20100539,10,5,7,6,2
20100540,4,3,9,2,5
20100541,9,5,7,6,4
20100542,7,3,1,11,6
20100543,6,11,4,10,9
