18010101,9,8,7,5,1
18010102,7,9,1,4,6
18010103,3,4,6,9,8
18010104,4,7,3,10,1
18010105,8,1,10,3,2
18010106,10,7,2,1,8
18010107,9,8,6,5,7
18010108,11,3,9,1,10
18010109,8,6,4,11,7
18010110,5,11,7,8,10
18010111,7,9,2,3,8
18010112,3,4,1,8,2
18010113,11,1,6,9,5
18010114,9,4,10,2,7
18010115,2,1,4,11,6
18010116,5,11,4,10,1
18010117,6,11,9,3,2
18010118,5,11,3,7,6
18010119,4,11,2,7,8
18010120,1,10,5,9,3
18010121,7,10,2,11,3
18010122,11,10,3,6,4
18010123,11,8,2,7,5
18010124,10,8,9,6,3
18010125,7,3,8,2,1
18010126,3,9,2,8,6
18010127,1,9,3,11,7
18010128,10,7,3,2,4
18010129,9,5,2,10,1
18010130,5,9,3,8,11
18010131,6,2,1,9,10
18010132,11,7,4,5,2
18010133,2,6,9,10,5
18010134,2,4,6,1,5
18010135,5,10,3,8,1
18010136,1,5,2,4,11
18010137,6,7,10,9,8
18010138,6,11,8,7,1
18010139,2,3,8,1,4
18010140,6,11,2,5,7
18010141,1,3,8,2,10
18010142,2,3,11,10,5
18010143,10,5,9,8,1
18010144,11,2,7,1,5
18010145,7,9,3,1,4
18010146,10,7,4,3,9
18010147,3,11,2,8,6
18010148,11,2,4,10,7
18010149,7,6,11,2,10
18010150,1,7,10,5,6
18010151,8,4,3,10,1
18010152,1,9,6,2,10
18010153,10,1,7,2,11
18010154,3,7,5,1,9
18010155,3,1,2,4,7
18010156,9,11,10,7,4
18010157,5,7,8,2,6
18010158,9,6,3,5,11
18010159,8,11,9,5,10
18010160,2,4,8,6,7
18010161,11,1,9,3,2
18010162,7,4,2,11,6
18010163,6,8,11,1,7
18010164,9,2,1,4,8
18010165,7,8,4,10,6
18010166,11,7,3,10,1
18010167,2,3,1,10,9
18010168,5,6,9,3,10
18010169,11,2,6,4,9
18010170,8,10,7,1,6
18010171,4,8,3,5,10
18010172,5,4,6,7,9
18010173,8,3,11,4,9
18010174,1,5,4,10,8
18010175,8,6,3,9,7
18010176,11,3,4,2,7
18010177,5,11,4,2,10
18010178,2,5,1,9,4
18010179,6,8,2,10,7
18010180,1,5,2,11,10
18010181,1,5,6,2,11
18010182,4,7,6,3,8
18010183,5,11,7,4,6
18010184,7,8,1,3,2
18010185,7,6,11,8,1
18010186,11,3,7,2,1
18010187,8,5,4,9,1
18010201,10,5,6,9,3
18010202,8,3,11,2,6
18010203,8,10,11,6,3
18010204,8,1,6,10,4
18010205,4,2,6,5,3
18010206,3,8,4,6,7
18010207,9,8,5,6,1
18010208,6,4,5,2,11
18010209,7,5,11,4,2
18010210,3,11,6,9,10
18010211,4,11,2,7,6
18010212,2,5,10,7,4
18010213,7,8,10,1,9
18010214,10,3,1,4,7
18010215,2,6,7,5,8
18010216,6,1,4,5,3
18010217,2,3,8,11,7
18010218,1,8,7,2,9
18010219,9,5,6,2,4
18010220,3,1,10,5,8
18010221,1,3,6,10,7
18010222,8,3,4,7,10
18010223,11,4,8,2,1
18010224,3,9,2,11,6
18010225,1,7,11,3,9
18010226,6,11,4,8,7
18010227,2,4,11,8,1
18010228,11,3,7,6,8
18010229,2,4,11,8,5
18010230,2,8,3,1,9
18010231,3,8,9,11,2
18010232,9,1,3,4,5
18010233,11,2,8,9,4
18010234,10,11,4,3,1
18010235,4,1,8,10,9
18010236,3,10,1,7,6
18010237,7,6,2,1,4
18010238,6,10,1,7,2
18010239,10,5,6,3,1
18010240,7,2,1,5,11
18010241,8,6,9,11,1
18010242,4,9,1,5,2
18010243,3,2,1,8,6
18010244,11,9,4,8,3
18010245,9,10,2,4,11
18010246,11,8,5,6,9
18010247,5,3,6,1,8
18010248,5,1,6,3,10
18010249,6,7,11,3,10
18010250,6,11,1,4,7
18010251,2,9,6,11,5
18010252,11,7,10,6,9
18010253,2,3,8,1,9
18010254,6,4,11,1,3
18010255,3,9,6,7,4
18010256,2,10,5,6,1
18010257,1,5,4,3,11
18010258,4,6,1,5,3
18010259,8,1,3,2,11
18010260,8,4,6,9,5
18010261,7,6,2,11,1
18010262,7,1,6,11,2
18010263,6,4,8,10,7
18010264,1,10,4,8,2
18010265,4,5,9,1,3
18010266,11,4,6,5,9
18010267,3,10,1,7,8
18010268,8,11,4,2,7
18010269,11,7,6,5,3
18010270,8,4,3,7,11
18010271,11,8,6,2,1
18010272,5,6,7,9,2
18010273,3,5,11,9,2
18010274,6,8,7,11,10
18010275,9,11,10,1,4
18010276,3,4,11,1,9
18010277,2,4,7,9,1
18010278,2,1,10,5,6
18010279,4,6,1,2,11
18010280,6,8,7,3,9
18010281,10,7,9,8,6
18010282,9,1,4,3,5
18010283,7,1,4,8,11
18010284,5,1,7,2,3
18010285,8,11,7,6,10
18010286,8,3,9,7,1
18010287,2,7,8,5,1
18010301,8,6,9,4,10
18010302,3,1,10,7,6
18010303,3,1,9,10,5
18010304,8,1,10,5,6
18010305,3,7,10,8,5
18010306,6,5,2,9,1
18010307,8,6,9,2,3
18010308,6,4,10,11,3
18010309,3,9,6,5,4
18010310,4,5,3,10,1
18010311,11,7,10,3,8
18010312,5,4,2,11,9
18010313,11,5,6,10,8
18010314,7,11,2,1,6
18010315,4,11,8,5,10
18010316,2,4,10,6,11
18010317,3,11,7,1,2
18010318,10,7,5,11,9
18010319,8,2,6,1,3
18010320,4,8,6,2,10
18010321,3,2,4,9,6
18010322,1,9,8,7,6
18010323,5,9,10,6,1
18010324,1,2,7,8,3
18010325,3,7,9,8,11
18010326,4,6,11,10,8
18010327,9,6,2,8,1
18010328,10,9,6,8,1
18010329,5,2,9,11,10
18010330,1,4,10,2,11
18010331,7,8,6,11,2
18010332,4,6,7,9,10
18010333,11,7,5,8,2
18010334,11,6,7,1,3
18010335,1,6,2,10,7
18010336,6,5,3,10,8
18010337,9,8,11,6,1
18010338,2,3,5,4,6
18010339,6,1,3,8,7
18010340,10,1,8,4,2
18010341,9,5,3,7,6
18010342,3,2,8,5,1
18010343,9,7,5,11,8
18010344,5,9,4,6,8
18010345,9,10,6,1,11
18010346,5,3,2,9,8
18010347,5,2,4,11,3
18010348,3,1,4,10,5
18010349,6,5,3,9,11
18010350,4,3,7,9,1
18010351,5,8,7,11,3
18010352,7,9,1,11,10
18010353,1,11,9,5,8
18010354,8,11,4,7,1
18010355,8,3,7,4,10
18010356,1,8,2,3,10
18010357,5,8,4,2,11
18010358,2,10,9,6,8
18010359,3,2,6,8,11
18010360,2,5,10,1,7
18010361,6,7,5,10,8
18010362,6,3,1,10,2
18010363,10,3,8,6,2
18010364,1,2,4,9,10
18010365,11,9,10,2,3
18010366,1,7,2,6,10
18010367,9,6,3,11,8
18010368,11,8,6,9,7
18010369,8,9,4,2,3
18010370,8,7,3,2,9
18010371,5,11,7,4,9
18010372,4,6,1,11,5
18010373,1,9,7,6,3
18010374,1,9,6,5,4
18010375,2,5,8,7,9
18010376,6,2,5,1,10
18010377,2,7,9,5,11
18010378,2,5,9,6,4
18010379,1,6,7,11,2
18010380,1,7,4,8,5
18010381,9,8,11,10,4
18010382,9,2,6,5,4
18010383,11,9,3,6,8
18010384,8,6,9,5,10
18010385,1,6,9,3,8
18010386,2,10,8,3,9
18010387,9,5,1,7,3
18010401,3,5,6,8,7
18010402,6,10,3,4,11
18010403,1,6,10,2,7
18010404,4,3,2,7,5
18010405,11,9,6,1,7
18010406,8,5,9,1,2
18010407,5,6,10,9,11
18010408,11,8,2,4,10
18010409,10,9,7,5,2
18010410,8,9,3,6,7
18010411,11,6,9,2,3
18010412,4,7,3,9,1
18010413,6,9,4,10,11
18010414,4,6,8,11,7
18010415,10,3,8,6,1
18010416,5,9,4,2,11
18010417,8,3,10,6,11
18010418,11,1,5,7,6
18010419,2,3,4,6,5
18010420,5,11,10,8,7
18010421,3,2,9,5,11
18010422,2,3,8,9,5
18010423,2,4,7,11,6
18010424,6,4,7,5,10
18010425,7,10,5,9,6
18010426,6,7,11,5,1
18010427,7,5,10,11,3
18010428,7,3,4,8,9
18010429,9,5,2,6,3
18010430,5,4,8,2,9
18010431,2,1,9,7,4
18010432,3,1,11,9,2
18010433,8,11,1,6,9
18010434,2,7,1,4,9
18010435,3,8,4,5,2
18010436,4,5,10,3,11
18010437,7,8,10,6,11
18010438,2,9,6,10,8
18010439,6,7,8,1,4
18010440,6,10,11,9,3
18010441,6,11,10,5,1
18010442,9,11,7,5,2
18010443,8,5,7,10,1
18010444,4,9,1,8,7
18010445,4,10,8,7,6
18010446,6,11,2,8,3
18010447,5,7,11,8,4
18010448,8,2,3,10,7
18010449,11,2,8,4,7
18010450,4,6,2,8,11
18010451,7,11,8,5,2
18010452,6,10,7,5,8
18010453,8,10,11,4,5
18010454,5,9,2,8,6
18010455,2,7,6,10,8
18010456,7,10,5,6,3
18010457,8,11,9,7,5
18010458,4,5,3,6,11
18010459,4,11,7,2,6
18010460,7,11,3,4,10
18010461,9,7,1,4,3
18010462,1,2,6,8,7
18010463,2,9,7,5,8
18010464,2,4,7,8,10
18010465,10,6,5,4,2
18010466,3,8,7,11,6
18010467,9,8,6,1,5
18010468,1,8,6,9,5
18010469,10,11,9,6,4
18010470,4,6,1,7,10
18010471,6,2,8,9,11
18010472,11,5,7,9,4
18010473,11,3,1,2,8
18010474,1,7,10,3,11
18010475,8,11,10,3,4
18010476,10,8,6,5,11
18010477,10,7,8,1,4
18010478,6,2,10,1,8
18010479,1,9,7,11,4
18010480,7,8,10,1,11
18010481,8,4,7,10,2
18010482,11,7,9,2,6
18010483,3,1,6,11,8
18010484,5,11,7,2,4
18010485,5,3,10,1,9
18010486,7,10,3,4,5
18010487,3,11,4,2,10
18010501,3,10,1,9,5
18010502,8,5,6,10,11
18010503,8,4,9,2,3
18010504,5,3,4,7,8
18010505,4,8,1,9,2
18010506,5,1,8,3,6
18010507,3,7,9,6,4
18010508,1,9,7,5,8
18010509,8,3,4,5,2
18010510,8,7,9,11,5
18010511,2,3,8,10,7
18010512,2,1,8,4,9
18010513,5,6,10,8,1
18010514,3,6,2,9,4
18010515,5,7,9,1,10
18010516,9,10,11,2,6
18010517,5,2,4,3,1
18010518,11,7,1,8,4
18010519,3,11,9,10,2
18010520,3,2,5,1,7
18010521,1,8,11,3,5
18010522,11,2,5,3,1
18010523,9,5,1,4,7
18010524,11,1,2,8,7
18010525,9,10,4,7,1
18010526,6,3,2,11,8
18010527,3,10,6,9,4
18010528,10,8,4,7,5
18010529,5,6,11,8,10
18010530,8,9,7,4,6
18010531,9,7,11,8,6
18010532,4,6,9,1,3
18010533,8,10,4,11,2
18010534,4,5,2,11,10
18010535,2,8,10,6,4
18010536,10,8,7,3,11
18010537,11,5,7,3,2
18010538,10,11,4,2,3
18010539,3,8,10,4,11
18010540,11,10,8,1,4
18010541,9,7,8,3,6
18010542,1,7,10,9,3
18010543,6,8,5,11,2
18010544,7,2,5,6,10
18010545,11,2,9,1,7
18010546,5,11,2,7,1
18010547,5,9,3,8,4
18010548,2,7,1,11,9
18010549,9,1,2,10,6
18010550,11,10,2,4,6
18010551,6,5,4,7,8
18010552,9,10,8,3,1
18010553,1,8,3,11,5
18010554,10,6,7,5,2
18010555,1,10,6,4,2
18010556,11,4,7,6,10
18010557,1,2,4,5,3
18010558,5,4,10,7,9
18010559,6,11,3,1,4
18010560,1,5,7,4,10
18010561,5,11,4,7,9
18010562,8,11,4,10,1
18010563,11,8,6,3,5
18010564,8,6,11,10,7
18010565,10,7,11,2,9
18010566,6,4,10,2,8
18010567,3,6,4,7,1
18010568,6,11,9,7,2
18010569,7,2,6,1,8
18010570,5,9,8,6,10
18010571,7,8,1,9,11
18010572,8,10,3,6,5
18010573,4,10,11,6,1
18010574,2,10,11,7,6
18010575,11,5,4,8,2
18010576,2,5,6,11,3
18010577,8,7,1,2,11
18010578,10,3,4,8,2
18010579,7,9,4,2,3
18010580,4,3,9,6,11
18010581,5,10,6,7,2
18010582,3,11,1,9,10
18010583,3,5,10,2,4
18010584,9,7,10,8,3
18010585,11,3,7,4,8
18010586,11,6,9,2,8
18010587,3,5,11,9,1
18010601,1,2,7,5,9
18010602,2,8,11,10,9
18010603,5,2,4,11,1
18010604,2,6,9,4,10
18010605,1,5,9,7,4
18010606,7,6,10,1,8
18010607,1,7,2,9,6
18010608,5,7,4,2,3
18010609,11,4,6,5,3
18010610,4,8,3,6,10
18010611,4,8,3,7,10
18010612,4,3,10,9,5
18010613,8,10,4,9,6
18010614,10,3,5,8,2
18010615,8,2,1,9,3
18010616,3,10,6,8,7
18010617,6,10,3,5,11
18010618,1,11,7,10,9
18010619,2,7,4,10,6
18010620,5,4,7,2,1
18010621,7,5,4,6,11
18010622,6,2,9,3,5
18010623,7,11,3,9,8
18010624,9,11,10,3,5
18010625,7,2,6,8,1
18010626,7,5,8,3,11
18010627,9,10,4,5,8
18010628,8,5,10,11,3
18010629,10,1,3,5,7
18010630,4,9,6,10,2
18010631,3,8,9,6,1
18010632,3,8,11,2,1
18010633,2,7,3,11,1
18010634,6,8,3,7,11
18010635,10,6,8,9,7
18010636,9,5,10,11,6
18010637,6,4,10,3,9
18010638,10,9,6,2,7
18010639,4,7,10,1,8
18010640,5,7,6,9,2
18010641,3,2,7,10,4
18010642,4,11,8,1,2
18010643,11,3,2,5,10
18010644,2,11,1,4,5
18010645,6,3,9,1,11
18010646,7,8,2,10,9
18010647,7,1,6,11,3
18010648,11,2,9,5,3
18010649,3,10,8,9,2
18010650,8,3,1,6,5
18010651,8,5,7,11,6
18010652,6,1,10,4,7
18010653,11,10,7,2,9
18010654,2,4,8,9,1
18010655,11,4,9,10,8
18010656,9,4,8,3,6
18010657,6,5,3,2,8
18010658,1,6,7,10,4
18010659,2,1,5,10,3
18010660,2,1,6,8,9
18010661,5,11,9,7,4
18010662,9,5,2,3,8
18010663,9,8,11,1,6
18010664,11,8,5,6,3
18010665,5,7,6,9,1
18010666,5,7,2,3,11
18010667,5,9,6,3,7
18010668,4,11,2,8,7
18010669,9,7,5,4,11
18010670,6,11,7,4,8
18010671,9,8,6,4,3
18010672,4,11,2,6,9
18010673,2,5,4,11,9
18010674,10,7,4,3,5
18010675,3,10,6,11,1
18010676,1,10,6,3,5
18010677,10,3,4,2,5
18010678,10,1,5,6,3
18010679,4,11,5,6,2
18010680,8,7,4,2,1
18010681,3,7,9,8,11
18010682,9,4,7,6,2
18010683,5,2,10,4,7
18010684,7,2,5,10,4
18010685,10,3,4,9,5
18010686,3,4,7,1,9
18010687,10,7,11,4,8
18010701,10,1,9,3,6
18010702,7,3,5,2,11
18010703,11,4,5,10,7
18010704,11,8,9,7,1
18010705,8,2,5,10,1
18010706,3,5,2,4,1
18010707,9,7,3,8,6
18010708,3,1,10,5,9
18010709,10,1,5,8,7
18010710,11,6,5,4,1
18010711,9,5,3,6,8
18010712,9,10,6,5,7
18010713,9,7,6,2,8
18010714,5,4,6,9,10
18010715,9,8,10,7,3
18010716,3,11,8,10,6
18010717,11,8,2,3,9
18010718,2,1,7,8,10
18010719,4,3,10,6,2
18010720,8,5,9,2,3
18010721,2,5,4,7,6
18010722,4,8,3,5,1
18010723,5,4,8,3,7
18010724,1,5,10,6,3
18010725,4,7,3,10,5
18010726,9,8,4,11,2
18010727,4,11,7,3,8
18010728,3,5,9,10,4
18010729,7,1,4,10,8
18010730,9,11,6,3,5
18010731,11,3,1,5,7
18010732,2,9,6,5,1
18010733,7,10,9,11,2
18010734,8,1,3,6,4
18010735,11,8,7,5,2
18010736,6,3,8,7,1
18010737,3,10,5,6,7
18010738,11,7,8,4,1
18010739,6,1,2,5,9
18010740,7,5,8,10,11
18010741,3,5,6,1,10
18010742,10,5,4,1,6
18010743,1,2,9,6,7
18010744,6,11,10,3,2
18010745,4,2,10,3,8
18010746,10,8,11,4,1
18010747,8,1,3,10,11
18010748,6,1,9,4,2
18010749,2,9,7,8,4
18010750,6,1,11,3,7
18010751,7,11,5,10,4
18010752,7,8,5,6,10
18010753,5,4,6,1,7
18010754,4,7,3,11,2
18010755,1,11,9,6,7
18010756,11,8,2,6,1
18010757,11,6,1,5,4
18010758,6,7,10,11,9
18010759,7,11,10,9,4
18010760,9,3,11,5,10
18010761,6,9,3,5,7
18010762,3,8,1,4,10
18010763,4,7,10,11,8
18010764,9,2,6,1,7
18010765,1,9,7,10,6
18010766,7,2,1,4,8
18010767,2,5,4,9,6
18010768,4,10,8,7,6
18010769,11,1,8,5,3
18010770,2,6,11,3,5
18010771,7,6,1,4,11
18010772,5,9,2,3,6
18010773,1,3,11,7,5
18010774,11,7,2,8,1
18010775,11,10,6,8,1
18010776,11,7,5,6,1
18010777,1,10,11,7,4
18010778,11,1,4,5,8
18010779,1,3,8,9,7
18010780,4,2,6,10,9
18010781,2,7,1,9,5
18010782,11,10,2,4,1
18010783,11,8,6,10,7
18010784,4,1,11,8,3
18010785,10,11,8,5,1
18010786,4,7,6,1,5
18010787,2,11,9,6,3
18010801,3,7,8,6,5
18010802,7,5,3,10,1
18010803,1,8,6,9,4
18010804,7,4,9,11,6
18010805,4,7,6,2,5
18010806,7,8,3,11,9
18010807,8,7,9,1,2
18010808,4,9,5,7,10
18010809,7,9,6,11,1
18010810,7,9,5,3,2
18010811,4,5,3,2,8
18010812,2,7,4,3,6
18010813,10,4,3,1,6
18010814,4,7,11,1,2
18010815,3,8,1,2,11
18010816,2,11,7,5,8
18010817,7,2,3,9,11
18010818,3,4,1,8,5
18010819,11,9,7,8,5
18010820,2,6,9,8,1
18010821,9,7,10,2,6
18010822,4,6,7,11,2
18010823,7,2,8,10,3
18010824,1,6,10,7,9
18010825,6,8,9,10,11
18010826,10,1,2,5,7
18010827,9,7,6,10,2
18010828,2,10,1,8,3
18010829,5,4,1,7,8
18010830,5,8,7,1,2
18010831,4,6,11,5,2
18010832,1,3,5,2,4
18010833,2,11,4,1,8
18010834,7,10,11,9,6
18010835,3,6,9,10,4
18010836,4,5,11,9,1
18010837,10,6,9,4,5
18010838,1,10,5,3,4
18010839,11,10,2,5,3
18010840,8,1,4,6,2
18010841,5,6,10,8,9
18010842,5,10,8,11,2
18010843,11,7,3,6,1
18010844,11,8,9,4,7
18010845,7,2,10,5,1
18010846,10,6,4,11,1
18010847,2,1,9,8,4
18010848,10,8,6,9,7
18010849,2,11,6,9,4
18010850,7,9,4,1,8
18010851,4,8,9,7,1
18010852,10,5,2,3,8
18010853,10,6,2,3,11
18010854,9,8,4,3,2
18010855,10,4,5,8,2
18010856,8,1,2,10,7
18010857,11,4,3,8,6
18010858,10,8,4,2,9
18010859,4,8,6,9,1
18010860,9,11,2,5,1
18010861,11,2,3,7,10
18010862,4,7,10,6,3
18010863,7,2,1,5,11
18010864,5,10,1,7,11
18010865,8,3,1,9,2
18010866,7,11,4,9,2
18010867,1,8,10,2,7
18010868,3,9,2,4,1
18010869,6,11,4,1,7
18010870,2,3,1,11,6
18010871,10,1,6,5,8
18010872,1,6,10,3,9
18010873,3,10,2,1,9
18010874,9,2,6,11,10
18010875,11,4,9,10,3
18010876,1,10,4,6,2
18010877,1,11,6,9,2
18010878,1,6,10,4,8
18010879,10,8,4,5,6
18010880,2,9,3,8,6
18010881,2,10,1,8,3
18010882,10,5,9,7,3
18010883,7,6,5,2,8
18010884,1,5,4,7,2
18010885,2,11,4,9,3
18010886,4,10,1,5,6
18010887,6,8,5,4,10
18010901,6,10,5,2,7
18010902,1,10,9,3,6
18010903,4,2,7,1,5
18010904,1,5,2,7,8
18010905,3,5,8,10,1
18010906,11,4,10,1,3
18010907,11,6,4,8,7
18010908,10,9,6,11,1
18010909,3,5,1,8,10
18010910,2,7,8,9,10
18010911,10,5,8,2,1
18010912,4,2,11,7,3
18010913,2,8,7,9,11
18010914,9,11,5,10,7
18010915,8,1,6,11,10
18010916,8,4,3,11,2
18010917,7,1,6,3,10
18010918,3,1,4,10,7
18010919,1,11,10,5,7
18010920,5,6,7,8,9
18010921,8,7,3,4,2
18010922,10,8,9,4,1
18010923,4,9,8,2,3
18010924,8,4,6,11,1
18010925,2,4,5,11,1
18010926,2,8,5,6,9
18010927,10,11,4,8,1
18010928,1,2,5,4,7
18010929,5,3,6,10,8
18010930,9,3,8,11,4
18010931,11,10,7,9,5
18010932,6,1,9,7,8
18010933,8,6,7,1,2
18010934,5,6,11,1,7
18010935,8,11,7,10,6
18010936,3,4,10,6,2
18010937,8,9,2,6,7
18010938,7,10,2,11,6
18010939,10,2,6,8,7
18010940,1,2,8,5,3
18010941,11,8,5,2,10
18010942,6,8,7,3,1
18010943,11,5,1,3,2
18010944,2,3,8,4,7
18010945,5,10,11,8,4
18010946,2,1,5,8,4
18010947,6,8,3,1,5
18010948,4,1,10,7,6
18010949,2,6,3,9,4
18010950,11,3,7,6,5
18010951,11,1,6,4,8
18010952,1,6,9,8,3
18010953,6,5,11,2,10
18010954,2,10,9,3,1
18010955,4,8,10,3,9
18010956,11,10,7,8,9
18010957,4,2,11,5,3
18010958,9,6,1,5,8
18010959,10,2,5,9,11
18010960,1,4,2,6,9
18010961,6,1,9,4,8
18010962,5,4,8,1,3
18010963,1,5,6,10,4
18010964,7,2,6,8,11
18010965,1,9,3,7,8
18010966,7,3,11,6,1
18010967,10,7,6,5,2
18010968,4,10,11,8,9
18010969,11,4,10,6,8
18010970,7,4,8,1,3
18010971,2,3,11,5,10
18010972,4,9,11,10,6
18010973,1,10,3,9,8
18010974,11,7,6,8,3
18010975,6,4,9,3,1
18010976,8,6,10,5,2
18010977,4,7,10,11,8
18010978,2,11,4,1,8
18010979,6,2,5,1,3
18010980,8,4,11,9,10
18010981,3,6,5,9,10
18010982,1,9,3,4,2
18010983,7,6,2,11,3
18010984,11,5,10,7,8
18010985,4,7,2,3,9
18010986,10,3,2,8,6
18010987,5,1,8,7,2
18011001,2,1,8,4,5
18011002,1,6,2,7,4
18011003,5,11,1,10,6
18011004,8,11,6,10,2
18011005,10,9,5,4,1
18011006,2,9,10,7,1
18011007,2,8,7,11,5
18011008,9,4,2,1,7
18011009,4,5,6,11,10
18011010,7,3,2,9,8
18011011,5,10,2,9,6
18011012,1,6,3,4,7
18011013,11,1,6,3,2
18011014,1,11,5,9,7
18011015,6,2,3,4,9
18011016,4,3,2,8,1
18011017,3,10,2,6,5
18011018,5,3,7,6,4
18011019,8,2,6,11,9
18011020,4,10,5,11,2
18011021,4,2,7,10,6
18011022,5,1,7,8,2
18011023,9,8,7,5,2
18011024,8,9,6,10,7
18011025,5,10,1,8,4
18011026,11,9,1,8,4
18011027,10,8,3,7,5
18011028,4,7,3,8,5
18011029,2,8,6,11,10
18011030,7,9,11,10,3
18011031,8,6,2,5,4
18011032,3,8,6,1,9
18011033,11,8,7,2,1
18011034,9,1,2,6,10
18011035,2,6,4,11,10
18011036,10,9,2,5,3
18011037,6,10,4,5,3
18011038,9,7,11,5,2
18011039,11,5,4,3,1
18011040,6,5,2,9,10
18011041,6,8,7,1,4
18011042,6,11,9,3,5
18011043,6,3,1,8,2
18011044,1,6,8,11,5
18011045,7,6,1,11,8
18011046,5,7,4,9,1
18011047,7,2,10,8,1
18011048,3,5,6,9,8
18011049,3,10,4,8,9
18011050,6,10,1,4,3
18011051,11,3,7,9,4
18011052,10,6,11,3,7
18011053,10,4,3,2,11
18011054,3,8,11,6,1
18011055,9,4,1,7,5
18011056,11,8,4,5,10
18011057,6,10,7,3,11
18011058,6,9,8,2,10
18011059,5,2,7,3,11
18011060,6,1,2,4,8
18011061,5,11,10,3,8
18011062,2,5,3,1,8
18011063,2,9,6,4,5
18011064,4,3,11,7,9
18011065,9,4,7,11,10
18011066,5,3,6,10,9
18011067,8,2,1,6,3
18011068,9,11,2,6,1
18011069,10,2,6,1,3
18011070,8,2,9,6,5
18011071,7,9,1,8,6
18011072,5,7,3,11,6
18011073,3,2,10,8,7
18011074,8,10,11,5,9
18011075,9,7,10,3,6
18011076,11,7,10,8,2
18011077,1,5,8,3,7
18011078,1,3,7,6,11
18011079,3,1,9,4,5
18011080,2,9,6,8,3
18011081,11,2,6,7,4
18011082,4,10,1,6,5
18011083,6,1,4,8,10
18011084,4,3,6,2,8
18011085,11,5,3,2,8
18011086,10,1,8,9,3
18011087,1,7,9,8,6
18011101,10,9,7,1,3
18011102,2,1,3,8,5
18011103,6,11,7,8,2
18011104,2,1,6,4,9
18011105,2,4,11,10,5
18011106,5,10,9,11,1
18011107,4,8,3,5,9
18011108,11,10,7,1,4
18011109,10,1,9,7,2
18011110,6,7,10,1,4
18011111,3,9,4,7,5
18011112,2,7,5,8,6
18011113,11,1,9,4,8
18011114,2,4,3,11,1
18011115,3,9,10,7,8
18011116,8,2,7,6,11
18011117,7,2,4,5,6
18011118,6,4,2,7,1
18011119,3,6,11,10,5
18011120,9,4,11,2,7
18011121,2,7,5,10,4
18011122,2,8,7,5,1
18011123,5,6,1,9,3
18011124,7,8,5,11,10
18011125,5,2,9,8,3
18011126,5,8,6,2,11
18011127,5,3,6,10,11
18011128,5,4,10,6,1
18011129,9,2,6,11,1
18011130,6,9,3,5,7
18011131,4,7,5,3,9
18011132,10,11,5,9,2
18011133,1,9,5,7,2
18011134,6,9,8,5,2
18011135,7,10,11,3,4
18011136,6,7,8,3,4
18011137,5,10,4,6,2
18011138,7,3,8,6,11
18011139,11,2,3,6,8
18011140,10,5,1,11,8
18011141,7,8,5,3,6
18011142,11,10,1,3,9
18011143,7,2,9,10,8
18011144,6,9,1,4,8
18011145,7,3,1,5,8
18011146,8,4,5,9,7
18011147,8,11,10,1,7
18011148,1,5,10,9,7
18011149,10,4,11,3,5
18011150,11,8,6,10,3
18011151,3,1,5,6,7
18011152,8,4,5,2,3
18011153,3,5,9,6,11
18011154,1,7,9,3,5
18011155,11,5,10,6,4
18011156,1,5,3,6,4
18011157,3,1,6,2,7
18011158,5,6,11,9,8
18011159,10,3,8,7,9
18011160,4,5,10,7,11
18011161,6,9,8,1,3
18011162,2,4,7,9,11
18011163,5,6,10,2,9
18011164,6,7,4,5,3
18011165,10,7,9,6,4
18011166,3,1,11,9,2
18011167,8,10,7,5,9
18011168,2,11,9,4,3
18011169,7,3,11,2,9
18011170,9,3,7,5,11
18011171,11,2,6,1,8
18011172,1,3,9,10,8
18011173,9,3,8,5,11
18011174,2,10,8,11,7
18011175,1,4,3,9,6
18011176,10,1,9,4,6
18011177,5,8,4,6,7
18011178,6,7,10,11,9
18011179,1,8,4,2,7
18011180,1,7,6,3,4
18011181,10,8,3,4,2
18011182,8,3,5,1,7
18011183,10,5,2,4,6
18011184,3,2,4,10,6
18011185,11,7,5,1,8
18011186,4,11,7,3,1
18011187,8,6,7,3,11
18011201,9,3,5,1,8
18011202,6,3,4,7,9
18011203,9,1,5,4,8
18011204,7,4,5,8,2
18011205,6,9,10,1,11
18011206,9,10,8,4,11
18011207,7,8,2,10,4
18011208,1,3,10,11,7
18011209,1,8,2,7,10
18011210,5,10,4,2,6
18011211,1,6,9,10,3
18011212,3,6,9,11,1
18011213,7,9,8,10,5
18011214,6,8,3,7,5
18011215,6,1,5,10,11
18011216,11,7,10,4,3
18011217,10,11,7,1,4
18011218,3,11,6,5,8
18011219,6,10,1,9,2
18011220,9,7,3,2,11
18011221,1,11,4,3,10
18011222,3,2,11,4,1
18011223,3,9,5,1,6
18011224,1,6,4,2,11
18011225,9,8,6,1,11
18011226,3,11,5,7,4
18011227,8,3,1,2,11
18011228,9,1,4,2,11
18011229,2,8,10,11,3
18011230,8,5,11,3,9
18011231,11,9,2,6,10
18011232,4,3,2,11,10
18011233,4,8,6,10,11
18011234,3,5,4,11,7
18011235,11,10,8,6,4
18011236,2,8,4,9,1
18011237,2,1,11,6,3
18011238,7,6,4,10,9
18011239,6,7,2,10,11
18011240,1,3,11,7,4
18011241,8,7,6,5,4
18011242,5,11,8,9,2
18011243,1,2,8,3,7
18011244,7,1,3,4,9
18011245,5,6,10,8,7
18011246,9,2,7,6,1
18011247,2,4,8,5,6
18011248,9,4,8,5,1
18011249,10,5,6,4,7
18011250,11,7,10,2,4
18011251,2,4,6,3,7
18011252,6,11,9,1,10
18011253,5,9,8,2,10
18011254,4,5,3,11,2
18011255,3,11,1,7,9
18011256,1,2,7,6,8
18011257,8,2,11,9,3
18011258,8,5,6,1,7
18011259,2,9,4,1,5
18011260,1,10,6,7,2
18011261,2,8,5,6,1
18011262,3,9,11,1,5
18011263,10,3,1,2,9
18011264,10,1,3,4,2
18011265,7,4,11,9,5
18011266,1,10,6,11,4
18011267,10,2,11,3,6
18011268,11,3,5,9,4
18011269,1,5,4,11,9
18011270,11,2,6,8,1
18011271,10,7,2,8,5
18011272,8,3,10,4,6
18011273,10,8,4,7,9
18011274,2,9,4,6,7
18011275,7,4,6,10,8
18011276,2,5,10,6,11
18011277,4,8,11,3,6
18011278,8,5,10,3,11
18011279,4,11,3,5,9
18011280,3,9,1,4,5
18011281,3,10,5,6,4
18011282,5,7,3,6,10
18011283,4,3,7,9,11
18011284,6,8,5,2,1
18011285,4,1,8,6,5
18011286,4,10,2,6,7
18011287,5,11,6,7,2
18011301,4,10,2,5,8
18011302,4,3,8,9,11
18011303,6,11,1,2,9
18011304,2,8,1,4,10
18011305,1,9,4,7,6
18011306,6,7,10,9,5
18011307,4,7,5,11,8
18011308,3,7,2,10,5
18011309,9,4,11,5,7
18011310,11,5,9,7,3
18011311,5,6,4,11,1
18011312,3,9,4,2,6
18011313,5,6,7,4,10
18011314,9,1,5,11,4
18011315,3,8,2,1,6
18011316,2,6,7,10,4
18011317,3,4,2,5,10
18011318,10,8,2,6,9
18011319,3,4,6,2,8
18011320,6,4,8,7,3
18011321,4,1,9,10,11
18011322,11,6,4,3,5
18011323,6,4,9,11,5
18011324,8,1,3,9,10
18011325,6,5,4,8,1
18011326,9,6,2,11,1
18011327,3,7,8,11,10
18011328,11,2,8,3,9
18011329,9,7,1,3,8
18011330,1,11,7,3,4
18011331,9,3,6,8,1
18011332,9,8,11,7,10
18011333,2,5,9,3,7
18011334,4,1,3,10,9
18011335,5,2,6,8,1
18011336,6,9,2,7,5
18011337,1,6,8,11,4
18011338,7,11,2,1,8
18011339,11,10,8,1,2
18011340,11,6,1,9,10
18011341,10,2,11,7,8
18011342,1,10,4,6,8
18011343,8,1,11,6,7
18011344,9,2,4,11,10
18011345,8,11,3,6,4
18011346,4,10,8,2,11
18011347,11,7,4,3,9
18011348,9,2,5,8,3
18011349,5,6,2,11,7
18011350,5,10,8,1,3
18011351,2,8,5,3,7
18011352,7,2,1,5,11
18011353,2,1,10,5,4
18011354,1,4,7,9,5
18011355,3,11,6,2,1
18011356,7,9,8,6,5
18011357,10,4,5,3,7
18011358,11,7,1,5,3
18011359,9,11,1,6,4
18011360,5,9,2,11,8
18011361,4,5,10,3,1
18011362,7,9,4,5,1
18011363,9,3,8,11,6
18011364,6,2,3,5,1
18011365,5,8,7,3,10
18011366,2,5,6,10,3
18011367,8,11,2,5,3
18011368,7,9,11,3,2
18011369,6,1,4,5,7
18011370,6,7,4,1,8
18011371,6,3,9,7,11
18011372,2,1,9,10,7
18011373,10,9,11,1,5
18011374,4,3,6,11,8
18011375,11,10,6,1,5
18011376,6,9,2,3,1
18011377,11,10,9,3,2
18011378,7,4,2,11,9
18011379,8,4,5,11,6
18011380,10,1,8,9,4
18011381,4,5,1,11,7
18011382,5,1,2,9,4
18011383,8,10,9,1,7
18011384,10,4,8,6,7
18011385,1,10,9,11,4
18011386,1,4,5,10,11
18011387,1,9,5,8,10
18011401,6,11,2,10,5
18011402,1,3,11,4,8
18011403,6,4,2,11,3
18011404,2,5,7,10,8
18011405,6,2,5,3,9
18011406,8,5,6,2,11
18011407,6,8,4,7,3
18011408,2,6,10,8,1
18011409,3,7,9,2,8
18011410,1,10,6,5,4
18011411,10,4,1,11,6
18011412,6,1,8,9,10
18011413,4,9,11,10,3
18011414,2,4,9,10,6
18011415,7,11,6,3,8
18011416,4,5,9,3,10
18011417,8,10,3,7,5
18011418,9,3,1,6,5
18011419,1,6,10,9,5
18011420,9,3,10,8,7
18011421,9,2,1,8,7
18011422,8,6,9,5,2
18011423,8,2,11,7,5
18011424,9,7,6,11,4
18011425,1,10,4,5,8
18011426,5,8,6,4,7
18011427,5,10,1,8,3
18011428,8,6,4,5,9
18011429,8,9,10,11,2
18011430,5,8,6,2,7
18011431,5,8,2,4,7
18011432,11,9,8,2,7
18011433,7,4,2,3,9
18011434,1,3,9,5,6
18011435,7,5,3,4,10
18011436,5,4,9,10,3
18011437,4,10,9,8,5
18011438,2,4,7,8,5
18011439,3,6,5,8,7
18011440,11,7,3,8,6
18011441,6,10,11,5,4
18011442,9,3,8,1,11
18011443,6,8,3,5,1
18011444,1,11,5,4,8
18011445,2,9,8,4,7
18011446,11,6,5,4,3
18011447,6,4,3,10,9
18011448,4,2,7,10,9
18011449,2,11,9,10,6
18011450,3,9,2,11,4
18011451,8,7,10,5,1
18011452,11,9,4,1,7
18011453,6,7,2,3,1
18011454,1,7,11,8,5
18011455,10,4,3,6,1
18011456,5,2,3,6,11
18011457,5,10,1,3,7
18011458,2,4,7,8,9
18011459,6,7,9,3,8
18011460,9,3,6,11,10
18011461,9,8,6,3,1
18011462,9,2,6,8,7
18011463,6,2,4,8,11
18011464,2,11,9,10,3
18011465,1,11,8,3,10
18011466,3,10,5,7,8
18011467,7,2,8,11,3
18011468,1,10,5,7,11
18011469,1,3,2,11,10
18011470,9,3,5,7,11
18011471,10,7,6,11,9
18011472,9,7,4,11,8
18011473,8,4,7,11,9
18011474,6,1,9,8,10
18011475,7,3,11,9,6
18011476,10,1,4,6,3
18011477,1,10,3,11,5
18011478,9,2,1,7,11
18011479,10,4,9,7,1
18011480,2,6,7,1,4
18011481,8,11,4,9,1
18011482,8,11,9,3,6
18011483,7,8,3,11,5
18011484,6,1,2,4,9
18011485,2,4,1,7,5
18011486,5,8,7,1,3
18011487,7,1,4,11,2
18011501,11,10,5,1,7
18011502,4,3,10,8,6
18011503,5,11,9,4,6
18011504,9,5,11,1,2
18011505,11,9,2,5,1
18011506,1,4,6,2,10
18011507,8,7,5,10,11
18011508,4,1,7,8,9
18011509,10,8,11,2,1
18011510,1,6,4,5,8
18011511,10,6,9,2,4
18011512,2,3,5,7,4
18011513,3,8,6,9,11
18011514,2,5,6,9,8
18011515,8,7,3,6,9
18011516,7,11,5,3,8
18011517,3,8,1,2,5
18011518,7,10,9,4,6
18011519,8,6,4,1,5
18011520,4,5,11,9,6
18011521,2,1,9,3,10
18011522,7,3,6,8,9
18011523,8,1,2,4,9
18011524,7,6,1,8,3
18011525,11,5,2,9,6
18011526,4,6,10,5,9
18011527,1,5,2,8,7
18011528,2,1,9,10,7
18011529,4,9,2,6,1
18011530,9,8,7,6,11
18011531,11,3,10,6,5
18011532,4,1,7,11,5
18011533,4,8,1,3,10
18011534,6,1,4,5,7
18011535,2,8,4,5,7
18011536,5,2,8,4,1
18011537,2,4,1,9,6
18011538,9,7,11,8,4
18011539,11,5,7,2,6
18011540,3,8,6,7,4
18011541,11,8,4,1,2
18011542,8,9,7,2,5
18011543,3,1,2,10,11
18011544,10,2,7,6,3
18011545,10,6,5,4,1
18011546,6,3,10,7,11
18011547,2,9,11,7,4
18011548,4,11,5,9,7
18011549,4,7,2,6,10
18011550,6,10,3,9,11
18011551,3,8,2,7,6
18011552,1,5,7,2,4
18011553,10,4,5,2,3
18011554,3,6,5,8,7
18011555,3,2,11,8,10
18011556,2,9,8,6,1
18011557,2,5,1,11,9
18011558,2,10,6,7,1
18011559,4,2,7,9,3
18011560,9,1,2,5,8
18011561,6,4,11,8,2
18011562,11,3,5,8,1
18011563,11,5,1,3,10
18011564,2,10,1,6,8
18011565,8,5,10,3,1
18011566,1,2,7,5,8
18011567,7,8,2,9,11
18011568,11,6,3,1,10
18011569,1,8,10,3,5
18011570,11,6,4,2,9
18011571,11,5,2,6,9
18011572,7,4,10,6,9
18011573,3,11,4,5,8
18011574,2,4,6,10,7
18011575,5,6,9,1,7
18011576,8,10,7,5,2
18011577,11,4,7,2,6
18011578,6,10,11,8,1
18011579,9,7,8,10,4
18011580,11,9,1,3,7
18011581,8,7,5,1,9
18011582,7,1,5,11,3
18011583,5,10,6,3,2
18011584,3,2,4,6,7
18011585,8,1,7,6,10
18011586,8,3,2,1,9
18011587,10,3,4,8,11
18011601,5,7,1,2,3
18011602,2,11,5,7,1
18011603,1,11,10,4,6
18011604,1,5,6,11,7
18011605,5,4,8,9,6
18011606,7,5,4,3,9
18011607,3,7,10,6,2
18011608,5,4,3,8,2
18011609,5,6,4,7,10
18011610,4,10,3,5,1
18011611,8,10,7,9,4
18011612,5,2,8,3,6
18011613,8,6,9,1,11
18011614,9,8,6,3,1
18011615,10,2,1,9,7
18011616,7,6,3,2,8
18011617,10,6,1,9,11
18011618,11,9,3,4,1
18011619,10,1,9,6,8
18011620,5,10,1,9,7
18011621,3,2,10,1,11
18011622,7,4,9,6,8
18011623,1,2,4,10,8
18011624,11,9,1,4,3
18011625,2,9,3,11,4
18011626,3,1,2,7,10
18011627,11,8,9,4,10
18011628,3,2,10,9,8
18011629,1,5,8,7,2
18011630,2,10,9,3,6
18011631,9,1,5,6,8
18011632,9,11,10,8,4
18011633,2,5,8,7,3
18011634,3,11,7,5,10
18011635,6,7,8,11,9
18011636,4,1,6,8,11
18011637,5,9,8,1,4
18011638,10,2,9,5,11
18011639,2,5,10,3,11
18011640,7,5,3,11,4
18011641,5,8,10,1,9
18011642,9,1,2,3,10
18011643,10,8,1,3,6
18011644,11,6,8,2,1
18011645,7,3,6,2,10
18011646,8,11,9,6,5
18011647,8,6,4,3,7
18011648,4,2,6,10,7
18011649,5,8,7,9,11
18011650,5,3,4,8,9
18011651,4,2,5,9,10
18011652,5,6,9,10,4
18011653,8,1,3,6,5
18011654,3,7,1,8,6
18011655,1,3,7,8,9
18011656,2,6,11,5,1
18011657,1,9,4,3,8
18011658,9,11,3,7,6
18011659,5,8,10,9,4
18011660,8,6,3,4,5
18011661,9,6,5,4,3
18011662,11,9,8,2,3
18011663,4,5,11,8,6
18011664,1,4,10,9,5
18011665,7,8,11,4,5
18011666,3,2,9,6,7
18011667,7,5,8,9,1
18011668,3,11,10,7,8
18011669,10,2,8,7,9
18011670,3,10,6,5,7
18011671,10,5,8,7,11
18011672,10,9,6,1,11
18011673,4,6,8,3,5
18011674,5,10,4,7,9
18011675,11,6,8,9,7
18011676,8,3,6,5,4
18011677,3,1,8,6,9
18011678,6,9,5,3,1
18011679,8,3,7,10,6
18011680,8,2,7,4,1
18011681,11,5,9,1,2
18011682,4,9,3,11,6
18011683,8,11,4,1,5
18011684,6,11,8,7,1
18011685,9,5,7,1,4
18011686,1,11,4,2,10
18011687,7,9,10,4,1
18011701,9,8,11,4,2
18011702,3,11,8,4,7
18011703,3,10,8,4,9
18011704,2,8,6,11,4
18011705,2,6,4,3,1
18011706,10,4,3,1,6
18011707,11,2,7,9,10
18011708,9,8,1,3,6
18011709,8,10,7,9,2
18011710,4,5,10,1,8
18011711,6,2,4,3,9
18011712,2,3,6,11,5
18011713,11,9,8,3,10
18011714,2,8,3,7,1
18011715,9,7,6,11,1
18011716,1,7,4,8,5
18011717,6,5,11,2,8
18011718,9,7,11,5,4
18011719,6,3,7,10,2
18011720,6,4,9,3,11
18011721,4,5,11,7,1
18011722,10,7,5,4,2
18011723,2,6,4,11,3
18011724,4,11,10,5,3
18011725,9,6,10,8,4
18011726,9,11,3,2,8
18011727,3,10,9,1,11
18011728,3,8,5,1,11
18011729,3,8,9,10,11
18011730,3,8,5,6,1
18011731,5,2,10,8,6
18011732,6,10,8,9,3
18011733,11,7,8,6,5
18011734,3,1,10,7,4
18011735,5,2,1,9,3
18011736,11,9,5,1,10
18011737,8,6,10,7,4
18011738,4,10,2,11,1
18011739,1,9,2,7,11
18011740,10,1,11,8,5
18011741,10,5,8,7,2
18011742,7,1,4,2,10
18011743,11,2,1,5,3
18011744,10,3,11,8,6
18011745,5,7,9,3,8
18011746,1,7,2,8,3
18011747,4,5,9,6,3
18011748,8,6,7,10,3
18011749,9,8,4,11,1
18011750,9,2,1,6,10
18011751,1,11,9,8,3
18011752,3,10,11,2,7
18011753,9,7,1,11,6
18011754,1,5,8,3,9
18011755,3,9,8,7,5
18011756,5,9,7,4,1
18011757,8,2,5,1,10
18011758,3,11,2,4,7
18011759,1,5,7,4,6
18011760,6,10,2,1,9
18011761,10,1,11,8,6
18011762,1,11,3,5,8
18011763,1,7,3,6,10
18011764,11,7,1,9,5
18011765,11,5,6,1,7
18011766,11,2,5,9,4
18011767,8,9,11,10,1
18011768,7,6,5,9,10
18011769,5,1,7,2,3
18011770,1,8,2,5,3
18011771,6,5,7,8,4
18011772,2,1,5,7,9
18011773,7,6,1,3,11
18011774,9,2,7,6,11
18011775,7,1,11,5,3
18011776,5,9,1,10,7
18011777,2,3,11,7,9
18011778,4,5,10,1,11
18011779,2,8,9,10,4
18011780,2,3,4,6,5
18011781,11,7,8,4,5
18011782,4,10,3,2,7
18011783,9,6,3,10,7
18011784,10,11,9,1,3
18011785,10,6,7,11,9
18011786,6,8,11,10,3
18011787,6,1,4,2,9
18011801,5,7,1,8,9
18011802,8,4,9,7,11
18011803,8,3,4,9,2
18011804,4,6,5,9,8
18011805,10,9,5,7,11
18011806,2,1,5,11,10
18011807,2,1,4,5,8
18011808,3,10,4,9,6
18011809,6,5,9,11,3
18011810,8,1,5,3,11
18011811,6,9,5,8,4
18011812,9,2,5,7,4
18011813,1,6,9,8,10
18011814,10,8,2,7,1
18011815,4,9,3,2,11
18011816,7,2,8,6,5
18011817,10,2,5,6,4
18011818,2,8,10,3,6
18011819,2,3,8,4,1
18011820,5,7,11,3,10
18011821,1,8,5,6,3
18011822,7,1,6,8,9
18011823,8,5,4,6,2
18011824,5,8,7,2,3
18011825,3,11,2,4,9
18011826,2,10,6,11,9
18011827,5,10,2,7,6
18011828,9,3,6,1,7
18011829,6,1,3,4,2
18011830,1,7,8,11,6
18011831,2,11,8,3,10
18011832,9,6,3,8,5
18011833,7,10,4,5,11
18011834,4,7,1,8,10
18011835,11,3,9,1,10
18011836,1,8,2,9,5
18011837,8,5,4,7,2
18011838,1,6,3,7,10
18011839,1,6,7,10,2
18011840,1,7,9,10,2
18011841,9,3,1,7,10
18011842,6,5,11,2,3
18011843,8,9,6,2,4
18011844,1,3,6,11,5
18011845,2,3,5,4,6
18011846,2,10,4,9,6
18011847,2,8,11,1,5
18011848,9,1,5,7,3
18011849,7,3,11,1,6
18011850,6,9,4,5,2
18011851,2,4,11,9,10
18011852,6,2,8,3,7
18011853,11,5,8,3,2
18011854,6,8,5,11,3
18011855,7,2,4,9,8
18011856,9,3,5,4,6
18011857,3,10,4,7,9
18011858,5,2,10,6,7
18011859,7,11,6,9,2
18011860,5,8,3,10,11
18011861,8,1,11,4,5
18011862,9,4,8,10,2
18011863,6,4,1,5,9
18011864,4,5,11,10,6
18011865,6,2,5,9,7
18011866,10,6,7,9,4
18011867,2,1,5,6,3
18011868,3,8,1,9,7
18011869,4,7,8,9,1
18011870,1,5,8,4,9
18011871,1,3,4,7,6
18011872,11,2,1,8,3
18011873,9,11,6,3,1
18011874,11,10,3,2,8
18011875,10,9,11,4,7
18011876,1,2,3,9,6
18011877,3,9,11,10,5
18011878,8,7,5,10,9
18011879,5,8,6,7,3
18011880,9,8,7,6,3
18011881,9,7,2,1,5
18011882,6,5,9,2,1
18011883,3,5,7,4,10
18011884,7,5,6,3,9
18011885,5,1,9,11,6
18011886,6,3,10,11,1
18011887,11,10,2,7,4
18011901,2,1,4,8,11
18011902,7,2,8,10,3
18011903,4,7,3,10,11
18011904,6,1,3,8,10
18011905,4,11,10,9,5
18011906,11,1,3,7,5
18011907,10,4,3,6,2
18011908,4,5,10,1,7
18011909,3,2,1,10,6
18011910,6,9,4,7,11
18011911,2,7,10,8,6
18011912,1,6,9,8,10
18011913,8,11,6,5,7
18011914,10,11,3,2,4
18011915,11,3,4,6,1
18011916,7,8,1,3,5
18011917,6,7,11,8,5
18011918,2,1,7,6,8
18011919,2,7,1,11,8
18011920,6,1,4,2,9
18011921,5,3,1,2,7
18011922,7,8,5,10,4
18011923,8,4,5,9,10
18011924,6,1,5,7,4
18011925,5,6,4,7,2
18011926,2,1,10,6,4
18011927,1,8,7,2,9
18011928,11,4,1,8,5
18011929,7,4,11,6,9
18011930,7,10,11,5,8
18011931,5,1,11,8,3
18011932,3,11,1,5,4
18011933,6,3,10,11,2
18011934,9,1,7,2,11
18011935,9,4,6,7,1
18011936,1,4,7,5,9
18011937,7,8,1,11,6
18011938,11,3,5,10,2
18011939,1,3,4,7,10
18011940,9,5,6,1,11
18011941,9,8,3,5,7
18011942,11,1,4,9,7
18011943,11,6,8,3,4
18011944,11,4,3,8,5
18011945,8,11,10,1,2
18011946,2,1,8,3,9
18011947,6,7,5,2,11
18011948,4,7,3,11,9
18011949,11,1,4,2,10
18011950,3,5,9,6,10
18011951,4,8,6,1,2
18011952,9,7,10,8,11
18011953,6,7,11,3,4
18011954,3,8,5,1,11
18011955,6,2,11,4,5
18011956,10,9,5,2,7
18011957,4,8,10,6,11
18011958,5,11,1,6,8
18011959,2,10,7,1,6
18011960,11,2,6,10,8
18011961,6,11,3,9,2
18011962,1,10,7,9,11
18011963,5,9,2,1,6
18011964,2,4,3,8,11
18011965,2,6,8,11,7
18011966,9,3,10,2,7
18011967,3,5,6,4,11
18011968,3,10,11,6,2
18011969,5,2,3,6,10
18011970,4,9,3,6,1
18011971,8,6,5,7,9
18011972,5,4,2,3,1
18011973,11,3,1,2,6
18011974,7,5,2,6,9
18011975,10,4,7,11,3
18011976,7,10,1,3,9
18011977,11,7,9,4,5
18011978,11,9,2,6,3
18011979,2,1,6,11,9
18011980,11,9,8,5,6
18011981,3,9,4,6,5
18011982,9,10,1,2,11
18011983,7,5,6,2,4
18011984,4,5,1,9,2
18011985,9,8,11,3,4
18011986,5,7,11,3,6
18011987,7,1,4,6,10
18012001,7,3,2,1,11
18012002,2,1,10,11,9
18012003,5,7,10,9,8
18012004,2,3,6,8,9
18012005,7,8,1,10,2
18012006,9,3,10,6,11
18012007,7,1,9,5,3
18012008,3,1,4,10,9
18012009,1,7,10,3,6
18012010,8,4,11,7,6
18012011,1,7,4,2,6
18012012,10,5,1,11,2
18012101,8,6,10,2,5
18012102,7,6,8,2,3
18012103,11,4,3,8,10
18012104,10,4,2,11,7
18012105,3,2,10,11,1
18012106,8,1,7,2,9
18012107,8,6,10,7,3
18012108,4,3,5,11,9
18012109,6,4,7,11,1
18012110,4,3,11,6,10
18012111,11,6,10,2,4
18012112,9,7,11,1,6
18012113,2,3,8,10,5
18012114,8,7,9,4,1
18012115,10,9,3,7,1
18012116,4,8,2,7,10
18012117,7,1,2,3,9
18012118,8,4,6,11,7
18012119,2,1,10,5,7
18012120,3,8,5,4,2
18012121,9,10,7,6,5
18012122,9,2,4,8,11
18012123,5,4,9,8,11
18012124,11,7,6,4,2
18012125,8,11,7,3,5
18012126,10,1,7,9,8
18012127,11,4,2,1,5
18012128,1,2,5,9,4
18012129,4,2,8,7,9
18012130,5,4,7,8,9
18012131,9,6,3,7,4
18012132,11,2,5,6,7
18012133,8,4,1,5,7
18012134,6,8,7,3,9
18012135,5,2,9,4,11
18012136,7,10,4,8,11
18012137,5,8,11,6,7
18012138,9,7,8,6,1
18012139,10,6,5,7,1
18012140,2,4,7,3,5
18012141,3,1,5,4,2
18012142,8,3,2,7,6
18012143,11,2,7,1,5
18012144,6,10,1,5,9
18012145,3,9,2,8,1
18012146,2,11,4,10,8
18012147,2,11,8,10,9
18012148,6,1,2,4,10
18012149,11,4,7,10,2
18012150,9,6,5,3,4
18012151,7,2,5,11,1
18012152,2,11,5,4,9
18012153,8,6,7,9,5
18012154,4,2,10,9,1
18012155,11,2,6,5,3
18012156,2,5,10,11,1
18012157,5,11,3,9,10
18012158,3,7,2,6,8
18012159,7,1,8,3,4
18012160,4,1,3,9,8
18012161,8,2,10,11,6
18012162,7,2,11,8,3
18012163,10,8,9,1,5
18012164,5,3,11,2,9
18012165,10,11,3,6,1
18012166,10,6,4,8,7
18012167,6,1,8,3,2
18012168,2,6,9,7,10
18012169,11,5,9,7,3
18012170,5,8,6,1,7
18012171,7,2,4,1,8
18012172,5,9,4,8,6
18012173,7,4,6,1,9
18012174,8,9,4,1,11
18012175,10,2,7,1,3
18012176,8,10,2,5,1
18012177,10,3,7,4,2
18012178,3,2,9,1,10
18012179,11,8,9,6,7
18012180,3,4,10,8,11
18012181,3,5,8,7,6
18012182,9,6,4,3,2
18012183,9,10,4,3,11
18012184,1,3,6,10,2
18012185,4,6,3,9,2
18012186,2,9,3,1,6
18012187,5,11,3,9,7
18012201,9,4,2,11,5
18012202,11,5,6,2,4
18012203,10,7,2,6,11
18012204,5,10,3,11,9
18012205,7,4,5,9,11
18012206,1,3,7,8,5
18012207,5,9,1,8,11
18012208,9,5,10,8,3
18012209,9,11,6,8,3
18012210,11,4,10,7,5
18012211,7,2,3,11,1
18012212,8,9,11,3,10
18012213,7,4,3,2,6
18012214,5,7,1,3,8
18012215,5,11,3,7,4
18012216,4,1,5,6,9
18012217,2,11,8,5,3
18012218,1,10,8,2,6
18012219,4,5,6,9,10
18012220,7,10,9,4,8
18012221,5,3,8,11,6
18012222,4,8,7,1,2
18012223,11,3,1,10,2
18012224,11,8,10,4,1
18012225,7,2,1,10,6
18012226,1,9,5,6,8
18012227,6,5,3,1,4
18012228,4,1,6,10,8
18012229,4,9,8,2,5
18012230,11,7,8,2,10
18012231,5,6,11,1,10
18012232,6,11,10,1,4
18012233,8,7,5,6,2
18012234,6,1,3,7,4
18012235,2,1,5,10,11
18012236,7,1,4,3,9
18012237,9,4,2,1,3
18012238,8,11,2,1,10
18012239,5,2,1,11,6
18012240,7,9,1,6,4
18012241,1,5,8,2,4
18012242,8,9,3,5,6
18012243,11,7,10,6,4
18012244,7,1,8,6,9
18012245,5,7,3,4,1
18012246,3,6,1,2,11
18012247,8,5,9,10,1
18012248,6,7,5,1,11
18012249,9,10,2,6,11
18012250,10,4,7,2,6
18012251,6,8,1,3,11
18012252,10,8,11,4,3
18012253,7,2,8,1,9
18012254,9,7,1,4,5
18012255,11,1,4,2,6
18012256,10,8,3,9,5
18012257,8,6,2,4,11
18012258,1,5,3,4,10
18012259,4,7,8,3,2
18012260,3,9,10,8,5
18012261,10,4,11,3,9
18012262,7,2,8,6,9
18012263,10,11,2,5,9
18012264,7,4,2,11,3
18012265,1,9,11,3,4
18012266,1,7,9,8,11
18012267,4,9,10,5,3
18012268,5,11,7,8,3
18012269,7,11,4,1,8
18012270,10,3,1,7,8
18012271,8,7,11,9,3
18012272,3,7,6,1,5
18012273,10,6,3,9,2
18012274,4,10,3,6,11
18012275,6,1,3,8,10
18012276,6,1,2,3,8
18012277,3,7,6,4,1
18012278,4,6,3,11,9
18012279,3,6,7,8,2
18012280,6,11,2,5,3
18012281,7,4,5,10,8
18012282,9,3,10,2,11
18012283,6,1,2,11,3
18012284,8,4,5,6,10
18012285,6,7,4,10,3
18012286,3,6,1,5,4
18012287,4,1,2,9,6
18012301,1,10,9,2,8
18012302,8,4,5,9,7
18012303,6,2,5,8,4
18012304,4,3,6,11,8
18012305,3,4,2,6,5
18012306,3,2,10,8,1
18012307,7,4,5,8,10
18012308,8,2,1,7,4
18012309,3,6,2,11,8
18012310,10,7,1,5,4
18012311,5,9,2,6,4
18012312,6,5,10,11,9
18012313,5,9,11,6,4
18012314,10,2,8,3,1
18012315,7,5,2,4,1
18012316,11,4,3,5,10
18012317,4,6,10,2,3
18012318,8,4,1,3,10
18012319,3,8,11,7,1
18012320,11,2,4,8,9
18012321,5,3,4,6,8
18012322,1,3,4,9,2
18012323,6,7,3,11,2
18012324,10,9,8,6,11
18012325,6,3,9,8,4
18012326,9,3,7,5,10
18012327,9,8,3,4,1
18012328,7,5,3,8,1
18012329,2,9,11,7,3
18012330,8,11,4,6,10
18012331,7,6,9,1,2
18012332,5,7,4,8,9
18012333,5,8,3,2,10
18012334,5,9,1,11,4
18012335,5,10,2,8,4
18012336,7,11,10,3,4
18012337,10,11,4,9,8
18012338,5,3,4,7,9
18012339,1,10,9,3,2
18012340,9,6,5,11,10
18012341,6,2,5,7,10
18012342,9,8,2,10,3
18012343,1,11,2,8,3
18012344,3,1,6,11,4
18012345,1,8,3,6,7
18012346,10,8,4,5,11
18012347,6,8,10,3,11
18012348,7,11,2,3,6
18012349,8,9,7,10,1
18012350,2,11,7,4,5
18012351,8,4,1,10,9
18012352,4,8,11,9,1
18012353,5,8,10,9,3
18012354,5,11,1,2,10
18012355,6,4,7,8,3
18012356,6,10,5,9,7
18012357,7,9,8,1,3
18012358,8,10,7,11,9
18012359,2,9,1,4,11
18012360,7,2,1,3,6
18012361,6,7,8,4,3
18012362,8,10,7,1,4
18012363,11,2,10,7,6
18012364,11,3,1,7,4
18012365,11,2,5,10,7
18012366,6,10,11,5,8
18012367,10,1,4,8,11
18012368,3,11,10,2,7
18012369,1,3,10,2,7
18012370,3,1,7,2,9
18012371,1,11,5,6,10
18012372,4,11,1,8,2
18012373,7,8,3,10,2
18012374,11,6,9,4,5
18012375,1,11,5,6,3
18012376,1,11,7,9,2
18012377,7,4,10,3,5
18012378,1,10,3,8,2
18012379,1,8,5,4,7
18012380,3,7,2,11,9
18012381,6,3,4,7,1
18012382,11,2,4,1,10
18012383,7,1,5,9,10
18012384,2,4,5,10,7
18012385,10,7,3,9,5
18012386,3,7,9,10,6
18012387,10,3,6,9,1
18012401,7,6,3,9,5
18012402,8,9,3,11,7
18012403,2,6,7,1,4
18012404,8,10,9,3,6
18012405,9,5,7,2,4
18012406,5,3,6,9,11
18012407,6,4,7,5,10
18012408,9,10,5,1,4
18012409,2,8,7,1,6
18012410,1,2,5,10,11
18012411,8,2,5,11,9
18012412,4,8,7,5,6
18012413,11,4,9,10,8
18012414,8,1,5,9,2
18012415,8,2,3,11,6
18012416,1,4,6,11,8
18012417,3,5,7,9,11
18012418,3,6,8,4,7
18012419,6,7,11,4,9
18012420,8,7,5,4,11
18012421,6,5,3,1,11
18012422,10,1,2,7,11
18012423,11,3,1,7,9
18012424,7,3,1,4,9
18012425,10,6,7,11,9
18012426,6,11,10,9,3
18012427,4,5,7,3,9
18012428,4,5,1,11,9
18012429,8,1,5,4,9
18012430,5,7,8,3,2
18012431,6,2,9,8,10
18012432,9,3,10,2,6
18012433,7,4,10,1,3
18012434,7,3,2,10,9
18012435,10,6,9,1,3
18012436,6,5,1,10,8
18012437,8,11,5,3,7
18012438,8,6,5,10,4
18012439,6,11,3,5,7
18012440,7,3,5,4,9
18012441,10,9,5,4,11
18012442,3,11,7,2,4
18012443,4,1,7,2,6
18012444,7,8,2,3,5
18012445,4,7,8,1,5
18012446,1,5,3,10,4
18012447,6,1,3,4,11
18012448,10,1,8,5,3
18012449,9,3,10,7,8
18012450,11,5,4,3,7
18012451,4,5,7,1,3
18012452,10,11,5,4,2
18012453,9,7,3,8,11
18012454,9,10,8,7,2
18012455,10,2,8,3,7
18012456,11,1,3,4,9
18012457,5,8,9,3,1
18012458,4,8,1,10,6
18012459,5,9,10,4,6
18012460,10,2,4,8,11
18012461,8,6,9,1,7
18012462,7,9,5,1,3
18012463,4,11,3,8,1
18012464,9,11,7,8,1
18012465,6,10,8,7,1
18012466,1,6,11,7,5
18012467,2,11,7,9,6
18012468,11,3,1,9,5
18012469,11,4,8,3,7
18012470,1,11,8,6,9
18012471,4,10,8,1,2
18012472,10,2,7,9,3
18012473,2,7,8,1,3
18012474,5,9,7,6,3
18012475,8,7,5,2,10
18012476,6,1,10,8,5
18012477,2,5,9,4,11
18012478,2,7,8,9,3
18012479,5,7,11,3,6
18012480,6,4,5,11,8
18012481,11,7,4,9,1
18012482,1,2,5,8,7
18012483,10,3,9,5,4
18012484,3,8,2,9,6
18012485,2,10,9,11,5
18012486,8,11,2,6,9
18012487,11,4,3,1,2
18012501,5,7,2,3,8
18012502,7,9,2,10,8
18012503,4,6,8,3,7
18012504,5,11,1,3,7
18012505,10,6,5,9,11
18012506,9,11,4,10,6
18012507,6,7,9,8,4
18012508,1,10,2,7,4
18012509,7,4,5,10,1
18012510,2,6,7,4,8
18012511,6,8,5,3,7
18012512,2,4,1,5,11
18012513,7,10,2,3,11
18012514,10,4,11,3,7
18012515,10,5,11,2,8
18012516,11,8,9,1,4
18012517,11,1,3,9,8
18012518,6,11,1,4,10
18012519,6,7,5,2,4
18012520,5,7,3,10,6
18012521,7,11,1,3,5
18012522,1,6,5,7,4
18012523,8,9,4,6,2
18012524,11,3,5,8,4
18012525,2,10,3,6,5
18012526,5,10,3,2,7
18012527,2,9,8,3,7
18012528,10,8,4,9,6
18012529,7,4,1,2,3
18012530,11,2,10,4,1
18012531,11,7,5,2,10
18012532,6,5,8,10,7
18012533,9,8,10,6,3
18012534,7,11,8,9,2
18012535,7,5,10,2,11
18012536,7,4,6,11,5
18012537,6,7,1,2,10
18012538,9,11,6,8,10
18012539,10,11,3,9,7
18012540,10,5,1,8,4
18012541,3,6,7,4,10
18012542,2,6,1,10,4
18012543,9,10,4,7,2
18012544,10,2,4,7,5
18012545,9,3,8,4,2
18012546,10,9,6,7,11
18012547,7,6,10,8,11
18012548,3,5,8,1,6
18012549,10,5,1,7,9
18012550,8,1,4,7,9
18012551,5,1,11,2,4
18012552,2,6,7,4,8
18012553,11,3,2,9,1
18012554,5,7,2,8,3
18012555,2,11,6,1,4
18012556,9,3,11,6,10
18012557,11,7,2,5,9
18012558,10,9,6,8,7
18012559,9,11,2,4,3
18012560,8,6,7,2,5
18012561,1,4,8,7,5
18012562,2,11,10,5,8
18012563,4,8,6,10,9
18012564,6,3,11,7,2
18012565,3,4,10,5,2
18012566,7,2,6,3,1
18012567,11,3,2,8,4
18012568,6,8,1,5,7
18012569,6,11,10,1,9
18012570,11,7,9,8,5
18012571,11,3,2,7,4
18012572,10,4,6,5,9
18012573,5,6,7,11,9
18012574,6,1,7,2,8
18012575,6,2,9,4,3
18012576,6,1,10,5,8
18012577,5,1,8,6,11
18012578,5,3,6,4,10
18012579,8,10,11,4,7
18012580,5,2,1,3,10
18012581,7,8,3,11,10
18012582,3,2,9,11,1
18012583,6,10,8,2,1
18012584,5,2,10,6,9
18012585,9,6,1,5,2
18012586,8,5,9,10,4
18012587,11,3,10,7,1
18012601,7,11,5,8,4
18012602,1,2,5,9,10
18012603,3,2,8,4,5
18012604,3,10,6,7,4
18012605,7,11,5,1,2
18012606,3,5,4,10,8
18012607,9,1,10,8,6
18012608,10,5,9,11,3
18012609,2,6,7,9,8
18012610,4,2,6,11,5
18012611,8,10,7,4,11
18012612,1,8,3,6,5
18012613,6,8,7,5,4
18012614,5,10,1,7,3
18012615,1,8,9,11,2
18012616,10,11,2,4,5
18012617,3,5,11,10,7
18012618,7,11,8,1,2
18012619,9,10,8,3,6
18012620,1,11,5,9,6
18012621,6,7,9,8,4
18012622,2,6,4,9,5
18012623,8,11,10,7,6
18012624,6,3,9,8,10
18012625,4,9,7,10,8
18012626,6,3,9,11,5
18012627,2,4,5,1,3
18012628,5,9,3,10,8
18012629,10,9,6,8,5
18012630,5,1,7,11,2
18012631,4,3,9,1,10
18012632,3,7,2,11,4
18012633,10,1,7,11,2
18012634,3,2,4,1,11
18012635,1,2,4,7,6
18012636,7,1,6,4,10
18012637,1,7,9,2,10
18012638,6,8,5,7,4
18012639,8,1,6,10,9
18012640,6,11,7,8,4
18012641,9,5,6,7,11
18012642,4,10,3,8,5
18012643,5,7,9,8,10
18012644,6,11,3,8,1
18012645,5,6,7,11,9
18012646,11,3,5,2,10
18012647,5,2,7,10,8
18012648,6,5,9,2,3
18012649,7,5,1,3,9
18012650,6,11,9,2,7
18012651,3,5,9,6,11
18012652,6,7,10,4,3
18012653,8,4,10,7,1
18012654,6,2,10,1,4
18012655,8,11,1,2,7
18012656,7,3,5,11,4
18012657,5,9,10,8,1
18012658,5,9,2,8,1
18012659,2,5,6,8,11
18012660,11,8,1,7,5
18012661,6,7,9,2,11
18012662,9,8,1,3,6
18012663,10,3,6,4,7
18012664,6,7,5,4,10
18012665,4,5,11,8,10
18012666,9,3,11,4,2
18012667,2,11,1,3,7
18012668,1,6,2,5,11
18012669,3,9,6,4,5
18012670,3,8,11,10,7
18012671,6,7,3,11,5
18012672,2,10,6,11,7
18012673,3,10,5,9,2
18012674,1,7,10,2,5
18012675,5,9,11,3,1
18012676,8,2,4,1,7
18012677,10,5,11,3,7
18012678,6,9,7,2,1
18012679,6,9,8,4,2
18012680,1,7,5,6,10
18012681,7,1,9,6,11
18012682,3,7,1,2,4
18012683,7,8,10,9,6
18012684,7,9,4,8,1
18012685,11,3,9,2,4
18012686,2,6,10,9,11
18012687,9,8,4,5,3
18012701,11,9,6,10,3
18012702,11,1,10,3,7
18012703,6,4,3,5,9
18012704,1,11,6,5,3
18012705,5,7,10,11,8
18012706,4,2,6,5,9
18012707,4,10,5,1,9
18012708,9,3,4,2,10
18012709,5,3,11,2,8
18012710,10,7,1,9,2
18012711,7,4,10,5,11
18012712,6,1,3,2,11
18012713,8,6,4,7,3
18012714,4,3,10,2,7
18012715,8,2,3,10,6
18012716,11,1,3,7,5
18012717,4,10,5,1,11
18012718,2,10,1,11,7
18012719,6,2,5,3,10
18012720,7,6,11,2,1
18012721,6,7,1,5,11
18012722,7,2,5,6,4
18012723,1,10,11,4,5
18012724,4,9,1,10,2
18012725,6,1,8,11,9
18012726,2,3,1,5,10
18012727,1,5,4,7,2
18012728,2,6,11,10,3
18012729,9,10,4,3,2
18012730,3,1,6,7,8
18012731,4,3,11,2,5
18012732,11,10,7,3,4
18012733,8,6,4,7,9
18012734,9,5,2,1,10
18012735,11,4,1,10,9
18012736,8,4,5,11,7
18012737,2,11,4,7,3
18012738,4,5,6,11,2
18012739,9,11,4,7,2
18012740,10,6,8,2,11
18012741,5,3,10,7,6
18012742,7,9,4,1,6
18012743,9,3,1,10,2
18012744,5,2,1,4,9
18012745,9,6,2,3,5
18012746,6,11,10,4,2
18012747,9,7,4,11,10
18012748,1,11,6,8,2
18012749,1,5,2,3,9
18012750,6,10,4,5,8
18012751,4,3,8,10,7
18012752,10,4,11,9,8
18012753,8,2,9,7,6
18012754,11,4,1,6,8
18012755,8,5,10,9,3
18012756,1,6,5,4,2
18012757,6,1,2,10,7
18012758,5,3,7,6,4
18012759,2,7,9,1,5
18012760,1,2,3,10,9
18012761,10,9,2,11,8
18012762,2,6,5,11,7
18012763,1,8,2,6,4
18012764,8,3,1,9,2
18012765,7,9,5,2,8
18012766,4,5,6,7,3
18012767,9,4,1,10,8
18012768,1,2,8,9,5
18012769,11,4,2,6,3
18012770,11,9,3,8,10
18012771,5,2,8,6,4
18012772,8,10,2,7,11
18012773,10,2,5,4,8
18012774,9,11,4,7,6
18012775,1,5,11,3,10
18012776,10,6,3,4,5
18012777,11,7,6,3,4
18012778,5,6,4,1,7
18012779,7,4,5,10,3
18012780,3,9,6,10,8
18012781,3,1,10,5,8
18012782,5,8,11,2,1
18012783,11,1,8,6,9
18012784,7,9,2,1,3
18012785,3,1,2,8,10
18012786,4,10,7,8,11
18012787,6,11,7,3,5
18012801,3,5,11,6,10
18012802,8,10,4,1,7
18012803,4,2,11,8,10
18012804,5,7,11,4,1
18012805,9,11,4,2,1
18012806,2,4,5,1,8
18012807,3,8,9,7,6
18012808,4,2,1,6,8
18012809,11,1,6,10,3
18012810,4,11,5,6,1
18012811,5,10,3,1,4
18012812,5,10,1,11,9
18012813,11,6,5,8,7
18012814,11,2,3,7,1
18012815,6,2,5,9,3
18012816,9,8,2,5,7
18012817,10,7,9,6,11
18012818,7,4,10,3,9
18012819,11,6,1,9,3
18012820,6,4,8,5,11
18012821,11,10,6,8,2
18012822,9,10,11,7,1
18012823,1,7,8,3,5
18012824,3,6,8,2,9
18012825,9,4,1,11,8
18012826,7,6,10,5,4
18012827,3,8,2,4,7
18012828,3,1,2,4,9
18012829,2,10,8,7,5
18012830,6,2,10,8,4
18012831,11,7,10,1,5
18012832,6,5,4,9,2
18012833,2,6,11,9,4
18012834,9,3,8,1,5
18012835,6,7,11,10,1
18012836,10,3,5,6,4
18012837,9,1,11,6,7
18012838,2,10,8,7,9
18012839,5,6,10,3,1
18012840,10,7,1,6,11
18012841,5,7,1,11,2
18012842,8,11,3,1,7
18012843,10,3,6,1,7
18012844,3,8,7,5,2
18012845,8,4,9,1,11
18012846,11,8,5,9,10
18012847,11,5,9,10,3
18012848,8,4,3,10,5
18012849,5,11,7,10,4
18012850,6,9,5,4,7
18012851,5,9,8,1,2
18012852,1,10,7,4,2
18012853,2,4,9,5,3
18012854,8,6,3,11,7
18012855,5,3,2,7,9
18012856,2,8,1,10,4
18012857,11,7,9,2,3
18012858,4,3,9,10,1
18012859,5,1,10,6,11
18012860,5,6,11,2,7
18012861,6,5,1,3,8
18012862,9,3,1,10,7
18012863,2,4,6,8,1
18012864,10,4,1,9,2
18012865,8,6,9,10,7
18012866,6,11,10,4,2
18012867,11,10,9,3,5
18012868,9,4,2,10,6
18012869,10,2,3,1,5
18012870,4,7,5,9,3
18012871,10,8,3,7,6
18012872,6,4,7,8,3
18012873,11,2,1,8,9
18012874,2,10,8,5,6
18012875,5,8,9,2,3
18012876,7,10,1,6,8
18012877,3,6,8,9,10
18012878,9,4,6,2,8
18012879,3,7,6,1,2
18012880,1,3,11,2,7
18012881,4,3,7,1,11
18012882,3,2,9,10,5
18012883,3,9,7,8,10
18012884,8,7,5,1,11
18012885,11,2,9,3,4
18012886,2,4,6,8,1
18012887,9,10,3,1,11
18012901,3,5,7,9,10
18012902,9,3,6,4,10
18012903,8,9,3,1,11
18012904,7,4,8,3,1
18012905,10,6,2,9,11
18012906,8,2,5,4,3
18012907,9,6,1,3,2
18012908,7,11,4,2,5
18012909,3,6,4,11,7
18012910,5,6,7,3,8
18012911,9,1,5,10,2
18012912,1,5,10,3,2
18012913,3,6,10,8,9
18012914,3,10,7,6,8
18012915,6,7,2,5,4
18012916,4,8,1,3,6
18012917,1,3,6,2,9
18012918,9,10,7,5,11
18012919,2,3,4,7,1
18012920,4,7,2,11,8
18012921,4,5,7,8,9
18012922,5,9,3,2,4
18012923,8,7,2,11,4
18012924,6,9,5,2,10
18012925,8,2,4,5,7
18012926,11,1,4,10,7
18012927,4,6,8,11,9
18012928,11,10,3,1,2
18012929,6,2,7,1,5
18012930,3,8,7,9,10
18012931,7,3,9,10,8
18012932,6,7,8,3,5
18012933,6,1,7,8,2
18012934,11,9,5,1,2
18012935,10,8,5,4,7
18012936,11,5,4,6,9
18012937,6,4,10,9,7
18012938,11,7,9,6,3
18012939,6,2,7,11,5
18012940,11,8,10,5,3
18012941,7,3,4,9,11
18012942,2,11,3,6,7
18012943,1,10,4,3,7
18012944,5,6,10,9,4
18012945,2,3,1,9,7
18012946,8,3,9,6,2
18012947,7,1,9,10,5
18012948,8,4,3,11,5
18012949,1,6,3,8,10
18012950,1,2,3,4,5
18012951,3,4,1,7,5
18012952,4,10,5,6,7
18012953,7,3,2,6,5
18012954,2,4,8,3,5
18012955,3,9,5,7,1
18012956,6,11,5,10,4
18012957,10,6,7,8,11
18012958,10,5,7,2,1
18012959,9,2,11,5,7
18012960,2,3,5,7,8
18012961,10,6,5,4,9
18012962,3,10,2,11,8
18012963,3,8,4,11,1
18012964,10,9,7,11,2
18012965,7,5,2,6,3
18012966,3,4,1,6,11
18012967,11,9,1,10,8
18012968,6,11,2,3,9
18012969,8,9,1,6,5
18012970,6,4,7,10,3
18012971,5,10,4,7,11
18012972,4,8,5,6,9
18012973,4,11,9,7,2
18012974,8,11,4,5,2
18012975,10,5,2,11,3
18012976,7,1,4,9,11
18012977,5,3,9,1,8
18012978,5,6,10,2,9
18012979,3,5,4,10,8
18012980,9,8,10,7,2
18012981,3,11,5,10,7
18012982,9,8,5,7,2
18012983,10,2,6,4,7
18012984,5,1,3,2,11
18012985,11,7,1,10,5
18012986,11,4,5,9,2
18012987,2,5,9,10,6
18013001,1,5,4,11,9
18013002,9,7,6,4,1
18013003,6,5,9,7,4
18013004,8,7,1,3,10
18013005,6,1,3,11,2
18013006,9,2,3,10,4
18013007,7,4,3,9,2
18013008,5,10,3,6,1
18013009,8,1,11,6,3
18013010,2,7,11,3,6
18013011,10,1,2,3,9
18013012,7,10,9,4,3
18013013,2,7,5,8,4
18013014,1,8,11,9,2
18013015,7,4,5,1,10
18013016,4,5,6,7,2
18013017,3,1,9,4,10
18013018,11,2,7,9,5
18013019,6,4,7,11,1
18013020,1,10,4,2,8
18013021,8,7,6,10,4
18013022,4,9,2,5,1
18013023,3,2,1,9,8
18013024,9,5,4,6,8
18013025,1,11,5,8,6
18013026,4,1,3,8,9
18013027,6,2,5,1,8
18013028,9,11,6,1,2
18013029,9,11,8,1,6
18013030,10,6,5,7,8
18013031,1,11,5,8,6
18013032,7,10,8,1,2
18013033,11,3,6,1,2
18013034,7,11,6,3,1
18013035,9,11,8,1,7
18013036,10,1,11,7,2
18013037,3,1,11,4,8
18013038,1,9,11,7,4
18013039,7,9,1,10,4
18013040,5,11,9,3,7
18013041,3,7,5,8,4
18013042,6,5,7,9,3
18013043,11,2,5,3,10
18013044,4,11,6,10,5
18013045,1,3,5,9,2
18013046,4,7,5,9,3
18013047,11,6,5,4,1
18013048,8,4,7,9,11
18013049,3,6,11,1,10
18013050,2,8,3,7,6
18013051,4,2,3,1,9
18013052,11,10,9,3,6
18013053,9,3,4,11,7
18013054,3,9,2,10,1
18013055,1,7,3,11,5
18013056,2,8,10,4,11
18013057,1,11,3,2,7
18013058,7,6,8,2,1
18013059,8,10,7,3,9
18013060,8,1,6,2,4
18013061,4,5,7,1,11
18013062,5,11,4,3,7
18013063,4,1,10,5,8
18013064,1,8,4,3,5
18013065,8,3,7,2,6
18013066,9,8,11,3,1
18013067,6,4,5,7,8
18013068,6,11,4,8,1
18013069,6,8,11,10,5
18013070,8,7,5,11,9
18013071,8,7,11,4,6
18013072,6,3,4,9,8
18013073,7,2,4,3,6
18013074,10,4,3,6,9
18013075,7,1,2,10,9
18013076,8,5,3,6,10
18013077,7,2,9,8,10
18013078,5,1,11,6,9
18013079,6,3,1,5,10
18013080,3,10,11,7,1
18013081,3,8,9,10,6
18013082,10,9,1,4,8
18013083,5,7,8,1,3
18013084,7,11,6,9,5
18013085,1,6,9,11,3
18013086,4,10,6,8,1
18013087,5,3,6,2,1
18013101,4,6,9,3,1
18013102,7,4,10,2,6
18013103,6,5,3,7,10
18013104,7,10,11,3,9
18013105,7,3,5,8,9
18013106,5,10,9,1,8
18013107,1,11,7,10,2
18013108,1,2,11,7,9
18013109,10,8,6,11,4
18013110,11,1,2,8,6
18013111,3,5,1,2,7
18013112,7,5,6,4,2
18013113,8,9,2,10,11
18013114,3,4,9,11,6
18013115,7,4,3,9,5
18013116,2,8,9,7,5
18013117,6,4,5,7,1
18013118,7,6,2,8,11
18013119,10,3,2,6,4
18013120,9,4,7,5,11
18013121,6,9,2,4,10
18013122,3,6,5,4,1
18013123,9,6,3,11,8
18013124,9,3,6,4,2
18013125,10,11,9,5,4
18013126,3,11,5,4,7
18013127,5,9,10,3,2
18013128,8,11,10,5,6
18013129,2,9,1,4,8
18013130,1,5,9,4,8
18013131,6,7,8,1,5
18013132,10,6,11,9,3
18013133,7,2,10,8,4
18013134,8,3,10,6,11
18013135,11,9,7,1,8
18013136,9,1,7,8,5
18013137,10,2,4,7,11
18013138,7,6,10,11,3
18013139,4,6,1,10,7
18013140,1,11,6,5,2
18013141,1,8,2,6,3
18013142,1,5,11,8,3
18013143,7,2,1,8,6
18013144,8,4,1,9,10
18013145,1,4,6,7,3
18013146,4,1,8,6,10
18013147,8,10,2,3,1
18013148,8,5,6,7,3
18013149,8,9,1,10,6
18013150,4,3,7,5,9
18013151,7,3,2,11,5
18013152,5,2,3,1,11
18013153,7,1,4,10,11
18013154,7,10,3,11,5
18013155,1,8,2,5,10
18013156,10,3,6,1,4
18013157,10,3,8,7,6
18013158,1,3,5,9,4
18013159,4,3,2,7,6
18013160,3,4,7,9,6
18013161,9,4,11,1,5
18013162,10,6,3,11,9
18013163,3,10,4,1,5
18013164,1,10,11,6,3
18013165,6,10,8,1,2
18013166,3,9,7,5,11
18013167,7,4,9,1,3
18013168,1,9,10,2,7
18013169,4,6,11,3,2
18013170,1,11,3,4,2
18013171,8,6,4,11,5
18013172,5,9,11,3,6
18013173,3,8,10,4,11
18013174,2,9,8,3,6
18013175,7,11,9,10,2
18013176,1,9,2,3,5
18013177,4,8,2,6,5
18013178,2,1,8,7,4
18013179,9,6,8,5,10
18013180,3,10,6,4,9
18013181,5,10,3,11,6
18013182,7,6,4,3,11
18013183,2,11,4,6,9
18013184,6,3,8,1,4
18013185,8,2,3,4,9
18013186,11,4,3,9,10
18013187,4,11,5,3,2
