19090101,5,1,8,7,6
19090102,4,5,10,9,11
19090103,4,9,3,5,11
19090104,6,7,3,4,2
19090105,8,11,10,4,6
19090106,1,9,6,4,11
19090107,2,10,9,11,3
19090108,2,9,8,5,1
19090109,7,4,8,6,3
19090110,11,4,2,7,1
19090111,4,7,3,8,6
19090112,2,3,10,11,1
19090113,3,9,6,7,1
19090114,11,3,7,6,8
19090115,10,7,3,8,4
19090116,6,10,9,8,7
19090117,2,8,6,5,7
19090118,4,6,11,3,2
19090119,11,7,10,9,5
19090120,7,4,1,8,5
19090121,3,10,8,2,7
19090122,4,9,3,10,7
19090123,6,5,9,3,10
19090124,9,8,4,2,7
19090125,1,9,2,6,11
19090126,10,2,1,6,11
19090127,4,6,9,7,3
19090128,11,1,3,2,4
19090129,11,2,7,9,5
19090130,11,9,10,7,1
19090131,10,8,2,11,1
19090132,1,7,8,9,6
19090133,7,11,8,2,3
19090134,2,11,7,3,1
19090135,3,5,4,11,7
19090136,11,5,8,9,4
19090137,5,11,6,3,4
19090138,3,2,6,8,5
19090139,7,4,6,3,1
19090140,6,5,1,9,8
19090141,6,2,8,5,7
19090142,3,8,10,5,9
19090143,3,5,11,8,1
19090201,5,6,10,3,2
19090202,10,7,4,8,11
19090203,7,2,5,9,8
19090204,8,11,9,1,4
19090205,11,7,3,5,8
19090206,10,1,11,6,3
19090207,2,1,6,10,11
19090208,2,6,8,1,5
19090209,4,1,10,9,5
19090210,4,7,2,9,8
19090211,6,11,8,3,1
19090212,8,4,3,2,6
19090213,10,5,7,4,3
19090214,11,9,6,5,3
19090215,8,2,9,4,5
19090216,6,3,4,9,11
19090217,8,10,11,6,7
19090218,9,8,1,10,4
19090219,3,1,6,2,9
19090220,3,2,5,8,4
19090221,7,3,1,2,9
19090222,7,2,1,10,8
19090223,4,11,5,7,1
19090224,6,10,7,1,11
19090225,2,4,11,5,8
19090226,2,9,6,11,10
19090227,5,7,2,1,3
19090228,6,10,9,11,4
19090229,6,5,9,7,2
19090230,4,9,6,1,10
19090231,6,7,10,4,1
19090232,1,7,8,6,5
19090233,3,2,8,11,5
19090234,4,11,5,1,2
19090235,8,6,3,2,9
19090236,2,11,5,1,3
19090237,2,5,3,11,4
19090238,6,1,3,8,7
19090239,10,8,4,9,3
19090240,8,7,11,6,2
19090241,1,8,4,5,6
19090242,7,3,5,1,2
19090243,7,8,5,4,2
19090301,6,4,3,8,9
19090302,7,5,10,4,8
19090303,10,8,1,2,4
19090304,9,8,2,10,5
19090305,10,3,9,1,5
19090306,10,6,1,9,8
19090307,6,3,9,1,4
19090308,5,6,7,11,9
19090309,11,8,3,5,4
19090310,9,11,5,3,6
19090311,5,3,7,2,8
19090312,6,3,7,5,8
19090313,4,10,5,8,2
19090314,1,3,6,11,10
19090315,2,5,8,1,6
19090316,2,7,5,1,11
19090317,5,11,6,10,3
19090318,1,6,8,11,10
19090319,5,2,6,8,1
19090320,4,10,5,7,6
19090321,11,7,2,10,6
19090322,5,7,3,6,2
19090323,3,10,5,11,9
19090324,3,10,8,1,2
19090325,4,7,8,1,2
19090326,10,9,11,1,6
19090327,1,5,9,7,8
19090328,5,2,11,4,10
19090329,8,11,9,1,6
19090330,9,6,8,10,5
19090331,10,8,5,9,4
19090332,1,11,7,5,10
19090333,2,3,4,1,10
19090334,7,3,9,5,11
19090335,11,8,2,9,4
19090336,8,7,2,3,9
19090337,2,1,7,9,5
19090338,10,7,9,11,1
19090339,11,6,9,3,1
19090340,2,6,5,8,11
19090341,6,3,7,2,10
19090342,10,6,9,3,7
19090343,9,7,6,4,2
19090401,5,11,3,2,9
19090402,1,4,9,2,6
19090403,7,11,10,9,2
19090404,7,5,8,6,1
19090405,1,8,10,3,11
19090406,5,10,9,8,6
19090407,11,5,6,9,4
19090408,3,9,2,11,10
19090409,8,1,10,4,5
19090410,4,3,7,11,10
19090411,5,8,6,4,9
19090412,1,2,5,4,3
19090413,3,2,1,7,8
19090414,11,1,4,3,2
19090415,9,11,10,4,2
19090416,8,10,4,6,1
19090417,7,8,4,6,10
19090418,11,10,9,4,2
19090419,5,7,3,8,1
19090420,10,6,11,9,1
19090421,3,6,10,9,1
19090422,4,3,2,6,7
19090423,8,11,3,4,10
19090424,10,1,9,2,8
19090425,3,2,9,1,5
19090426,9,10,3,8,5
19090427,3,8,5,4,7
19090428,5,7,9,2,10
19090429,1,2,5,9,11
19090430,1,3,9,7,6
19090431,8,9,5,10,2
19090432,11,7,5,4,1
19090433,2,7,1,11,3
19090434,1,4,7,11,3
19090435,7,5,1,10,11
19090436,4,6,2,9,7
19090437,7,6,4,9,8
19090438,5,11,6,10,9
19090439,8,9,6,7,1
19090440,9,1,11,6,8
19090441,7,2,10,8,9
19090442,4,11,5,3,8
19090443,3,8,1,5,6
19090501,4,2,9,11,7
19090502,11,7,2,9,3
19090503,9,7,3,2,11
19090504,4,3,11,10,2
19090505,5,3,7,1,4
19090506,10,4,8,11,1
19090507,2,8,10,5,3
19090508,3,10,4,6,7
19090509,2,3,10,9,5
19090510,3,1,7,2,8
19090511,4,8,2,3,9
19090512,7,6,11,9,2
19090513,2,3,4,5,10
19090514,3,10,5,8,1
19090515,3,10,4,2,1
19090516,4,7,3,2,9
19090517,9,3,7,6,11
19090518,4,6,1,3,2
19090519,10,2,9,8,6
19090520,1,11,7,3,6
19090521,5,1,6,10,9
19090522,9,3,5,10,4
19090523,5,8,3,10,7
19090524,3,6,1,7,8
19090525,4,5,3,8,11
19090526,8,10,1,9,11
19090527,11,10,3,2,7
19090528,8,10,9,5,7
19090529,9,8,4,7,10
19090530,4,2,8,3,10
19090531,10,9,4,3,8
19090532,1,11,5,8,10
19090533,4,10,11,3,5
19090534,11,6,1,5,8
19090535,4,1,2,6,8
19090536,10,2,3,5,7
19090537,6,9,11,1,2
19090538,6,3,1,8,4
19090539,8,1,4,6,10
19090540,5,1,2,10,8
19090541,9,1,3,6,2
19090542,6,2,9,1,8
19090543,7,3,5,9,1
19090601,8,5,4,2,11
19090602,4,7,10,5,11
19090603,10,6,7,5,2
19090604,11,3,6,9,2
19090605,8,7,5,10,2
19090606,9,10,1,5,2
19090607,8,10,5,1,11
19090608,10,7,6,5,9
19090609,3,2,1,7,11
19090610,7,8,9,4,5
19090611,6,8,3,1,9
19090612,8,4,3,10,2
19090613,4,9,10,11,7
19090614,2,8,11,10,1
19090615,1,7,9,8,2
19090616,2,6,8,1,4
19090617,8,11,2,4,6
19090618,10,4,9,8,11
19090619,11,9,3,5,1
19090620,9,4,6,7,1
19090621,9,1,6,5,11
19090622,7,3,6,4,9
19090623,11,5,2,10,3
19090624,5,10,1,6,3
19090625,6,7,3,9,8
19090626,3,1,4,7,5
19090627,4,1,3,5,11
19090628,4,9,1,11,3
19090629,8,6,11,9,2
19090630,8,9,11,3,4
19090631,10,3,4,9,2
19090632,11,5,6,4,2
19090633,1,8,10,2,4
19090634,3,9,6,1,8
19090635,6,2,8,3,5
19090636,5,1,2,6,7
19090637,9,2,6,1,11
19090638,5,2,4,11,3
19090639,3,9,2,5,4
19090640,4,10,3,2,5
19090641,10,2,11,8,9
19090642,2,1,7,11,6
19090643,6,4,8,1,9
19090701,11,10,5,4,1
19090702,4,3,10,9,6
19090703,9,8,1,10,7
19090704,5,2,10,11,8
19090705,11,7,2,4,5
19090706,1,4,6,10,2
19090707,2,7,4,5,9
19090708,10,5,3,1,7
19090709,6,8,5,11,10
19090710,10,6,7,4,2
19090711,11,8,6,2,1
19090712,2,3,1,8,7
19090713,8,6,1,10,5
19090714,7,11,9,10,4
19090715,3,1,4,7,6
19090716,8,11,7,5,2
19090717,2,3,7,9,1
19090718,6,10,2,5,4
19090719,10,4,8,11,3
19090720,3,10,9,2,6
19090721,5,6,3,9,11
19090722,6,1,2,7,5
19090723,3,9,10,11,5
19090724,8,2,11,10,9
19090725,10,1,8,11,3
19090726,6,4,7,8,2
19090727,2,9,4,11,7
19090728,10,1,9,6,8
19090729,2,7,10,3,9
19090730,5,10,1,3,4
19090731,11,7,6,9,5
19090732,8,11,10,4,3
19090733,7,6,3,4,11
19090734,11,10,2,1,9
19090735,2,8,5,4,9
19090736,10,4,9,2,11
19090737,11,10,5,4,8
19090738,9,4,8,3,11
19090739,2,9,3,1,11
19090740,3,9,5,1,8
19090741,11,9,2,6,8
19090742,10,9,1,8,7
19090743,5,1,10,7,2
19090801,2,10,4,3,8
19090802,5,3,11,7,6
19090803,2,10,8,5,6
19090804,11,7,8,6,9
19090805,8,11,6,9,1
19090806,5,8,7,1,9
19090807,6,2,1,11,10
19090808,1,6,2,10,3
19090809,5,7,9,1,6
19090810,9,1,8,11,2
19090811,10,9,8,6,7
19090812,5,3,7,8,1
19090813,2,8,9,4,10
19090814,4,1,9,2,3
19090815,2,4,7,8,6
19090816,3,1,6,8,7
19090817,10,8,5,7,9
19090818,4,1,7,5,11
19090819,2,10,4,7,8
19090820,10,7,5,1,3
19090821,4,1,5,7,2
19090822,6,1,7,10,8
19090823,1,10,9,7,4
19090824,4,5,8,10,3
19090825,10,11,6,3,8
19090826,3,1,5,11,6
19090827,8,3,7,9,5
19090828,9,1,11,5,7
19090829,9,6,4,2,11
19090830,5,7,1,3,2
19090831,2,9,8,10,4
19090832,7,9,4,11,2
19090833,2,11,4,7,6
19090834,3,9,1,11,5
19090835,7,8,6,11,10
19090836,6,4,10,1,3
19090837,3,7,10,1,2
19090838,9,2,5,6,3
19090839,6,1,8,11,10
19090840,1,4,9,10,3
19090841,10,8,5,6,7
19090842,9,3,6,5,2
19090843,6,3,11,10,1
19090901,8,11,1,7,9
19090902,8,5,11,1,7
19090903,1,4,9,10,7
19090904,10,2,3,11,6
19090905,9,5,7,11,3
19090906,11,9,4,10,2
19090907,1,7,3,6,4
19090908,1,8,3,10,4
19090909,10,5,1,6,9
19090910,11,2,10,5,6
19090911,1,3,6,11,7
19090912,1,2,3,11,8
19090913,10,7,6,2,11
19090914,8,11,7,10,9
19090915,11,1,9,2,7
19090916,4,10,6,8,5
19090917,6,3,11,4,2
19090918,1,10,2,11,5
19090919,8,5,1,10,6
19090920,10,2,3,4,1
19090921,3,7,9,2,10
19090922,5,1,4,6,10
19090923,5,10,3,4,9
19090924,1,10,2,11,9
19090925,2,8,1,3,5
19090926,5,11,1,9,4
19090927,10,9,1,5,11
19090928,10,9,7,8,5
19090929,10,9,2,6,1
19090930,7,2,10,5,1
19090931,11,5,3,10,1
19090932,5,6,3,1,4
19090933,10,2,5,7,1
19090934,11,8,9,5,7
19090935,5,7,6,10,8
19090936,3,2,5,9,1
19090937,11,3,5,10,8
19090938,2,11,9,3,7
19090939,2,3,1,7,10
19090940,1,3,6,10,11
19090941,4,8,9,2,7
19090942,6,1,9,5,7
19090943,5,11,10,4,3
19091001,3,5,9,1,4
19091002,8,11,10,2,4
19091003,5,11,8,2,10
19091004,5,4,2,7,11
19091005,1,2,8,3,5
19091006,10,6,9,5,7
19091007,10,4,1,8,5
19091008,1,6,5,10,9
19091009,10,11,9,5,1
19091010,6,3,8,7,2
19091011,7,8,6,1,3
19091012,10,9,5,3,1
19091013,8,10,1,11,4
19091014,2,11,5,9,3
19091015,1,3,7,2,5
19091016,6,7,5,3,11
19091017,11,5,1,3,7
19091018,6,2,9,10,3
19091019,5,11,3,7,9
19091020,11,2,10,1,4
19091021,3,11,6,7,9
19091022,3,11,5,1,9
19091023,5,8,11,3,2
19091024,3,2,5,10,9
19091025,10,1,8,6,7
19091026,5,7,9,1,11
19091027,11,7,4,2,1
19091028,10,1,11,8,7
19091029,7,4,3,2,6
19091030,1,7,8,9,5
19091031,2,9,8,6,10
19091032,4,1,5,11,3
19091033,8,3,9,10,1
19091034,1,4,6,7,10
19091035,4,5,8,3,1
19091036,11,9,6,3,8
19091037,11,2,6,8,5
19091038,7,11,2,5,4
19091039,9,7,8,2,10
19091040,6,10,4,5,9
19091041,9,3,7,10,1
19091042,1,11,10,8,2
19091043,6,8,7,3,9
19091101,4,8,6,5,2
19091102,2,3,4,8,7
19091103,9,2,4,11,8
19091104,11,8,4,6,1
19091105,6,10,7,5,1
19091106,5,3,11,8,1
19091107,8,5,1,11,4
19091108,11,2,8,6,1
19091109,9,3,2,7,6
19091110,1,3,5,6,8
19091111,11,10,9,4,7
19091112,10,5,1,9,3
19091113,1,10,11,9,7
19091114,7,11,4,6,5
19091115,10,7,9,3,6
19091116,5,3,7,11,8
19091117,9,11,1,10,7
19091118,11,7,2,10,1
19091119,3,11,7,10,8
19091120,5,10,1,7,2
19091121,6,9,10,4,7
19091122,5,4,10,8,3
19091123,2,1,4,10,11
19091124,7,5,3,11,9
19091125,11,4,2,3,6
19091126,8,5,9,4,10
19091127,5,6,8,3,9
