19110101,4,9,6,10,1
19110102,7,4,2,10,1
19110103,9,5,4,11,6
19110104,9,2,10,8,1
19110105,7,1,10,3,11
19110106,6,2,3,10,9
19110107,2,11,10,5,1
19110108,6,4,10,8,9
19110109,5,10,6,1,4
19110110,1,4,9,3,8
19110111,8,4,1,10,3
19110112,7,9,2,3,6
19110113,4,6,11,7,3
19110114,1,4,5,2,7
19110115,11,1,4,7,10
19110116,4,1,5,10,8
19110117,11,10,8,3,9
19110118,8,4,3,1,11
19110119,10,1,6,2,7
19110120,11,5,8,9,4
19110121,6,7,2,8,3
19110122,10,8,5,6,11
19110123,7,5,8,3,1
19110124,6,9,11,3,2
19110125,6,7,11,8,1
19110126,5,7,3,10,11
19110127,1,4,2,5,7
19110128,10,4,2,7,11
19110129,5,11,10,9,7
19110130,7,3,4,6,10
19110131,9,5,1,8,6
19110132,8,6,3,11,4
19110133,1,10,11,8,3
19110134,10,9,3,1,6
19110135,6,11,2,5,4
19110136,4,3,10,6,2
19110137,11,8,4,6,5
