19010101,5,4,7,2,10
19010102,4,6,10,1,5
19010103,8,11,4,7,2
19010104,10,8,1,7,3
19010105,2,11,8,4,5
19010106,4,7,11,6,5
19010107,11,2,5,1,8
19010108,9,8,6,2,5
19010109,7,9,10,3,11
19010110,1,2,10,8,11
19010111,10,7,4,2,3
19010112,8,11,6,2,3
19010113,3,10,2,5,9
19010114,2,5,11,8,6
19010115,1,9,7,5,10
19010116,5,2,3,6,1
19010117,10,6,5,2,9
19010118,10,4,11,2,8
19010119,10,2,7,6,5
19010120,9,1,5,4,8
19010121,5,10,2,7,4
19010122,2,6,5,8,3
19010123,7,5,9,8,3
19010124,5,9,6,7,3
19010125,6,5,4,8,9
19010126,5,6,1,3,8
19010127,10,2,7,9,1
19010128,5,1,9,2,6
19010129,9,5,11,4,8
19010130,11,2,4,5,10
19010131,8,3,5,11,6
19010132,2,9,11,7,10
19010133,5,9,6,1,3
19010134,4,2,10,3,7
19010135,5,3,4,6,1
19010136,4,5,7,2,11
19010137,2,4,5,7,8
19010138,4,3,8,9,11
19010139,9,1,2,10,11
19010140,1,9,5,6,11
19010141,1,2,7,5,10
19010142,8,7,11,3,6
19010143,4,10,9,6,7
19010144,3,4,11,6,5
19010145,7,5,10,8,6
19010146,10,7,9,2,5
19010147,11,6,2,1,9
19010148,1,10,7,5,11
19010149,6,4,7,11,3
19010150,8,9,7,1,11
19010151,2,3,8,5,11
19010152,7,9,1,5,8
19010153,9,6,1,5,2
19010154,7,8,3,6,11
19010155,1,9,4,11,10
19010156,8,9,7,2,11
19010157,3,5,11,10,9
19010158,1,4,5,10,7
19010159,10,2,7,11,4
19010160,1,2,10,5,7
19010161,1,7,4,9,6
19010162,11,4,5,2,9
19010163,9,3,4,2,5
19010164,11,10,1,2,5
19010165,5,1,2,3,6
19010166,11,4,6,5,8
19010167,3,5,10,4,9
19010168,5,10,9,4,8
19010169,6,9,3,7,1
19010170,7,3,6,11,10
19010171,6,7,10,3,11
19010172,6,5,4,11,8
19010173,7,9,11,6,1
19010174,4,10,7,1,3
19010175,7,5,10,11,9
19010176,2,3,5,4,8
19010177,2,11,7,10,5
19010178,9,5,1,2,6
19010179,1,8,10,4,11
19010180,8,3,6,1,4
19010181,11,7,3,1,6
19010182,8,5,11,10,2
19010183,9,11,5,2,7
19010184,4,6,8,10,9
19010185,7,1,2,5,11
19010186,5,1,10,11,7
19010187,2,9,6,10,8
19010201,4,9,3,8,11
19010202,5,1,3,8,11
19010203,9,5,7,3,10
19010204,2,9,8,3,4
19010205,7,2,1,6,10
19010206,7,10,8,9,4
19010207,10,2,3,11,4
19010208,5,6,11,1,4
19010209,3,5,2,7,8
19010210,4,9,2,6,8
19010211,10,5,11,8,4
19010212,5,3,9,4,6
19010213,7,4,3,5,10
19010214,7,10,6,2,9
19010215,9,6,2,8,1
19010216,5,7,4,2,11
19010217,8,7,11,4,5
19010218,9,1,10,7,8
19010219,2,11,5,10,8
19010220,2,9,10,1,6
19010221,6,5,10,1,11
19010222,9,10,3,2,1
19010223,8,2,6,7,3
19010224,4,3,9,7,5
19010225,3,2,4,10,5
19010226,5,6,4,2,1
19010227,1,4,11,6,8
19010228,10,5,2,8,11
19010229,2,11,6,4,5
19010230,8,7,11,2,4
19010231,11,1,10,2,6
19010232,1,10,6,11,5
19010233,9,6,5,8,3
19010234,5,2,10,11,1
19010235,11,9,1,2,3
19010236,9,4,7,8,10
19010237,10,9,1,3,2
19010238,6,5,4,2,11
19010239,2,9,8,10,5
19010240,6,4,5,11,3
19010241,8,11,4,6,5
19010242,1,8,9,7,3
19010243,3,7,2,1,11
19010244,6,1,8,7,10
19010245,7,2,6,3,11
19010246,3,8,1,6,9
19010247,8,4,3,10,11
19010248,8,7,5,3,6
19010249,3,8,1,7,5
19010250,5,11,1,2,4
19010251,6,8,11,7,2
19010252,1,4,2,5,3
19010253,9,7,8,3,6
19010254,5,3,4,9,1
19010255,11,2,6,10,9
19010256,2,1,8,6,9
19010257,1,5,2,6,3
19010258,8,7,3,5,4
19010259,5,4,8,9,10
19010260,10,6,9,5,4
19010261,4,6,10,11,8
19010262,8,6,5,10,3
19010263,8,10,6,9,2
19010264,5,10,3,1,8
19010265,11,1,6,4,2
19010266,5,8,2,9,6
19010267,7,1,3,11,6
19010268,9,8,11,6,3
19010269,10,7,9,1,11
19010270,1,8,5,3,4
19010271,3,1,4,9,5
19010272,1,5,11,6,9
19010273,3,9,6,11,2
19010274,5,3,7,11,2
19010275,10,4,7,11,3
19010276,7,2,10,5,6
19010277,10,11,5,3,4
19010278,6,10,1,8,9
19010279,8,5,6,7,9
19010280,9,10,2,3,11
19010281,11,7,6,10,9
19010282,10,6,8,7,9
19010283,5,6,9,7,4
19010284,2,5,1,10,3
19010285,9,7,11,6,4
19010286,3,8,11,4,9
19010287,2,1,10,9,3
19010301,2,6,8,9,3
19010302,5,8,2,7,3
19010303,1,7,5,11,9
19010304,7,2,5,10,3
19010305,5,4,10,7,9
19010306,10,6,5,9,1
19010307,1,7,10,9,2
19010308,6,11,9,5,8
19010309,11,4,9,6,3
19010310,8,5,11,10,1
19010311,7,8,11,5,9
19010312,7,2,1,6,9
19010313,8,7,11,5,1
19010314,7,11,2,1,5
19010315,8,6,3,7,1
19010316,1,6,3,2,7
19010317,1,7,8,3,6
19010318,2,5,8,3,10
19010319,6,1,5,4,8
19010320,5,4,6,8,1
19010321,2,7,9,1,5
19010322,4,5,11,1,7
19010323,10,1,11,7,2
19010324,4,9,2,6,7
19010325,10,8,11,9,1
19010326,10,6,9,11,3
19010327,5,4,10,6,1
19010328,3,7,1,5,8
19010329,3,10,8,4,7
19010330,10,1,7,4,5
19010331,7,3,2,6,4
19010332,1,5,6,7,8
19010333,4,8,5,7,2
19010334,8,1,10,11,5
19010335,3,2,1,7,4
19010336,10,6,1,7,4
19010337,10,7,6,4,3
19010338,11,4,6,8,7
19010339,4,9,3,11,10
19010340,11,6,10,3,7
19010341,7,3,4,8,11
19010342,7,4,3,2,6
19010343,9,7,4,1,11
19010344,6,10,3,7,9
19010345,8,5,2,9,6
19010346,6,11,7,3,1
19010347,1,9,10,8,7
19010348,6,5,8,3,11
19010349,6,3,10,11,2
19010350,2,11,7,3,10
19010351,6,11,10,2,7
19010352,11,6,7,1,9
19010353,9,7,8,5,3
19010354,2,8,3,6,7
19010355,1,3,5,9,2
19010356,8,10,2,5,4
19010357,5,7,9,4,10
19010358,3,9,8,10,2
19010359,3,6,4,9,1
19010360,4,6,1,8,11
19010361,4,10,1,11,3
19010362,9,11,10,5,8
19010363,4,7,3,6,1
19010364,4,8,3,7,2
19010365,7,1,8,5,2
19010366,4,9,11,8,6
19010367,1,9,5,6,2
19010368,2,9,7,1,4
19010369,6,3,4,1,10
19010370,6,11,9,5,8
19010371,2,9,7,5,3
19010372,1,7,9,10,3
19010373,6,2,4,1,10
19010374,9,5,1,2,10
19010375,10,1,11,3,5
19010376,5,7,8,2,3
19010377,1,4,11,2,8
19010378,2,6,5,4,1
19010379,3,11,5,10,8
19010380,3,5,1,10,8
19010381,10,4,6,3,9
19010382,11,8,10,3,7
19010383,4,7,6,5,3
19010384,5,10,3,2,8
19010385,5,3,6,9,7
19010386,5,8,7,6,10
19010387,7,8,9,5,10
19010401,1,4,5,11,10
19010402,6,7,9,4,8
19010403,3,6,11,8,7
19010404,10,5,3,1,4
19010405,11,2,8,4,1
19010406,10,4,1,3,5
19010407,2,10,3,11,1
19010408,3,2,4,6,1
19010409,7,6,11,5,8
19010410,6,5,7,11,4
19010411,3,4,9,5,10
19010412,2,11,3,10,4
19010413,10,11,3,9,4
19010414,6,3,2,4,9
19010415,1,5,8,7,10
19010416,11,9,8,2,5
19010417,1,5,8,2,9
19010418,10,4,8,11,1
19010419,3,11,4,5,7
19010420,8,1,5,3,6
19010421,9,1,3,5,7
19010422,3,5,1,8,9
19010423,5,11,3,6,4
19010424,6,2,7,11,8
19010425,1,8,6,5,4
19010426,5,6,8,7,1
19010427,4,10,7,9,3
19010428,4,3,6,1,10
19010429,4,3,7,10,6
19010430,5,2,6,7,8
19010431,1,8,6,11,3
19010432,7,6,4,8,11
19010433,2,9,1,4,11
19010434,2,6,4,1,8
19010435,7,11,6,1,10
19010436,2,7,9,8,5
19010437,6,11,7,4,9
19010438,6,1,9,4,8
19010439,6,5,9,3,11
19010440,6,9,1,5,3
19010441,10,3,11,8,2
19010442,10,6,2,7,9
19010443,4,6,10,11,2
19010444,1,9,4,6,7
19010445,2,9,6,8,1
19010446,5,6,2,1,11
19010447,4,1,2,3,8
19010448,9,7,5,3,11
19010449,8,2,3,7,10
19010450,2,7,3,8,9
19010451,11,5,8,10,4
19010452,10,3,7,6,11
19010453,10,5,8,11,7
19010454,8,7,3,11,1
19010455,10,9,7,5,8
19010456,10,1,7,4,2
19010457,8,5,7,1,4
19010458,8,4,1,11,7
19010459,5,2,10,6,8
19010460,10,1,2,9,11
19010461,6,7,10,2,3
19010462,7,5,3,10,8
19010463,1,11,8,10,9
19010464,9,5,7,1,8
19010465,3,8,5,11,7
19010466,9,11,8,3,5
19010467,7,8,2,9,1
19010468,6,2,5,10,3
19010469,10,11,6,3,4
19010470,6,9,10,8,2
19010471,1,10,3,6,8
19010472,9,3,1,4,2
19010473,8,3,5,4,7
19010474,10,6,4,1,11
19010475,5,11,9,2,6
19010476,5,2,1,9,8
19010477,7,10,6,4,8
19010478,8,5,4,2,1
19010479,2,11,8,3,5
19010480,11,8,7,1,9
19010481,5,7,6,9,3
19010482,5,6,9,2,11
19010483,9,10,7,3,8
19010484,5,9,4,3,11
19010485,7,6,10,1,2
19010486,4,11,1,9,8
19010487,7,5,6,11,2
19010501,7,10,11,1,3
19010502,9,2,8,6,3
19010503,9,3,7,2,6
19010504,7,5,11,4,2
19010505,9,8,7,11,4
19010506,5,4,11,8,10
19010507,1,2,10,11,9
19010508,8,11,5,2,10
19010509,4,2,7,8,9
19010510,3,9,6,10,2
19010511,10,8,7,5,6
19010512,8,6,1,4,2
19010513,1,7,4,9,10
19010514,8,9,4,11,7
19010515,4,9,2,3,7
19010516,10,7,9,6,8
19010517,6,2,5,1,9
19010518,3,6,8,10,2
19010519,1,6,5,10,8
19010520,11,9,4,1,2
19010521,5,2,8,3,10
19010522,3,6,4,8,1
19010523,7,3,4,6,1
19010524,2,11,6,1,8
19010525,3,4,7,9,11
19010526,7,6,1,5,4
19010527,7,10,5,2,8
19010528,2,11,7,3,5
19010529,5,11,2,1,7
19010530,11,7,4,9,8
19010531,3,9,4,11,1
19010532,9,8,5,7,11
19010533,3,9,6,4,2
19010534,10,11,9,3,4
19010535,4,1,3,5,10
19010536,9,3,1,6,5
19010537,10,2,3,6,8
19010538,8,3,9,2,5
19010539,6,5,11,9,10
19010540,4,6,3,10,5
19010541,9,1,8,4,5
19010542,7,8,4,6,3
19010543,4,6,7,10,5
19010544,7,8,2,4,5
19010545,4,1,11,10,3
19010546,11,2,7,5,8
19010547,7,4,2,6,1
19010548,9,5,11,8,1
19010549,3,1,7,4,10
19010550,9,8,2,5,11
19010551,4,6,2,1,11
19010552,3,11,4,5,7
19010553,9,2,1,7,11
19010554,1,6,9,8,4
19010555,1,7,10,4,2
19010556,9,5,7,11,3
19010557,6,2,11,3,5
19010558,2,8,9,1,5
19010559,3,8,4,9,6
19010560,7,8,5,3,11
19010561,3,7,8,5,4
19010562,9,3,5,11,4
19010563,10,3,2,8,5
19010564,6,3,11,1,9
19010565,6,4,5,8,2
19010566,7,3,10,5,9
19010567,11,8,10,9,3
19010568,1,11,3,2,6
19010569,7,11,10,3,8
19010570,10,3,8,7,2
19010571,6,4,9,8,3
19010572,11,6,8,9,4
19010573,1,2,5,6,7
19010574,9,1,11,5,4
19010575,10,8,7,4,1
19010576,8,11,5,4,3
19010577,4,10,8,3,2
19010578,10,8,1,6,3
19010579,8,7,10,11,1
19010580,7,6,9,2,4
19010581,5,7,2,9,4
19010582,5,10,7,1,8
19010583,11,5,4,10,6
19010584,5,11,8,9,7
19010585,10,8,7,1,2
19010586,1,2,8,6,9
19010587,5,10,6,4,7
19010601,9,8,6,4,7
19010602,8,6,3,11,10
19010603,9,6,3,1,2
19010604,11,6,7,2,3
19010605,2,10,6,3,7
19010606,4,9,2,10,8
19010607,2,11,5,6,4
19010608,3,8,11,7,9
19010609,5,1,10,7,3
19010610,4,1,7,3,2
19010611,5,9,2,10,3
19010612,4,8,9,5,11
19010613,1,10,3,7,8
19010614,2,7,8,9,5
19010615,11,10,3,7,5
19010616,4,11,1,10,6
19010617,4,9,10,8,1
19010618,3,8,6,4,1
19010619,10,6,4,5,9
19010620,10,4,7,5,8
19010621,7,3,11,8,4
19010622,10,11,3,4,9
19010623,6,1,7,5,4
19010624,4,6,1,7,3
19010625,2,11,4,8,5
19010626,9,8,6,10,1
19010627,9,3,7,6,4
19010628,4,6,2,9,5
19010629,10,2,3,6,4
19010630,2,3,7,11,8
19010631,11,8,5,1,2
19010632,6,11,10,8,5
19010633,5,4,11,7,3
19010634,10,8,5,11,3
19010635,2,11,1,5,6
19010636,11,10,6,8,4
19010637,3,10,7,2,1
19010638,7,3,5,4,1
19010639,5,8,11,9,1
19010640,8,7,5,2,3
19010641,10,2,1,5,6
19010642,11,6,10,5,3
19010643,8,10,7,2,9
19010644,1,3,7,2,6
19010645,4,1,5,9,11
19010646,4,5,1,6,2
19010647,5,7,1,10,9
19010648,8,5,10,2,11
19010649,9,3,2,8,7
19010650,10,7,2,6,8
19010651,1,4,2,7,10
19010652,3,1,7,8,11
19010653,8,6,3,9,5
19010654,11,5,6,7,3
19010655,4,5,2,6,3
19010656,5,1,9,6,4
19010657,4,5,10,7,1
19010658,2,7,6,1,11
19010659,4,11,8,9,7
19010660,5,8,2,11,4
19010661,3,6,7,8,2
19010662,2,6,1,11,3
19010663,4,6,1,5,7
19010664,8,7,2,10,3
19010665,2,3,5,8,1
19010666,2,11,5,9,8
19010667,10,8,7,9,2
19010668,10,8,2,3,6
19010669,10,2,9,7,8
19010670,7,10,11,9,6
19010671,2,10,5,1,3
19010672,3,5,11,7,4
19010673,10,3,1,8,2
19010674,1,11,4,6,10
19010675,2,11,6,4,10
19010676,10,9,4,2,7
19010677,2,3,5,11,4
19010678,4,9,6,10,2
19010679,5,9,7,2,11
19010680,5,7,4,9,1
19010681,11,5,9,2,8
19010682,2,7,10,5,4
19010683,2,11,7,3,5
19010684,11,9,2,7,5
19010685,7,5,2,1,10
19010686,7,6,2,11,3
19010687,1,8,3,5,9
19010701,6,3,9,1,5
19010702,11,7,1,5,2
19010703,9,5,4,1,7
19010704,1,8,5,6,3
19010705,10,8,11,1,9
19010706,6,4,1,10,9
19010707,2,4,3,10,5
19010708,5,3,9,4,7
19010709,2,6,5,7,1
19010710,9,7,11,2,3
19010711,3,11,4,7,1
19010712,3,8,5,1,7
19010713,6,4,2,7,3
19010714,9,3,6,5,10
19010715,9,11,5,2,6
19010716,7,1,11,3,10
19010717,11,2,1,8,9
19010718,6,4,11,7,10
19010719,5,4,7,8,10
19010720,3,9,8,10,2
19010721,3,5,6,8,2
19010722,11,8,5,7,2
19010723,4,5,9,2,1
19010724,2,10,1,6,5
19010725,11,9,1,2,7
19010726,4,10,7,9,5
19010727,5,3,11,7,8
19010728,6,1,4,2,9
19010729,7,11,4,1,3
19010730,6,11,10,9,4
19010731,10,1,7,4,3
19010732,3,1,5,8,7
19010733,10,7,4,9,5
19010734,9,10,11,5,2
19010735,10,6,5,4,3
19010736,8,6,11,1,10
19010737,7,5,10,3,6
19010738,5,4,7,1,3
19010739,7,5,2,9,8
19010740,4,7,5,6,11
19010741,1,7,9,2,3
19010742,6,2,10,4,9
19010743,1,7,9,5,4
19010744,2,5,10,11,4
19010745,5,6,10,2,8
19010746,11,9,2,7,1
19010747,3,4,2,7,11
19010748,8,11,2,6,1
19010749,6,2,8,9,1
19010750,5,7,2,4,10
19010751,5,8,4,10,11
19010752,8,3,1,6,11
19010753,6,3,2,5,8
19010754,1,9,4,3,5
19010755,8,10,3,7,6
19010756,2,6,10,8,1
19010757,4,8,3,1,2
19010758,2,9,7,1,3
19010759,6,5,4,3,7
19010760,1,2,5,7,9
19010761,8,2,6,5,11
19010762,4,2,1,3,5
19010763,9,3,8,7,4
19010764,4,1,9,6,7
19010765,5,8,2,9,1
19010766,11,1,10,4,7
19010767,11,6,1,2,8
19010768,10,6,3,2,7
19010769,9,7,11,10,2
19010770,10,6,5,8,3
19010771,8,2,7,1,5
19010772,8,6,11,7,5
19010773,10,11,6,2,8
19010774,9,11,8,4,1
19010775,7,8,5,6,1
19010776,7,5,3,8,4
19010777,2,3,4,7,1
19010778,4,8,7,10,9
19010779,8,5,10,2,6
19010780,3,6,8,1,7
19010781,3,8,11,5,7
19010782,9,5,11,2,8
19010783,3,9,7,10,2
19010784,5,6,8,1,11
19010785,4,3,5,1,2
19010786,10,8,6,11,9
19010787,1,9,7,11,6
19010801,8,4,11,7,6
19010802,2,6,3,1,7
19010803,6,9,1,2,11
19010804,3,1,8,4,10
19010805,1,6,8,11,2
19010806,5,4,8,7,3
19010807,9,10,3,5,8
19010808,10,3,5,6,8
19010809,1,10,5,3,9
19010810,2,5,8,7,10
19010811,4,9,6,5,2
19010812,6,11,1,4,5
19010813,8,9,4,11,6
19010814,4,1,9,3,2
19010815,6,11,9,5,10
19010816,11,1,6,4,8
19010817,4,10,7,6,2
19010818,5,4,2,1,6
19010819,6,5,8,7,9
19010820,11,2,9,8,7
19010821,1,3,9,6,5
19010822,3,6,10,5,9
19010823,9,8,10,7,4
19010824,10,2,4,7,6
19010825,5,8,2,1,10
19010826,5,6,11,7,8
19010827,11,8,3,1,10
19010828,8,2,6,10,5
19010829,11,5,10,3,2
19010830,11,10,7,3,1
19010831,3,4,10,9,8
19010832,2,11,6,7,4
19010833,1,5,8,3,9
19010834,3,7,8,9,6
19010835,4,11,2,3,10
19010836,5,4,8,2,1
19010837,10,4,9,3,7
19010838,2,5,11,7,8
19010839,6,3,4,2,1
19010840,10,1,2,11,8
19010841,6,1,3,9,7
19010842,2,7,3,4,6
19010843,3,4,7,10,8
19010844,11,4,9,3,8
19010845,7,6,2,8,10
19010846,6,1,2,7,4
19010847,11,3,8,6,10
19010848,11,10,8,5,3
19010849,11,3,7,10,1
19010850,1,7,9,5,6
19010851,7,6,3,9,8
19010852,9,11,3,2,8
19010853,5,8,11,4,6
19010854,2,8,5,7,3
19010855,8,2,11,5,9
19010856,1,5,6,10,11
19010857,11,8,9,6,10
19010858,3,6,9,4,11
19010859,8,1,11,4,2
19010860,3,11,10,2,6
19010861,3,7,11,9,5
19010862,10,3,8,2,7
19010863,3,8,2,10,4
19010864,1,6,7,4,3
19010865,8,4,6,11,10
19010866,6,7,11,3,10
19010867,5,7,8,1,6
19010868,8,1,10,5,11
19010869,7,4,1,10,6
19010870,1,8,10,7,2
19010871,9,8,4,3,1
19010872,5,6,3,4,1
19010873,3,6,2,5,4
19010874,5,8,6,7,2
19010875,2,6,5,4,8
19010876,10,9,5,8,2
19010877,10,1,8,11,2
19010878,2,6,8,1,11
19010879,5,2,4,9,11
19010880,6,11,10,4,5
19010881,6,2,8,1,5
19010882,10,4,2,9,3
19010883,7,11,3,10,5
19010884,5,6,8,1,2
19010885,11,9,5,3,1
19010886,9,3,10,7,1
19010887,4,6,1,8,3
19010901,4,2,11,3,6
19010902,10,1,6,2,7
19010903,5,1,6,4,11
19010904,2,9,11,8,10
19010905,5,11,2,4,8
19010906,4,9,3,2,1
19010907,5,11,2,10,3
19010908,1,7,3,2,11
19010909,9,5,6,8,1
19010910,9,3,10,11,2
19010911,3,9,1,5,8
19010912,5,3,8,2,7
19010913,9,1,10,5,7
19010914,11,8,5,3,7
19010915,4,1,11,2,5
19010916,8,7,9,1,5
19010917,9,3,10,2,8
19010918,2,7,9,3,11
19010919,1,10,7,6,3
19010920,8,3,7,10,1
19010921,3,11,8,1,5
19010922,10,8,5,11,7
19010923,8,1,2,4,3
19010924,2,4,9,6,10
19010925,9,8,3,2,1
19010926,4,3,7,9,11
19010927,1,9,4,3,6
19010928,6,3,5,2,1
19010929,5,4,7,9,2
19010930,1,10,5,2,3
19010931,9,11,1,10,8
19010932,8,6,9,11,2
19010933,10,11,3,1,8
19010934,11,7,9,1,2
19010935,10,11,4,3,1
19010936,11,6,1,5,10
19010937,9,6,7,3,5
19010938,10,6,5,3,11
19010939,11,7,3,4,6
19010940,3,11,2,4,1
19010941,6,4,11,2,8
19010942,7,6,9,3,1
19010943,6,4,2,7,9
19010944,2,3,9,4,1
19010945,9,11,7,6,5
19010946,6,1,4,9,8
19010947,11,1,9,4,5
19010948,3,8,5,6,1
19010949,2,5,1,11,9
19010950,10,11,8,5,4
19010951,10,11,1,9,4
19010952,2,11,3,6,4
19010953,10,2,4,8,11
19010954,9,8,7,1,4
19010955,11,6,7,2,5
19010956,7,2,1,8,3
19010957,7,1,4,8,10
19010958,1,2,10,5,3
19010959,3,1,7,4,9
19010960,9,6,8,7,11
19010961,3,10,4,11,7
19010962,10,7,4,3,11
19010963,3,11,8,2,6
19010964,7,3,10,6,5
19010965,9,3,7,4,2
19010966,9,8,3,1,5
19010967,6,8,10,11,3
19010968,4,9,8,1,3
19010969,4,1,9,2,6
19010970,7,4,9,10,2
19010971,6,3,11,7,8
19010972,11,8,10,2,9
19010973,4,6,1,7,11
19010974,10,3,6,8,4
19010975,7,11,2,1,5
19010976,6,9,7,1,11
19010977,9,10,2,5,3
19010978,8,6,3,1,5
19010979,1,4,5,6,2
19010980,8,7,1,6,9
19010981,6,4,11,10,7
19010982,11,1,7,6,9
19010983,11,4,5,7,1
19010984,7,8,4,1,6
19010985,1,3,5,4,11
19010986,10,5,1,3,11
19010987,10,11,3,9,6
19011001,11,1,7,3,6
19011002,11,2,3,4,1
19011003,4,11,8,1,10
19011004,2,6,9,4,8
19011005,11,10,5,7,2
19011006,6,3,5,1,8
19011007,7,1,8,6,5
19011008,2,8,10,9,4
19011009,6,4,10,3,2
19011010,8,5,3,7,4
19011011,11,1,3,9,2
19011012,11,7,9,5,6
19011013,2,8,5,1,3
19011014,7,5,8,10,1
19011015,1,10,3,11,8
19011016,1,4,8,9,5
19011017,5,4,3,2,1
19011018,6,8,5,9,2
19011019,2,5,8,11,4
19011020,6,5,2,1,9
19011021,11,6,3,4,7
19011022,3,5,8,10,11
19011023,7,9,6,4,11
19011024,8,6,5,11,10
19011025,5,3,4,11,2
19011026,9,2,5,10,1
19011027,6,1,8,2,10
19011028,1,7,10,4,11
19011029,3,8,2,9,4
19011030,1,5,11,6,9
19011031,5,3,6,7,10
19011032,4,6,8,2,10
19011033,2,4,1,9,10
19011034,8,4,3,2,11
19011035,5,7,8,11,3
19011036,8,11,2,5,10
19011037,8,6,10,9,11
19011038,7,3,9,2,10
19011039,3,5,6,2,7
19011040,10,5,3,6,2
19011041,11,3,5,2,7
19011042,3,4,2,11,8
19011043,9,6,11,4,5
19011044,2,1,4,11,3
19011045,6,8,1,5,3
19011046,5,10,11,6,8
19011047,2,6,7,3,11
19011048,9,3,11,5,8
19011049,5,2,11,9,1
19011050,5,4,7,10,3
19011051,2,10,3,7,1
19011052,10,6,11,9,8
19011053,6,7,1,8,4
19011054,5,11,2,3,8
19011055,8,9,10,2,1
19011056,1,4,5,7,6
19011057,8,5,4,1,11
19011058,2,1,8,6,7
19011059,11,8,4,5,1
19011060,11,5,3,9,1
19011061,8,7,1,11,5
19011062,9,5,10,7,2
19011063,11,3,4,2,7
19011064,4,8,1,10,9
19011065,7,2,6,9,3
19011066,10,7,6,2,9
19011067,7,6,1,9,2
19011068,6,5,4,9,7
19011069,11,9,10,5,3
19011070,7,1,8,10,6
19011071,6,1,5,4,11
19011072,7,8,11,10,9
19011073,4,6,10,1,2
19011074,1,10,3,5,8
19011075,1,4,3,10,7
19011076,7,10,4,11,6
19011077,6,2,9,4,8
19011078,5,8,1,3,11
19011079,8,2,7,11,5
19011080,8,9,6,4,1
19011081,7,6,2,8,9
19011082,3,2,9,7,10
19011083,8,2,6,5,4
19011084,3,6,1,9,5
19011085,8,2,5,1,6
19011086,8,5,1,7,11
19011087,7,11,3,8,2
19011101,9,3,1,11,10
19011102,9,6,1,2,7
19011103,6,10,5,2,8
19011104,2,5,11,7,9
19011105,9,3,4,11,10
19011106,4,10,11,7,2
19011107,1,6,5,9,10
19011108,9,8,3,7,6
19011109,6,5,4,2,3
19011110,5,7,6,9,11
19011111,5,3,10,4,11
19011112,4,11,3,8,10
19011113,4,9,3,10,1
19011114,11,4,3,1,7
19011115,6,5,7,2,11
19011116,9,8,11,2,4
19011117,6,1,7,8,4
19011118,9,4,6,7,2
19011119,8,9,1,4,11
19011120,7,10,11,9,4
19011121,10,2,5,9,7
19011201,7,1,9,5,10
19011202,9,11,8,5,6
19011203,5,2,9,10,11
19011204,11,1,4,10,9
19011205,4,1,9,7,10
19011206,2,11,4,6,3
19011207,8,6,4,11,2
19011208,3,4,2,7,10
19011209,9,6,8,11,10
19011210,4,10,6,11,5
19011211,2,11,6,7,9
19011212,3,10,7,11,6
19011213,4,5,10,7,8
19011214,7,4,1,8,2
19011215,8,3,6,10,9
19011216,10,1,4,11,9
19011217,7,3,6,10,1
19011218,9,11,5,1,3
19011219,11,2,10,9,8
19011220,10,9,4,5,3
19011221,2,1,4,11,5
19011222,8,6,10,5,11
19011223,2,8,7,3,1
19011224,9,7,11,8,6
19011225,7,11,1,8,5
19011226,10,2,7,8,3
19011227,11,5,3,10,4
19011228,11,5,10,6,9
19011229,3,4,8,1,9
19011230,6,8,11,10,9
19011231,9,6,11,4,2
19011232,10,3,7,9,11
19011233,6,9,1,2,5
19011234,5,3,10,2,9
19011235,11,8,5,1,10
19011236,11,3,5,8,6
19011237,7,1,9,6,8
19011238,1,4,7,8,5
19011239,6,10,4,7,1
19011240,7,1,4,6,2
19011241,4,9,6,2,8
19011242,3,1,4,5,7
19011243,7,9,11,1,2
19011244,2,1,8,11,9
19011245,1,4,2,11,10
19011246,1,5,7,4,9
19011247,6,2,10,1,5
19011248,2,4,8,5,3
19011249,2,11,10,9,4
19011250,10,3,6,7,8
19011251,5,8,2,1,10
19011252,10,2,6,9,5
19011253,3,8,6,2,1
19011254,3,8,5,11,6
19011255,1,3,11,5,6
19011256,11,6,1,7,3
19011257,3,1,5,4,6
19011258,6,8,4,3,9
19011259,1,8,10,2,6
19011260,6,4,10,2,3
19011261,6,5,4,1,11
19011262,9,1,3,8,2
19011263,8,10,5,11,7
19011264,3,1,5,2,4
19011265,2,9,11,3,1
19011266,7,10,8,11,6
19011267,11,7,1,8,4
19011268,9,2,8,1,5
19011269,3,7,10,1,2
19011270,5,9,8,4,2
19011271,6,10,11,4,9
19011272,1,2,8,4,3
19011273,10,4,7,6,8
19011274,10,2,1,3,5
19011275,2,6,7,8,5
19011276,6,1,5,11,8
19011277,2,1,8,10,3
19011278,7,8,4,3,10
19011279,11,3,4,7,2
19011280,5,7,9,10,1
19011281,8,7,11,3,6
19011282,8,1,4,7,11
19011283,5,3,11,10,4
19011284,5,2,4,1,8
19011285,8,7,9,11,4
19011286,6,4,7,5,9
19011287,6,1,9,5,2
19011301,8,6,7,5,3
19011302,5,11,1,2,8
19011303,7,1,4,5,8
19011304,1,9,2,7,4
19011305,2,4,7,6,1
19011306,10,6,4,2,1
19011307,3,11,4,7,2
19011308,6,8,4,5,11
19011309,5,6,7,9,8
19011310,5,8,10,11,7
19011311,2,1,10,4,6
19011312,9,2,1,11,8
19011313,1,11,3,7,6
19011314,5,1,9,7,4
19011315,2,6,4,7,8
19011316,11,7,6,8,10
19011317,8,4,2,5,1
19011318,7,9,11,6,5
19011319,7,10,5,2,4
19011320,11,3,6,7,5
19011321,7,3,9,1,4
19011322,10,2,5,9,7
19011323,1,9,11,10,5
19011324,4,6,3,11,2
19011325,11,2,10,3,4
19011326,5,9,7,10,4
19011327,6,5,10,1,8
19011328,1,2,7,5,11
19011329,10,5,2,4,3
19011330,11,3,6,7,1
19011331,11,9,4,8,5
19011332,4,11,2,6,5
19011333,7,5,10,3,9
19011334,7,6,3,9,1
19011335,11,10,2,8,1
19011336,8,9,5,1,3
19011337,8,5,11,3,9
19011338,1,9,5,6,3
19011339,1,5,10,4,2
19011340,3,10,7,11,9
19011341,9,11,6,10,8
19011342,7,11,5,4,1
19011343,10,8,6,1,9
19011344,7,2,6,3,10
19011345,3,10,9,7,4
19011346,5,4,7,9,1
19011347,4,5,6,11,8
19011348,4,9,11,1,3
19011349,11,2,7,9,3
19011350,9,6,10,7,3
19011351,1,3,2,9,6
19011352,4,2,9,1,6
19011353,3,8,1,6,2
19011354,8,6,10,3,5
19011355,10,7,1,3,2
19011356,9,4,5,8,2
19011357,3,10,5,9,7
19011358,1,6,3,2,11
19011359,9,8,1,3,5
19011360,6,8,2,3,9
19011361,8,1,6,3,11
19011362,8,3,6,2,1
19011363,11,8,9,10,1
19011364,3,10,8,9,7
19011365,11,7,5,4,8
19011366,7,4,2,1,9
19011367,4,2,9,1,3
19011368,4,3,6,2,1
19011369,8,7,10,1,4
19011370,4,5,11,9,6
19011371,8,6,10,4,5
19011372,3,4,2,8,6
19011373,1,7,5,8,4
19011374,5,4,10,11,3
19011375,3,9,1,7,2
19011376,10,4,3,8,1
19011377,7,8,9,3,4
19011378,11,7,5,10,8
19011379,9,6,4,2,11
19011380,9,8,4,11,3
19011381,11,2,5,1,7
19011382,1,3,5,10,7
19011383,11,4,9,2,10
19011384,11,7,1,2,3
19011385,3,10,11,6,2
19011386,3,5,1,6,2
19011387,8,4,1,2,7
19011401,9,10,4,11,3
19011402,3,1,6,10,11
19011403,4,7,5,3,11
19011404,1,4,10,5,11
19011405,7,9,10,5,6
19011406,1,9,10,7,3
19011407,11,9,2,8,4
19011408,7,6,4,11,5
19011409,9,6,10,3,8
19011410,4,1,9,10,3
19011411,9,1,11,10,4
19011412,7,1,9,3,11
19011413,3,11,9,5,8
19011414,10,7,2,4,5
19011415,1,10,11,4,7
19011416,6,8,5,1,7
19011417,6,1,7,5,9
19011418,2,4,3,5,6
19011419,10,1,2,3,7
19011420,2,3,4,10,7
19011421,5,11,2,1,9
19011422,10,1,4,11,2
19011423,6,4,3,7,2
19011424,10,4,6,7,9
19011425,5,1,3,7,8
19011426,3,8,5,10,7
19011427,11,2,3,6,4
19011428,5,6,2,11,4
19011429,7,6,2,9,5
19011430,8,9,2,4,6
19011431,9,2,11,8,7
19011432,5,10,9,3,11
19011433,11,10,3,5,2
19011434,6,8,5,1,10
19011435,10,1,6,2,4
19011436,7,6,10,5,4
19011437,5,1,8,10,7
19011438,4,8,2,7,1
19011439,2,6,3,1,5
19011440,2,8,7,10,3
19011441,2,8,4,1,5
19011442,5,1,7,3,10
19011443,3,6,5,2,4
19011444,7,9,4,8,1
19011445,4,10,11,5,6
19011446,2,8,10,1,6
19011447,1,9,11,7,6
19011448,1,4,2,10,11
19011449,10,3,6,1,5
19011450,11,6,10,3,5
19011451,4,9,5,2,8
19011452,3,8,9,7,5
19011453,4,9,2,7,8
19011454,7,6,4,1,9
19011455,2,3,1,6,5
19011456,10,2,5,6,1
19011457,3,4,8,6,2
19011458,4,7,10,1,3
19011459,2,5,8,3,9
19011460,11,1,9,8,2
19011461,4,7,2,3,9
19011462,7,10,2,4,5
19011463,11,1,2,5,7
19011464,6,1,10,11,8
19011465,3,6,1,9,8
19011466,5,1,9,7,8
19011467,5,9,2,8,4
19011468,7,4,10,1,2
19011469,10,7,4,3,11
19011470,3,8,2,5,6
19011471,2,11,3,4,1
19011472,1,8,9,6,4
19011473,8,11,9,5,1
19011474,8,6,7,11,9
19011475,11,3,10,8,6
19011476,11,7,5,9,2
19011477,2,4,6,3,7
19011478,8,1,3,5,4
19011479,4,5,10,11,1
19011480,5,8,7,9,4
19011481,6,7,4,11,9
19011482,6,3,11,5,9
19011483,4,7,10,6,8
19011484,1,8,6,5,4
19011485,1,5,6,2,7
19011486,5,3,1,8,4
19011487,1,6,8,10,11
19011501,3,9,10,6,8
19011502,7,6,5,2,3
19011503,4,11,5,8,9
19011504,5,3,8,4,11
19011505,6,10,1,8,4
19011506,11,1,3,10,7
19011507,10,8,9,4,3
19011508,6,11,2,7,9
19011509,4,9,10,7,3
19011510,1,8,7,6,4
19011511,6,7,3,10,11
19011512,10,7,5,6,1
19011513,3,6,7,4,5
19011514,5,1,11,4,6
19011515,6,11,7,2,10
19011516,9,1,4,10,6
19011517,11,2,5,10,1
19011518,5,4,2,10,1
19011519,6,1,11,7,8
19011520,11,10,9,2,7
19011521,8,6,1,2,3
19011522,9,5,8,11,6
19011523,7,5,6,4,10
19011524,3,7,6,2,11
19011525,11,5,8,10,6
19011526,6,3,5,4,7
19011527,8,3,7,9,10
19011528,11,2,8,5,7
19011529,6,3,2,10,9
19011530,7,8,10,3,6
19011531,11,8,7,9,1
19011532,7,6,5,9,10
19011533,3,10,4,6,9
19011534,3,5,10,2,8
19011535,7,4,1,3,10
19011536,10,9,7,8,11
19011537,6,9,4,1,10
19011538,2,3,1,7,5
19011539,6,5,1,3,9
19011540,4,11,9,10,1
19011541,4,11,2,1,10
19011542,1,7,5,4,9
19011543,11,6,2,10,7
19011544,9,1,3,11,4
19011545,10,11,1,6,9
19011546,6,2,5,7,1
19011547,10,3,1,11,6
19011548,4,1,10,11,7
19011549,8,2,9,1,11
19011550,10,6,5,2,11
19011551,5,10,6,9,8
19011552,2,7,8,6,10
19011553,8,9,3,1,5
19011554,10,7,3,1,4
19011555,3,2,11,8,10
19011556,1,9,4,8,6
19011557,7,9,4,11,3
19011558,4,6,8,10,7
19011559,4,8,2,6,1
19011560,1,3,6,8,5
19011561,4,10,5,11,9
19011562,4,6,11,9,3
19011563,10,7,2,9,1
19011564,2,9,4,3,5
19011565,1,2,5,10,8
19011566,11,4,7,6,9
19011567,3,1,10,4,5
19011568,2,8,5,3,11
19011569,9,4,2,3,11
19011570,10,7,1,4,3
19011571,3,7,1,11,8
19011572,4,7,1,10,6
19011573,2,11,10,6,9
19011574,10,7,6,9,2
19011575,11,4,6,1,5
19011576,6,10,7,3,5
19011577,9,8,3,7,10
19011578,1,8,5,7,10
19011579,9,10,11,2,1
19011580,1,3,10,11,5
19011581,5,1,6,7,9
19011582,1,5,7,3,2
19011583,8,6,10,1,3
19011584,4,5,7,10,3
19011585,11,9,7,10,4
19011586,11,7,2,10,3
19011587,3,6,7,10,2
19011601,7,8,6,3,9
19011602,6,11,3,7,2
19011603,9,2,10,3,11
19011604,2,11,6,1,9
19011605,10,3,2,1,8
19011606,1,6,11,2,7
19011607,1,10,3,4,7
19011608,9,2,5,4,6
19011609,11,8,4,9,1
19011610,5,11,1,9,8
19011611,10,3,8,11,7
19011612,10,6,2,5,7
19011613,4,1,7,8,5
19011614,1,8,7,5,6
19011615,2,7,3,9,11
19011616,7,11,4,3,2
19011617,1,5,2,6,4
19011618,2,7,1,9,4
19011619,8,7,9,4,1
19011620,3,1,9,5,10
19011621,5,3,10,6,8
19011622,1,6,5,3,7
19011623,6,1,4,7,5
19011624,2,10,7,6,11
19011625,1,11,7,3,8
19011626,9,1,7,6,5
19011627,2,1,7,9,10
19011628,1,4,10,5,9
19011629,9,6,1,5,8
19011630,4,11,5,6,2
19011631,1,9,6,4,11
19011632,3,9,1,7,10
19011633,5,8,9,11,2
19011634,2,3,1,11,9
19011635,6,1,9,3,4
19011636,6,1,11,4,3
19011637,1,5,9,4,8
19011638,5,4,9,3,6
19011639,6,8,4,11,5
19011640,8,1,2,6,10
19011641,11,9,5,4,10
19011642,1,4,11,9,2
19011643,10,6,5,8,4
19011644,6,9,7,11,3
19011645,6,1,4,2,8
19011646,4,2,7,8,11
19011647,2,11,5,8,9
19011648,2,4,11,8,5
19011649,2,8,11,9,10
19011650,4,8,1,5,9
19011651,4,3,10,9,1
19011652,3,5,6,10,8
19011653,1,9,7,2,5
19011654,1,5,9,4,7
19011655,1,3,11,5,9
19011656,2,10,4,6,5
19011657,1,3,10,9,2
19011658,8,9,2,3,11
19011659,6,9,4,7,1
19011660,7,3,9,8,10
19011661,5,10,6,2,11
19011662,9,6,11,2,10
19011663,5,4,8,11,1
19011664,8,2,4,9,10
19011665,8,10,5,1,9
19011666,9,8,11,10,1
19011667,9,6,4,1,5
19011668,2,11,1,5,10
19011669,8,11,6,5,4
19011670,3,6,7,11,5
19011671,1,11,9,2,8
19011672,6,2,1,5,8
19011673,11,5,10,7,9
19011674,1,8,11,6,5
19011675,5,10,1,9,7
19011676,2,6,8,3,5
19011677,7,2,5,6,4
19011678,9,3,10,4,1
19011679,10,6,8,3,11
19011680,9,2,1,5,4
19011681,5,10,7,2,3
19011682,6,7,8,10,11
19011683,6,8,9,7,4
19011684,8,6,4,2,5
19011685,4,11,2,8,3
19011686,3,1,7,2,11
19011687,3,5,1,10,11
19011701,11,9,7,10,2
19011702,9,2,10,3,1
19011703,9,1,6,3,7
19011704,8,3,9,7,11
19011705,7,2,8,10,1
19011706,8,7,11,3,1
19011707,9,10,2,6,7
19011708,4,6,2,11,3
19011709,2,5,6,10,11
19011710,4,8,6,2,3
19011711,6,8,1,5,10
19011712,11,10,4,2,5
19011713,5,8,2,9,11
19011714,9,7,10,6,5
19011715,3,8,1,10,2
19011716,7,9,4,1,3
19011717,4,9,3,2,11
19011718,5,7,9,4,11
19011719,7,3,1,5,10
19011720,6,2,1,8,7
19011721,7,2,11,8,3
19011722,11,7,1,2,8
19011723,5,3,2,8,11
19011724,11,10,1,6,9
19011725,2,5,8,11,10
19011726,5,9,6,10,2
19011727,6,11,5,1,4
19011728,8,7,5,10,3
19011729,3,11,4,9,7
19011730,10,7,3,5,11
19011731,10,11,1,5,4
19011732,5,9,10,1,3
19011733,11,1,5,2,9
19011734,4,7,1,2,3
19011735,5,3,11,1,8
19011736,5,2,7,8,10
19011737,8,6,1,11,2
19011738,6,11,7,3,2
19011739,10,4,7,9,11
19011740,2,7,9,4,11
19011741,8,11,7,2,10
19011742,1,6,11,9,8
19011743,6,10,2,4,5
19011744,1,6,7,2,4
19011745,5,10,11,4,3
19011746,7,2,1,4,8
19011747,2,4,11,8,5
19011748,7,11,5,8,2
19011749,6,10,7,1,8
19011750,5,10,4,7,9
19011751,7,10,3,5,9
19011752,6,2,8,5,10
19011753,7,5,8,4,2
19011754,11,6,4,9,7
19011755,10,3,11,1,4
19011756,2,5,6,8,9
19011757,10,5,7,11,4
19011758,9,3,10,7,8
19011759,6,4,5,9,11
19011760,4,1,5,11,8
19011761,7,8,9,2,11
19011762,8,6,4,7,9
19011763,3,1,4,6,7
19011764,4,6,8,2,5
19011765,7,1,4,10,8
19011766,2,7,4,9,8
19011767,10,4,6,3,2
19011768,10,9,5,11,6
19011769,6,5,3,8,7
19011770,8,6,11,4,3
19011771,1,4,7,11,8
19011772,1,10,5,4,8
19011773,3,1,7,11,2
19011774,10,2,11,3,7
19011775,8,2,11,10,6
19011776,2,9,3,4,1
19011777,1,8,2,10,3
19011778,4,3,7,2,6
19011779,4,8,10,2,3
19011780,7,9,8,2,4
19011781,9,8,10,2,5
19011782,9,8,2,6,7
19011783,8,2,6,3,4
19011784,11,7,10,5,3
19011785,4,7,1,10,9
19011786,1,7,5,3,9
19011787,10,7,11,5,1
19011801,7,4,2,5,6
19011802,6,11,10,5,2
19011803,3,5,10,6,8
19011804,11,7,1,4,10
19011805,6,3,10,5,7
19011806,4,5,7,8,1
19011807,6,5,1,8,7
19011808,1,7,8,2,5
19011809,5,6,1,2,10
19011810,7,11,8,10,1
19011811,3,7,1,9,6
19011812,8,11,10,6,2
19011813,8,2,10,4,11
19011814,7,11,10,3,4
19011815,2,4,10,5,9
19011816,1,8,5,10,9
19011817,8,3,11,9,5
19011818,2,9,11,8,7
19011819,4,11,6,1,7
19011820,7,9,2,4,1
19011821,8,6,5,11,9
19011822,2,5,7,4,9
19011823,2,1,6,9,11
19011824,6,9,1,2,10
19011825,2,6,4,11,7
19011826,3,6,2,9,7
19011827,4,10,9,6,11
19011828,11,6,9,3,5
19011829,3,10,1,6,2
19011830,5,3,11,9,4
19011831,10,2,4,7,1
19011832,4,10,8,1,9
19011833,8,2,5,11,7
19011834,4,7,6,1,3
19011835,6,3,9,5,8
19011836,6,8,9,11,4
19011837,7,3,11,5,1
19011838,4,6,5,10,3
19011839,10,11,5,9,2
19011840,7,8,6,9,11
19011841,1,2,9,7,5
19011842,8,1,2,5,3
19011843,3,2,5,7,9
19011844,7,9,2,8,10
19011845,10,8,4,3,9
19011846,9,7,1,3,2
19011847,10,9,8,4,6
19011848,2,3,1,4,5
19011849,7,1,2,8,10
19011850,11,9,7,3,6
19011851,4,11,1,7,3
19011852,3,6,11,8,2
19011853,5,8,2,9,11
19011854,2,5,4,9,8
19011855,7,11,9,3,6
19011856,6,1,2,3,5
19011857,3,2,4,5,1
19011858,8,3,9,10,1
19011859,3,1,4,5,2
19011860,6,10,4,11,5
19011861,10,5,9,7,8
19011862,11,3,5,10,1
19011863,7,10,6,3,8
19011864,2,1,10,6,5
19011865,8,3,10,1,9
19011866,8,6,3,1,11
19011867,9,3,11,6,5
19011868,4,8,2,9,6
19011869,6,11,1,2,4
19011870,9,6,2,3,11
19011871,10,9,7,4,6
19011872,9,7,8,4,3
19011873,6,9,4,10,8
19011874,2,1,3,8,4
19011875,9,4,2,8,11
19011876,3,7,8,5,1
19011877,7,6,9,10,3
19011878,9,3,5,1,8
19011879,9,3,10,6,11
19011880,11,9,7,10,5
19011881,11,2,9,1,10
19011882,11,5,10,6,7
19011883,9,6,4,2,10
19011884,1,5,9,2,7
19011885,8,10,6,11,3
19011886,10,3,9,11,8
19011887,2,7,5,1,9
19011901,1,2,10,6,9
19011902,9,6,3,5,2
19011903,7,10,2,6,9
19011904,9,4,3,8,1
19011905,1,11,4,9,10
19011906,10,11,4,9,1
19011907,7,4,1,6,2
19011908,10,9,5,4,3
19011909,8,11,1,5,10
19011910,3,9,2,4,11
19011911,4,5,8,1,7
19011912,2,1,3,5,10
19011913,1,8,11,10,7
19011914,4,10,7,5,2
19011915,6,2,10,3,7
19011916,6,10,8,11,3
19011917,5,6,3,4,9
19011918,2,10,4,6,8
19011919,8,11,3,4,5
19011920,11,2,6,5,3
19011921,1,8,7,2,4
19011922,8,1,2,11,9
19011923,9,10,11,3,1
19011924,5,8,1,9,10
19011925,4,9,7,10,3
19011926,6,2,1,4,8
19011927,1,2,3,10,9
19011928,2,4,7,1,6
19011929,1,7,5,11,4
19011930,2,10,3,6,11
19011931,6,10,4,9,3
19011932,11,4,1,3,7
19011933,3,7,2,4,8
19011934,5,4,6,3,9
19011935,1,3,9,8,11
19011936,9,5,1,10,8
19011937,3,10,4,8,2
19011938,8,6,7,3,5
19011939,8,6,7,3,11
19011940,2,3,4,1,5
19011941,1,9,2,6,3
19011942,9,11,5,7,4
19011943,9,10,5,4,3
19011944,3,8,2,7,1
19011945,8,7,1,6,3
19011946,4,2,8,3,5
19011947,6,2,4,5,7
19011948,2,6,11,4,1
19011949,5,8,6,1,11
19011950,9,3,10,5,2
19011951,6,1,8,4,5
19011952,1,4,3,6,9
19011953,1,5,6,2,9
19011954,9,10,7,6,8
19011955,8,6,5,7,11
19011956,2,4,7,10,8
19011957,1,11,2,6,3
19011958,3,7,4,2,10
19011959,5,2,1,8,10
19011960,11,4,7,3,9
19011961,9,3,4,1,7
19011962,11,7,6,3,10
19011963,1,9,7,2,3
19011964,9,3,1,8,5
19011965,2,5,11,8,9
19011966,5,8,2,11,6
19011967,2,1,7,9,4
19011968,3,11,5,6,10
19011969,7,2,5,3,6
19011970,5,8,10,6,2
19011971,7,4,3,11,2
19011972,4,3,5,8,7
19011973,10,5,2,7,9
19011974,5,1,7,4,11
19011975,8,2,11,7,10
19011976,3,10,2,4,1
19011977,3,5,9,2,4
19011978,1,11,6,10,8
19011979,3,8,7,10,1
19011980,7,11,5,1,8
19011981,3,4,2,10,7
19011982,7,3,8,5,11
19011983,1,3,5,9,8
19011984,1,9,2,3,4
19011985,4,1,5,7,11
19011986,1,3,11,2,4
19011987,7,2,8,1,4
19012001,9,11,5,7,4
19012002,6,11,4,10,7
19012003,6,1,3,11,9
19012004,6,2,10,7,9
19012005,10,2,11,5,6
19012006,9,7,8,6,1
19012007,4,10,1,9,8
19012008,3,9,5,1,8
19012009,10,7,4,2,1
19012010,1,10,11,3,9
19012011,4,2,9,6,10
19012012,6,9,1,5,11
19012013,5,9,7,6,2
19012014,8,7,11,10,9
19012015,1,2,6,8,5
19012016,2,6,1,9,10
19012017,11,5,9,1,4
19012018,5,4,9,11,2
19012019,6,7,10,3,4
19012020,5,3,8,7,10
19012021,9,11,3,7,5
19012022,3,11,7,8,2
19012023,2,5,3,7,9
19012024,7,5,9,10,2
19012025,5,11,10,9,1
19012026,9,5,10,1,3
19012027,8,7,9,1,11
19012028,11,8,4,5,10
19012029,1,8,4,2,10
19012030,3,1,11,9,6
19012031,11,8,3,1,2
19012032,5,8,11,2,3
19012033,10,2,6,3,8
19012034,4,5,2,1,6
19012035,3,10,1,7,8
19012036,10,9,5,2,3
19012037,3,1,7,8,4
19012038,3,2,10,1,11
19012039,3,2,9,6,1
19012040,8,10,5,6,7
19012041,1,9,3,7,6
19012042,8,7,1,11,10
19012043,9,6,2,3,10
19012044,8,5,10,11,3
19012045,3,5,10,8,6
19012046,11,7,2,1,4
19012047,7,5,6,4,10
19012048,6,9,2,10,8
19012049,3,2,8,1,10
19012050,4,3,5,7,10
19012051,3,9,5,10,1
19012052,2,8,10,3,5
19012053,4,8,1,11,10
19012054,11,9,3,5,1
19012055,10,5,1,7,3
19012056,3,4,1,9,10
19012057,2,5,9,1,8
19012058,11,3,9,7,1
19012059,3,9,7,2,10
19012060,1,3,7,2,8
19012061,10,5,9,2,11
19012062,9,11,10,1,4
19012063,8,6,7,10,3
19012064,9,7,10,8,4
19012065,5,4,3,7,10
19012066,10,3,11,7,9
19012067,8,10,4,6,7
19012068,6,10,3,8,4
19012069,5,2,10,4,3
19012070,3,4,7,1,8
19012071,6,4,2,5,3
19012072,9,10,4,6,5
19012073,1,2,9,3,7
19012074,7,1,5,11,4
19012075,8,6,10,4,3
19012076,3,1,10,8,6
19012077,2,6,1,8,4
19012078,7,1,5,9,3
19012079,3,8,4,6,2
19012080,2,9,5,3,8
19012081,1,4,7,10,11
19012082,10,9,8,2,1
19012083,5,7,11,3,9
19012084,9,1,4,11,8
19012085,3,8,5,11,9
19012086,8,7,10,11,1
19012087,11,3,7,2,8
19012101,6,2,3,7,1
19012102,1,11,6,4,5
19012103,2,3,5,9,7
19012104,1,7,9,8,11
19012105,10,6,5,1,11
19012106,5,8,6,4,3
19012107,4,8,1,2,3
19012108,1,10,7,6,3
19012109,3,8,10,1,6
19012110,4,8,11,9,2
19012111,5,10,1,8,11
19012112,2,4,10,11,8
19012113,8,3,1,5,4
19012114,6,8,3,11,10
19012115,4,2,7,1,8
19012116,8,11,3,9,4
19012117,3,5,9,7,4
19012118,7,8,6,3,1
19012119,1,4,11,10,3
19012120,9,2,3,6,7
19012121,7,4,1,6,8
19012122,9,5,3,4,2
19012123,8,10,3,1,2
19012124,8,11,3,10,5
19012125,2,1,3,10,9
19012126,10,9,3,5,7
19012127,2,4,8,11,5
19012128,11,9,10,6,7
19012129,10,5,7,1,6
19012130,3,1,6,7,4
19012131,11,10,7,2,6
19012132,1,11,7,2,10
19012133,9,7,5,8,10
19012134,11,10,1,8,9
19012135,2,7,8,3,10
19012136,6,2,10,11,9
19012137,10,9,2,3,6
19012138,11,7,5,9,2
19012139,4,5,6,9,10
19012140,4,2,9,3,11
19012141,7,11,10,8,3
19012142,10,8,5,9,6
19012143,11,7,8,3,9
19012144,4,11,2,3,8
19012145,3,7,5,10,4
19012146,1,5,6,11,9
19012147,3,7,4,8,2
19012148,9,7,4,11,5
19012149,3,7,5,10,9
19012150,7,5,2,9,4
19012151,5,2,11,1,9
19012152,3,1,5,2,9
19012153,4,2,9,3,10
19012154,7,1,6,5,9
19012155,9,8,5,6,10
19012156,3,10,9,5,4
19012157,1,11,10,7,6
19012158,11,3,9,2,10
19012159,1,10,7,5,3
19012160,11,3,1,9,5
19012161,8,1,4,10,6
19012162,10,9,4,8,2
19012163,2,4,8,7,3
19012164,4,1,5,2,9
19012165,11,4,8,10,1
19012166,8,2,1,3,7
19012167,5,7,2,8,6
19012168,7,4,6,2,8
19012169,2,11,1,3,4
19012170,2,6,5,7,10
19012171,6,8,3,7,10
19012172,2,8,4,3,10
19012173,4,5,9,7,6
19012174,2,1,7,9,5
19012175,8,1,4,2,10
19012176,6,2,7,10,8
19012177,8,3,5,10,6
19012178,11,3,7,8,4
19012179,5,10,1,9,11
19012180,11,5,1,8,2
19012181,4,9,6,5,10
19012182,7,11,5,4,8
19012183,5,11,7,2,10
19012184,3,9,7,4,11
19012185,11,1,2,4,6
19012186,3,5,2,11,8
19012187,9,1,10,11,3
19012201,8,7,11,6,3
19012202,2,7,5,11,4
19012203,1,8,7,11,10
19012204,1,6,5,3,8
19012205,10,9,5,8,3
19012206,7,5,3,11,6
19012207,2,6,5,11,9
19012208,2,11,6,8,3
19012209,5,9,2,10,1
19012210,9,8,6,5,3
19012211,10,9,11,1,2
19012212,8,6,3,4,2
19012213,7,3,8,5,6
19012214,2,1,10,9,7
19012215,2,1,5,11,9
19012216,11,5,4,7,1
19012217,11,4,2,7,5
19012218,5,7,2,8,11
19012219,3,4,1,7,10
19012220,8,7,10,3,4
19012221,10,5,11,1,9
19012222,2,4,6,1,8
19012223,11,7,1,4,6
19012224,2,4,6,9,5
19012225,8,11,4,9,5
19012226,10,3,6,9,5
19012227,6,7,11,2,10
19012228,4,9,1,5,7
19012229,5,9,8,11,6
19012230,7,1,6,3,5
19012231,9,8,6,4,5
19012232,10,2,7,5,1
19012233,1,10,8,2,3
19012234,11,3,4,8,9
19012235,1,3,2,5,11
19012236,10,7,8,5,4
19012237,10,6,9,5,11
19012238,2,10,11,6,3
19012239,4,5,8,3,7
19012240,2,11,9,7,4
19012241,5,11,9,7,1
19012242,3,9,2,11,5
19012243,7,6,5,8,2
19012244,1,5,6,2,11
19012245,3,4,10,6,5
19012246,5,4,9,1,3
19012247,10,11,1,4,5
19012248,10,9,11,2,6
19012249,9,6,10,4,11
19012250,6,5,3,4,10
19012251,10,2,9,4,1
19012252,5,1,7,3,8
19012253,11,3,8,6,2
19012254,3,11,2,4,9
19012255,4,11,6,2,9
19012256,7,9,1,5,10
19012257,2,6,4,3,9
19012258,6,8,10,11,5
19012259,10,1,5,3,8
19012260,4,5,10,1,11
19012261,6,3,10,8,2
19012262,9,6,5,3,7
19012263,2,1,10,3,9
19012264,10,7,4,6,5
19012265,5,11,8,9,6
19012266,8,10,9,1,7
19012267,2,7,10,5,11
19012268,2,3,11,8,5
19012269,7,6,3,1,4
19012270,3,7,4,10,8
19012271,2,8,5,10,4
19012272,4,11,10,7,2
19012273,1,10,5,9,7
19012274,7,6,1,5,9
19012275,5,10,8,9,7
19012276,1,10,3,11,4
19012277,4,9,3,1,2
19012278,5,7,1,8,2
19012279,5,1,3,10,9
19012280,5,7,11,3,2
19012281,3,4,11,9,1
19012282,5,1,10,11,2
19012283,4,6,8,1,9
19012284,11,8,9,3,10
19012285,9,10,8,3,4
19012286,9,2,7,10,1
19012287,2,7,1,8,4
19012301,7,9,6,10,3
19012302,6,11,2,3,4
19012303,6,1,3,8,7
19012304,9,11,3,5,6
19012305,4,2,8,11,3
19012306,10,8,9,6,3
19012307,7,11,4,3,8
19012308,1,5,3,9,6
19012309,8,1,2,9,11
19012310,11,4,5,9,6
19012311,5,6,1,8,9
19012312,7,1,6,10,8
19012313,10,6,1,2,11
19012314,5,7,3,10,4
19012315,10,7,11,9,3
19012316,9,4,1,6,10
19012317,2,5,8,9,11
19012318,2,1,9,3,4
19012319,10,5,8,11,9
19012320,1,6,2,9,4
19012321,7,3,2,8,9
19012322,6,1,10,11,2
19012323,3,11,10,6,7
19012324,3,9,7,2,11
19012325,7,10,11,2,6
19012326,4,9,5,10,7
19012327,9,3,7,10,11
19012328,10,11,2,5,7
19012329,10,9,5,4,11
19012330,7,5,1,9,3
19012331,1,10,3,11,7
19012332,10,11,4,3,1
19012333,1,11,7,3,5
19012334,8,9,2,11,4
19012335,4,1,7,9,11
19012336,9,3,4,1,10
19012337,8,10,9,3,4
19012338,3,9,5,11,2
19012339,1,5,3,8,7
19012340,3,10,9,4,8
19012341,11,8,6,3,7
19012342,4,1,11,3,8
19012343,1,11,9,6,8
19012344,5,7,4,3,8
19012345,11,6,1,4,3
19012346,2,5,6,9,1
19012347,1,5,3,11,7
19012348,7,10,1,3,11
19012349,8,5,11,3,6
19012350,8,10,9,3,6
19012351,9,7,11,4,8
19012352,6,3,11,7,2
19012353,3,11,8,6,5
19012354,9,11,2,10,5
19012355,9,11,6,1,4
19012356,5,6,11,10,8
19012357,4,6,1,11,10
19012358,3,1,9,6,7
19012359,5,11,9,2,8
19012360,2,9,3,6,1
19012361,4,1,7,5,8
19012362,10,9,11,7,8
19012363,9,4,5,3,1
19012364,2,11,4,3,5
19012365,7,11,10,5,3
19012366,2,8,10,5,4
19012367,9,4,2,5,10
19012368,5,4,1,6,7
19012369,3,8,7,5,4
19012370,11,2,9,1,3
19012371,3,4,9,2,6
19012372,8,5,3,6,2
19012373,5,7,1,10,2
19012374,9,11,8,3,7
19012375,2,10,8,11,5
19012376,11,5,10,8,2
19012377,11,7,3,1,5
19012378,3,8,9,1,2
19012379,6,7,3,1,5
19012380,3,4,11,9,5
19012381,5,3,1,6,7
19012382,8,6,1,2,7
19012383,7,11,5,8,3
19012384,6,8,1,5,7
19012385,4,7,8,10,11
19012386,1,10,8,2,3
19012387,10,4,7,5,6
19012401,3,1,5,7,10
19012402,2,3,1,11,7
19012403,2,6,5,4,11
19012404,6,9,10,2,8
19012405,7,1,11,9,2
19012406,10,5,6,9,4
19012407,6,11,5,7,4
19012408,1,9,2,3,6
19012409,11,3,1,7,4
19012410,3,5,7,10,1
19012411,7,3,4,5,6
19012412,10,2,4,7,6
19012413,10,9,6,3,4
19012414,1,8,10,7,5
19012415,11,2,3,1,6
19012416,3,9,7,8,5
19012417,10,4,8,6,9
19012418,7,9,10,4,6
19012419,4,2,8,5,6
19012420,1,7,2,4,8
19012421,10,3,9,1,5
19012422,2,6,4,9,10
19012423,9,1,7,11,6
19012424,8,9,1,11,2
19012425,7,9,4,1,8
19012426,4,8,10,7,5
19012427,6,4,9,1,8
19012428,11,1,8,9,3
19012429,4,5,6,2,8
19012430,5,11,6,10,9
19012431,10,6,9,4,2
19012432,5,11,8,9,2
19012433,9,5,4,1,10
19012434,2,10,9,8,4
19012435,4,3,5,2,8
19012436,10,7,4,8,5
19012437,3,6,7,9,1
19012438,6,1,10,3,5
19012439,8,6,2,9,11
19012440,11,9,4,8,6
19012441,6,8,9,5,1
19012442,4,11,8,3,1
19012443,7,1,6,4,10
19012444,11,3,5,2,7
19012445,1,3,2,9,7
19012446,6,1,7,9,11
19012447,2,1,5,7,6
19012448,4,5,9,1,2
19012449,10,11,5,2,6
19012450,4,8,11,2,7
19012451,5,7,3,1,9
19012452,8,6,7,4,10
19012453,6,7,10,3,5
19012454,1,8,7,9,3
19012455,7,4,2,10,11
19012456,11,4,3,6,2
19012457,4,5,1,3,6
19012458,8,7,9,6,10
19012459,7,8,1,11,9
19012460,3,9,1,7,11
19012461,4,10,7,8,1
19012462,11,4,10,7,1
19012463,5,4,6,7,3
19012464,11,7,2,10,8
19012465,9,10,5,8,1
19012466,8,1,2,10,4
19012467,7,6,8,11,4
19012468,4,5,10,3,9
19012469,8,3,5,6,9
19012470,5,9,1,2,8
19012471,2,5,3,1,10
19012472,6,9,7,1,10
19012473,8,9,5,11,4
19012474,7,4,6,11,2
19012475,11,8,9,7,3
19012476,3,2,8,4,6
19012477,1,3,9,8,5
19012478,1,10,11,9,2
19012479,1,8,5,10,7
19012480,1,3,9,11,5
19012481,4,6,11,7,2
19012482,2,4,11,10,9
19012483,11,8,7,5,10
19012484,11,9,10,5,7
19012485,7,1,5,11,6
19012486,5,2,6,9,8
19012487,8,10,11,2,1
19012501,3,1,8,10,5
19012502,6,5,8,10,9
19012503,1,11,5,4,7
19012504,10,11,4,1,9
19012505,7,10,1,11,2
19012506,4,3,5,1,7
19012507,1,10,11,6,7
19012508,5,4,6,7,9
19012509,10,11,4,2,3
19012510,6,5,1,10,4
19012511,7,9,3,2,10
19012512,10,1,7,6,9
19012513,3,2,1,8,5
19012514,3,5,11,6,2
19012515,4,6,9,5,1
19012516,11,6,4,8,5
19012517,8,5,4,1,3
19012518,2,4,8,5,9
19012519,1,8,2,10,5
19012520,11,10,5,7,1
19012521,2,6,4,7,9
19012522,10,11,3,4,8
19012523,10,2,7,5,3
19012524,9,4,10,5,7
19012525,8,1,11,10,2
19012526,7,10,4,6,9
19012527,3,2,8,4,5
19012528,7,10,3,9,11
19012529,8,11,7,4,10
19012530,10,7,4,9,8
19012531,5,3,9,11,8
19012532,7,5,4,9,8
19012533,2,6,10,4,9
19012534,6,10,7,9,2
19012535,7,9,5,11,4
19012536,3,11,5,8,7
19012537,7,2,3,9,5
19012538,7,6,3,4,10
19012539,6,4,11,7,1
19012540,4,2,8,3,11
19012541,2,9,7,8,1
19012542,3,2,4,8,1
19012543,11,10,9,3,7
19012544,9,4,7,2,6
19012545,10,3,7,11,1
19012546,6,1,8,10,9
19012547,1,9,6,8,10
19012548,11,7,5,2,10
19012549,2,8,9,3,6
19012550,2,4,5,11,9
19012551,10,7,3,2,9
19012552,11,6,9,7,4
19012553,3,9,8,6,4
19012554,9,8,6,1,11
19012555,2,10,5,3,9
19012556,7,11,1,8,9
19012557,2,11,10,6,4
19012558,5,4,7,3,2
19012559,3,2,4,9,1
19012560,8,11,5,6,2
19012561,8,11,7,3,9
19012562,1,8,10,5,11
19012563,3,9,7,4,5
19012564,1,9,10,3,8
19012565,3,7,4,10,8
19012566,6,8,4,11,9
19012567,5,6,8,7,10
19012568,8,3,1,10,5
19012569,10,11,9,8,3
19012570,6,4,10,7,3
19012571,3,8,7,1,4
19012572,2,4,1,6,10
19012573,10,9,1,7,8
19012574,11,4,10,3,9
19012575,1,5,8,2,9
19012576,7,4,8,10,1
19012577,5,8,6,10,11
19012578,4,1,10,8,9
19012579,5,4,9,11,8
19012580,11,3,2,1,10
19012581,7,10,9,4,6
19012582,5,1,6,7,9
19012583,8,11,6,2,7
19012584,1,10,2,9,7
19012585,4,9,11,3,2
19012586,11,4,8,10,7
19012587,4,7,1,10,9
19012601,10,4,9,7,6
19012602,10,4,8,5,9
19012603,9,6,7,5,4
19012604,3,4,10,1,7
19012605,4,6,10,9,8
19012606,5,1,6,4,9
19012607,3,4,10,11,6
19012608,8,6,1,5,4
19012609,5,2,7,4,1
19012610,1,5,6,11,2
19012611,9,10,6,2,7
19012612,2,8,6,5,4
19012613,3,7,5,8,4
19012614,5,3,1,10,9
19012615,11,5,3,4,6
19012616,7,1,5,6,3
19012617,3,9,2,6,8
19012618,3,5,1,8,2
19012619,5,7,8,2,3
19012620,11,8,7,6,4
19012621,5,11,10,9,7
19012622,5,9,10,7,11
19012623,8,1,11,9,2
19012624,8,2,5,7,6
19012625,10,1,11,8,9
19012626,9,11,8,1,10
19012627,4,11,3,7,2
19012628,8,10,2,11,9
19012629,5,10,7,1,4
19012630,6,5,9,2,10
19012631,7,3,6,4,9
19012632,3,7,8,4,2
19012633,11,7,4,9,2
19012634,4,11,1,8,7
19012635,9,7,5,6,8
19012636,3,6,2,5,7
19012637,10,3,5,9,1
19012638,5,4,11,8,6
19012639,9,10,1,6,11
19012640,9,1,7,2,4
19012641,11,2,10,8,4
19012642,10,5,9,3,8
19012643,9,1,7,6,4
19012644,10,4,3,2,8
19012645,9,2,1,7,8
19012646,9,11,1,10,2
19012647,10,5,6,2,4
19012648,4,6,2,8,5
19012649,7,3,2,9,4
19012650,10,4,11,7,5
19012651,6,7,2,9,8
19012652,11,1,10,7,2
19012653,5,3,8,2,9
19012654,1,8,5,4,9
19012655,6,3,9,5,4
19012656,2,4,7,10,6
19012657,9,6,2,11,7
19012658,1,8,4,5,11
19012659,8,4,5,1,9
19012660,3,10,7,4,1
19012661,7,8,9,5,2
19012662,11,2,9,1,6
19012663,4,11,9,3,8
19012664,2,7,9,11,5
19012665,7,3,8,6,1
19012666,6,9,11,2,5
19012667,2,11,1,8,4
19012668,6,2,8,10,4
19012669,1,3,6,2,7
19012670,1,10,4,8,9
19012671,8,6,1,4,11
19012672,10,1,6,3,7
19012673,11,5,3,2,1
19012674,7,3,6,2,4
19012675,1,5,2,7,9
19012676,4,6,1,3,7
19012677,2,3,10,7,8
19012678,5,8,9,4,2
19012679,5,1,9,6,7
19012680,8,6,4,3,10
19012681,3,8,5,11,2
19012682,5,9,7,4,1
19012683,4,5,8,10,2
19012684,11,9,4,3,1
19012685,4,5,6,8,7
19012686,9,4,1,6,3
19012687,11,5,9,1,6
19012701,2,3,11,4,9
19012702,6,4,3,1,10
19012703,9,1,11,5,2
19012704,5,2,10,7,6
19012705,9,3,11,6,2
19012706,7,11,6,5,10
19012707,10,11,2,5,1
19012708,7,9,11,1,10
19012709,7,9,4,10,6
19012710,11,6,2,3,10
19012711,11,10,3,1,7
19012712,6,7,4,2,8
19012713,8,4,10,9,7
19012714,8,4,5,3,7
19012715,5,8,11,1,4
19012716,5,7,1,6,4
19012717,3,9,1,6,10
19012718,6,3,11,7,10
19012719,3,1,11,5,6
19012720,1,6,7,9,3
19012721,9,3,1,8,2
19012722,6,10,3,9,4
19012723,6,5,10,3,11
19012724,7,11,8,1,6
19012725,9,1,2,8,3
19012726,6,9,8,2,10
19012727,11,8,2,6,1
19012728,6,1,8,4,9
19012729,8,6,1,7,3
19012730,1,5,3,6,8
19012731,2,6,3,1,11
19012732,6,11,5,2,3
19012733,4,7,11,5,9
19012734,3,7,11,8,1
19012735,2,1,11,4,6
19012736,10,4,11,6,1
19012737,1,4,3,6,8
19012738,9,5,1,3,4
19012739,7,11,5,1,4
19012740,5,11,9,2,1
19012741,6,11,5,2,4
19012742,10,8,2,7,4
19012743,11,10,9,7,4
19012744,6,11,7,1,9
19012745,5,7,1,6,3
19012746,8,10,4,11,2
19012747,4,10,5,1,8
19012748,11,4,8,7,5
19012749,4,9,6,1,8
19012750,2,5,4,6,10
19012751,11,4,5,6,10
19012752,9,2,10,3,6
19012753,5,4,1,10,2
19012754,8,11,5,7,6
19012755,3,6,1,9,4
19012756,8,5,10,3,4
19012757,6,9,5,3,11
19012758,4,8,7,11,1
19012759,9,2,5,10,4
19012760,1,5,11,10,9
19012761,3,1,7,5,10
19012762,3,6,9,4,7
19012763,4,3,5,9,1
19012764,9,2,8,6,10
19012765,8,7,2,6,10
19012766,10,8,1,11,9
19012767,4,2,5,11,1
19012768,3,2,9,8,1
19012769,3,2,4,11,10
19012770,2,8,6,7,5
19012771,5,4,1,3,11
19012772,5,10,2,3,1
19012773,3,9,5,11,6
19012774,10,5,6,1,11
19012775,5,8,6,2,4
19012776,9,11,3,7,4
19012777,10,7,9,3,4
19012778,1,2,8,4,9
19012779,11,6,7,10,2
19012780,11,10,6,5,7
19012781,5,7,2,1,8
19012782,10,3,11,1,2
19012783,6,10,11,3,5
19012784,1,11,8,9,4
19012785,9,2,6,1,4
19012786,10,5,6,7,9
19012787,1,8,2,4,11
19012801,11,5,6,9,2
19012802,2,5,7,1,4
19012803,10,9,2,8,5
19012804,9,3,10,2,1
19012805,7,11,4,8,3
19012806,1,3,4,11,8
19012807,1,7,10,6,4
19012808,2,10,1,11,3
19012809,7,10,8,5,2
19012810,4,3,9,1,7
19012811,5,9,7,4,11
19012812,2,8,1,3,5
19012813,5,7,11,9,1
19012814,5,9,6,3,7
19012815,6,1,9,10,2
19012816,6,9,1,3,10
19012817,9,5,4,11,6
19012818,9,11,4,7,2
19012819,5,3,11,2,7
19012820,8,6,4,9,5
19012821,4,6,8,7,11
19012822,5,3,7,6,2
19012823,10,5,11,4,6
19012824,3,1,9,2,11
19012825,1,11,8,4,5
19012826,9,6,10,7,4
19012827,2,11,4,1,9
19012828,9,1,7,4,5
19012829,5,11,4,8,6
19012830,6,9,10,2,4
19012831,1,7,9,11,5
19012832,5,8,3,6,11
19012833,8,9,3,4,7
19012834,4,8,9,10,3
19012835,6,3,7,4,9
19012836,10,9,1,3,8
19012837,9,6,1,10,8
19012838,9,2,1,11,6
19012839,4,8,7,1,6
19012840,10,6,1,7,5
19012841,8,5,3,6,10
19012842,10,9,4,3,1
19012843,9,5,1,11,8
19012844,8,5,9,2,10
19012845,3,10,4,11,2
19012846,3,8,6,1,10
19012847,5,11,4,9,2
19012848,5,8,7,3,1
19012849,4,8,1,11,7
19012850,5,2,10,6,9
19012851,9,11,5,3,8
19012852,4,10,7,5,6
19012853,7,2,5,9,11
19012854,10,2,1,7,11
19012855,9,11,6,10,8
19012856,3,11,5,4,7
19012857,4,9,2,6,3
19012858,6,9,1,7,5
19012859,3,11,7,5,9
19012860,11,6,1,9,7
19012861,11,8,7,1,9
19012862,8,1,2,7,4
19012863,11,9,10,8,7
19012864,5,4,10,3,9
19012865,8,10,9,6,4
19012866,8,11,4,9,1
19012867,6,2,10,5,7
19012868,11,8,7,4,3
19012869,10,6,8,3,5
19012870,3,11,4,9,7
19012871,7,2,8,4,3
19012872,10,6,5,11,7
19012873,2,4,8,6,3
19012874,11,9,2,6,7
19012875,2,7,6,10,1
19012876,10,2,9,6,7
19012877,11,3,8,2,7
19012878,6,9,2,5,1
19012879,6,2,4,3,5
19012880,8,7,3,9,2
19012881,2,4,10,6,3
19012882,9,11,5,8,3
19012883,5,9,2,4,6
19012884,11,1,8,9,3
19012885,6,7,2,5,9
19012886,1,9,4,10,2
19012887,4,9,1,11,7
19012901,1,2,5,7,11
19012902,9,5,2,7,4
19012903,2,9,8,3,11
19012904,6,1,5,10,9
19012905,10,6,5,11,4
19012906,10,1,11,6,4
19012907,6,7,8,11,3
19012908,8,4,3,6,2
19012909,9,2,1,11,10
19012910,8,10,6,2,4
19012911,6,8,2,10,9
19012912,2,6,9,4,8
19012913,1,8,5,11,9
19012914,9,11,7,8,5
19012915,5,6,9,7,1
19012916,1,10,3,8,2
19012917,9,3,10,6,2
19012918,7,6,9,5,11
19012919,7,10,8,5,1
19012920,4,6,5,2,3
19012921,6,1,10,2,9
19012922,5,7,8,3,6
19012923,5,1,9,6,2
19012924,6,9,1,8,7
19012925,2,11,3,5,4
19012926,7,9,5,2,4
19012927,10,1,7,3,2
19012928,2,8,10,7,11
19012929,11,2,5,1,6
19012930,4,7,1,11,2
19012931,10,2,3,11,4
19012932,8,5,10,9,3
19012933,9,5,3,4,1
19012934,2,10,8,5,3
19012935,9,5,6,1,10
19012936,3,1,2,9,5
19012937,10,4,5,1,2
19012938,2,4,6,7,1
19012939,9,6,3,8,7
19012940,1,10,9,6,5
19012941,10,2,11,3,9
19012942,8,3,2,1,11
19012943,3,1,5,11,2
19012944,1,8,2,6,4
19012945,3,1,10,2,5
19012946,5,8,7,9,6
19012947,9,2,11,10,5
19012948,4,3,7,9,10
19012949,5,8,1,9,3
19012950,1,9,6,2,3
19012951,5,10,8,6,1
19012952,4,5,2,11,1
19012953,9,6,4,3,1
19012954,10,2,3,6,9
19012955,8,2,6,10,3
19012956,3,11,2,1,9
19012957,6,8,7,4,3
19012958,10,8,5,11,1
19012959,11,5,7,2,4
19012960,11,3,2,8,9
19012961,2,4,6,3,5
19012962,2,6,8,9,1
19012963,1,6,4,11,5
19012964,9,11,2,5,7
19012965,2,6,5,9,11
19012966,4,11,10,9,2
19012967,6,10,4,11,7
19012968,7,3,2,5,4
19012969,11,7,1,8,3
19012970,3,5,7,9,4
19012971,11,10,4,9,3
19012972,7,2,8,3,9
19012973,6,1,8,3,4
19012974,1,4,3,10,11
19012975,6,1,8,9,4
19012976,1,5,6,7,4
19012977,1,7,10,5,8
19012978,2,3,1,6,8
19012979,5,3,2,9,11
19012980,3,9,10,8,4
19012981,8,4,6,11,1
19012982,7,8,5,4,10
19012983,8,9,7,3,2
19012984,11,4,7,6,9
19012985,6,10,8,2,11
19012986,3,5,4,1,6
19012987,4,8,3,11,7
19013001,11,1,7,2,3
19013002,2,10,5,9,3
19013003,7,2,6,11,9
19013004,2,1,9,8,5
19013005,4,11,6,7,2
19013006,2,9,1,8,3
19013007,1,7,3,6,2
19013008,1,5,8,4,2
19013009,2,10,9,5,3
19013010,9,6,1,2,10
19013011,7,2,5,3,9
19013012,3,6,5,10,4
19013013,5,1,6,10,7
19013014,5,8,11,3,9
19013015,8,7,2,6,10
19013016,4,8,6,5,2
19013017,3,7,8,1,2
19013018,8,1,9,10,3
19013019,10,6,11,8,1
19013020,3,6,5,4,11
19013021,5,7,11,1,9
19013022,1,8,3,4,6
19013023,2,4,11,6,5
19013024,7,9,8,11,3
19013025,7,3,5,1,9
19013026,2,9,11,10,8
19013027,7,2,9,5,8
19013028,2,6,10,8,7
19013029,1,5,2,6,9
19013030,3,7,5,9,1
19013031,1,9,4,10,2
19013032,1,2,10,3,4
19013033,8,7,10,9,11
19013034,6,8,5,9,1
19013035,6,1,4,10,9
19013036,6,10,4,7,1
19013037,3,8,7,5,9
19013038,1,9,3,5,8
19013039,9,8,3,4,5
19013040,10,4,11,2,5
19013041,4,7,1,5,9
19013042,7,6,9,1,5
19013043,4,5,2,8,11
19013044,10,8,5,6,2
19013045,9,11,3,5,7
19013046,2,11,7,3,6
19013047,2,3,7,8,5
19013048,6,3,5,2,1
19013049,5,10,8,3,7
19013050,8,5,10,6,4
19013051,7,3,10,4,9
19013052,6,5,7,10,9
19013053,10,3,1,9,5
19013054,6,3,8,10,9
19013055,1,4,2,9,7
19013056,6,11,9,5,7
19013057,11,3,4,5,1
19013058,4,1,8,3,6
19013059,3,4,9,7,2
19013060,5,10,8,2,6
19013061,10,4,3,2,6
19013062,2,8,9,3,7
19013063,6,7,1,5,11
19013064,10,1,3,11,2
19013065,3,5,7,11,8
19013066,6,3,1,9,11
19013067,8,6,1,11,4
19013068,7,9,6,1,10
19013069,2,10,8,9,1
19013070,7,5,11,4,8
19013071,8,2,7,1,10
19013072,7,6,1,5,2
19013073,2,4,7,11,5
19013074,2,7,3,5,6
19013075,5,9,10,8,6
19013076,8,1,11,2,7
19013077,10,1,8,4,7
19013078,3,1,8,9,4
19013079,2,11,9,1,7
19013080,8,4,5,3,6
19013081,2,7,9,4,8
19013082,9,7,5,11,4
19013083,3,7,6,9,8
19013084,7,3,4,8,6
19013085,2,11,9,4,5
19013086,9,8,1,6,4
19013087,2,8,1,6,9
19013101,2,11,6,10,1
19013102,7,11,3,9,8
19013103,8,9,1,7,11
19013104,10,6,2,11,1
19013105,4,3,9,10,8
19013106,2,1,5,7,4
19013107,5,10,3,7,9
19013108,3,11,2,7,4
19013109,9,5,8,1,10
19013110,11,4,2,7,3
19013111,8,4,1,2,3
19013112,5,8,11,3,9
19013113,1,9,3,4,2
19013114,2,8,3,7,6
19013115,11,8,10,2,7
19013116,3,5,6,1,7
19013117,11,2,10,8,3
19013118,8,3,11,7,10
19013119,9,1,2,4,6
19013120,11,2,6,5,9
19013121,4,6,2,1,8
19013122,6,11,9,7,3
19013123,10,4,2,8,9
19013124,6,2,9,10,8
19013125,3,6,4,10,5
19013126,3,10,8,2,4
19013127,11,5,7,6,3
19013128,2,1,4,3,6
19013129,4,11,1,7,8
19013130,1,2,9,6,11
19013131,1,5,2,4,10
19013132,8,2,6,11,10
19013133,7,1,4,6,9
19013134,8,2,3,10,7
19013135,3,10,11,4,8
19013136,5,10,6,9,11
19013137,4,3,10,5,6
19013138,2,1,11,5,10
19013139,6,5,11,10,2
19013140,1,7,3,5,11
19013141,6,5,1,9,2
19013142,4,3,5,1,7
19013143,11,2,5,3,10
19013144,6,10,2,4,3
19013145,11,7,8,6,3
19013146,8,1,5,6,7
19013147,11,2,7,8,4
19013148,2,9,6,1,5
19013149,6,5,7,8,4
19013150,7,6,4,10,8
19013151,4,9,7,2,11
19013152,9,11,2,4,1
19013153,6,10,7,4,2
19013154,6,8,2,1,11
19013155,4,10,5,3,2
19013156,7,10,8,1,11
19013157,9,1,6,5,2
19013158,9,8,3,5,7
19013159,2,8,10,5,6
19013160,3,11,7,4,1
19013161,5,8,7,11,10
19013162,7,10,6,9,5
19013163,2,7,10,8,5
19013164,2,6,10,8,9
19013165,3,11,6,1,9
19013166,6,8,5,2,1
19013167,8,7,10,11,6
19013168,9,5,11,6,1
19013169,9,1,7,8,3
19013170,11,2,1,7,6
19013171,7,1,9,8,2
19013172,9,6,3,5,7
19013173,9,4,11,5,6
19013174,6,2,8,9,1
19013175,3,8,10,1,6
19013176,1,6,9,5,8
19013177,3,4,11,7,1
19013178,4,8,7,2,6
19013179,6,9,5,4,8
19013180,1,2,5,7,4
19013181,9,6,5,4,11
19013182,3,7,5,4,8
19013183,6,8,5,4,10
19013184,10,7,5,8,4
19013185,8,7,10,4,5
19013186,3,7,11,10,8
19013187,10,7,8,1,4
