18060101,10,5,6,1,11
18060102,8,1,11,5,4
18060103,3,2,11,9,7
18060104,8,3,4,10,6
18060105,8,10,11,7,4
18060106,11,8,6,5,9
18060107,3,5,10,6,1
18060108,7,11,4,2,3
18060109,2,6,4,5,11
18060110,9,10,6,8,5
18060111,5,10,3,1,11
18060112,1,9,2,8,10
18060113,1,8,10,7,4
18060114,5,1,7,8,6
18060115,2,10,8,4,3
18060116,9,3,4,2,6
18060117,4,5,1,7,2
18060118,4,1,10,2,3
18060119,9,1,4,7,10
18060120,9,8,3,1,5
18060121,6,3,2,7,8
18060122,1,8,10,7,5
18060123,11,8,10,2,4
18060124,1,6,4,7,10
18060125,11,1,10,3,8
18060126,6,7,4,10,8
18060127,8,6,1,4,9
18060128,7,2,3,4,5
18060129,9,1,3,10,2
18060130,9,7,10,3,4
18060131,3,10,11,9,1
18060132,10,11,7,8,1
18060133,10,9,11,8,3
18060134,1,10,4,5,3
18060135,5,3,7,11,8
18060136,6,1,11,5,2
18060137,9,7,11,4,10
18060138,7,8,11,1,10
18060139,5,3,6,4,9
18060140,9,8,6,10,2
18060141,6,11,4,1,5
18060142,10,3,8,11,5
18060143,3,4,6,7,5
18060144,4,5,7,8,2
18060145,8,4,3,2,6
18060146,10,2,8,1,9
18060147,2,10,5,3,6
18060148,2,3,5,11,9
18060149,11,4,8,3,10
18060150,8,5,2,7,9
18060151,10,2,9,4,7
18060152,8,7,4,10,9
18060153,5,11,4,3,1
18060154,8,4,6,5,1
18060155,7,4,11,2,1
18060156,1,4,9,2,5
18060157,1,7,8,5,6
18060158,2,4,9,8,3
18060159,4,10,3,7,11
18060160,1,8,2,7,10
18060161,7,2,5,10,9
18060162,1,10,5,11,2
18060163,9,10,3,7,6
18060164,9,3,5,7,11
18060165,4,3,9,1,2
18060166,9,10,6,1,3
18060167,1,9,10,11,2
18060168,3,1,8,4,7
18060169,2,11,1,10,4
18060170,5,3,4,1,6
18060171,3,9,1,10,11
18060172,6,9,1,2,11
18060173,11,7,9,2,1
18060174,2,9,1,6,3
18060175,6,3,2,10,9
18060176,8,3,9,4,5
18060177,11,7,6,5,1
18060178,11,2,9,8,4
18060179,5,6,1,3,9
18060180,8,10,2,7,11
18060181,10,6,1,3,8
18060182,2,10,9,8,7
18060183,11,1,4,2,10
18060184,4,10,5,1,11
18060185,5,3,7,8,10
18060186,6,2,10,7,5
18060187,4,9,2,8,5
18060201,3,8,11,9,4
18060202,1,6,9,3,2
18060203,5,8,7,10,4
18060204,7,4,6,3,5
18060205,4,6,2,3,5
18060206,5,7,3,4,2
18060207,2,10,3,11,5
18060208,11,7,2,6,10
18060209,7,4,5,6,11
18060210,8,3,2,7,9
18060211,11,6,10,2,3
18060212,4,5,1,3,10
18060213,3,7,10,11,1
18060214,1,3,11,4,10
18060215,5,6,2,1,10
18060216,11,9,5,8,6
18060217,9,6,11,3,10
18060218,1,7,5,10,11
18060219,5,11,9,2,1
18060220,2,3,11,8,7
18060221,2,5,10,11,4
18060222,5,11,6,1,3
18060223,8,6,5,7,2
18060224,7,9,10,11,4
18060225,6,3,11,1,5
18060226,6,5,7,1,11
18060227,11,6,1,8,3
18060228,9,11,10,8,3
18060229,4,9,3,1,6
18060230,9,7,4,3,10
18060231,8,9,3,10,6
18060232,6,8,2,9,10
18060233,1,2,4,8,3
18060234,5,4,6,8,3
18060235,9,6,5,7,11
18060236,11,1,8,4,7
18060237,10,4,3,9,11
18060238,4,9,5,6,1
18060239,7,5,8,3,2
18060240,6,11,5,3,1
18060241,9,6,2,11,7
18060242,7,10,1,11,3
18060243,6,2,3,8,10
18060244,8,6,10,11,2
18060245,1,9,3,6,4
18060246,2,4,6,1,9
18060247,10,5,7,3,1
18060248,5,2,11,3,4
18060249,5,3,6,9,1
18060250,1,3,9,6,2
18060251,10,3,11,2,7
18060252,10,9,1,6,2
18060253,9,1,3,11,2
18060254,9,1,11,8,3
18060255,9,8,11,5,7
18060256,9,1,10,11,8
18060257,4,2,3,11,8
18060258,7,9,3,10,2
18060259,11,1,5,4,8
18060260,10,9,3,6,1
18060261,7,8,9,6,4
18060262,10,6,1,8,5
18060263,3,11,10,8,6
18060264,3,8,11,6,5
18060265,7,5,6,9,4
18060266,10,9,6,7,5
18060267,3,8,9,6,10
18060268,3,4,11,6,2
18060269,5,4,3,8,11
18060270,11,8,5,2,4
18060271,11,9,4,2,5
18060272,3,9,10,6,11
18060273,11,3,7,9,2
18060274,7,9,3,4,1
18060275,11,8,5,1,4
18060276,3,8,4,9,6
18060277,7,5,4,6,10
18060278,10,7,2,6,3
18060279,9,7,10,5,3
18060280,9,7,10,1,8
18060281,7,4,10,9,2
18060282,5,1,7,3,8
18060283,11,7,9,1,10
18060284,7,9,8,2,4
18060285,10,9,8,6,5
18060286,4,6,2,9,7
18060287,7,5,4,6,11
18060301,7,4,8,3,6
18060302,5,8,4,2,9
18060303,4,2,6,11,9
18060304,1,5,9,11,7
18060305,10,3,11,1,8
18060306,1,6,11,4,10
18060307,11,4,2,6,9
18060308,1,3,5,8,9
18060309,4,5,11,6,1
18060310,11,4,6,2,5
18060311,4,5,3,8,10
18060312,3,6,5,8,11
18060313,1,9,7,8,10
18060314,9,8,11,6,7
18060315,10,5,3,4,7
18060316,10,1,4,5,7
18060317,5,3,4,1,2
18060318,10,1,11,3,2
18060319,1,9,6,2,7
18060320,3,11,2,7,6
18060321,5,2,8,11,1
18060322,7,2,6,9,11
18060323,11,4,5,2,10
18060324,6,11,1,5,10
18060325,5,6,4,8,3
18060326,11,1,9,2,10
18060327,3,11,4,6,9
18060328,11,7,10,4,9
18060329,2,9,5,4,3
18060330,11,8,1,2,6
18060331,11,1,5,2,8
18060332,7,3,1,11,6
18060333,8,2,10,7,5
18060334,7,1,9,4,10
18060335,10,2,7,5,9
18060336,1,11,8,3,10
18060337,7,6,8,9,3
18060338,6,4,3,10,9
18060339,11,6,7,4,9
18060340,3,6,5,2,4
18060341,11,4,6,2,7
18060342,9,10,11,2,5
18060343,6,10,3,7,9
18060344,7,3,10,9,6
18060345,3,6,5,10,11
18060346,2,7,1,10,3
18060347,1,6,11,5,7
18060348,8,11,3,10,5
18060349,11,10,1,7,3
18060350,7,5,6,3,9
18060351,7,1,4,2,11
18060352,8,6,3,11,5
18060353,5,8,10,11,9
18060354,1,6,7,2,9
18060355,3,4,2,9,5
18060356,9,3,6,5,7
18060357,8,5,2,10,3
18060358,8,4,3,1,6
18060359,1,11,8,2,4
18060360,7,8,3,4,10
18060361,8,10,9,1,11
18060362,1,5,3,7,4
18060363,3,5,8,4,6
18060364,8,10,7,3,11
18060365,6,1,3,11,9
18060366,3,11,4,9,5
18060367,5,9,4,10,3
18060368,1,7,10,9,6
18060369,8,2,5,11,10
18060370,11,1,7,10,5
18060371,11,6,2,7,3
18060372,11,6,8,1,2
18060373,11,7,4,6,10
18060374,11,5,7,2,8
18060375,4,9,7,1,11
18060376,2,6,11,10,4
18060377,3,4,6,1,5
18060378,8,10,4,1,11
18060379,2,11,4,8,9
18060380,1,8,2,5,7
18060381,5,9,7,3,2
18060382,7,6,1,5,4
18060383,6,11,9,7,4
18060384,1,11,5,4,3
18060385,7,1,5,8,11
18060386,5,8,10,2,3
18060387,5,1,8,2,6
18060401,10,9,4,5,7
18060402,8,2,5,1,9
18060403,11,3,2,1,5
18060404,11,5,3,2,4
18060405,8,4,5,11,9
18060406,11,10,3,7,4
18060407,10,6,11,3,8
18060408,10,5,8,4,1
18060409,5,6,7,3,11
18060410,1,6,3,11,7
18060411,4,8,3,2,10
18060412,10,4,11,8,6
18060413,11,10,9,1,7
18060414,6,9,10,2,4
18060415,10,4,6,2,11
18060416,6,4,2,5,11
18060417,4,10,11,9,3
18060418,8,10,5,4,7
18060419,5,4,2,6,11
18060420,6,9,2,10,3
18060421,4,7,9,1,5
18060422,6,3,10,9,1
18060423,8,9,11,4,5
18060424,7,8,4,5,2
18060425,10,7,3,4,2
18060426,10,1,4,8,5
18060427,7,6,2,9,5
18060428,7,11,6,9,4
18060429,1,9,10,5,11
18060430,1,2,4,6,3
18060431,7,3,5,11,6
18060432,9,1,11,8,6
18060433,10,3,7,8,1
18060434,6,1,2,7,4
18060435,2,8,1,5,11
18060436,1,11,6,10,9
18060437,7,1,8,2,6
18060438,5,4,11,8,2
18060439,6,7,4,8,9
18060440,1,7,4,11,5
18060441,9,7,2,11,3
18060442,1,7,8,5,9
18060443,2,8,9,7,1
18060444,2,11,1,6,10
18060445,7,6,10,4,8
18060446,5,6,8,3,7
18060447,3,9,2,8,10
18060448,7,4,1,9,3
18060449,2,5,11,6,3
18060450,10,9,4,7,8
18060451,6,8,7,5,4
18060452,1,7,4,6,11
18060453,8,5,11,9,6
18060454,10,5,8,3,2
18060455,7,3,4,8,1
18060456,8,6,7,1,3
18060457,5,7,3,9,2
18060458,6,9,3,5,1
18060459,3,8,11,7,10
18060460,6,8,5,3,7
18060461,3,4,9,1,8
18060462,1,10,7,2,3
18060463,3,9,11,1,4
18060464,9,7,6,1,8
18060465,4,3,6,2,10
18060466,10,6,9,11,5
18060467,6,9,3,8,5
18060468,3,1,4,11,2
18060469,9,7,8,6,5
18060470,1,6,10,7,2
18060471,3,5,7,4,9
18060472,7,2,10,9,3
18060473,9,7,8,1,10
18060474,4,7,8,1,2
18060475,6,9,2,11,5
18060476,3,7,1,8,6
18060477,4,7,8,6,10
18060478,6,1,3,7,9
18060479,10,11,6,1,8
18060480,6,11,7,2,4
18060481,5,4,8,9,6
18060482,9,5,6,11,7
18060483,5,11,10,8,7
18060484,11,3,4,1,6
18060485,3,9,8,5,4
18060486,9,8,4,6,1
18060487,10,2,5,9,11
18060501,5,3,4,6,1
18060502,9,1,7,4,5
18060503,2,3,8,11,9
18060504,4,6,3,10,2
18060505,6,10,8,7,9
18060506,8,3,9,4,5
18060507,7,11,4,9,2
18060508,1,7,10,3,8
18060509,7,11,3,4,5
18060510,8,9,3,7,2
18060511,2,10,1,11,3
18060512,9,5,11,7,1
18060513,4,10,3,5,6
18060514,4,3,1,2,8
18060515,2,3,9,7,8
18060516,11,9,8,2,6
18060517,3,1,9,8,11
18060518,3,11,8,6,7
18060519,6,4,8,2,7
18060520,9,6,11,3,2
18060521,1,11,9,10,4
18060522,8,6,3,11,10
18060523,5,7,1,3,10
18060524,3,4,10,8,11
18060525,5,11,3,9,8
18060526,9,3,2,1,7
18060527,1,9,7,6,8
18060528,6,10,3,5,11
18060529,10,5,4,11,2
18060530,10,7,11,3,8
18060531,5,7,2,1,8
18060532,2,10,1,7,9
18060533,7,2,4,5,1
18060534,5,7,2,9,1
18060535,3,7,1,6,5
18060536,10,6,7,11,5
18060537,8,11,10,5,6
18060538,7,2,8,3,10
18060539,11,3,1,9,5
18060540,9,7,11,5,2
18060541,6,11,8,2,10
18060542,3,1,8,5,7
18060543,9,1,11,6,5
18060544,11,9,4,6,7
18060545,3,2,7,1,10
18060546,9,11,8,4,3
18060547,6,9,11,7,2
18060548,9,3,8,5,10
18060549,2,4,9,1,3
18060550,5,8,7,4,2
18060551,1,8,6,11,7
18060552,5,3,11,9,8
18060553,9,10,3,5,7
18060554,11,2,4,8,1
18060555,5,7,10,2,11
18060556,5,7,10,4,1
18060557,5,1,3,8,9
18060558,6,7,1,9,8
18060559,8,9,5,1,3
18060560,3,9,8,10,5
18060561,1,8,9,6,10
18060562,11,2,7,9,6
18060563,11,2,3,5,9
18060564,4,2,6,9,3
18060565,9,7,6,3,8
18060566,1,3,7,8,2
18060567,8,7,1,3,5
18060568,3,8,4,6,10
18060569,10,11,2,8,7
18060570,6,4,2,1,8
18060571,3,11,8,2,4
18060572,3,6,1,11,2
18060573,9,5,11,3,6
18060574,9,6,10,8,3
18060575,1,5,9,10,3
18060576,4,8,1,2,11
18060577,3,1,7,4,9
18060578,10,6,9,11,5
18060579,9,11,7,6,10
18060580,11,2,5,8,7
18060581,6,7,4,8,9
18060582,2,7,1,5,10
18060583,5,6,10,8,1
18060584,1,2,6,11,7
18060585,6,9,5,8,2
18060586,5,6,10,1,2
18060587,10,11,8,7,2
18060601,2,4,3,5,6
18060602,8,2,9,7,4
18060603,2,4,9,10,3
18060604,4,2,5,6,8
18060605,8,4,6,10,2
18060606,4,10,9,3,6
18060607,7,4,2,11,6
18060608,7,8,2,10,1
18060609,7,9,2,6,11
18060610,5,9,6,2,11
18060611,6,4,5,10,1
18060612,6,10,4,1,5
18060613,8,2,9,11,1
18060614,8,1,6,3,7
18060615,5,8,11,9,7
18060616,1,10,5,3,8
18060617,2,9,4,8,5
18060618,5,2,1,8,7
18060619,8,7,1,3,5
18060620,5,8,11,7,2
18060621,4,3,11,6,2
18060622,8,4,11,3,5
18060623,5,10,8,6,9
18060624,3,1,2,7,10
18060625,11,2,5,4,7
18060626,10,9,2,4,7
18060627,8,10,7,1,6
18060628,1,10,9,11,3
18060629,3,1,9,4,5
18060630,11,7,8,10,5
18060631,3,11,4,9,8
18060632,7,11,1,10,5
18060633,9,10,5,11,3
18060634,3,7,5,11,4
18060635,6,1,4,2,3
18060636,3,4,7,9,1
18060637,1,4,9,6,11
18060638,5,8,2,11,7
18060639,4,2,7,5,1
18060640,11,1,3,7,4
18060641,10,8,11,5,6
18060642,3,4,10,9,1
18060643,6,8,4,5,7
18060644,7,3,11,5,1
18060645,3,4,5,6,9
18060646,1,2,5,3,6
18060647,5,4,10,2,9
18060648,11,10,2,8,1
18060649,5,3,6,4,10
18060650,9,10,7,4,5
18060651,8,11,1,3,2
18060652,4,9,3,6,5
18060653,7,1,10,2,11
18060654,6,3,1,5,10
18060655,9,11,2,5,4
18060656,7,8,4,9,10
18060657,5,10,2,9,1
18060658,10,5,11,6,7
18060659,11,7,4,3,5
18060660,7,2,10,9,11
18060661,11,5,4,3,1
18060662,2,1,7,10,5
18060663,5,10,4,3,1
18060664,1,4,11,8,6
18060665,5,4,11,6,8
18060666,2,10,5,7,1
18060667,4,7,3,6,1
18060668,11,6,4,9,5
18060669,3,6,8,1,10
18060670,7,2,1,9,5
18060671,2,6,9,3,4
18060672,5,4,9,2,11
18060673,8,5,1,3,11
18060674,3,9,8,2,5
18060675,7,10,6,3,2
18060676,2,4,11,3,10
18060677,8,3,6,1,2
18060678,7,3,8,11,6
18060679,9,6,3,11,1
18060680,11,7,10,9,6
18060681,11,7,6,8,10
18060682,7,11,3,2,10
18060683,1,4,8,2,11
18060684,4,2,8,6,3
18060685,11,5,1,4,9
18060686,7,6,10,2,3
18060687,7,3,5,6,1
18060701,6,10,4,1,11
18060702,2,11,9,5,6
18060703,9,4,2,11,1
18060704,5,8,9,3,1
18060705,3,1,5,6,2
18060706,7,5,3,6,2
18060707,2,7,9,5,6
18060708,9,4,11,2,8
18060709,10,4,3,6,8
18060710,4,11,1,7,3
18060711,10,6,11,3,5
18060712,9,5,7,6,1
18060713,4,7,10,9,3
18060714,2,7,1,3,11
18060715,9,3,2,6,11
18060716,8,1,2,7,5
18060717,8,3,2,10,4
18060718,3,11,8,9,10
18060719,11,9,5,8,1
18060720,10,8,1,5,9
18060721,7,11,9,8,1
18060722,6,2,7,3,10
18060723,10,3,7,5,11
18060724,6,10,4,3,11
18060725,9,5,1,4,2
18060726,4,10,7,1,11
18060727,11,2,4,5,9
18060728,4,2,8,9,6
18060729,1,8,6,4,11
18060730,2,9,7,6,4
18060731,4,9,8,10,1
18060732,10,8,7,4,2
18060733,4,5,10,2,8
18060734,5,6,10,3,2
18060735,9,4,2,5,7
18060736,4,7,8,2,10
18060737,2,3,4,11,8
18060738,5,10,4,1,11
18060739,9,6,1,2,7
18060740,9,11,3,8,4
18060741,11,3,2,7,10
18060742,3,9,1,11,6
18060743,6,10,1,11,7
18060744,7,5,1,4,6
18060745,6,9,4,3,11
18060746,7,2,11,9,3
18060747,2,4,11,10,9
18060748,3,4,11,2,9
18060749,4,11,2,7,10
18060750,6,3,2,10,7
18060751,1,11,6,7,3
18060752,2,6,7,3,4
18060753,9,6,10,4,2
18060754,8,11,10,9,2
18060755,10,3,6,7,5
18060756,10,5,4,2,7
18060757,3,6,9,1,10
18060758,3,2,9,8,4
18060759,10,4,5,1,3
18060760,7,10,1,11,3
18060761,4,8,2,1,9
18060762,8,6,4,5,10
18060763,8,10,3,1,7
18060764,5,7,11,1,6
18060765,1,11,3,2,9
18060766,5,3,4,10,8
18060767,1,10,7,11,5
18060768,1,10,6,8,3
18060769,8,5,9,6,1
18060770,8,3,10,5,1
18060771,10,7,8,1,9
18060772,10,11,9,4,5
18060773,9,8,10,2,1
18060774,5,1,8,4,6
18060775,5,9,11,10,1
18060776,8,7,1,9,4
18060777,3,10,7,8,9
18060778,9,1,7,5,6
18060779,2,10,3,5,1
18060780,4,5,1,9,2
18060781,6,1,9,11,5
18060782,9,2,7,6,10
18060783,8,2,5,6,3
18060784,9,7,11,6,1
18060785,4,10,8,7,11
18060786,5,2,6,11,10
18060787,4,2,11,8,9
18060801,6,4,2,1,11
18060802,3,5,1,9,2
18060803,5,11,7,3,1
18060804,5,11,9,8,2
18060805,10,4,7,8,2
18060806,3,8,4,7,10
18060807,10,1,8,6,4
18060808,8,4,9,3,7
18060809,10,11,7,6,1
18060810,10,2,11,6,1
18060811,7,1,2,11,9
18060812,10,8,1,9,3
18060813,7,2,1,6,11
18060814,6,5,3,10,2
18060815,4,11,10,8,9
18060816,3,8,5,4,7
18060817,7,3,1,10,2
18060818,4,6,9,2,10
18060819,6,3,8,11,2
18060820,5,3,6,2,7
18060821,4,1,7,10,11
18060822,2,8,11,7,10
18060823,11,6,7,10,9
18060824,3,8,1,11,9
18060825,1,6,10,7,3
18060826,5,2,10,8,6
18060827,4,10,8,3,5
18060828,3,2,4,5,11
18060829,8,5,6,10,7
18060830,3,7,10,9,11
18060831,8,5,2,11,3
18060832,2,10,3,6,5
18060833,5,8,10,2,4
18060834,9,4,3,7,8
18060835,4,9,3,6,11
18060836,5,10,7,1,6
18060837,5,9,2,7,4
18060838,4,10,11,2,6
18060839,11,10,3,8,4
18060840,8,10,11,9,6
18060841,11,5,1,6,8
18060842,11,7,5,1,4
18060843,11,7,9,8,10
18060844,11,8,2,5,9
18060845,2,3,7,5,4
18060846,2,10,9,1,7
18060847,9,1,10,8,2
18060848,6,3,4,9,1
18060849,4,10,9,3,8
18060850,3,7,8,10,9
18060851,10,9,11,1,6
18060852,4,6,3,8,11
18060853,3,4,6,1,11
18060854,8,9,3,6,5
18060855,8,7,6,5,11
18060856,1,3,11,5,4
18060857,6,11,10,9,7
18060858,10,9,3,2,1
18060859,4,3,7,11,8
18060860,5,1,2,8,3
18060861,2,7,3,6,5
18060862,11,3,8,9,1
18060863,7,2,8,9,3
18060864,6,7,4,9,10
18060865,9,8,2,4,11
18060866,11,6,4,9,3
18060867,6,8,4,11,7
18060868,9,3,4,7,11
18060869,8,6,9,3,2
18060870,8,7,9,5,6
18060871,9,7,8,2,10
18060872,5,2,9,1,4
18060873,11,6,7,2,4
18060874,5,3,2,6,11
18060875,8,3,5,4,10
18060876,4,9,1,7,8
18060877,7,10,5,4,8
18060878,10,5,8,1,9
18060879,2,11,10,6,5
18060880,6,4,7,2,11
18060881,6,2,1,3,7
18060882,2,8,3,7,11
18060883,8,11,1,6,5
18060884,5,1,4,2,7
18060885,7,10,4,3,2
18060886,5,4,6,11,1
18060887,2,11,10,1,6
18060901,6,3,8,11,2
18060902,8,1,7,3,10
18060903,1,7,4,8,9
18060904,1,10,11,6,2
18060905,11,3,8,4,5
18060906,3,2,11,1,4
18060907,9,11,7,6,4
18060908,4,9,11,3,6
18060909,11,7,6,4,3
18060910,9,4,10,11,5
18060911,5,8,2,10,9
18060912,2,9,6,1,3
18060913,8,2,5,1,3
18060914,9,11,4,1,10
18060915,8,3,7,6,2
18060916,2,1,8,11,9
18060917,3,9,11,5,6
18060918,5,8,7,6,11
18060919,5,1,4,3,2
18060920,1,10,4,7,5
18060921,3,1,9,6,2
18060922,8,4,11,2,9
18060923,2,8,7,5,9
18060924,7,2,8,10,5
18060925,6,3,2,8,1
18060926,7,4,6,11,3
18060927,8,6,11,2,4
18060928,10,2,3,8,6
18060929,11,7,10,3,4
18060930,8,9,11,5,2
18060931,1,2,11,3,10
18060932,11,3,4,5,9
18060933,1,11,9,8,6
18060934,10,9,2,6,5
18060935,6,4,7,1,9
18060936,6,11,1,8,2
18060937,6,2,7,1,9
18060938,10,8,3,11,1
18060939,7,8,5,2,11
18060940,11,5,4,1,10
18060941,8,1,4,5,6
18060942,2,11,4,10,8
18060943,3,1,4,7,8
18060944,4,8,7,11,3
18060945,6,10,11,7,5
18060946,2,1,5,9,11
18060947,10,5,1,8,2
18060948,7,11,9,3,1
18060949,1,7,8,4,6
18060950,5,3,8,6,4
18060951,5,10,6,2,11
18060952,9,1,6,5,8
18060953,2,7,8,1,10
18060954,11,4,9,6,10
18060955,10,5,11,2,7
18060956,5,6,8,3,2
18060957,3,5,10,2,9
18060958,8,11,10,2,7
18060959,2,8,1,9,6
18060960,5,9,1,2,3
18060961,3,1,11,4,5
18060962,7,10,4,11,9
18060963,3,6,11,2,4
18060964,5,9,6,2,8
18060965,3,8,7,4,2
18060966,9,7,4,11,10
18060967,5,8,9,10,6
18060968,3,2,1,7,8
18060969,7,5,6,9,2
18060970,3,4,10,7,9
18060971,10,2,6,5,3
18060972,4,3,8,6,11
18060973,4,11,6,8,9
18060974,7,10,3,6,2
18060975,7,1,4,11,5
18060976,7,6,4,5,3
18060977,3,9,5,1,4
18060978,7,2,4,10,5
18060979,7,5,10,3,4
18060980,6,10,9,11,4
18060981,1,9,6,8,10
18060982,7,1,2,11,10
18060983,4,5,3,1,10
18060984,9,6,8,4,7
18060985,10,8,11,6,7
18060986,2,1,6,5,7
18060987,2,10,6,7,9
18061001,4,9,3,2,1
18061002,2,4,3,1,11
18061003,4,10,7,1,8
18061004,5,9,8,7,2
18061005,11,1,7,9,6
18061006,9,5,7,4,8
18061007,2,10,5,8,1
18061008,10,1,9,5,11
18061009,6,10,8,3,4
18061010,6,1,7,9,8
18061011,10,4,5,2,3
18061012,6,4,2,7,11
18061013,5,10,9,6,4
18061014,4,6,5,10,7
18061015,1,9,3,2,11
18061016,8,3,1,9,5
18061017,2,9,6,10,8
18061018,7,2,3,6,10
18061019,7,6,5,4,11
18061020,8,10,1,7,9
18061021,7,9,10,5,6
18061022,2,11,10,1,9
18061023,2,10,7,11,4
18061024,5,6,1,10,4
18061025,10,9,11,1,8
18061026,1,6,8,11,5
18061027,2,11,1,8,10
18061028,8,9,3,5,4
18061029,1,6,9,8,11
18061030,2,11,10,3,9
18061031,6,9,1,7,4
18061032,1,3,9,11,8
18061033,11,6,3,1,5
18061034,10,5,2,4,9
18061035,11,7,5,4,8
18061036,5,10,8,9,11
18061037,3,8,6,7,4
18061038,11,1,10,2,8
18061039,9,1,6,5,10
18061040,11,1,9,5,2
18061041,11,4,1,10,8
18061042,2,10,7,5,8
18061043,10,7,6,5,9
18061044,11,9,2,5,8
18061045,8,11,4,6,7
18061046,7,2,9,11,10
18061047,4,7,6,2,9
18061048,11,10,4,1,3
18061049,5,6,11,4,8
18061050,11,2,3,9,5
18061051,6,1,10,3,11
18061052,4,2,7,6,3
18061053,5,2,4,6,9
18061054,4,7,8,11,2
18061055,1,4,7,10,11
18061056,11,3,10,5,6
18061057,1,7,9,2,5
18061058,8,4,7,5,3
18061059,5,2,10,11,8
18061060,8,6,11,1,10
18061061,4,11,7,9,6
18061062,9,5,11,7,2
18061063,9,5,4,1,7
18061064,7,5,4,3,2
18061065,3,4,11,8,9
18061066,8,9,2,6,10
18061067,5,11,10,9,2
18061068,1,11,10,9,7
18061069,5,10,11,3,7
18061070,3,10,5,4,11
18061071,6,3,4,2,1
18061072,2,7,4,11,3
18061073,6,4,8,7,9
18061074,8,5,7,2,11
18061075,7,9,4,6,2
18061076,5,11,6,9,10
18061077,2,1,7,11,5
18061078,6,5,9,10,1
18061079,10,3,7,5,9
18061080,8,10,11,3,4
18061081,9,10,8,1,7
18061082,8,11,3,2,1
18061083,6,1,3,5,8
18061084,8,3,5,6,1
18061085,3,2,5,10,6
18061086,8,9,4,2,6
18061087,10,9,2,7,1
18061101,7,10,9,1,5
18061102,2,6,5,4,10
18061103,10,3,4,5,9
18061104,11,4,6,7,8
18061105,6,4,9,5,10
18061106,8,1,2,10,6
18061107,8,5,7,2,6
18061108,2,9,10,5,6
18061109,7,11,5,2,4
18061110,10,8,1,5,3
18061111,5,9,1,4,10
18061112,1,3,6,5,7
18061113,9,10,3,6,8
18061114,11,7,5,8,3
18061115,9,5,3,11,7
18061116,9,4,8,5,1
18061117,7,1,5,4,6
18061118,2,6,3,1,5
18061119,7,10,1,4,5
18061120,11,5,2,8,1
18061121,3,6,9,2,1
18061122,5,10,8,7,3
18061123,4,5,9,2,7
18061124,5,11,3,8,7
18061125,2,10,6,5,8
18061126,11,2,7,10,6
18061127,6,10,4,5,11
18061128,11,1,5,9,10
18061129,2,5,11,4,6
18061130,5,6,1,4,9
18061131,7,1,5,8,9
18061132,6,10,9,5,2
18061133,10,9,4,6,7
18061134,9,6,7,1,2
18061135,10,9,11,3,6
18061136,6,1,8,9,5
18061137,4,10,3,7,6
18061138,3,4,6,11,8
18061139,10,1,4,5,3
18061140,6,2,4,5,11
18061141,6,9,3,7,8
18061142,8,2,11,9,5
18061143,10,4,8,3,11
18061144,6,9,3,10,11
18061145,10,9,6,4,1
18061146,2,3,5,7,10
18061147,9,6,1,2,4
18061148,3,8,9,1,7
18061149,3,4,1,10,9
18061150,5,7,3,9,1
18061151,7,9,11,6,5
18061152,6,11,9,1,8
18061153,2,10,3,11,1
18061154,8,10,1,9,5
18061155,1,11,4,2,6
18061156,4,2,8,10,7
18061157,3,9,11,8,2
18061158,8,4,11,6,2
18061159,2,4,6,9,10
18061160,7,4,11,9,2
18061161,5,4,2,11,6
18061162,2,6,1,7,11
18061163,2,5,3,11,7
18061164,6,3,9,4,10
18061165,7,3,4,10,11
18061166,2,11,5,10,8
18061167,3,11,9,1,4
18061168,6,2,3,4,1
18061169,8,9,2,3,5
18061170,8,1,7,6,9
18061171,2,3,8,1,7
18061172,4,9,2,1,3
18061173,5,6,11,10,9
18061174,11,6,9,1,8
18061175,4,3,6,8,7
18061176,4,10,11,9,5
18061177,8,10,3,1,11
18061178,11,9,6,4,2
18061179,6,10,4,1,7
18061180,8,3,6,1,5
18061181,8,3,10,1,5
18061182,7,11,3,1,4
18061183,2,10,8,6,5
18061184,4,3,2,5,8
18061185,2,9,1,8,10
18061186,4,5,7,3,8
18061187,10,3,8,5,1
18061201,3,8,9,1,5
18061202,5,8,3,10,6
18061203,11,6,2,5,10
18061204,1,3,6,7,10
18061205,1,11,3,2,10
18061206,7,10,2,8,4
18061207,7,10,3,8,4
18061208,4,1,5,10,6
18061209,8,1,9,11,5
18061210,9,2,1,11,10
18061211,8,11,1,4,5
18061212,1,5,2,8,7
18061213,5,11,1,7,8
18061214,8,6,9,2,5
18061215,7,11,6,3,10
18061216,3,9,10,11,1
18061217,2,8,10,1,9
18061218,2,8,11,10,6
18061219,9,5,8,6,2
18061220,7,8,1,5,11
18061221,5,6,10,3,9
18061222,10,4,2,6,8
18061223,2,6,11,1,10
18061224,8,1,3,11,6
18061225,3,11,5,9,6
18061226,10,2,3,11,9
18061227,9,2,3,8,11
18061228,11,8,1,10,4
18061229,7,6,3,9,8
18061230,3,2,1,10,4
18061231,10,2,7,9,1
18061232,2,5,3,6,7
18061233,6,5,3,4,9
18061234,9,5,3,1,8
18061235,1,9,10,2,7
18061236,1,7,5,4,3
18061237,1,7,8,3,2
18061238,6,2,8,4,11
18061239,9,11,6,10,8
18061240,11,10,4,5,6
18061241,4,2,1,8,10
18061242,9,7,5,11,1
18061243,5,8,4,2,1
18061244,4,1,3,10,7
18061245,3,8,9,11,7
18061246,8,6,5,3,4
18061247,11,5,8,6,10
18061248,9,3,7,1,2
18061249,6,8,5,10,2
18061250,11,5,8,2,7
18061251,3,11,7,2,4
18061252,8,6,7,10,5
18061253,5,2,1,11,3
18061254,3,10,1,4,9
18061255,5,11,6,9,4
18061256,9,4,8,2,5
18061257,2,3,6,9,11
18061258,11,3,7,2,5
18061259,4,1,11,8,7
18061260,1,9,5,2,11
18061261,11,10,7,6,9
18061262,1,2,10,6,3
18061263,11,4,9,10,2
18061264,11,3,4,8,5
18061265,6,7,9,1,5
18061266,8,6,4,7,5
18061267,4,7,8,6,2
18061268,5,9,4,6,3
18061269,9,7,10,1,6
18061270,11,5,4,2,10
18061271,9,7,2,11,6
18061272,3,10,8,1,5
18061273,6,3,8,11,10
18061274,4,5,10,1,8
18061275,1,10,8,11,7
18061276,4,9,5,10,6
18061277,9,6,2,1,8
18061278,2,3,9,11,1
18061279,7,5,4,3,2
18061280,7,5,6,9,1
18061281,1,2,8,7,9
18061282,8,11,7,3,6
18061283,6,9,7,5,1
18061284,1,5,11,6,4
18061285,2,7,6,4,5
18061286,3,7,1,11,8
18061287,11,4,1,10,3
18061301,2,10,11,1,4
18061302,10,8,1,6,3
18061303,7,3,2,10,11
18061304,10,4,9,7,5
18061305,6,1,2,9,8
18061306,7,2,10,3,11
18061307,9,10,8,2,3
18061308,7,5,9,1,4
18061309,6,10,7,11,1
18061310,3,9,11,1,10
18061311,9,7,3,8,6
18061312,5,4,9,11,6
18061313,9,11,5,1,4
18061314,5,11,9,8,10
18061315,5,2,1,4,10
18061316,8,4,6,9,1
18061317,8,10,1,9,11
18061318,1,7,11,5,3
18061319,6,5,7,9,2
18061320,6,2,11,8,10
18061321,4,5,2,8,11
18061322,5,6,11,4,10
18061323,10,1,5,8,3
18061324,10,6,7,2,4
18061325,4,7,6,2,9
18061326,4,2,1,6,9
18061327,2,3,1,5,7
18061328,8,2,4,11,3
18061329,10,1,2,3,11
18061330,2,1,7,10,5
18061331,4,6,5,1,11
18061332,10,8,6,3,9
18061333,2,8,9,4,1
18061334,2,10,7,9,8
18061335,9,4,8,5,7
18061336,10,6,3,4,1
18061337,6,7,2,1,4
18061338,5,1,9,2,7
18061339,10,7,3,1,8
18061340,6,5,2,4,1
18061341,4,9,5,1,10
18061342,9,1,10,3,5
18061343,7,3,9,10,8
18061344,1,11,10,6,2
18061345,8,3,9,2,1
18061346,8,7,11,2,10
18061347,11,10,7,5,3
18061348,9,3,8,6,11
18061349,9,6,7,2,3
18061350,7,2,10,6,3
18061351,4,7,3,10,1
18061352,10,5,11,1,8
18061353,3,5,6,10,7
18061354,9,4,10,3,8
18061355,4,5,11,6,7
18061356,10,3,9,8,6
18061357,7,6,4,3,9
18061358,8,4,9,7,5
18061359,3,6,5,1,4
18061360,6,2,11,5,1
18061361,3,6,7,5,8
18061362,7,5,8,11,9
18061363,1,7,9,8,5
18061364,5,10,9,11,6
18061365,1,8,7,5,4
18061366,2,7,1,4,8
18061367,11,6,5,4,2
18061368,2,11,4,8,6
18061369,1,5,11,3,9
18061370,5,6,7,4,8
18061371,1,7,9,10,4
18061372,8,1,6,10,4
18061373,6,11,8,5,7
18061374,1,11,8,10,6
18061375,5,8,7,4,10
18061376,6,7,10,8,4
18061377,5,1,2,10,6
18061378,5,2,10,1,4
18061379,11,5,3,7,2
18061380,2,3,4,11,7
18061381,2,3,11,7,5
18061382,3,8,1,2,11
18061383,2,6,11,3,10
18061384,7,1,3,10,4
18061385,9,3,2,11,10
18061386,5,10,1,3,11
18061387,10,8,4,7,2
18061401,1,6,10,7,5
18061402,6,3,5,11,10
18061403,10,3,11,2,5
18061404,7,5,8,6,11
18061405,9,5,2,1,11
18061406,4,1,2,7,8
18061407,4,6,9,8,1
18061408,5,9,4,11,8
18061409,9,11,7,6,10
18061410,8,3,9,5,2
18061411,2,6,3,5,7
18061412,8,5,6,11,10
18061413,11,7,10,3,6
18061414,8,6,7,1,2
18061415,11,5,1,6,4
18061416,3,11,5,7,9
18061417,4,1,9,5,3
18061418,4,10,9,7,11
18061419,10,5,2,1,9
18061420,7,2,9,11,4
18061421,4,9,11,5,1
18061422,4,9,5,10,2
18061423,5,9,7,11,1
18061424,2,7,3,5,1
18061425,3,4,9,11,1
18061426,3,8,10,6,2
18061427,3,8,7,10,2
18061428,11,2,9,7,10
18061429,7,11,2,4,1
18061430,8,6,3,2,5
18061431,4,11,8,1,2
18061432,7,5,9,8,11
18061433,2,8,1,4,9
18061434,2,9,7,1,10
18061435,6,9,1,4,10
18061436,2,10,9,4,6
18061437,5,10,11,4,2
18061438,7,3,8,2,1
18061439,9,8,2,6,5
18061440,6,10,1,5,7
18061441,2,10,9,5,3
18061442,4,7,3,2,1
18061443,7,11,9,4,3
18061444,6,7,1,5,8
18061445,4,8,5,7,11
18061446,1,8,9,4,6
18061447,1,7,3,2,4
18061448,4,2,1,3,5
18061449,11,10,9,6,8
18061450,6,1,7,11,8
18061451,11,2,7,8,10
18061452,10,11,5,2,6
18061453,11,4,7,2,3
18061454,1,7,6,11,3
18061455,2,1,9,8,7
18061456,4,3,5,6,8
18061457,4,9,2,11,10
18061458,11,6,8,7,1
18061459,1,6,11,2,9
18061460,8,1,11,6,4
18061461,11,8,5,10,6
18061462,10,11,8,9,4
18061463,9,1,7,3,5
18061464,3,10,2,4,5
18061465,9,1,7,3,11
18061466,9,6,2,4,11
18061467,5,8,1,11,9
18061468,5,8,4,11,9
18061469,6,11,10,9,4
18061470,1,5,7,10,3
18061471,4,2,7,11,9
18061472,4,3,1,2,5
18061473,11,9,2,6,4
18061474,11,7,10,8,3
18061475,11,8,5,9,10
18061476,7,8,1,4,3
18061477,6,4,10,3,7
18061478,4,6,1,9,10
18061479,1,9,4,5,8
18061480,3,11,9,10,5
18061481,8,3,6,10,2
18061482,3,2,10,4,11
18061483,8,11,9,2,3
18061484,6,8,3,5,10
18061485,11,7,10,6,5
18061486,9,10,2,5,6
18061487,8,9,1,6,2
18061501,9,7,5,4,10
18061502,10,6,4,8,1
18061503,3,10,5,8,7
18061504,8,11,5,3,6
18061505,10,4,11,9,5
18061506,7,3,8,4,11
18061507,1,2,5,11,3
18061508,10,11,1,7,2
18061509,9,4,7,11,10
18061510,1,2,10,4,7
18061511,5,7,11,2,6
18061512,10,5,7,6,8
18061513,5,9,8,10,3
18061514,7,9,11,3,5
18061515,4,1,2,8,3
18061516,5,9,2,10,3
18061517,6,2,9,4,10
18061518,7,8,2,11,4
18061519,11,5,8,9,3
18061520,11,6,8,3,10
18061521,6,11,9,3,8
18061522,11,9,8,4,2
18061523,3,10,11,7,5
18061524,2,11,7,10,5
18061525,6,2,1,3,11
18061526,3,1,2,8,7
18061527,4,9,6,5,11
18061528,5,8,11,9,3
18061529,10,5,4,1,3
18061530,6,2,7,11,10
18061531,2,11,1,8,3
18061532,8,9,2,4,6
18061533,3,1,9,2,5
18061534,7,9,10,2,5
18061535,11,6,9,7,8
18061536,8,9,5,4,3
18061537,5,6,4,1,10
18061538,1,7,9,6,2
18061539,3,4,2,7,5
18061540,9,6,1,3,2
18061541,7,6,5,1,4
18061542,3,1,4,8,2
18061543,2,7,3,4,10
18061544,11,7,5,2,9
18061545,3,2,6,5,7
18061546,3,11,1,2,4
18061547,1,5,3,4,7
18061548,6,7,5,4,10
18061549,3,1,4,9,2
18061550,11,5,4,1,8
18061551,7,8,11,1,5
18061552,5,8,11,9,7
18061553,4,10,9,2,6
18061554,6,8,9,1,2
18061555,9,11,3,4,6
18061556,11,3,5,7,10
18061557,3,9,4,10,6
18061558,5,7,9,11,2
18061559,5,3,8,6,9
18061560,9,5,2,8,1
18061561,2,1,9,4,7
18061562,4,7,10,5,6
18061563,11,4,6,9,10
18061564,7,1,9,6,4
18061565,2,1,4,3,8
18061566,11,2,10,3,1
18061567,5,10,3,8,2
18061568,9,8,1,4,6
18061569,10,3,5,2,8
18061570,8,6,5,2,9
18061571,7,5,9,10,1
18061572,9,10,3,11,8
18061573,11,10,7,2,4
18061574,11,3,7,1,6
18061575,10,7,8,11,4
18061576,10,1,6,9,3
18061577,9,5,3,8,6
18061578,5,8,2,10,3
18061579,11,7,9,5,8
18061580,1,8,5,7,3
18061581,1,11,5,6,9
18061582,7,5,4,9,6
18061583,7,4,10,8,6
18061584,8,6,7,10,5
18061585,4,3,9,6,8
18061586,6,9,5,4,8
18061587,1,11,6,9,3
18061601,5,8,2,7,6
18061602,6,3,5,11,10
18061603,7,9,6,1,2
18061604,5,3,10,7,11
18061605,5,7,1,9,2
18061606,3,9,11,6,4
18061607,6,11,1,10,9
18061608,10,11,1,8,6
18061609,9,2,3,10,6
18061610,5,3,4,1,9
18061611,4,2,3,6,9
18061612,11,9,4,7,8
18061613,3,9,6,4,10
18061614,8,6,5,11,2
18061615,7,8,11,4,10
18061616,7,1,11,4,6
18061617,3,6,9,5,8
18061618,10,3,9,8,2
18061619,11,4,5,3,2
18061620,6,7,10,11,2
18061621,10,11,8,9,4
18061622,5,8,2,1,4
18061623,6,9,7,5,11
18061624,4,7,6,9,11
18061625,11,2,1,6,3
18061626,1,8,6,11,5
18061627,2,1,6,3,4
18061628,9,2,8,6,11
18061629,4,7,8,1,11
18061630,10,5,9,11,4
18061631,9,5,7,1,3
18061632,5,7,8,10,11
18061633,5,9,2,3,7
18061634,1,6,2,8,5
18061635,10,6,9,3,8
18061636,4,8,2,10,3
18061637,9,7,8,3,4
18061638,2,4,1,7,9
18061639,5,2,1,8,9
18061640,5,4,10,11,2
18061641,9,2,5,1,10
18061642,3,6,9,5,1
18061643,9,3,1,11,6
18061644,5,8,10,2,11
18061645,5,3,9,6,4
18061646,5,8,10,1,7
18061647,1,3,7,4,9
18061648,8,4,3,11,10
18061649,3,4,11,1,2
18061650,3,8,7,6,11
18061651,7,5,10,8,4
18061652,8,1,11,6,2
18061653,6,3,5,1,7
18061654,8,1,5,9,6
18061655,2,9,11,4,3
18061656,9,7,3,5,11
18061657,7,10,8,11,3
18061658,6,11,5,3,8
18061659,6,5,9,1,2
18061660,6,9,10,8,5
18061661,4,3,8,5,7
18061662,2,5,1,8,10
18061663,1,3,4,10,6
18061664,4,6,9,3,11
18061665,9,8,10,4,11
18061666,2,4,11,6,5
18061667,1,3,2,9,7
18061668,6,2,11,10,4
18061669,8,3,9,10,6
18061670,5,7,3,2,4
18061671,9,2,3,8,10
18061672,7,5,6,3,9
18061673,7,9,11,6,10
18061674,9,5,1,11,2
18061675,7,10,3,1,2
18061676,9,7,6,5,1
18061677,9,1,5,7,6
18061678,3,6,5,11,9
18061679,1,3,7,9,6
18061680,4,10,2,1,8
18061681,3,6,2,4,5
18061682,6,5,7,2,3
18061683,8,11,4,9,3
18061684,10,9,8,1,7
18061685,4,5,7,6,1
18061686,3,8,5,10,1
18061687,9,3,5,1,11
18061701,2,8,3,7,1
18061702,6,8,1,2,3
18061703,7,5,1,11,6
18061704,5,2,6,9,7
18061705,9,2,4,6,3
18061706,8,4,3,2,5
18061707,4,8,11,3,5
18061708,9,1,5,10,11
18061709,1,9,4,2,3
18061710,1,7,11,5,8
18061711,7,8,9,2,5
18061712,2,6,9,10,5
18061713,8,10,2,9,11
18061714,4,7,11,9,5
18061715,3,7,8,4,9
18061716,10,7,11,4,8
18061717,2,11,6,3,1
18061718,2,10,4,11,8
18061719,4,7,6,10,3
18061720,1,11,8,3,9
18061721,1,6,9,7,11
18061722,1,11,5,2,7
18061723,3,7,4,5,9
18061724,3,1,10,6,5
18061725,6,5,7,2,11
18061726,6,7,1,5,4
18061727,7,2,10,11,8
18061728,9,10,2,5,7
18061729,1,4,2,3,10
18061730,2,1,10,6,5
18061731,7,6,3,11,5
18061732,10,5,7,6,2
18061733,5,10,9,3,6
18061734,5,10,1,7,6
18061735,1,10,7,11,8
18061736,6,9,5,3,11
18061737,8,1,6,10,2
18061738,6,2,7,11,4
18061739,7,3,11,8,4
18061740,1,6,10,2,5
18061741,4,5,7,2,10
18061742,5,8,11,6,7
18061743,11,10,2,1,9
18061744,1,11,2,6,8
18061745,6,2,3,7,4
18061746,3,1,4,2,8
18061747,4,7,5,1,8
18061748,5,7,6,9,10
18061749,10,5,4,1,9
18061750,4,10,9,2,6
18061751,7,5,8,1,9
18061752,2,9,11,10,4
18061753,4,6,8,2,11
18061754,3,4,2,9,7
18061755,2,5,8,6,3
18061756,1,6,9,2,3
18061757,5,6,3,10,7
18061758,6,4,8,11,5
18061759,2,9,4,5,8
18061760,6,3,9,5,11
18061761,9,2,1,3,6
18061762,4,2,6,1,9
18061763,5,10,1,7,2
18061764,6,1,3,7,9
18061765,1,10,9,11,2
18061766,5,9,11,10,2
18061767,10,3,9,7,11
18061768,1,5,3,4,10
18061769,3,11,10,5,6
18061770,1,10,5,3,4
18061771,4,7,6,10,5
18061772,5,8,1,7,4
18061773,8,10,4,5,9
18061774,9,3,1,6,5
18061775,4,11,3,9,10
18061776,6,5,1,2,4
18061777,2,8,3,11,9
18061778,4,5,6,10,8
18061779,11,1,4,9,7
18061780,9,10,11,3,1
18061781,9,4,5,11,8
18061782,4,11,7,2,9
18061783,10,7,6,2,3
18061784,2,7,5,6,10
18061785,2,9,4,5,1
18061786,8,9,11,5,10
18061787,1,2,5,9,6
18061801,4,2,11,7,10
18061802,11,5,9,4,2
18061803,8,7,2,11,4
18061804,5,7,9,6,10
18061805,5,8,4,6,11
18061806,9,7,11,10,1
18061807,6,1,11,8,2
18061808,1,7,2,4,6
18061809,5,7,8,4,9
18061810,9,11,1,8,2
18061811,6,4,10,11,9
18061812,7,1,8,2,5
18061813,11,6,2,8,3
18061814,3,8,5,6,10
18061815,3,6,8,4,1
18061816,1,7,3,11,2
18061817,5,6,10,2,7
18061818,8,4,9,1,2
18061819,2,8,10,9,1
18061820,10,2,11,8,6
18061821,8,9,5,7,6
18061822,2,9,10,5,8
18061823,9,3,2,4,8
18061824,6,5,4,3,11
18061825,5,1,7,8,9
18061826,5,10,7,8,4
18061827,10,9,7,3,5
18061828,11,6,5,10,7
18061829,11,2,10,9,1
18061830,7,3,4,2,5
18061831,9,6,1,8,3
18061832,10,2,9,5,3
18061833,1,11,5,4,7
18061834,3,10,11,4,7
18061835,7,1,11,10,6
18061836,11,5,1,3,9
18061837,3,4,1,11,6
18061838,4,2,7,9,11
18061839,11,2,8,1,5
18061840,7,9,2,8,1
18061841,7,10,6,4,9
18061842,3,1,5,10,7
18061843,1,8,4,9,10
18061844,5,2,7,11,8
18061845,6,4,1,3,11
18061846,5,6,2,3,8
18061847,7,4,9,5,1
18061848,2,5,7,10,11
18061849,1,9,4,11,6
18061850,5,8,11,10,7
18061851,3,4,1,6,10
18061852,7,6,5,11,2
18061853,2,7,9,4,5
18061854,3,11,2,9,8
18061855,10,11,9,8,6
18061856,3,8,5,11,2
18061857,5,10,1,8,6
18061858,1,6,2,5,9
18061859,10,6,11,5,3
18061860,10,6,9,8,11
18061861,10,3,11,4,5
18061862,5,7,3,2,6
18061863,8,1,5,7,3
18061864,7,6,1,9,10
18061865,1,6,8,5,9
18061866,1,10,9,6,2
18061867,6,9,1,8,10
18061868,3,1,2,8,9
18061869,7,9,11,5,3
18061870,8,6,7,5,1
18061871,2,4,10,7,11
18061872,10,2,9,5,11
18061873,10,5,3,6,2
18061874,11,6,8,3,10
18061875,1,9,11,4,10
18061876,1,8,5,9,7
18061877,6,10,7,4,5
18061878,5,2,11,3,10
18061879,3,2,1,4,7
18061880,7,2,6,10,8
18061881,11,10,3,7,2
18061882,8,2,11,10,4
18061883,1,8,7,11,10
18061884,11,7,3,1,10
18061885,11,8,7,4,2
18061886,10,6,3,7,11
18061887,10,5,11,2,6
18061901,3,8,5,7,11
18061902,4,1,11,10,2
18061903,1,2,5,8,3
18061904,8,5,6,1,3
18061905,4,10,1,9,3
18061906,10,7,5,3,11
18061907,6,11,8,5,3
18061908,7,10,2,3,1
18061909,11,10,7,1,4
18061910,11,2,3,9,6
18061911,10,4,8,3,1
18061912,7,1,11,3,4
18061913,6,11,8,1,2
18061914,10,6,7,2,8
18061915,1,2,11,4,8
18061916,10,6,11,2,1
18061917,11,7,6,9,5
18061918,1,7,10,4,9
18061919,3,11,9,8,6
18061920,3,10,2,8,5
18061921,9,4,10,3,2
18061922,7,8,2,6,1
18061923,8,2,3,7,9
18061924,1,4,7,5,3
18061925,5,6,10,3,2
18061926,10,7,11,6,2
18061927,7,5,4,6,1
18061928,1,11,7,8,4
18061929,4,11,3,6,7
18061930,5,10,7,3,6
18061931,9,10,11,1,5
18061932,11,2,8,5,9
18061933,6,11,9,3,7
18061934,3,2,8,11,1
18061935,2,8,3,4,10
18061936,7,1,5,2,9
18061937,6,8,10,1,9
18061938,11,4,8,1,9
18061939,5,7,8,3,11
18061940,2,5,4,11,8
18061941,1,4,3,6,9
18061942,9,7,5,1,6
18061943,3,8,9,11,2
18061944,4,6,1,11,5
18061945,5,3,4,9,1
18061946,11,3,7,2,8
18061947,7,8,6,9,3
18061948,6,3,2,11,5
18061949,1,5,7,8,9
18061950,5,6,10,4,8
18061951,7,1,5,11,8
18061952,8,4,11,9,3
18061953,10,1,9,8,5
18061954,8,6,7,11,4
18061955,5,11,9,10,8
18061956,2,8,10,11,7
18061957,8,4,7,1,11
18061958,7,1,10,8,4
18061959,8,5,1,11,2
18061960,8,6,11,9,1
18061961,2,6,3,8,9
18061962,11,6,5,10,2
18061963,3,4,9,6,7
18061964,6,3,10,9,11
18061965,6,9,7,5,11
18061966,5,1,10,11,8
18061967,11,10,3,2,6
18061968,11,9,2,6,5
18061969,1,9,10,5,7
18061970,8,4,5,10,2
18061971,9,4,3,11,5
18061972,8,5,11,1,3
18061973,1,5,10,8,7
18061974,5,7,1,6,9
18061975,8,7,9,1,6
18061976,10,3,11,2,6
18061977,7,2,10,9,3
18061978,4,6,10,5,2
18061979,5,2,4,3,11
18061980,7,3,10,5,1
18061981,10,7,3,9,8
18061982,9,10,8,7,4
18061983,10,6,1,9,4
18061984,10,8,5,9,6
18061985,5,2,1,6,10
18061986,2,7,11,9,10
18061987,6,10,7,4,8
18062001,9,6,2,8,1
18062002,10,6,9,7,2
18062003,4,10,3,9,11
18062004,4,9,11,8,2
18062005,1,2,5,9,11
18062006,4,8,10,9,3
18062007,1,11,8,6,10
18062008,6,5,11,1,2
18062009,1,7,4,9,8
18062010,8,1,10,11,6
18062011,3,7,10,9,11
18062012,8,7,6,10,4
18062013,1,3,8,11,2
18062014,1,8,7,6,11
18062015,9,6,5,10,11
18062016,3,11,9,4,2
18062017,3,2,1,8,7
18062018,2,9,7,1,5
18062019,1,2,8,6,3
18062020,8,4,11,9,5
18062021,2,7,5,11,8
18062022,5,10,11,7,3
18062023,4,11,9,1,3
18062024,11,6,9,1,10
18062025,3,4,2,5,11
18062026,7,6,11,5,10
18062027,7,11,9,6,8
18062028,5,4,10,1,7
18062029,3,11,9,1,6
18062030,3,9,7,1,8
18062031,2,5,8,10,9
18062032,6,11,2,9,4
18062033,11,4,7,6,3
18062034,6,9,2,4,5
18062035,7,8,1,3,2
18062036,7,3,9,5,2
18062037,7,3,1,4,9
18062038,10,5,11,4,2
18062039,11,8,4,7,6
18062040,9,8,5,4,2
18062041,6,2,7,1,4
18062042,10,6,2,8,5
18062043,7,11,4,2,3
18062044,4,2,11,1,10
18062045,1,2,9,8,4
18062046,10,7,8,3,5
18062047,5,7,11,3,2
18062048,6,2,5,10,7
18062049,2,5,9,3,4
18062050,8,5,9,10,4
18062051,4,8,7,11,1
18062052,2,5,1,11,4
18062053,1,9,11,6,4
18062054,7,6,11,3,4
18062055,3,2,7,1,4
18062056,4,8,5,3,10
18062057,4,1,9,5,2
18062058,11,2,9,6,5
18062059,5,10,4,6,7
18062060,6,8,2,7,11
18062061,2,7,6,4,9
18062062,4,5,3,9,1
18062063,2,9,10,5,1
18062064,4,6,2,3,9
18062065,4,10,6,1,2
18062066,8,5,1,9,6
18062067,4,5,7,3,1
18062068,3,10,1,6,4
18062069,11,6,7,3,5
18062070,3,10,5,9,4
18062071,2,8,10,3,7
18062072,7,2,1,11,3
18062073,8,7,4,5,11
18062074,9,11,7,6,8
18062075,5,10,2,7,9
18062076,3,5,6,7,1
18062077,1,6,8,9,11
18062078,7,4,10,11,8
18062079,7,3,8,4,10
18062080,10,3,11,6,2
18062081,5,11,9,8,4
18062082,9,6,2,8,5
18062083,7,9,4,5,6
18062084,6,9,3,4,1
18062085,7,9,11,8,6
18062086,11,1,4,3,5
18062087,11,7,6,1,9
18062101,5,10,8,1,6
18062102,6,2,7,5,4
18062103,10,4,3,11,9
18062104,8,6,4,10,7
18062105,11,2,10,5,1
18062106,7,8,1,4,2
18062107,3,8,10,4,6
18062108,8,5,9,1,10
18062109,7,8,1,5,2
18062110,8,7,6,4,11
18062111,7,8,2,6,5
18062112,10,5,6,11,9
18062113,5,8,2,9,4
18062114,10,6,11,1,5
18062115,3,7,5,4,10
18062116,11,9,2,7,8
18062117,11,9,1,3,6
18062118,9,10,2,11,4
18062119,7,8,2,1,3
18062120,10,8,1,3,5
18062121,11,3,6,7,5
18062122,7,1,11,2,10
18062123,4,2,6,7,11
18062124,1,11,5,6,3
18062125,5,9,8,1,6
18062126,9,6,2,8,1
18062127,7,6,2,4,1
18062128,6,5,1,7,3
18062129,7,6,2,11,9
18062130,4,10,9,1,3
18062131,4,1,2,7,11
18062132,10,11,2,7,6
18062133,4,11,10,7,8
18062134,6,8,5,9,11
18062135,9,5,1,6,2
18062136,7,5,8,4,1
18062137,10,9,6,11,7
18062138,1,4,9,8,7
18062139,1,10,11,3,5
18062140,10,6,2,9,5
18062141,9,7,4,10,11
18062142,6,7,2,1,8
18062143,11,2,6,8,1
18062144,9,5,1,7,3
18062145,6,5,4,3,1
18062146,8,5,4,3,11
18062147,1,5,11,6,10
18062148,6,4,1,10,5
18062149,9,7,10,11,4
18062150,7,4,6,8,10
18062151,3,11,5,7,2
18062152,9,7,8,11,3
18062153,8,2,11,5,1
18062154,3,2,5,7,11
18062155,10,8,6,1,4
18062156,9,6,7,11,3
18062157,5,6,8,2,7
18062158,10,11,3,1,4
18062159,9,3,4,5,6
18062160,1,7,6,4,9
18062161,1,4,2,10,6
18062162,9,6,2,8,5
18062163,3,9,1,10,8
18062164,5,9,3,6,1
18062165,5,4,1,6,3
18062166,11,1,5,2,7
18062167,4,7,2,9,1
18062168,4,8,2,10,3
18062169,3,7,1,9,5
18062170,8,4,7,6,11
18062171,1,3,9,4,10
18062172,3,1,9,6,5
18062173,9,7,2,8,11
18062174,7,5,2,3,8
18062175,8,4,9,2,7
18062176,4,10,2,8,9
18062177,5,11,6,2,3
18062178,9,7,4,10,5
18062179,6,11,1,4,7
18062180,9,4,3,11,5
18062181,6,5,9,1,7
18062182,9,3,11,1,4
18062183,3,5,6,2,11
18062184,6,8,10,3,11
18062185,6,2,10,7,11
18062186,11,7,6,9,10
18062187,7,5,8,6,2
18062201,7,3,9,1,10
18062202,8,6,1,3,4
18062203,11,8,7,6,10
18062204,6,7,10,2,5
18062205,10,8,6,7,3
18062206,7,9,4,11,3
18062207,4,7,6,5,11
18062208,6,10,5,1,11
18062209,4,10,3,8,5
18062210,3,10,7,9,11
18062211,9,6,1,4,8
18062212,8,2,3,1,6
18062213,4,3,11,7,5
18062214,2,11,6,3,8
18062215,8,7,5,9,4
18062216,2,10,8,3,4
18062217,7,1,4,8,11
18062218,3,6,1,5,11
18062219,7,3,11,5,9
18062220,3,6,5,4,7
18062221,7,9,2,3,5
18062222,4,6,2,5,9
18062223,1,4,3,5,10
18062224,1,4,5,10,8
18062225,11,10,6,5,4
18062226,4,10,7,9,6
18062227,6,11,8,2,1
18062228,9,7,2,11,8
18062229,1,3,10,2,9
18062230,5,7,8,6,2
18062231,9,10,6,11,7
18062232,9,6,10,2,3
18062233,7,8,3,1,10
18062234,2,7,8,5,4
18062235,4,9,3,8,10
18062236,10,3,7,8,9
18062237,9,1,2,6,7
18062238,10,7,5,4,2
18062239,11,8,2,6,1
18062240,6,5,10,7,11
18062241,3,8,5,9,11
18062242,3,5,7,2,11
18062243,5,2,8,7,9
18062244,5,4,7,2,10
18062245,1,4,11,5,6
18062246,5,1,10,11,6
18062247,6,3,11,2,8
18062248,11,3,7,5,9
18062249,1,5,11,2,6
18062250,1,5,4,2,10
18062251,1,4,7,11,8
18062252,8,7,9,3,1
18062253,1,5,2,9,10
18062254,5,2,4,11,6
18062255,11,3,7,5,6
18062256,11,8,5,2,9
18062257,8,4,1,3,10
18062258,3,5,4,1,11
18062259,11,9,7,6,8
18062260,1,9,2,5,7
18062261,4,2,5,11,3
18062262,10,4,3,9,6
18062263,10,4,11,9,7
18062264,7,8,6,9,4
18062265,10,9,6,1,5
18062266,6,7,3,8,10
18062267,9,10,2,8,5
18062268,10,3,11,1,9
18062269,8,10,2,3,5
18062270,9,2,1,4,11
18062271,3,5,6,11,4
18062272,4,2,6,11,1
18062273,9,8,5,11,7
18062274,3,1,9,10,5
18062275,4,9,8,3,10
18062276,8,1,4,11,6
18062277,1,2,3,7,5
18062278,7,9,8,5,1
18062279,9,11,5,3,6
18062280,2,3,5,6,9
18062281,10,4,7,9,11
18062282,8,5,9,11,1
18062283,3,9,8,4,11
18062284,6,3,1,2,8
18062285,9,5,10,1,7
18062286,1,5,3,4,10
18062287,6,3,11,8,4
18062301,10,1,6,9,8
18062302,7,5,11,4,8
18062303,1,2,5,4,8
18062304,1,8,7,5,9
18062305,11,1,7,8,5
18062306,11,5,1,6,2
18062307,7,5,10,1,2
18062308,5,8,4,2,7
18062309,8,4,10,9,7
18062310,7,1,11,5,8
18062311,10,8,6,1,3
18062312,2,6,5,11,10
18062313,10,5,2,6,7
18062314,2,6,8,10,7
18062315,3,6,4,10,5
18062316,6,4,8,5,7
18062317,10,3,6,7,2
18062318,6,10,1,5,11
18062319,8,2,6,7,5
18062320,8,11,3,9,4
18062321,8,1,3,11,6
18062322,5,1,7,3,4
18062323,1,10,3,6,7
18062324,3,1,5,2,9
18062325,3,2,8,7,6
18062326,8,9,6,7,10
18062327,6,3,7,8,2
18062328,7,3,6,9,4
18062329,7,4,6,2,3
18062330,10,4,5,7,6
18062331,9,4,8,10,7
18062332,6,9,1,2,3
18062333,8,7,6,11,10
18062334,7,9,2,6,8
18062335,1,8,9,6,3
18062336,2,1,4,7,9
18062337,7,1,10,4,6
18062338,9,8,10,1,5
18062339,6,11,3,9,10
18062340,6,2,7,1,9
18062341,5,10,2,9,8
18062342,8,11,3,5,10
18062343,2,4,9,10,3
18062344,4,5,10,3,11
18062345,2,11,9,1,10
18062346,9,11,2,1,4
18062347,3,10,4,1,11
18062348,1,4,5,6,9
18062349,7,5,6,9,2
18062350,10,7,8,4,9
18062351,10,6,5,11,3
18062352,1,5,2,3,10
18062353,8,9,5,3,6
18062354,3,9,7,4,6
18062355,6,4,3,7,9
18062356,3,11,5,2,9
18062357,10,3,4,2,8
18062358,8,6,1,7,9
18062359,10,9,11,1,5
18062360,3,8,5,7,1
18062361,4,11,7,8,2
18062362,6,1,5,2,3
18062363,11,7,10,9,1
18062364,11,6,4,2,5
18062365,4,3,6,9,1
18062366,1,11,7,2,10
18062367,3,6,1,10,8
18062368,4,2,7,1,6
18062369,7,3,8,10,6
18062370,5,11,8,7,1
18062371,10,4,6,3,1
18062372,6,7,10,5,1
18062373,4,2,11,1,5
18062374,8,11,5,2,7
18062375,10,4,5,11,3
18062376,8,3,1,5,2
18062377,10,11,4,5,2
18062378,11,6,5,7,3
18062379,10,7,8,3,9
18062380,2,3,10,5,4
18062381,3,2,10,1,8
18062382,11,9,3,4,8
18062383,9,3,8,2,6
18062384,5,4,9,2,10
18062385,6,1,5,10,11
18062386,10,3,11,4,9
18062387,3,4,9,1,6
18062401,6,9,1,2,7
18062402,8,5,11,1,7
18062403,1,6,8,5,4
18062404,11,2,6,1,9
18062405,5,8,9,2,3
18062406,8,3,7,5,9
18062407,10,9,7,5,2
18062408,2,5,3,4,9
18062409,2,7,11,5,4
18062410,11,5,4,2,10
18062411,10,5,1,6,7
18062412,9,4,11,6,10
18062413,6,1,2,7,3
18062414,3,5,1,11,9
18062415,11,5,3,7,8
18062416,8,4,2,9,5
18062417,6,5,10,3,11
18062418,2,7,4,3,10
18062419,9,1,8,10,7
18062420,3,10,2,8,5
18062421,8,9,5,7,2
18062422,1,5,6,3,4
18062423,8,3,5,4,6
18062424,1,2,11,4,9
18062425,1,5,4,2,3
18062426,3,10,9,8,11
18062427,4,7,1,5,9
18062428,2,1,9,10,6
18062429,3,8,10,9,11
18062430,3,2,1,8,4
18062431,6,3,7,10,9
18062432,9,11,7,5,6
18062433,1,3,9,2,4
18062434,8,5,11,3,9
18062435,10,6,5,3,2
18062436,9,10,6,4,5
18062437,4,1,9,3,5
18062438,4,6,5,3,1
18062439,3,9,8,10,7
18062440,7,11,6,8,10
18062441,3,10,4,11,5
18062442,11,2,5,9,4
18062443,5,10,8,6,2
18062444,8,4,10,9,11
18062445,2,3,6,1,9
18062446,4,6,10,3,7
18062447,3,11,9,7,2
18062448,3,7,1,5,10
18062449,4,2,6,10,3
18062450,4,10,7,6,1
18062451,4,9,7,11,5
18062452,1,6,7,9,2
18062453,3,4,10,9,5
18062454,4,6,9,2,5
18062455,4,2,8,10,1
18062456,9,11,3,2,8
18062457,5,3,6,10,8
18062458,6,7,9,3,2
18062459,1,6,8,2,11
18062460,11,4,3,5,7
18062461,10,3,9,8,11
18062462,9,2,8,3,1
18062463,5,11,9,3,1
18062464,3,7,1,10,2
18062465,1,5,8,9,3
18062466,6,2,5,1,4
18062467,9,11,6,10,8
18062468,1,11,9,7,6
18062469,2,9,5,4,11
18062470,8,3,9,4,1
18062471,2,3,1,11,4
18062472,10,11,7,2,4
18062473,7,6,10,8,3
18062474,4,11,10,6,1
18062475,2,7,5,8,10
18062476,4,3,5,8,6
18062477,7,10,11,3,5
18062478,5,11,7,2,3
18062479,5,2,11,10,8
18062480,9,6,10,8,4
18062481,9,2,11,4,1
18062482,3,9,2,7,8
18062483,1,10,3,8,7
18062484,2,9,6,3,4
18062485,5,7,3,9,11
18062486,7,10,2,1,5
18062487,7,11,3,4,10
18062501,5,10,2,7,8
18062502,8,11,1,2,6
18062503,3,10,5,9,8
18062504,10,11,2,8,4
18062505,8,11,3,2,1
18062506,1,9,4,8,3
18062507,2,3,9,8,1
18062508,8,4,9,2,10
18062509,5,10,3,7,4
18062510,9,5,1,11,6
18062511,6,8,3,7,11
18062512,7,10,3,8,1
18062513,11,2,9,6,8
18062514,4,6,3,7,1
18062515,8,9,4,3,10
18062516,11,10,8,7,9
18062517,6,9,3,5,11
18062518,5,7,4,9,1
18062519,9,5,3,4,8
18062520,3,10,9,6,8
18062521,1,4,5,2,7
18062522,3,9,5,1,10
18062523,9,6,3,11,4
18062524,3,5,1,7,4
18062525,6,4,11,10,7
18062526,11,7,5,8,2
18062527,4,9,6,10,3
18062528,4,1,11,3,9
18062529,8,1,4,7,3
18062530,5,2,1,6,10
18062531,11,1,7,6,2
18062532,7,5,3,11,1
18062533,4,9,3,11,10
18062534,7,3,10,4,2
18062535,9,11,1,4,10
18062536,3,9,2,1,5
18062537,4,1,9,5,2
18062538,6,11,4,9,2
18062539,2,3,6,8,4
18062540,9,10,2,6,8
18062541,1,10,5,2,3
18062542,1,10,6,7,2
18062543,4,5,3,1,10
18062544,7,1,10,9,5
18062545,10,1,3,9,8
18062546,6,7,4,5,1
18062547,9,11,3,6,5
18062548,11,7,1,10,2
18062549,4,8,7,3,1
18062550,4,1,3,11,9
18062551,8,4,5,10,6
18062552,7,3,10,6,4
18062553,7,8,6,2,5
18062554,3,7,9,4,6
18062555,3,6,7,8,9
18062556,6,11,4,9,7
18062557,3,7,5,1,10
18062558,11,5,6,10,2
18062559,3,5,7,2,11
18062560,11,8,7,10,6
18062561,10,6,9,1,4
18062562,6,4,7,11,2
18062563,9,11,5,1,3
18062564,3,7,4,5,9
18062565,7,9,1,8,10
18062566,2,6,8,11,1
18062567,10,9,1,4,3
18062568,4,10,8,5,2
18062569,5,8,2,10,1
18062570,4,11,10,2,6
18062571,2,5,9,6,1
18062572,1,9,2,10,3
18062573,3,9,2,5,6
18062574,8,5,10,6,7
18062575,5,2,7,10,6
18062576,11,9,6,1,3
18062577,2,10,5,1,3
18062578,11,8,5,2,10
18062579,6,9,11,8,3
18062580,6,1,9,5,2
18062581,7,10,3,5,6
18062582,5,8,6,10,1
18062583,1,3,4,6,5
18062584,9,8,3,5,7
18062585,3,10,6,8,11
18062586,5,7,1,8,6
18062587,10,9,6,7,2
18062601,5,10,1,11,4
18062602,6,10,4,1,9
18062603,1,3,11,4,10
18062604,7,10,3,9,1
18062605,7,6,9,4,2
18062606,6,1,8,11,10
18062607,1,8,10,7,4
18062608,11,1,5,8,10
18062609,9,5,6,3,1
18062610,9,11,2,10,7
18062611,8,7,11,9,1
18062612,10,3,2,9,6
18062613,7,2,9,8,3
18062614,9,7,8,3,1
18062615,2,4,10,7,5
18062616,1,3,11,5,2
18062617,2,5,11,3,9
18062618,9,8,4,2,7
18062619,7,10,5,9,2
18062620,10,2,4,3,11
18062621,8,7,1,6,3
18062622,2,4,5,6,1
18062623,10,9,4,1,2
18062624,5,1,6,2,10
18062625,1,6,11,5,3
18062626,7,3,9,4,1
18062627,3,2,11,1,8
18062628,5,6,4,2,7
18062629,4,8,10,7,9
18062630,6,2,9,5,10
18062631,8,4,9,5,2
18062632,8,10,4,11,3
18062633,7,4,3,5,8
18062634,10,9,1,5,11
18062635,8,11,1,5,2
18062636,9,2,11,8,3
18062637,10,1,3,4,9
18062638,1,6,10,11,2
18062639,4,11,5,1,10
18062640,4,11,1,10,6
18062641,3,8,6,11,7
18062642,2,3,8,9,5
18062643,2,4,10,8,5
18062644,8,9,5,3,1
18062645,11,8,3,9,10
18062646,7,6,1,2,9
18062647,4,9,7,2,8
18062648,2,3,9,8,1
18062649,7,10,1,4,3
18062650,1,8,9,5,11
18062651,6,10,5,3,7
18062652,11,4,7,5,2
18062653,1,3,5,10,2
18062654,9,6,10,3,7
18062655,1,7,9,6,10
18062656,3,11,9,1,4
18062657,2,4,1,3,10
18062658,11,10,7,9,3
18062659,2,7,3,10,11
18062660,3,2,4,10,6
18062661,3,1,9,8,10
18062662,8,10,4,5,9
18062663,8,11,10,7,6
18062664,2,7,6,10,9
18062665,6,11,9,5,1
18062666,1,3,4,11,6
18062667,2,6,8,5,1
18062668,8,1,5,11,2
18062669,4,5,6,7,9
18062670,4,5,3,9,8
18062671,1,10,6,11,4
18062672,8,5,10,3,9
18062673,7,3,4,1,5
18062674,8,9,11,7,2
18062675,5,9,6,10,3
18062676,9,5,2,1,11
18062677,3,4,5,1,6
18062678,1,9,4,6,8
18062679,8,3,6,2,9
18062680,2,9,4,3,11
18062681,8,2,11,9,3
18062682,8,3,11,6,4
18062683,4,11,5,1,8
18062684,2,11,9,6,8
18062685,4,3,9,11,2
18062686,3,10,8,5,2
18062687,9,3,6,11,8
18062701,8,7,10,2,4
18062702,6,9,8,1,5
18062703,8,7,1,11,3
18062704,3,10,4,7,1
18062705,11,7,5,10,8
18062706,8,5,2,3,9
18062707,5,2,7,9,4
18062708,8,10,1,6,3
18062709,8,4,9,10,6
18062710,1,11,6,5,2
18062711,9,10,2,8,4
18062712,3,7,8,11,6
18062713,6,10,1,7,3
18062714,5,1,11,8,7
18062715,2,1,4,3,11
18062716,10,7,3,6,4
18062717,8,4,7,5,10
18062718,7,10,2,11,9
18062719,4,8,9,2,5
18062720,5,2,6,7,1
18062721,1,5,8,6,11
18062722,2,4,1,9,5
18062723,10,5,9,6,3
18062724,4,3,2,10,8
18062725,1,3,4,6,8
18062726,11,4,10,1,8
18062727,7,11,9,8,5
18062728,5,6,3,11,7
18062729,6,9,11,7,5
18062730,7,8,5,1,4
18062731,3,7,1,4,9
18062732,8,7,9,2,5
18062733,3,6,8,1,9
18062734,2,5,8,7,1
18062735,3,10,5,2,7
18062736,7,5,11,2,1
18062737,11,3,1,10,6
18062738,7,3,8,1,4
18062739,9,8,5,11,4
18062740,2,1,11,3,5
18062741,9,5,10,11,1
18062742,9,2,3,8,7
18062743,3,6,4,7,1
18062744,8,5,9,11,2
18062745,1,9,7,3,5
18062746,5,7,6,10,1
18062747,6,4,3,8,5
18062748,5,7,11,9,10
18062749,6,4,10,5,8
18062750,4,10,2,11,9
18062751,3,2,8,5,7
18062752,8,4,7,5,10
18062753,7,1,10,9,4
18062754,4,6,5,10,3
18062755,7,2,3,11,4
18062756,1,4,2,9,5
18062757,10,2,3,11,6
18062758,7,10,4,3,9
18062759,5,6,8,4,7
18062760,8,2,9,10,1
18062761,1,6,2,7,4
18062762,8,10,4,2,11
18062763,7,9,11,2,8
18062764,7,4,8,9,1
18062765,8,7,6,10,9
18062766,6,3,11,4,9
18062767,6,11,2,9,7
18062768,9,11,5,2,10
18062769,8,7,3,2,9
18062770,9,10,8,6,3
18062771,11,9,6,3,2
18062772,8,4,2,7,1
18062773,6,10,8,7,4
18062774,10,2,5,1,4
18062775,7,4,8,2,11
18062776,5,2,9,8,1
18062777,5,11,1,8,6
18062778,9,11,10,8,7
18062779,8,2,9,10,3
18062780,11,5,6,2,10
18062781,11,1,8,3,7
18062782,6,10,8,1,11
18062783,10,7,8,3,1
18062784,2,10,6,3,5
18062785,2,5,11,1,6
18062786,4,5,2,11,7
18062787,7,3,6,11,2
18062801,8,11,6,3,5
18062802,10,3,6,2,7
18062803,4,6,5,1,11
18062804,11,7,5,4,8
18062805,1,9,6,3,8
18062806,2,9,5,11,6
18062807,9,5,7,10,3
18062808,10,7,11,6,5
18062809,2,3,5,6,7
18062810,4,6,1,9,3
18062811,7,8,11,9,1
18062812,7,3,9,6,8
18062813,3,9,11,7,6
18062814,1,5,8,7,4
18062815,7,9,3,10,5
18062816,6,2,9,7,8
18062817,7,8,11,1,10
18062818,6,4,8,9,5
18062819,2,9,4,1,11
18062820,2,10,9,1,11
18062821,1,7,6,11,4
18062822,4,6,2,8,1
18062823,11,4,10,2,8
18062824,4,6,11,1,5
18062825,10,3,4,7,11
18062826,6,11,3,5,9
18062827,10,6,4,9,11
18062828,10,4,1,2,3
18062829,11,4,2,9,3
18062830,8,10,2,5,11
18062831,4,11,10,2,5
18062832,8,3,9,2,6
18062833,2,9,3,4,11
18062834,8,2,5,1,6
18062835,3,7,1,4,10
18062836,5,3,1,11,4
18062837,10,8,7,3,4
18062838,8,9,4,6,5
18062839,7,8,5,2,6
18062840,4,8,1,11,5
18062841,2,1,4,6,5
18062842,9,11,10,6,5
18062843,4,3,10,5,7
18062844,3,11,4,2,8
18062845,7,8,6,5,10
18062846,3,7,10,11,5
18062847,7,4,6,1,8
18062848,5,7,8,10,1
18062849,6,4,1,10,5
18062850,9,6,8,11,4
18062851,7,4,11,1,5
18062852,6,8,5,9,3
18062853,8,5,9,6,10
18062854,6,9,8,11,2
18062855,8,3,1,4,11
18062856,2,8,9,1,3
18062857,6,3,1,2,4
18062858,7,10,11,4,1
18062859,4,7,10,6,5
18062860,8,11,10,3,5
18062861,2,1,5,6,7
18062862,9,10,1,4,5
18062863,8,2,4,1,6
18062864,2,11,6,4,5
18062865,1,6,3,4,10
18062866,4,8,9,7,3
18062867,5,6,2,11,10
18062868,2,6,3,1,4
18062869,7,4,1,9,3
18062870,1,8,10,5,2
18062871,1,6,4,2,10
18062872,6,2,8,5,1
18062873,3,11,10,2,4
18062874,10,9,1,7,2
18062875,9,2,8,6,1
18062876,6,3,10,11,9
18062877,9,5,1,4,3
18062878,2,10,11,6,3
18062879,11,4,5,1,9
18062880,1,5,3,10,8
18062881,2,10,3,5,4
18062882,11,4,2,5,3
18062883,11,8,6,2,4
18062884,9,3,11,6,8
18062885,1,7,8,11,6
18062886,10,3,8,11,6
18062887,2,5,10,9,6
18062901,10,3,11,6,4
18062902,9,10,3,6,1
18062903,11,4,1,3,2
18062904,8,7,3,1,2
18062905,9,4,2,3,5
18062906,1,3,2,6,4
18062907,9,7,8,1,5
18062908,3,10,9,2,7
18062909,3,6,10,8,11
18062910,5,4,7,9,3
18062911,6,8,7,2,3
18062912,1,5,11,10,3
18062913,7,1,6,10,5
18062914,10,3,4,5,1
18062915,3,10,4,8,2
18062916,4,6,9,11,5
18062917,5,8,1,11,10
18062918,1,8,5,6,3
18062919,3,4,6,2,7
18062920,6,5,7,8,2
18062921,1,11,3,8,7
18062922,7,9,8,2,1
18062923,6,9,2,5,4
18062924,4,5,6,8,11
18062925,8,10,6,9,1
18062926,10,7,4,1,2
18062927,4,2,5,6,11
18062928,4,11,9,1,5
18062929,7,8,2,3,1
18062930,11,8,6,7,2
18062931,4,10,1,5,7
18062932,10,6,5,7,9
18062933,2,9,6,3,11
18062934,7,11,6,1,10
18062935,9,3,8,11,6
18062936,1,11,2,4,8
18062937,8,11,1,5,4
18062938,6,3,10,11,8
18062939,3,7,2,6,9
18062940,4,8,9,7,2
18062941,6,4,8,5,7
18062942,3,4,9,7,5
18062943,8,11,4,6,10
18062944,6,1,3,8,4
18062945,8,3,4,7,2
18062946,5,11,10,2,8
18062947,5,4,7,2,11
18062948,6,9,4,10,7
18062949,7,6,8,3,11
18062950,5,9,8,2,1
18062951,8,7,2,6,9
18062952,9,5,7,11,1
18062953,7,1,10,6,4
18062954,10,2,6,3,9
18062955,7,4,10,9,2
18062956,2,4,7,5,10
18062957,8,6,10,7,4
18062958,7,10,3,9,8
18062959,11,8,7,1,5
18062960,8,11,7,4,5
18062961,7,8,4,6,11
18062962,10,1,8,3,5
18062963,3,9,2,5,6
18062964,7,9,11,8,6
18062965,4,10,5,7,2
18062966,3,10,9,6,5
18062967,7,5,3,9,8
18062968,5,11,1,8,6
18062969,7,9,11,1,6
18062970,3,6,10,1,9
18062971,9,11,4,3,10
18062972,2,3,1,4,8
18062973,11,4,1,10,2
18062974,3,11,6,10,2
18062975,9,1,7,5,11
18062976,2,10,9,11,6
18062977,4,2,7,3,10
18062978,9,2,3,6,8
18062979,8,1,10,3,2
18062980,8,9,5,10,1
18062981,4,11,5,3,1
18062982,5,4,9,6,2
18062983,8,7,3,6,4
18062984,8,11,10,6,9
18062985,1,4,7,11,5
18062986,8,2,4,3,9
18062987,5,9,3,1,11
18063001,9,5,8,1,2
18063002,8,5,2,1,7
18063003,8,10,4,1,7
18063004,9,4,3,6,11
18063005,9,8,4,10,6
18063006,9,6,3,1,2
18063007,6,5,8,2,4
18063008,5,10,8,2,4
18063009,8,11,9,5,7
18063010,7,5,9,6,2
18063011,5,9,4,8,6
18063012,5,9,11,4,10
18063013,6,10,3,9,7
18063014,5,1,11,7,9
18063015,11,5,7,1,10
18063016,8,3,9,2,1
18063017,11,9,7,5,8
18063018,4,10,7,3,6
18063019,1,2,4,10,6
18063020,8,5,2,11,1
18063021,10,6,7,5,3
18063022,1,10,4,8,3
18063023,5,9,3,2,8
18063024,9,4,8,5,2
18063025,1,7,8,9,2
18063026,10,7,2,3,6
18063027,4,3,9,2,10
18063028,10,9,5,3,8
18063029,6,11,4,5,2
18063030,6,8,2,4,11
18063031,11,6,9,10,7
18063032,10,3,4,8,9
18063033,2,7,1,5,3
18063034,2,11,5,4,10
18063035,7,6,11,1,8
18063036,10,2,7,8,3
18063037,7,10,6,9,4
18063038,2,3,8,4,1
18063039,5,9,1,8,7
18063040,8,5,2,6,3
18063041,1,11,8,4,3
18063042,3,4,7,10,9
18063043,9,4,8,1,2
18063044,3,8,6,4,9
18063045,11,7,10,6,1
18063046,5,7,11,3,2
18063047,6,3,10,1,7
18063048,6,1,8,3,9
18063049,1,9,6,11,7
18063050,8,5,3,6,9
18063051,5,11,8,9,2
18063052,6,3,10,11,2
18063053,3,4,1,7,9
18063054,8,3,9,7,5
18063055,5,6,4,2,1
18063056,9,7,1,11,2
18063057,10,2,3,5,4
18063058,1,7,4,10,3
18063059,3,9,10,4,6
18063060,8,11,1,7,3
18063061,1,9,5,7,10
18063062,11,6,9,7,1
18063063,2,7,6,8,4
18063064,11,10,5,4,6
18063065,8,9,7,3,10
18063066,9,7,11,4,2
18063067,9,10,2,1,5
18063068,3,1,9,8,10
18063069,4,6,2,1,9
18063070,2,5,11,6,7
18063071,1,10,2,8,4
18063072,10,2,4,7,9
18063073,11,2,1,3,10
18063074,2,4,7,8,11
18063075,5,4,9,11,1
18063076,2,3,7,1,5
18063077,6,2,9,8,11
18063078,2,10,9,5,8
18063079,7,4,2,9,5
18063080,1,2,6,3,5
18063081,5,10,6,7,8
18063082,7,5,1,9,10
18063083,1,5,8,6,4
18063084,8,5,3,9,4
18063085,2,11,3,1,9
18063086,5,2,4,6,10
18063087,7,10,1,8,2
