18040101,3,11,6,1,5
18040102,5,4,11,7,8
18040103,7,9,1,10,8
18040104,11,8,10,5,4
18040105,3,7,5,8,2
18040106,4,7,11,1,8
18040107,11,8,1,10,6
18040108,5,2,9,6,4
18040109,4,9,1,6,11
18040110,2,4,8,9,6
18040111,4,1,7,6,10
18040112,2,1,7,3,4
18040113,7,3,9,6,10
18040114,1,6,10,3,7
18040115,5,8,2,9,11
18040116,1,2,9,11,10
18040117,11,4,7,9,6
18040118,10,9,2,8,4
18040119,3,1,10,8,9
18040120,11,3,9,8,10
18040121,6,3,5,7,10
18040122,3,1,10,8,5
18040123,4,6,3,9,2
18040124,6,10,5,9,1
18040125,5,11,7,8,1
18040126,4,3,8,10,9
18040127,6,11,7,10,5
18040128,3,10,5,11,4
18040129,10,1,5,4,6
18040130,6,7,9,2,10
18040131,11,9,3,10,6
18040132,7,6,10,5,8
18040133,2,6,1,5,4
18040134,9,4,10,3,7
18040135,9,7,3,10,5
18040136,1,9,7,11,5
18040137,2,3,10,4,6
18040138,5,9,11,2,8
18040139,10,6,11,3,5
18040140,8,11,1,3,10
18040141,5,11,3,7,4
18040142,11,3,7,8,4
18040143,6,8,2,10,7
18040144,4,3,9,7,1
18040145,2,4,1,11,8
18040146,11,6,9,4,8
18040147,10,1,8,2,11
18040148,7,9,6,10,2
18040149,9,6,10,5,11
18040150,9,7,2,6,5
18040151,11,10,5,6,3
18040152,2,4,3,1,11
18040153,8,6,3,7,11
18040154,1,8,6,10,3
18040155,9,10,3,7,11
18040156,3,2,11,7,4
18040157,9,4,3,11,7
18040158,6,8,10,7,9
18040159,7,10,2,5,11
18040160,8,5,1,7,10
18040161,1,5,10,2,4
18040162,6,4,3,10,1
18040163,5,4,7,6,2
18040164,10,1,3,9,11
18040165,1,2,6,8,10
18040166,7,9,1,6,2
18040167,3,9,7,6,8
18040168,5,9,10,6,8
18040169,1,9,6,11,2
18040170,7,9,1,6,2
18040171,9,1,4,7,10
18040172,1,10,6,9,2
18040173,11,1,6,2,10
18040174,8,7,4,9,5
18040175,11,8,9,1,10
18040176,10,4,3,1,6
18040177,7,3,10,11,4
18040178,11,3,6,5,4
18040179,3,10,9,7,1
18040180,11,9,8,10,3
18040181,2,4,6,9,8
18040182,8,2,9,4,10
18040183,6,5,4,7,2
18040184,6,11,2,1,10
18040185,1,2,10,5,4
18040186,1,3,4,9,6
18040187,3,7,9,2,11
18040201,6,2,9,10,4
18040202,6,9,7,1,10
18040203,11,2,5,1,3
18040204,3,4,5,2,9
18040205,7,4,3,2,5
18040206,10,9,3,6,7
18040207,8,3,4,1,10
18040208,9,5,10,11,2
18040209,10,8,6,2,5
18040210,6,5,2,9,11
18040211,11,3,9,5,6
18040212,3,4,5,10,2
18040213,10,5,3,1,9
18040214,3,10,6,7,9
18040215,6,5,3,1,2
18040216,9,7,11,3,10
18040217,11,2,3,8,9
18040218,7,5,4,11,3
18040219,8,10,7,4,2
18040220,6,2,3,4,10
18040221,1,10,11,9,8
18040222,9,4,8,5,1
18040223,9,5,4,8,1
18040224,2,7,6,11,9
18040225,1,9,2,8,6
18040226,11,2,4,5,3
18040227,1,11,8,9,10
18040228,11,3,1,9,10
18040229,5,1,9,2,7
18040230,2,10,4,7,5
18040231,8,5,2,3,7
18040232,11,6,8,5,4
18040233,7,9,4,6,5
18040234,4,8,5,10,3
18040235,1,6,3,8,11
18040236,2,7,1,9,4
18040237,10,2,7,5,3
18040238,9,6,8,5,10
18040239,2,5,8,4,10
18040240,6,11,8,7,5
18040241,6,4,8,3,9
18040242,8,10,3,4,7
18040243,9,3,1,11,10
18040244,5,8,6,7,3
18040245,4,6,2,8,9
18040246,1,7,4,5,11
18040247,4,9,5,2,1
18040248,4,5,2,3,8
18040249,10,7,9,5,2
18040250,9,5,8,10,2
18040251,3,7,10,6,5
18040252,4,6,10,11,9
18040253,9,7,1,2,11
18040254,4,2,1,9,5
18040255,5,9,4,11,7
18040256,10,5,2,11,4
18040257,6,4,2,5,3
18040258,3,1,4,8,10
18040259,6,8,1,2,3
18040260,1,6,4,10,5
18040261,10,8,5,2,3
18040262,9,11,1,4,2
18040263,7,8,3,6,9
18040264,11,2,1,8,4
18040265,9,5,6,7,11
18040266,4,6,11,1,9
18040267,3,11,6,1,10
18040268,5,7,8,4,6
18040269,9,8,1,5,11
18040270,9,2,4,1,8
18040271,3,7,5,8,4
18040272,11,6,7,8,2
18040273,9,1,4,11,5
18040274,4,8,7,9,10
18040275,6,9,10,7,3
18040276,7,3,10,5,11
18040277,6,5,1,7,10
18040278,11,3,10,9,4
18040279,10,7,3,2,4
18040280,8,2,3,1,9
18040281,10,11,5,8,6
18040282,3,4,11,1,8
18040283,1,5,8,4,3
18040284,8,9,7,11,6
18040285,4,5,11,10,2
18040286,9,2,4,5,3
18040287,7,3,11,2,9
18040301,4,2,1,9,11
18040302,11,8,4,7,9
18040303,10,3,11,8,1
18040304,7,4,1,2,6
18040305,2,11,8,9,5
18040306,10,9,1,5,2
18040307,10,2,5,8,11
18040308,4,10,7,9,8
18040309,9,5,7,2,1
18040310,6,2,9,7,4
18040311,9,7,11,8,3
18040312,8,1,4,3,11
18040313,10,5,2,1,6
18040314,9,2,7,4,8
18040315,6,7,2,3,5
18040316,9,5,1,10,3
18040317,3,9,4,5,6
18040318,5,7,3,2,1
18040319,4,5,6,10,2
18040320,1,2,10,4,8
18040321,6,11,10,5,7
18040322,10,4,11,3,8
18040323,1,6,10,3,11
18040324,8,4,1,11,9
18040325,1,7,10,8,6
18040326,6,8,10,9,5
18040327,7,6,1,2,11
18040328,7,3,4,6,8
18040329,1,2,5,4,3
18040330,8,5,1,10,2
18040331,3,2,8,10,1
18040332,7,2,4,8,6
18040333,4,10,9,6,1
18040334,3,6,1,11,10
18040335,5,8,7,10,1
18040336,1,10,8,3,11
18040337,1,7,10,11,9
18040338,5,4,6,2,11
18040339,10,6,1,5,7
18040340,9,11,4,1,3
18040341,1,11,9,3,7
18040342,3,11,10,1,5
18040343,5,11,4,7,9
18040344,3,5,1,6,9
18040345,9,3,10,1,4
18040346,6,10,3,4,7
18040347,4,1,3,2,9
18040348,4,8,11,6,2
18040349,9,5,1,4,10
18040350,1,8,10,5,4
18040351,10,6,7,4,5
18040352,10,8,3,4,5
18040353,1,9,10,2,8
18040354,6,3,5,8,1
18040355,9,1,11,2,5
18040356,9,3,10,5,4
18040357,5,3,4,6,9
18040358,4,3,11,9,5
18040359,6,9,3,10,4
18040360,2,7,5,10,9
18040361,11,1,3,6,5
18040362,7,2,5,3,11
18040363,11,1,7,2,8
18040364,1,3,10,6,4
18040365,5,9,11,4,7
18040366,5,9,11,6,2
18040367,9,2,10,4,1
18040368,10,6,3,9,2
18040369,4,2,5,1,9
18040370,9,11,3,1,7
18040371,7,1,10,6,3
18040372,11,3,8,2,10
18040373,9,2,5,10,11
18040374,3,11,4,6,8
18040375,10,8,5,6,11
18040376,2,9,4,3,6
18040377,7,5,3,2,9
18040378,11,10,5,1,6
18040379,3,2,6,8,5
18040380,3,4,6,2,10
18040381,5,6,8,10,9
18040382,10,1,2,3,11
18040383,11,1,8,5,9
18040384,10,9,7,5,8
18040385,8,1,11,9,6
18040386,9,5,8,6,7
18040387,10,3,6,4,8
18040401,6,7,11,4,8
18040402,6,11,8,3,5
18040403,5,6,11,7,4
18040404,7,8,6,3,1
18040405,8,6,1,5,2
18040406,3,1,9,2,5
18040407,2,10,4,8,7
18040408,10,9,4,8,11
18040409,10,5,11,4,6
18040410,10,1,11,4,2
18040411,6,8,2,7,1
18040412,7,4,2,5,6
18040413,1,5,10,9,3
18040414,9,1,3,2,8
18040415,2,4,1,11,3
18040416,9,4,10,2,5
18040417,7,2,8,5,4
18040418,10,3,4,2,5
18040419,4,1,6,10,11
18040420,1,10,5,11,7
18040421,4,10,2,3,1
18040422,5,7,3,9,4
18040423,2,9,11,3,8
18040424,2,6,10,5,1
18040425,9,3,7,5,2
18040426,4,3,8,7,1
18040427,1,9,2,6,10
18040428,1,9,7,6,11
18040429,10,8,4,2,6
18040430,2,10,8,1,11
18040431,3,1,2,7,8
18040432,4,7,5,8,2
18040433,6,2,8,10,7
18040434,6,1,7,3,5
18040435,4,9,10,5,3
18040436,11,10,1,2,8
18040437,9,1,4,6,5
18040438,9,7,1,4,2
18040439,7,6,9,2,3
18040440,5,2,6,8,7
18040441,3,5,10,11,9
18040442,6,2,8,7,3
18040443,7,8,5,6,10
18040444,5,7,8,9,4
18040445,9,2,6,10,3
18040446,2,9,4,8,10
18040447,5,9,10,7,3
18040448,7,2,6,10,1
18040449,1,4,11,10,3
18040450,7,10,11,8,2
18040451,11,4,8,9,5
18040452,7,11,10,9,2
18040453,1,3,7,9,4
18040454,1,5,7,10,9
18040455,3,9,2,1,6
18040456,10,3,4,8,7
18040457,1,4,10,9,11
18040458,1,4,8,10,3
18040459,3,8,1,9,4
18040460,11,6,4,10,7
18040461,7,2,6,4,5
18040462,9,4,1,3,2
18040463,11,6,9,5,7
18040464,11,6,10,3,8
18040465,3,9,5,10,11
18040466,11,6,9,3,5
18040467,10,2,7,3,4
18040468,9,10,7,8,2
18040469,6,2,11,8,5
18040470,11,4,8,3,9
18040471,1,8,2,6,3
18040472,7,3,4,9,1
18040473,8,4,9,5,1
18040474,9,4,2,1,10
18040475,10,8,5,6,9
18040476,4,1,10,3,7
18040477,5,4,7,2,3
18040478,6,2,3,1,11
18040479,2,6,3,4,7
18040480,3,1,5,6,9
18040481,4,6,9,3,1
18040482,7,9,5,1,8
18040483,4,8,7,6,11
18040484,11,6,4,5,10
18040485,10,3,8,1,6
18040486,2,11,1,5,8
18040487,2,6,4,1,3
18040501,9,2,5,10,6
18040502,5,1,10,11,7
18040503,4,7,1,5,9
18040504,4,11,2,1,7
18040505,5,9,7,6,4
18040506,9,2,10,7,1
18040507,9,4,10,11,3
18040508,1,9,7,11,6
18040509,5,1,2,11,7
18040510,8,4,9,3,5
18040511,1,10,3,11,7
18040512,11,9,5,7,10
18040513,7,10,1,2,9
18040514,4,11,3,2,8
18040515,11,3,10,4,9
18040516,9,2,4,10,3
18040517,5,9,10,3,8
18040518,4,9,10,5,6
18040519,8,6,10,7,2
18040520,8,3,1,5,10
18040521,6,3,2,7,1
18040522,11,10,3,4,1
18040523,9,10,5,1,3
18040524,11,3,1,10,8
18040525,4,8,9,10,1
18040526,7,4,3,1,10
18040527,8,11,10,2,1
18040528,7,6,1,5,4
18040529,5,7,3,9,1
18040530,8,1,9,3,10
18040531,11,4,10,9,5
18040532,5,11,2,6,3
18040533,9,7,6,5,10
18040534,6,1,5,8,4
18040535,6,9,1,11,5
18040536,3,8,11,5,10
18040537,2,10,11,3,1
18040538,5,1,11,3,8
18040539,11,4,1,5,2
18040540,9,10,5,3,4
18040541,4,5,11,3,8
18040542,10,3,4,2,1
18040543,4,6,8,7,10
18040544,9,10,5,7,6
18040545,2,4,11,6,7
18040546,2,4,10,6,3
18040547,2,4,1,11,9
18040548,6,4,7,1,5
18040549,6,2,8,4,7
18040550,2,11,4,7,9
18040551,10,7,9,8,5
18040552,10,6,9,7,2
18040553,10,3,6,8,1
18040554,5,8,4,9,3
18040555,1,8,7,9,6
18040556,9,1,10,8,4
18040557,9,4,8,1,5
18040558,3,1,9,8,10
18040559,2,5,6,10,11
18040560,8,11,6,3,1
18040561,1,9,8,6,11
18040562,7,9,4,11,3
18040563,1,6,11,10,2
18040564,7,11,9,8,6
18040565,4,9,11,6,1
18040566,1,9,11,10,4
18040567,7,9,6,1,4
18040568,11,9,7,4,5
18040569,8,6,7,3,1
18040570,5,11,3,10,2
18040571,10,4,5,6,11
18040572,11,9,10,1,6
18040573,9,7,2,3,11
18040574,9,8,6,1,5
18040575,3,2,7,10,1
18040576,7,4,1,6,2
18040577,6,8,4,11,9
18040578,1,7,2,3,8
18040579,6,5,2,3,7
18040580,3,6,8,9,5
18040581,9,5,1,6,10
18040582,2,9,11,1,3
18040583,7,6,11,9,2
18040584,7,6,8,5,2
18040585,5,2,9,4,10
18040586,6,4,3,5,10
18040587,6,3,4,7,11
18040601,5,9,11,8,2
18040602,8,2,5,9,4
18040603,6,8,9,4,10
18040604,10,2,1,11,3
18040605,7,4,1,11,10
18040606,5,9,6,7,8
18040607,1,3,6,2,11
18040608,8,1,9,5,3
18040609,6,1,11,7,5
18040610,9,7,4,3,5
18040611,9,4,1,6,5
18040612,10,8,3,5,11
18040613,5,7,6,1,3
18040614,4,8,10,3,11
18040615,8,9,4,11,3
18040616,2,7,6,5,1
18040617,6,5,11,3,8
18040618,8,9,6,7,1
18040619,5,1,8,3,11
18040620,10,5,2,7,4
18040621,10,8,6,5,1
18040622,9,10,7,11,3
18040623,11,3,1,5,6
18040624,5,1,11,4,2
18040625,8,9,6,3,1
18040626,2,1,6,10,7
18040627,5,1,6,3,2
18040628,3,11,6,9,7
18040629,11,3,10,4,5
18040630,3,5,2,8,9
18040631,4,11,6,9,7
18040632,5,7,6,11,9
18040633,3,6,11,7,4
18040634,10,3,7,1,11
18040635,11,9,5,8,10
18040636,10,11,3,7,2
18040637,9,2,1,11,5
18040638,2,9,7,5,10
18040639,10,4,5,9,2
18040640,8,3,7,6,4
18040641,11,3,10,5,1
18040642,9,5,6,8,4
18040643,7,6,4,9,11
18040644,11,10,9,8,4
18040645,6,5,2,4,9
18040646,4,7,9,2,1
18040647,4,6,7,3,10
18040648,10,7,4,3,1
18040649,2,10,8,3,1
18040650,5,3,7,2,8
18040651,5,6,10,9,7
18040652,6,3,11,7,4
18040653,4,1,5,9,11
18040654,6,4,11,5,10
18040655,8,3,5,6,2
18040656,6,8,4,3,10
18040657,4,5,2,1,7
18040658,11,1,10,6,8
18040659,6,9,5,2,1
18040660,11,5,1,2,9
18040661,6,2,5,8,1
18040662,3,5,7,8,11
18040663,6,9,5,3,7
18040664,7,2,11,10,4
18040665,11,8,7,10,2
18040666,11,1,10,2,3
18040667,1,7,6,10,4
18040668,1,4,5,7,10
18040669,5,2,8,11,10
18040670,11,2,9,4,6
18040671,7,3,11,8,5
18040672,6,3,1,11,5
18040673,11,5,10,9,2
18040674,7,1,3,2,11
18040675,8,6,1,9,5
18040676,6,10,4,2,1
18040677,3,10,11,5,8
18040678,5,3,7,11,10
18040679,5,7,1,8,9
18040680,1,10,5,8,3
18040681,6,2,8,11,1
18040682,9,7,2,8,3
18040683,3,2,10,1,7
18040684,5,3,9,1,7
18040685,7,10,11,1,5
18040686,5,7,6,4,11
18040687,8,4,2,7,11
18040701,9,6,3,5,4
18040702,8,2,11,10,3
18040703,2,11,8,3,10
18040704,2,6,1,10,8
18040705,1,8,10,4,11
18040706,1,4,7,2,6
18040707,11,3,1,10,5
18040708,3,10,4,5,1
18040709,1,10,4,6,2
18040710,10,5,7,2,4
18040711,9,6,5,4,11
18040712,2,10,9,1,7
18040713,11,10,7,6,4
18040714,6,5,7,8,10
18040715,4,6,11,8,7
18040716,4,5,11,6,10
18040717,10,7,2,5,3
18040718,9,3,5,7,2
18040719,4,11,6,2,1
18040720,2,4,10,5,6
18040721,6,10,2,7,8
18040722,1,11,10,8,4
18040723,9,6,7,3,5
18040724,5,6,7,8,9
18040725,11,1,7,2,3
18040726,8,5,4,3,9
18040727,7,4,2,1,3
18040728,11,4,8,2,1
18040729,10,2,3,5,6
18040730,11,4,1,9,8
18040731,6,11,9,7,2
18040732,5,8,11,4,2
18040733,8,6,7,4,2
18040734,5,10,7,1,2
18040735,7,4,11,8,1
18040736,11,7,3,9,2
18040737,8,1,2,7,10
18040738,9,10,4,1,5
18040739,9,3,4,6,8
18040740,5,9,4,1,6
18040741,2,8,4,7,6
18040742,1,3,5,4,7
18040743,9,7,10,8,5
18040744,3,11,6,10,8
18040745,7,6,10,1,8
18040746,9,4,8,6,10
18040747,9,10,1,2,5
18040748,3,5,4,2,11
18040749,2,3,5,6,1
18040750,6,5,10,9,7
18040751,8,4,2,11,5
18040752,9,5,2,3,11
18040753,3,10,1,4,7
18040754,11,7,1,2,4
18040755,11,6,10,2,4
18040756,3,8,9,1,6
18040757,8,4,2,9,5
18040758,8,10,4,3,11
18040759,9,11,1,3,5
18040760,4,3,9,7,10
18040761,11,3,6,5,10
18040762,8,10,3,5,7
18040763,10,4,2,7,5
18040764,4,8,7,6,1
18040765,5,7,3,1,10
18040766,5,7,10,11,9
18040767,10,1,11,7,4
18040768,11,3,5,4,7
18040769,1,11,2,3,8
18040770,10,3,9,7,8
18040771,11,9,8,4,5
18040772,2,6,10,7,3
18040773,6,7,11,3,4
18040774,11,3,10,7,1
18040775,2,6,9,11,10
18040776,10,5,9,6,1
18040777,7,6,11,5,2
18040778,6,1,10,4,5
18040779,1,7,8,5,11
18040780,8,11,2,3,5
18040781,10,6,8,11,4
18040782,9,7,3,2,11
18040783,8,2,6,11,3
18040784,7,8,4,10,1
18040785,5,2,7,11,9
18040786,4,3,11,6,1
18040787,8,10,9,6,3
18040801,8,3,9,11,4
18040802,9,8,5,6,1
18040803,1,6,4,3,9
18040804,5,11,9,1,8
18040805,10,6,3,7,11
18040806,1,10,8,5,11
18040807,9,7,4,1,5
18040808,11,9,6,7,3
18040809,8,9,5,4,6
18040810,7,10,11,1,3
18040811,11,10,7,4,8
18040812,9,10,6,3,2
18040813,7,1,4,8,9
18040814,3,9,10,2,8
18040815,9,4,5,3,10
18040816,10,11,4,8,1
18040817,7,10,6,4,1
18040818,9,7,5,11,6
18040819,2,8,3,4,9
18040820,2,3,1,4,7
18040821,8,10,5,6,1
18040822,3,1,5,4,7
18040823,6,8,3,5,9
18040824,1,7,5,3,4
18040825,10,3,8,9,6
18040826,7,11,6,5,1
18040827,6,4,3,2,9
18040828,3,5,7,8,1
18040829,4,6,1,10,3
18040830,4,5,7,3,10
18040831,9,11,6,1,8
18040832,3,8,5,6,10
18040833,4,10,11,5,8
18040834,1,5,6,9,2
18040835,1,6,3,5,10
18040836,10,8,1,6,3
18040837,5,10,11,7,1
18040838,11,8,5,7,3
18040839,9,2,11,5,8
18040840,3,6,2,11,1
18040841,9,5,11,6,10
18040842,3,2,10,7,11
18040843,1,11,9,5,2
18040844,10,4,9,3,1
18040845,3,11,1,9,8
18040846,8,11,3,7,5
18040847,3,4,6,5,7
18040848,11,1,4,8,3
18040849,11,7,8,4,6
18040850,9,1,11,2,4
18040851,4,2,7,8,6
18040852,10,7,4,3,11
18040853,9,6,7,4,5
18040854,3,11,9,5,10
18040855,1,2,6,7,5
18040856,11,5,2,9,6
18040857,3,1,4,6,2
18040858,7,2,4,9,6
18040859,1,7,9,11,4
18040860,2,9,7,4,1
18040861,5,4,1,11,7
18040862,5,2,11,10,3
18040863,11,6,7,9,8
18040864,4,11,7,6,9
18040865,9,3,1,10,6
18040866,3,11,6,2,1
18040867,11,8,10,3,1
18040868,2,7,4,5,1
18040869,4,11,10,5,9
18040870,8,4,10,7,2
18040871,6,9,4,2,11
18040872,10,2,1,7,4
18040873,3,7,8,6,1
18040874,6,9,4,8,1
18040875,6,7,4,5,1
18040876,8,3,6,2,9
18040877,10,4,11,6,7
18040878,1,3,2,10,5
18040879,8,4,3,9,10
18040880,9,4,11,10,6
18040881,7,9,2,3,4
18040882,11,8,10,4,6
18040883,5,6,8,10,9
18040884,10,6,11,7,4
18040885,8,1,11,6,7
18040886,7,1,11,3,5
18040887,7,5,3,10,6
18040901,9,11,10,4,7
18040902,10,1,3,11,4
18040903,10,9,11,8,5
18040904,8,3,6,10,1
18040905,4,9,2,3,7
18040906,10,3,6,4,7
18040907,9,2,11,4,5
18040908,11,5,1,7,4
18040909,9,5,10,7,2
18040910,11,7,1,5,2
18040911,1,2,4,3,10
18040912,5,1,3,7,2
18040913,9,7,2,4,6
18040914,10,6,1,9,4
18040915,11,10,8,5,3
18040916,6,9,1,7,2
18040917,9,2,3,6,10
18040918,9,3,5,6,10
18040919,5,4,1,10,7
18040920,8,3,7,11,9
18040921,4,2,9,11,6
18040922,6,7,5,4,3
18040923,7,2,5,11,8
18040924,2,11,7,10,5
18040925,3,7,9,1,2
18040926,8,11,2,1,6
18040927,11,6,10,8,2
18040928,9,6,8,10,4
18040929,4,8,9,5,6
18040930,8,1,5,9,11
18040931,6,5,7,2,1
18040932,3,4,8,7,2
18040933,4,2,11,10,6
18040934,2,4,3,10,11
18040935,3,10,1,4,6
18040936,3,6,8,1,4
18040937,6,9,11,4,2
18040938,6,10,8,3,4
18040939,1,10,9,7,2
18040940,9,8,10,1,3
18040941,9,10,8,3,6
18040942,9,2,4,5,10
18040943,10,2,7,6,4
18040944,11,4,2,5,6
18040945,3,11,6,2,7
18040946,6,2,5,9,7
18040947,4,10,1,11,7
18040948,9,10,3,11,4
18040949,9,6,3,7,11
18040950,5,11,4,6,3
18040951,5,6,8,9,4
18040952,4,9,2,5,10
18040953,6,4,7,3,9
18040954,10,9,4,5,7
18040955,1,5,7,3,2
18040956,11,5,6,8,1
18040957,3,11,2,5,7
18040958,5,10,2,11,4
18040959,11,1,8,7,9
18040960,3,1,9,7,2
18040961,4,8,7,11,6
18040962,6,10,7,9,1
18040963,6,8,5,7,3
18040964,11,4,3,9,8
18040965,6,10,5,1,8
18040966,7,10,8,9,1
18040967,8,7,5,10,3
18040968,1,4,9,11,8
18040969,4,2,7,1,11
18040970,5,4,8,10,3
18040971,11,5,8,3,4
18040972,3,1,10,2,4
18040973,2,5,3,1,6
18040974,4,9,5,3,11
18040975,7,4,6,9,11
18040976,6,5,3,2,7
18040977,7,11,5,8,4
18040978,3,6,5,2,4
18040979,2,9,7,4,1
18040980,1,2,7,10,11
18040981,4,11,10,7,1
18040982,4,11,3,2,7
18040983,3,8,6,7,1
18040984,9,4,8,2,10
18040985,11,6,8,3,5
18040986,1,4,9,3,6
18040987,4,3,7,10,9
18041001,6,9,1,3,8
18041002,4,3,5,7,8
18041003,4,6,8,9,3
18041004,3,5,2,8,1
18041005,5,3,2,11,9
18041006,7,6,4,9,8
18041007,2,1,5,9,7
18041008,2,7,10,6,11
18041009,7,3,4,5,6
18041010,4,7,2,1,9
18041011,11,4,9,1,6
18041012,6,8,11,4,7
18041013,4,7,1,10,6
18041014,6,5,1,7,9
18041015,7,8,10,5,6
18041016,11,7,4,9,5
18041017,6,4,1,11,2
18041018,4,9,11,8,6
18041019,9,3,6,2,7
18041020,11,8,5,6,2
18041021,11,8,9,7,5
18041022,8,2,9,10,4
18041023,2,9,3,10,7
18041024,6,11,5,4,9
18041025,3,1,5,11,8
18041026,10,5,3,1,6
18041027,10,5,9,4,1
18041028,11,6,10,5,4
18041029,7,1,4,6,5
18041030,2,7,11,9,10
18041031,1,3,5,2,7
18041032,1,8,10,5,2
18041033,5,1,9,6,2
18041034,9,11,6,8,2
18041035,6,1,5,4,7
18041036,11,4,5,8,1
18041037,8,10,9,11,1
18041038,6,5,1,11,4
18041039,3,6,4,11,8
18041040,6,5,11,1,3
18041041,4,2,11,5,3
18041042,7,2,11,1,5
18041043,11,1,8,5,4
18041044,3,1,6,4,8
18041045,6,7,1,11,8
18041046,4,10,6,5,2
18041047,9,7,8,11,5
18041048,11,8,5,1,9
18041049,5,4,1,9,10
18041050,5,2,3,11,4
18041051,4,2,7,3,5
18041052,6,5,10,9,1
18041053,3,11,5,4,7
18041054,2,4,8,5,10
18041055,9,11,4,2,7
18041056,10,3,6,5,2
18041057,2,5,6,3,10
18041058,8,7,9,5,3
18041059,9,8,10,11,7
18041060,6,11,1,4,5
18041061,1,4,5,8,9
18041062,8,6,9,4,7
18041063,8,1,6,3,2
18041064,9,10,8,3,11
18041065,3,2,4,5,8
18041066,2,11,10,9,3
18041067,10,9,5,11,3
18041068,6,9,7,3,5
18041069,3,2,7,1,9
18041070,4,3,2,1,9
18041071,8,7,2,4,10
18041072,3,11,8,4,6
18041073,3,9,4,8,7
18041074,6,3,8,5,2
18041075,7,8,11,6,4
18041076,10,6,1,7,5
18041077,4,7,8,1,5
18041078,8,7,1,6,4
18041079,4,3,1,11,8
18041080,3,9,1,5,2
18041081,4,8,5,9,10
18041082,1,4,5,3,8
18041083,11,7,5,6,1
18041084,2,3,9,1,4
18041085,6,8,7,10,11
18041086,2,9,7,8,4
18041087,1,8,2,9,5
18041101,2,9,3,4,5
18041102,11,6,10,7,8
18041103,8,9,4,11,3
18041104,10,9,11,6,1
18041105,1,5,6,4,2
18041106,10,7,5,6,4
18041107,2,1,5,11,10
18041108,7,3,1,2,11
18041109,11,3,7,1,10
18041110,9,11,3,10,8
18041111,5,10,2,4,3
18041112,5,2,7,6,8
18041113,7,3,6,9,11
18041114,11,7,4,5,8
18041115,8,6,7,11,4
18041116,6,3,8,2,5
18041117,8,3,9,10,11
18041118,5,11,1,10,4
18041119,3,2,6,10,11
18041120,6,3,7,9,1
18041121,4,1,7,2,9
18041122,11,5,1,4,9
18041123,6,9,4,8,10
18041124,10,6,2,11,9
18041125,4,1,3,6,11
18041126,7,2,3,1,5
18041127,6,5,10,9,8
18041128,10,9,8,1,11
18041129,6,8,9,7,1
18041130,7,2,6,4,8
18041131,10,1,3,6,4
18041132,5,6,10,11,8
18041133,6,8,10,1,11
18041134,6,10,4,2,9
18041135,3,1,9,5,6
18041136,3,9,11,4,6
18041137,8,5,2,10,4
18041138,7,9,10,1,6
18041139,8,6,4,11,1
18041140,7,9,1,10,6
18041141,6,4,5,3,7
18041142,7,8,5,3,4
18041143,5,10,9,3,6
18041144,2,1,7,5,9
18041145,6,4,1,10,5
18041146,5,4,6,1,7
18041147,10,5,8,3,2
18041148,5,9,11,10,4
18041149,11,2,4,9,10
18041150,4,10,1,9,11
18041151,9,6,8,5,11
18041152,4,10,7,2,3
18041153,11,3,4,7,5
18041154,8,7,2,11,6
18041155,6,5,3,8,10
18041156,5,3,10,1,7
18041157,4,11,10,3,2
18041158,7,10,9,3,11
18041159,11,8,1,6,2
18041160,6,7,10,3,2
18041161,2,9,7,6,11
18041162,8,11,7,4,9
18041163,6,7,10,5,8
18041164,11,3,9,8,5
18041165,7,10,4,6,3
18041166,4,9,7,3,1
18041167,8,10,9,1,6
18041168,3,2,7,5,8
18041169,5,9,10,8,11
18041170,10,11,9,6,4
18041171,6,10,9,2,3
18041172,6,9,7,11,4
18041173,6,9,7,8,1
18041174,9,11,5,8,2
18041175,7,1,4,3,10
18041176,6,1,9,7,11
18041177,3,8,4,7,2
18041178,7,6,4,2,9
18041179,2,5,10,6,9
18041180,10,8,6,1,2
18041181,8,1,5,9,3
18041182,7,3,9,5,11
18041183,4,3,2,6,5
18041184,11,8,2,7,4
18041185,7,6,11,2,8
18041186,11,10,7,4,1
18041187,3,11,2,6,1
18041201,9,7,6,10,5
18041202,11,3,6,4,5
18041203,5,2,6,10,1
18041204,11,8,7,5,6
18041205,11,8,2,5,3
18041206,6,4,5,3,10
18041207,7,11,6,4,2
18041208,5,7,2,11,9
18041209,8,10,6,11,2
18041210,1,7,8,5,9
18041211,1,2,5,8,3
18041212,8,10,6,1,5
18041213,6,4,3,10,11
18041214,9,5,1,8,2
18041215,5,1,2,4,3
18041216,2,10,5,4,3
18041217,5,10,1,9,6
18041218,1,8,7,4,6
18041219,4,2,10,11,5
18041220,8,4,1,10,11
18041221,10,11,5,2,6
18041222,9,5,10,11,7
18041223,10,2,4,6,9
18041224,7,8,4,1,3
18041225,9,2,3,11,10
18041226,7,6,9,8,10
18041227,11,5,6,8,4
18041228,7,10,2,9,3
18041229,5,4,9,8,6
18041230,1,4,2,6,5
18041231,9,2,3,1,6
18041232,2,7,11,6,9
18041233,6,5,10,2,7
18041234,10,11,8,2,9
18041235,11,3,4,10,5
18041236,8,9,3,1,11
18041237,3,2,5,9,8
18041238,1,6,11,10,2
18041239,7,3,11,5,10
18041240,9,5,10,3,1
18041241,11,10,4,7,8
18041242,6,1,4,3,5
18041243,3,10,9,11,1
18041244,7,5,9,6,3
18041245,8,3,10,9,5
18041246,7,3,1,10,2
18041247,9,1,3,2,7
18041248,5,1,6,10,8
18041249,2,9,7,6,4
18041250,9,1,10,6,11
18041251,7,11,2,8,3
18041252,10,8,4,3,5
18041253,11,4,8,6,9
18041254,3,6,9,2,8
18041255,6,5,8,9,3
18041256,1,8,9,11,6
18041257,9,3,6,5,7
18041258,2,1,8,11,9
18041259,7,10,1,2,3
18041260,8,2,11,7,4
18041261,3,10,8,4,11
18041262,1,10,4,5,11
18041263,9,7,2,8,11
18041264,3,6,8,5,10
18041265,6,11,7,4,10
18041266,7,11,6,10,5
18041267,5,10,1,11,9
18041268,6,2,5,1,4
18041269,5,10,4,9,1
18041270,4,8,3,6,7
18041271,9,5,11,6,10
18041272,1,4,5,7,2
18041273,8,5,10,1,3
18041274,8,6,3,10,1
18041275,11,9,1,8,6
18041276,2,8,11,9,7
18041277,4,10,1,3,2
18041278,5,1,3,10,9
18041279,8,4,7,9,2
18041280,3,11,10,6,2
18041281,6,7,8,4,1
18041282,8,2,6,4,7
18041283,2,9,8,10,4
18041284,4,1,5,9,2
18041285,11,1,4,2,10
18041286,1,2,3,5,11
18041287,4,10,1,5,2
18041301,1,3,10,11,8
18041302,1,4,10,11,8
18041303,11,3,1,10,9
18041304,11,4,1,3,10
18041305,8,2,3,6,11
18041306,9,1,10,4,8
18041307,4,5,3,10,6
18041308,11,10,5,1,8
18041309,11,9,2,10,5
18041310,3,6,7,9,2
18041311,11,10,7,6,3
18041312,6,7,8,3,5
18041313,7,8,3,4,9
18041314,10,4,2,8,5
18041315,3,2,8,11,10
18041316,7,2,11,9,4
18041317,2,6,10,9,11
18041318,8,11,3,4,2
18041319,8,10,6,2,4
18041320,1,6,11,2,3
18041321,7,2,9,4,8
18041322,1,10,2,7,11
18041323,4,6,5,9,1
18041324,11,7,8,5,1
18041325,6,10,2,7,3
18041326,3,6,8,11,9
18041327,4,9,2,10,3
18041328,1,4,5,10,8
18041329,6,3,10,7,8
18041330,2,8,4,11,10
18041331,4,3,5,7,9
18041332,9,1,2,3,6
18041333,8,9,7,1,6
18041334,9,8,1,7,2
18041335,1,11,5,4,3
18041336,11,8,7,6,1
18041337,1,3,9,2,7
18041338,8,7,1,3,2
18041339,9,6,7,4,3
18041340,6,7,10,11,4
18041341,11,7,1,6,4
18041342,9,3,6,11,1
18041343,5,11,4,6,2
18041344,2,11,3,10,8
18041345,10,1,4,5,11
18041346,11,2,4,6,7
18041347,8,2,1,9,5
18041348,11,9,7,6,2
18041349,6,9,10,5,7
18041350,3,8,11,7,4
18041351,6,7,4,2,5
18041352,1,3,8,7,11
18041353,10,6,9,7,3
18041354,4,7,9,6,5
18041355,5,3,10,9,11
18041356,5,7,3,2,6
18041357,3,7,9,11,8
18041358,5,8,11,4,2
18041359,3,10,4,11,9
18041360,5,11,3,8,1
18041361,3,4,8,2,1
18041362,9,11,3,6,5
18041363,1,10,3,2,11
18041364,4,7,2,10,5
18041365,3,5,6,4,7
18041366,2,4,10,11,9
18041367,10,1,9,7,11
18041368,6,2,1,8,5
18041369,7,2,8,6,10
18041370,10,7,3,1,11
18041371,7,4,10,9,11
18041372,10,2,6,5,8
18041373,7,3,9,1,4
18041374,6,10,11,8,3
18041375,1,11,8,10,6
18041376,5,9,3,6,11
18041377,11,7,10,2,9
18041378,5,1,4,8,9
18041379,10,3,7,5,8
18041380,8,5,2,11,10
18041381,4,6,5,8,1
18041382,3,10,7,5,2
18041383,10,2,5,7,6
18041384,6,11,2,5,4
18041385,6,10,1,3,9
18041386,5,11,7,9,6
18041387,4,8,3,10,11
18041401,11,4,8,6,5
18041402,5,1,9,4,3
18041403,3,10,4,1,2
18041404,2,8,3,9,10
18041405,7,10,3,2,5
18041406,7,1,4,2,10
18041407,10,3,6,1,11
18041408,4,6,7,3,8
18041409,7,9,4,5,1
18041410,7,10,3,9,5
18041411,11,1,5,8,3
18041412,8,9,5,11,4
18041413,8,6,7,3,11
18041414,11,3,10,1,5
18041415,3,5,1,8,11
18041416,7,6,8,10,1
18041417,7,6,11,3,5
18041418,3,11,10,7,4
18041419,7,2,4,3,6
18041420,5,1,11,7,6
18041421,9,11,7,8,6
18041422,10,3,4,9,8
18041423,10,6,3,5,1
18041424,3,6,2,4,8
18041425,2,3,8,6,9
18041426,3,1,9,7,10
18041427,4,5,1,7,6
18041428,10,5,6,9,11
18041429,9,10,4,3,1
18041430,11,5,9,1,8
18041431,10,8,11,1,6
18041432,2,11,7,3,9
18041433,3,10,6,9,2
18041434,1,6,9,7,3
18041435,8,10,1,4,3
18041436,2,5,9,3,8
18041437,11,6,1,7,2
18041438,9,7,5,8,2
18041439,3,9,1,7,6
18041440,11,1,6,4,8
18041441,4,11,6,3,5
18041442,10,1,5,11,2
18041443,2,7,1,9,4
18041444,9,6,7,8,10
18041445,6,7,3,11,10
18041446,11,10,7,5,3
18041447,1,2,10,8,11
18041448,6,3,2,8,4
18041449,11,7,5,4,1
18041450,10,4,8,9,7
18041451,9,4,10,3,5
18041452,7,9,4,3,10
18041453,9,3,4,7,2
18041454,3,1,10,9,11
18041455,1,5,9,2,7
18041456,5,8,11,7,6
18041457,10,5,8,9,11
18041458,1,9,4,2,3
18041459,9,1,4,10,11
18041460,10,8,11,1,2
18041461,7,8,11,3,10
18041462,6,7,11,8,1
18041463,3,7,11,5,9
18041464,5,4,7,1,9
18041465,10,2,6,9,3
18041466,5,11,6,3,9
18041467,2,4,5,9,7
18041468,1,9,10,5,11
18041469,4,6,8,3,7
18041470,1,11,2,8,6
18041471,6,8,9,1,4
18041472,10,8,3,11,6
18041473,9,7,8,1,4
18041474,8,6,3,1,4
18041475,4,5,10,8,7
18041476,7,9,10,3,2
18041477,5,4,9,7,8
18041478,10,6,5,3,8
18041479,3,6,4,10,8
18041480,10,5,8,7,3
18041481,4,5,10,2,8
18041482,7,1,9,10,11
18041483,2,6,4,1,5
18041484,3,10,2,5,11
18041485,2,5,11,7,3
18041486,5,6,11,9,1
18041487,5,11,6,7,10
18041501,7,6,2,10,11
18041502,1,9,2,5,3
18041503,9,4,3,5,11
18041504,6,5,7,11,1
18041505,8,5,4,7,9
18041506,8,1,10,7,11
18041507,3,11,8,10,6
18041508,10,11,1,3,9
18041509,7,8,10,6,4
18041510,10,4,1,2,8
18041511,4,9,5,8,2
18041512,10,8,11,1,7
18041513,2,10,6,11,5
18041514,6,7,5,10,1
18041515,3,11,1,2,4
18041516,1,10,7,2,3
18041517,8,9,6,1,10
18041518,4,9,8,6,2
18041519,11,10,2,6,1
18041520,8,7,11,3,5
18041521,2,1,7,3,4
18041522,7,2,11,1,8
18041523,3,5,10,4,1
18041524,6,3,11,9,1
18041525,3,10,4,5,6
18041526,9,7,5,3,1
18041527,5,7,6,11,8
18041528,9,3,7,8,6
18041529,11,7,2,4,1
18041530,6,9,11,3,5
18041531,5,1,8,2,11
18041532,10,7,5,4,2
18041533,1,3,5,7,8
18041534,5,8,11,10,1
18041535,4,3,9,10,6
18041536,3,8,6,11,5
18041537,4,3,1,8,6
18041538,11,1,7,4,10
18041539,9,5,11,10,4
18041540,1,11,9,8,7
18041541,11,4,5,6,3
18041542,10,1,9,6,7
18041543,10,5,7,8,3
18041544,5,2,9,11,10
18041545,7,10,4,9,8
18041546,5,6,9,8,7
18041547,11,1,6,4,9
18041548,9,4,11,2,8
18041549,10,6,4,7,8
18041550,7,5,4,3,9
18041551,10,8,4,2,9
18041552,8,10,4,11,5
18041553,11,9,7,5,4
18041554,7,11,6,2,4
18041555,2,3,11,8,1
18041556,7,11,8,4,9
18041557,7,3,10,9,2
18041558,10,1,4,2,6
18041559,4,11,8,5,7
18041560,6,1,10,2,7
18041561,10,9,8,6,5
18041562,11,7,4,10,3
18041563,10,11,1,2,5
18041564,2,7,4,1,8
18041565,5,7,6,1,8
18041566,5,10,4,11,6
18041567,8,3,6,2,9
18041568,2,1,4,7,6
18041569,6,5,8,7,11
18041570,11,1,6,8,10
18041571,8,6,7,9,4
18041572,8,4,7,3,9
18041573,7,2,10,3,1
18041574,1,6,5,2,8
18041575,2,4,3,1,9
18041576,5,9,6,2,7
18041577,1,3,4,10,7
18041578,2,8,6,4,1
18041579,1,10,3,8,2
18041580,10,11,4,5,9
18041581,11,6,9,4,8
18041582,11,3,2,5,6
18041583,11,3,7,2,1
18041584,3,4,1,2,11
18041585,1,9,8,4,10
18041586,7,2,5,10,11
18041587,5,7,11,2,3
18041601,4,11,9,8,2
18041602,10,4,11,1,6
18041603,3,4,2,6,9
18041604,6,11,9,8,1
18041605,6,8,3,2,7
18041606,4,10,7,8,5
18041607,11,3,1,6,4
18041608,6,1,9,4,2
18041609,5,1,6,8,4
18041610,6,8,5,11,4
18041611,1,3,2,11,5
18041612,10,11,8,1,7
18041613,9,3,11,7,4
18041614,4,9,6,11,3
18041615,6,3,11,4,2
18041616,2,7,9,1,6
18041617,4,7,1,11,5
18041618,5,4,8,3,1
18041619,6,8,11,10,5
18041620,5,7,11,6,9
18041621,11,1,9,8,4
18041622,8,5,7,4,2
18041623,1,6,10,3,7
18041624,1,7,8,6,10
18041625,8,7,10,9,5
18041626,4,1,6,9,5
18041627,7,8,4,5,10
18041628,6,2,5,11,1
18041629,7,2,6,1,11
18041630,9,6,4,11,7
18041631,7,8,11,6,1
18041632,1,2,8,5,4
18041633,1,8,2,7,9
18041634,9,5,3,1,11
18041635,4,1,2,10,9
18041636,8,9,4,10,6
18041637,5,10,11,6,3
18041638,1,6,9,10,8
18041639,2,9,3,10,8
18041640,9,2,10,6,5
18041641,8,10,11,6,1
18041642,2,6,11,5,8
18041643,1,4,2,8,10
18041644,9,6,10,7,8
18041645,3,8,5,11,4
18041646,4,7,2,11,9
18041647,4,9,2,6,1
18041648,2,11,9,10,1
18041649,6,9,7,11,2
18041650,9,10,6,2,1
18041651,10,4,11,5,2
18041652,9,11,1,5,8
18041653,3,10,6,5,8
18041654,6,7,11,4,1
18041655,7,3,1,2,9
18041656,3,7,2,10,9
18041657,2,5,10,7,11
18041658,9,4,3,5,2
18041659,8,5,3,6,9
18041660,9,4,7,3,2
18041661,1,4,9,10,11
18041662,9,8,11,3,10
18041663,5,3,4,8,6
18041664,11,8,5,2,4
18041665,10,1,4,6,3
18041666,11,4,3,8,9
18041667,6,7,1,2,4
18041668,5,10,4,6,3
18041669,8,11,3,5,2
18041670,4,6,7,5,9
18041671,1,3,7,6,11
18041672,4,2,6,11,3
18041673,5,1,8,4,11
18041674,11,6,2,9,3
18041675,6,1,7,8,10
18041676,6,5,9,11,4
18041677,7,5,11,1,3
18041678,10,7,3,2,8
18041679,3,5,1,8,7
18041680,11,4,9,6,10
18041681,11,3,9,4,2
18041682,9,2,6,5,11
18041683,7,1,3,6,8
18041684,10,7,5,6,1
18041685,2,8,6,7,3
18041686,2,11,10,5,4
18041687,3,9,7,6,4
18041701,6,9,4,1,2
18041702,9,8,7,6,11
18041703,8,5,7,9,6
18041704,1,5,3,11,7
18041705,7,9,11,1,4
18041706,6,8,7,1,4
18041707,2,6,4,1,5
18041708,3,6,5,1,9
18041709,11,2,3,6,4
18041710,2,1,6,5,3
18041711,3,8,1,2,7
18041712,1,11,9,2,3
18041713,8,5,6,10,2
18041714,10,3,11,6,1
18041715,7,6,9,2,4
18041716,1,7,11,8,3
18041717,11,8,10,4,1
18041718,4,7,5,11,3
18041719,7,6,5,4,10
18041720,7,6,10,5,1
18041721,10,6,2,3,7
18041722,8,4,9,2,6
18041723,8,11,4,10,9
18041724,4,3,9,1,7
18041725,1,4,8,2,11
18041726,3,7,5,11,10
18041727,9,5,2,10,1
18041728,5,1,11,6,4
18041729,5,2,1,6,9
18041730,6,10,1,4,11
18041731,1,6,7,9,5
18041732,7,3,8,1,9
18041733,6,1,3,7,10
18041734,9,1,3,10,11
18041735,10,2,5,6,7
18041736,2,4,1,5,7
18041737,1,4,8,2,11
18041738,1,4,5,11,2
18041739,3,7,2,4,1
18041740,5,9,1,2,7
18041741,6,11,8,4,7
18041742,9,2,10,8,6
18041743,3,1,10,4,9
18041744,8,9,3,5,7
18041745,2,9,6,10,7
18041746,2,7,8,11,3
18041747,3,2,9,1,4
18041748,11,2,1,3,6
18041749,11,7,8,6,4
18041750,11,7,4,3,2
18041751,9,3,11,2,8
18041752,1,3,7,4,11
18041753,4,1,11,8,7
18041754,6,10,11,4,8
18041755,2,8,5,10,6
18041756,2,9,10,11,1
18041757,10,9,11,4,5
18041758,10,6,9,5,3
18041759,2,3,4,10,11
18041760,7,6,2,8,5
18041761,4,6,7,1,11
18041762,8,11,4,5,7
18041763,11,5,2,4,3
18041764,11,4,9,2,3
18041765,4,3,8,1,7
18041766,3,7,11,8,4
18041767,11,1,5,2,4
18041768,2,10,1,5,11
18041769,10,3,8,9,4
18041770,5,9,11,10,2
18041771,9,10,6,2,8
18041772,10,11,8,6,5
18041773,2,3,11,6,9
18041774,5,11,10,4,6
18041775,9,5,6,7,10
18041776,4,11,10,2,9
18041777,8,6,7,4,2
18041778,5,11,6,7,8
18041779,11,6,10,3,9
18041780,3,6,4,8,2
18041781,3,4,9,10,7
18041782,10,1,8,3,7
18041783,3,6,2,1,8
18041784,11,1,7,8,6
18041785,4,6,1,3,8
18041786,10,9,7,5,4
18041787,1,10,6,5,9
18041801,10,5,11,4,7
18041802,2,5,1,6,8
18041803,7,11,1,10,5
18041804,3,6,2,11,4
18041805,7,8,5,10,11
18041806,11,3,9,4,5
18041807,11,3,8,1,5
18041808,5,6,10,2,9
18041809,3,4,2,10,8
18041810,11,5,10,9,6
18041811,2,3,4,10,1
18041812,7,6,1,10,8
18041813,3,1,11,2,10
18041814,4,10,1,11,7
18041815,6,11,4,8,3
18041816,5,10,8,7,1
18041817,8,9,10,1,5
18041818,8,2,9,1,7
18041819,4,9,10,11,2
18041820,8,6,3,4,1
18041821,11,5,3,8,7
18041822,10,2,9,11,5
18041823,7,11,1,4,6
18041824,6,8,7,9,3
18041825,4,2,7,5,11
18041826,11,8,9,3,7
18041827,7,2,5,9,10
18041828,10,8,11,3,5
18041829,9,11,8,10,7
18041830,5,7,11,10,2
18041831,9,5,3,7,8
18041832,11,5,1,6,8
18041833,6,10,3,1,4
18041834,1,10,6,11,2
18041835,2,3,7,4,10
18041836,8,7,4,11,1
18041837,9,8,7,10,5
18041838,5,9,10,8,2
18041839,8,9,6,2,7
18041840,6,5,1,10,4
18041841,7,2,3,9,1
18041842,7,1,8,9,2
18041843,10,2,5,8,9
18041844,4,9,8,6,1
18041845,8,6,11,1,10
18041846,11,4,10,9,2
18041847,6,7,11,4,10
18041848,8,2,3,6,7
18041849,1,6,10,11,8
18041850,3,2,8,11,9
18041851,7,11,3,4,2
18041852,4,10,11,1,9
18041853,4,8,7,5,2
18041854,1,6,5,9,11
18041855,5,1,4,7,10
18041856,4,5,8,1,11
18041857,8,3,4,1,5
18041858,5,4,6,10,1
18041859,9,2,11,3,4
18041860,4,10,5,8,9
18041861,6,7,11,8,9
18041862,7,10,8,2,3
18041863,7,10,4,5,8
18041864,3,8,1,2,9
18041865,7,4,5,3,6
18041866,3,7,5,2,8
18041867,7,3,6,5,9
18041868,1,8,10,11,3
18041869,5,8,11,10,9
18041870,6,2,8,9,11
18041871,4,10,9,8,5
18041872,9,1,6,10,11
18041873,1,7,11,10,4
18041874,6,2,11,8,5
18041875,9,10,4,3,7
18041876,3,8,11,9,10
18041877,6,1,4,5,8
18041878,4,11,9,7,5
18041879,1,10,7,3,11
18041880,2,3,4,10,8
18041881,5,8,2,7,6
18041882,9,10,7,1,3
18041883,11,10,1,6,8
18041884,1,9,6,2,11
18041885,9,8,3,5,2
18041886,10,3,2,7,9
18041887,4,2,10,1,6
18041901,7,3,11,1,6
18041902,11,7,8,1,6
18041903,1,10,4,11,9
18041904,6,11,4,2,9
18041905,9,4,1,11,3
18041906,5,1,6,4,3
18041907,3,11,6,7,8
18041908,10,4,8,5,11
18041909,1,5,10,4,9
18041910,11,4,7,1,3
18041911,3,4,6,8,9
18041912,1,11,10,7,8
18041913,1,2,3,4,8
18041914,10,5,1,6,4
18041915,4,10,1,11,7
18041916,8,1,10,5,3
18041917,9,3,7,8,2
18041918,9,3,8,2,5
18041919,8,5,6,2,7
18041920,2,7,5,6,4
18041921,10,3,2,9,4
18041922,4,6,2,3,8
18041923,4,2,10,1,6
18041924,5,10,8,6,9
18041925,6,10,11,4,8
18041926,3,5,9,8,4
18041927,2,3,6,5,10
18041928,1,10,2,11,5
18041929,9,2,4,6,11
18041930,6,4,8,5,3
18041931,8,9,11,3,1
18041932,6,11,8,9,7
18041933,2,1,10,6,8
18041934,7,3,6,2,11
18041935,10,6,9,7,5
18041936,7,6,9,10,2
18041937,11,7,6,9,3
18041938,4,10,3,2,1
18041939,7,5,3,1,11
18041940,11,7,10,5,2
18041941,3,5,1,8,7
18041942,5,6,2,1,4
18041943,10,9,11,5,4
18041944,5,7,10,1,8
18041945,2,8,10,5,6
18041946,1,9,7,3,6
18041947,6,9,3,5,4
18041948,3,10,11,5,8
18041949,3,5,7,4,6
18041950,7,3,5,11,4
18041951,9,4,3,5,11
18041952,7,9,2,10,8
18041953,4,1,10,3,9
18041954,6,10,11,1,7
18041955,2,5,6,10,7
18041956,11,9,1,2,7
18041957,4,7,3,1,5
18041958,5,7,4,1,10
18041959,6,7,4,11,10
18041960,1,10,7,6,5
18041961,1,4,5,7,8
18041962,3,8,6,7,2
18041963,6,7,3,11,2
18041964,8,6,10,9,5
18041965,4,7,6,3,1
18041966,8,11,9,6,4
18041967,6,11,7,8,5
18041968,10,5,6,1,7
18041969,7,6,3,9,4
18041970,5,8,2,9,1
18041971,6,5,2,10,8
18041972,10,4,7,1,9
18041973,2,6,8,1,7
18041974,6,8,3,7,11
18041975,7,6,8,9,2
18041976,10,2,11,5,7
18041977,7,2,1,5,10
18041978,1,6,10,2,8
18041979,3,4,1,6,8
18041980,9,6,7,3,8
18041981,1,11,8,5,9
18041982,9,7,10,6,2
18041983,11,3,4,8,9
18041984,9,6,11,1,3
18041985,7,6,5,11,4
18041986,10,8,9,5,3
18041987,2,10,9,1,7
18042001,3,5,1,2,7
18042002,5,6,10,9,8
18042003,1,2,4,9,11
18042004,10,4,9,5,1
18042005,5,6,8,4,11
18042006,1,10,11,2,8
18042007,5,2,6,4,3
18042008,1,10,11,8,4
18042009,8,4,3,10,2
18042010,1,7,2,5,11
18042011,9,4,11,6,7
18042012,10,6,8,4,1
18042013,9,10,11,2,7
18042014,9,1,6,4,5
18042015,2,4,7,8,6
18042016,1,11,5,6,7
18042017,11,5,4,3,10
18042018,1,5,10,2,3
18042019,4,9,10,5,8
18042020,3,4,2,1,11
18042021,5,4,9,3,1
18042022,4,10,8,6,5
18042023,7,2,3,8,11
18042024,10,5,4,1,8
18042025,9,4,3,8,1
18042026,3,9,7,10,6
18042027,8,5,11,2,7
18042028,1,11,2,6,5
18042029,5,2,1,11,9
18042030,1,9,5,8,11
18042031,7,5,6,8,2
18042032,5,10,3,7,9
18042033,5,10,2,8,11
18042034,10,8,6,9,5
18042035,11,6,8,5,2
18042036,11,4,6,3,5
18042037,11,8,1,6,7
18042038,5,1,10,4,11
18042039,7,8,1,2,11
18042040,6,1,9,8,11
18042041,8,6,4,7,11
18042042,9,11,3,4,1
18042043,7,10,6,4,5
18042044,3,5,7,6,4
18042045,8,3,4,7,6
18042046,5,10,3,4,2
18042047,4,10,11,5,1
18042048,10,2,8,4,6
18042049,10,7,11,8,2
18042050,11,10,4,5,9
18042051,2,11,10,8,6
18042052,6,9,2,5,4
18042053,11,2,9,1,3
18042054,8,2,7,5,1
18042055,3,1,11,2,10
18042056,5,11,7,4,2
18042057,9,10,6,8,1
18042058,6,3,9,4,2
18042059,11,2,6,9,8
18042060,5,8,3,4,11
18042061,2,1,3,8,6
18042062,7,1,4,6,3
18042063,8,5,1,9,6
18042064,2,7,11,4,1
18042065,9,1,3,5,2
18042066,7,1,2,8,9
18042067,5,2,1,7,4
18042068,7,6,5,3,10
18042069,2,8,7,4,9
18042070,6,2,3,11,5
18042071,2,7,3,6,5
18042072,6,4,7,11,5
18042073,6,10,3,7,2
18042074,4,9,10,3,11
18042075,1,3,11,10,2
18042076,11,5,7,3,6
18042077,9,6,10,7,8
18042078,2,8,9,3,7
18042079,8,6,1,2,5
18042080,10,9,8,4,5
18042081,1,2,11,7,5
18042082,10,3,1,8,4
18042083,7,2,1,5,8
18042084,7,5,2,10,8
18042085,9,1,5,6,3
18042086,9,1,2,7,3
18042087,8,11,2,3,9
18042101,6,1,11,10,9
18042102,4,2,5,1,6
18042103,6,3,8,2,11
18042104,10,4,2,9,6
18042105,3,5,1,9,11
18042106,1,3,10,6,8
18042107,4,6,2,8,10
18042108,1,3,9,5,7
18042109,3,7,5,2,4
18042110,9,3,2,7,10
18042111,5,2,3,9,11
18042112,11,5,10,4,7
18042113,5,6,3,1,8
18042114,11,5,4,1,7
18042115,2,8,11,4,5
18042116,8,5,7,1,10
18042117,7,2,5,4,3
18042118,9,2,10,7,3
18042119,8,2,10,5,3
18042120,7,9,11,4,6
18042121,3,1,9,7,11
18042122,7,11,10,8,2
18042123,10,2,7,1,4
18042124,11,5,7,6,1
18042125,10,9,1,4,7
18042126,9,7,10,3,2
18042127,5,8,6,1,7
18042128,1,2,7,5,8
18042129,4,5,3,11,7
18042130,3,11,8,2,4
18042131,2,4,10,5,9
18042132,9,7,3,11,4
18042133,4,1,9,3,7
18042134,9,5,8,3,7
18042135,4,1,3,9,2
18042136,10,8,7,4,1
18042137,9,6,3,7,8
18042138,6,8,3,10,9
18042139,9,6,1,4,7
18042140,2,5,1,8,9
18042141,6,10,7,11,3
18042142,2,5,7,11,10
18042143,1,4,2,11,10
18042144,10,5,4,6,8
18042145,7,9,6,8,1
18042146,11,7,9,3,10
18042147,3,7,1,4,10
18042148,9,7,3,2,8
18042149,8,11,3,1,9
18042150,5,3,8,7,4
18042151,2,4,6,5,1
18042152,10,4,1,9,11
18042153,8,5,4,7,11
18042154,6,4,10,8,1
18042155,5,2,1,3,6
18042156,5,2,9,7,4
18042157,2,1,3,4,10
18042158,11,10,6,3,5
18042159,2,10,9,4,6
18042160,7,3,4,2,6
18042161,11,7,8,6,3
18042162,5,1,9,8,11
18042163,5,11,7,6,3
18042164,10,11,7,8,3
18042165,11,1,4,8,6
18042166,9,6,2,10,3
18042167,7,11,10,3,4
18042168,7,9,4,8,2
18042169,7,6,8,11,3
18042170,4,5,1,10,6
18042171,5,2,3,7,1
18042172,5,7,8,3,9
18042173,6,3,11,2,7
18042174,2,11,1,3,4
18042175,1,11,10,2,7
18042176,2,3,8,6,7
18042177,6,1,2,7,8
18042178,3,5,9,1,11
18042179,1,3,5,2,6
18042180,9,4,8,6,1
18042181,9,1,6,2,8
18042182,8,10,3,2,4
18042183,9,4,7,2,8
18042184,3,5,7,6,4
18042185,1,7,8,2,3
18042186,7,1,8,9,10
18042187,5,6,3,2,8
18042201,7,8,9,10,4
18042202,5,11,3,4,6
18042203,11,8,7,5,6
18042204,2,5,8,1,4
18042205,1,11,8,4,9
18042206,2,11,7,3,4
18042207,9,3,6,7,8
18042208,5,10,9,2,11
18042209,3,2,4,8,5
18042210,9,8,7,1,2
18042211,4,1,11,2,7
18042212,1,3,6,8,5
18042213,9,1,4,11,6
18042214,7,10,6,5,8
18042215,8,1,3,5,4
18042216,7,10,11,3,6
18042217,2,6,7,5,10
18042218,6,11,1,4,7
18042219,1,10,7,9,8
18042220,11,9,2,4,10
18042221,3,7,4,9,1
18042222,9,1,3,5,11
18042223,5,4,1,11,2
18042224,5,1,10,11,9
18042225,10,2,6,5,7
18042226,10,6,11,2,1
18042227,9,7,2,8,4
18042228,6,3,5,11,10
18042229,8,4,1,9,7
18042230,7,5,3,2,11
18042231,8,7,9,11,3
18042232,5,6,10,11,9
18042233,2,4,10,3,1
18042234,7,1,3,4,9
18042235,5,10,3,8,4
18042236,1,9,3,11,10
18042237,9,4,7,5,11
18042238,10,9,7,11,3
18042239,11,8,2,9,3
18042240,5,1,6,10,8
18042241,8,7,1,5,10
18042242,4,5,10,11,7
18042243,6,5,7,4,2
18042244,9,1,7,6,8
18042245,7,3,10,5,11
18042246,11,6,7,9,2
18042247,6,7,1,9,10
18042248,10,3,2,5,11
18042249,1,5,6,2,11
18042250,9,11,1,4,3
18042251,9,7,3,11,6
18042252,6,4,1,10,3
18042253,8,10,5,4,6
18042254,10,4,7,1,11
18042255,3,4,9,2,10
18042256,3,9,8,10,1
18042257,10,4,7,8,1
18042258,1,7,5,10,11
18042259,2,6,5,7,3
18042260,1,8,9,10,7
18042261,4,9,2,3,7
18042262,3,7,1,9,2
18042263,11,8,1,4,10
18042264,6,4,1,11,8
18042265,7,6,4,2,10
18042266,10,11,7,2,5
18042267,9,7,3,5,8
18042268,11,1,3,8,10
18042269,9,1,10,4,8
18042270,5,4,1,7,6
18042271,9,5,8,11,3
18042272,10,1,4,9,2
18042273,5,10,8,9,7
18042274,6,8,2,5,7
18042275,1,3,8,2,7
18042276,6,3,1,8,7
18042277,4,2,10,5,9
18042278,7,1,6,11,3
18042279,4,5,2,3,9
18042280,8,11,5,4,2
18042281,11,5,4,1,2
18042282,10,7,1,8,4
18042283,3,10,11,2,4
18042284,10,4,9,6,2
18042285,5,4,1,7,8
18042286,9,3,10,5,8
18042287,9,7,3,4,11
18042301,7,8,5,2,9
18042302,4,11,9,7,1
18042303,10,1,8,3,7
18042304,1,10,11,4,6
18042305,11,7,1,3,10
18042306,6,1,7,10,9
18042307,10,5,1,9,3
18042308,2,6,11,5,1
18042309,7,2,9,4,11
18042310,2,7,4,9,1
18042311,3,1,11,9,2
18042312,8,4,3,6,10
18042313,6,10,5,9,1
18042314,11,8,2,4,7
18042315,2,10,5,9,11
18042316,4,10,6,7,5
18042317,8,3,5,7,1
18042318,4,1,11,7,3
18042319,8,7,1,2,3
18042320,1,6,3,11,7
18042321,2,9,10,3,5
18042322,5,11,6,10,2
18042323,4,1,7,11,6
18042324,11,6,4,1,3
18042325,8,10,5,11,7
18042326,1,2,11,6,3
18042327,9,4,10,3,2
18042328,6,1,10,8,5
18042329,8,9,11,1,7
18042330,6,7,10,5,1
18042331,7,9,5,8,10
18042332,10,5,9,2,8
18042333,7,10,3,8,6
18042334,6,5,1,8,3
18042335,5,3,4,11,2
18042336,3,9,2,10,1
18042337,2,8,10,7,4
18042338,2,3,5,1,9
18042339,2,7,6,8,4
18042340,3,5,6,2,7
18042341,3,10,1,4,2
18042342,6,4,9,10,5
18042343,2,9,6,7,4
18042344,3,4,7,2,10
18042345,9,7,11,8,6
18042346,5,8,10,11,7
18042347,2,6,1,5,10
18042348,7,6,8,11,1
18042349,2,10,4,1,11
18042350,9,3,2,8,6
18042351,6,5,11,7,9
18042352,9,3,7,4,8
18042353,9,10,6,1,4
18042354,2,6,10,8,4
18042355,1,6,3,2,7
18042356,6,7,11,9,3
18042357,5,4,10,7,8
18042358,5,10,4,1,3
18042359,1,8,7,2,11
18042360,4,9,8,6,2
18042361,7,5,4,1,11
18042362,11,7,4,10,6
18042363,3,11,2,1,8
18042364,8,9,10,1,11
18042365,7,6,8,10,4
18042366,5,11,1,9,2
18042367,5,11,2,4,8
18042368,9,4,2,5,10
18042369,2,4,7,11,5
18042370,8,3,10,11,9
18042371,2,5,7,4,1
18042372,1,6,11,2,9
18042373,5,6,11,10,3
18042374,10,3,7,8,9
18042375,5,6,11,3,9
18042376,6,2,1,5,4
18042377,2,6,1,4,11
18042378,6,1,5,2,3
18042379,9,6,11,4,2
18042380,2,8,1,11,3
18042381,11,7,5,2,6
18042382,11,4,7,9,2
18042383,6,10,2,5,7
18042384,3,9,11,4,6
18042385,1,3,6,7,10
18042386,4,1,5,6,8
18042387,1,6,11,7,10
18042401,11,2,9,7,5
18042402,3,8,9,7,1
18042403,6,8,4,7,1
18042404,6,1,8,3,4
18042405,6,10,2,8,4
18042406,9,5,6,2,11
18042407,1,11,9,4,10
18042408,11,2,4,10,7
18042409,5,8,1,11,9
18042410,6,5,2,4,1
18042411,7,11,3,9,4
18042412,9,5,7,10,8
18042413,1,5,7,3,4
18042414,2,11,7,8,4
18042415,1,4,10,6,9
18042416,6,3,2,7,11
18042417,10,1,9,8,5
18042418,6,10,3,7,9
18042419,6,3,8,5,11
18042420,5,10,1,11,7
18042421,8,10,1,9,6
18042422,7,10,11,1,8
18042423,2,4,11,7,8
18042424,10,9,2,11,3
18042425,7,6,9,2,10
18042426,10,6,7,5,4
18042427,11,3,6,7,1
18042428,5,7,4,6,11
18042429,4,6,11,9,2
18042430,5,6,4,9,8
18042431,3,10,8,11,4
18042432,1,5,6,4,8
18042433,3,1,4,10,9
18042434,10,5,1,3,8
18042435,3,5,6,2,11
18042436,4,10,5,6,11
18042437,4,9,1,5,2
18042438,8,9,11,10,6
18042439,9,1,8,3,11
18042440,3,5,2,11,6
18042441,5,7,4,9,2
18042442,4,8,10,3,6
18042443,4,2,9,8,11
18042444,5,9,7,8,2
18042445,8,7,3,9,6
18042446,7,6,9,1,8
18042447,2,11,3,5,7
18042448,4,3,9,8,6
18042449,3,2,7,4,5
18042450,8,1,5,7,10
18042451,6,7,1,9,11
18042452,4,8,3,2,7
18042453,6,10,1,4,11
18042454,9,3,10,8,2
18042455,9,8,2,5,10
18042456,3,8,1,5,7
18042457,4,1,9,7,2
18042458,4,7,5,9,1
18042459,2,9,11,6,5
18042460,9,4,11,6,8
18042461,11,6,4,2,7
18042462,8,6,10,11,5
18042463,6,3,1,5,10
18042464,5,9,1,2,4
18042465,3,10,9,6,1
18042466,5,8,3,6,4
18042467,10,7,6,9,8
18042468,9,8,11,4,6
18042469,2,5,3,8,10
18042470,7,2,3,4,8
18042471,9,10,4,6,1
18042472,7,6,3,4,2
18042473,5,2,11,6,10
18042474,4,3,7,1,11
18042475,6,9,3,8,10
18042476,1,2,9,8,5
18042477,10,4,1,6,9
18042478,6,8,11,1,10
18042479,9,2,6,10,4
18042480,8,5,6,11,3
18042481,10,7,3,9,6
18042482,1,2,5,6,8
18042483,11,3,7,5,6
18042484,3,4,7,9,2
18042485,10,7,9,6,4
18042486,4,2,9,7,8
18042487,2,10,5,11,4
18042501,1,11,9,8,7
18042502,10,6,5,1,8
18042503,1,6,3,10,4
18042504,5,2,4,10,6
18042505,9,2,6,11,10
18042506,8,6,11,9,5
18042507,5,3,8,4,11
18042508,9,7,11,3,1
18042509,9,4,2,11,10
18042510,9,5,8,7,2
18042511,8,7,5,1,6
18042512,9,8,10,5,2
18042513,7,1,6,8,4
18042514,2,9,5,8,3
18042515,2,8,4,10,11
18042516,10,3,4,7,9
18042517,8,3,1,7,9
18042518,2,9,3,5,10
18042519,4,10,5,8,2
18042520,6,1,5,11,3
18042521,8,11,6,10,5
18042522,11,6,4,9,2
18042523,1,8,5,2,3
18042524,1,10,7,6,8
18042525,1,3,5,10,7
18042526,9,4,11,1,10
18042527,5,9,11,8,6
18042528,9,1,6,5,4
18042529,9,3,8,11,4
18042530,7,10,2,8,9
18042531,6,9,11,7,1
18042532,5,3,8,7,1
18042533,2,11,9,5,1
18042534,9,11,7,4,5
18042535,3,6,11,5,8
18042536,7,6,3,5,1
18042537,2,11,10,5,9
18042538,1,11,8,3,5
18042539,10,5,7,9,6
18042540,3,6,9,10,7
18042541,11,5,9,2,3
18042542,7,6,9,11,4
18042543,5,9,7,10,11
18042544,8,2,6,7,9
18042545,9,8,6,10,1
18042546,8,11,6,10,5
18042547,11,3,7,10,6
18042548,11,5,4,10,7
18042549,1,6,7,2,4
18042550,11,3,10,6,1
18042551,6,10,3,4,7
18042552,6,2,11,8,1
18042553,1,11,5,8,7
18042554,4,11,7,9,1
18042555,4,10,3,8,1
18042556,6,8,9,3,2
18042557,2,1,10,8,4
18042558,2,7,9,1,8
18042559,7,10,6,8,3
18042560,1,2,10,4,3
18042561,8,2,11,6,10
18042562,4,10,6,2,11
18042563,2,10,1,7,11
18042564,5,1,2,4,11
18042565,7,3,2,9,8
18042566,1,2,5,3,6
18042567,11,7,5,1,9
18042568,6,1,11,7,2
18042569,11,6,7,8,1
18042570,5,2,9,6,1
18042571,1,4,10,11,3
18042572,7,9,5,6,1
18042573,7,4,6,3,10
18042574,10,3,9,5,4
18042575,5,2,7,8,9
18042576,8,6,1,11,4
18042577,10,3,1,2,5
18042578,7,5,3,11,10
18042579,1,7,9,5,10
18042580,6,2,3,1,11
18042581,9,7,10,5,1
18042582,6,10,4,9,7
18042583,10,8,1,2,4
18042584,10,8,6,7,2
18042585,10,9,6,4,3
18042586,3,11,5,9,10
18042587,1,5,4,2,10
18042601,10,2,8,3,9
18042602,9,2,10,5,8
18042603,4,8,3,5,11
18042604,1,4,10,11,9
18042605,3,1,11,5,9
18042606,9,4,7,10,2
18042607,10,5,11,4,3
18042608,4,1,7,8,5
18042609,5,7,9,10,11
18042610,4,1,9,7,8
18042611,1,5,8,4,3
18042612,11,6,4,5,2
18042613,4,11,10,6,2
18042614,3,8,6,9,11
18042615,10,1,5,9,2
18042616,9,8,3,10,1
18042617,2,6,4,5,10
18042618,6,8,11,10,9
18042619,5,7,4,11,10
18042620,7,2,8,6,10
18042621,10,6,7,11,2
18042622,2,1,10,9,3
18042623,5,8,2,6,11
18042624,8,3,11,6,4
18042625,9,11,8,2,5
18042626,6,10,9,7,2
18042627,11,10,2,6,7
18042628,7,2,5,4,9
18042629,5,10,1,6,11
18042630,5,6,8,4,1
18042631,7,1,10,5,6
18042632,2,8,3,7,11
18042633,6,8,4,10,5
18042634,10,1,5,3,7
18042635,5,2,11,4,1
18042636,8,7,10,11,9
18042637,9,10,6,2,8
18042638,2,8,6,3,1
18042639,6,1,8,2,7
18042640,5,4,6,11,10
18042641,4,7,6,1,2
18042642,9,2,7,8,11
18042643,8,5,11,4,2
18042644,5,8,4,3,11
18042645,10,11,1,4,6
18042646,2,3,4,6,9
18042647,3,1,11,6,7
18042648,6,11,3,7,8
18042649,10,2,1,3,9
18042650,9,2,8,5,7
18042651,4,10,9,2,6
18042652,2,9,5,7,8
18042653,9,1,5,7,2
18042654,2,4,1,3,7
18042655,1,4,11,7,8
18042656,10,8,11,9,5
18042657,7,10,4,6,8
18042658,5,1,2,8,4
18042659,6,9,7,2,3
18042660,8,7,10,2,9
18042661,3,2,10,5,6
18042662,7,11,9,2,10
18042663,5,11,8,3,9
18042664,2,11,1,7,6
18042665,10,6,2,7,8
18042666,10,6,8,11,5
18042667,4,9,8,5,3
18042668,10,1,4,8,9
18042669,7,6,10,3,8
18042670,5,1,7,11,3
18042671,2,4,7,1,11
18042672,2,7,1,3,6
18042673,6,3,2,9,7
18042674,4,3,9,1,6
18042675,11,9,10,3,6
18042676,11,1,6,9,4
18042677,10,11,1,7,9
18042678,3,2,11,10,5
18042679,8,4,9,5,6
18042680,5,4,3,10,11
18042681,5,10,11,3,9
18042682,7,9,8,6,1
18042683,3,1,11,4,6
18042684,1,11,8,6,9
18042685,11,5,2,9,4
18042686,5,11,6,3,9
18042687,2,11,3,7,6
18042701,6,7,11,2,9
18042702,9,7,10,5,3
18042703,11,1,9,4,5
18042704,4,1,9,11,5
18042705,5,3,9,6,8
18042706,6,4,9,3,11
18042707,7,11,5,3,1
18042708,8,2,6,7,3
18042709,3,1,2,10,4
18042710,1,8,7,6,3
18042711,4,8,2,9,11
18042712,10,9,1,4,5
18042713,11,4,10,2,6
18042714,10,5,6,2,9
18042715,6,2,11,5,3
18042716,7,2,1,3,5
18042717,11,9,5,4,10
18042718,6,5,7,11,9
18042719,7,3,9,5,11
18042720,5,11,2,8,7
18042721,3,1,11,8,6
18042722,4,8,6,1,10
18042723,5,2,7,6,11
18042724,1,11,3,2,10
18042725,2,9,6,4,11
18042726,5,8,4,1,11
18042727,9,7,5,2,1
18042728,9,5,1,8,10
18042729,9,6,4,5,11
18042730,10,1,9,2,11
18042731,1,4,7,11,3
18042732,3,5,8,6,1
18042733,8,2,6,7,11
18042734,10,6,2,7,3
18042735,8,3,9,5,11
18042736,2,4,7,9,6
18042737,4,11,6,5,3
18042738,11,4,1,2,7
18042739,6,2,4,7,10
18042740,8,5,2,1,9
18042741,5,6,7,8,10
18042742,1,4,2,11,9
18042743,8,4,7,9,3
18042744,5,3,8,1,7
18042745,2,5,4,1,7
18042746,10,2,6,1,9
18042747,7,3,11,5,1
18042748,4,8,6,5,2
18042749,10,11,1,4,9
18042750,8,4,2,11,5
18042751,9,2,4,6,3
18042752,3,11,1,4,5
18042753,2,6,5,11,4
18042754,11,5,10,1,4
18042755,5,1,8,6,9
18042756,1,6,7,10,2
18042757,3,9,10,6,8
18042758,7,11,8,5,4
18042759,6,4,7,2,9
18042760,4,10,8,9,2
18042761,6,8,4,7,3
18042762,6,3,2,8,9
18042763,8,9,3,6,10
18042764,3,8,9,10,11
18042765,11,5,8,3,4
18042766,5,7,9,3,8
18042767,3,5,10,6,9
18042768,5,11,1,9,6
18042769,11,4,7,1,6
18042770,4,1,6,7,5
18042771,2,6,9,8,11
18042772,1,11,5,3,10
18042773,7,2,11,4,10
18042774,10,1,9,6,7
18042775,1,9,8,4,11
18042776,6,9,4,10,2
18042777,9,8,4,2,6
18042778,7,11,9,4,3
18042779,5,9,4,2,6
18042780,6,2,3,11,1
18042781,1,9,2,6,4
18042782,2,6,5,10,3
18042783,5,10,9,2,4
18042784,6,10,8,2,1
18042785,8,11,4,5,6
18042786,4,11,8,10,1
18042787,7,4,2,8,10
18042801,7,1,9,3,5
18042802,4,5,8,2,3
18042803,6,9,5,11,2
18042804,11,1,9,4,5
18042805,9,7,1,10,2
18042806,3,1,8,2,9
18042807,10,1,8,2,6
18042808,1,3,10,7,2
18042809,3,10,6,4,8
18042810,9,6,4,3,5
18042811,7,2,8,11,3
18042812,4,1,11,2,8
18042813,1,8,2,10,5
18042814,2,8,1,4,10
18042815,5,1,11,6,3
18042816,8,5,2,7,1
18042817,10,5,7,9,8
18042818,9,7,8,4,2
18042819,6,5,2,7,10
18042820,10,1,11,9,5
18042821,2,8,1,3,10
18042822,2,10,3,5,9
18042823,3,4,2,10,11
18042824,4,8,9,2,10
18042825,7,9,5,11,6
18042826,4,5,7,11,6
18042827,7,5,8,11,10
18042828,1,8,3,5,7
18042829,5,8,9,11,4
18042830,6,9,10,8,1
18042831,8,7,10,4,9
18042832,2,10,6,7,9
18042833,11,9,7,3,6
18042834,3,8,1,7,11
18042835,1,4,10,8,6
18042836,3,5,8,9,11
18042837,9,4,1,6,8
18042838,7,2,9,1,8
18042839,10,7,2,1,5
18042840,3,2,8,10,1
18042841,9,10,7,1,5
18042842,5,3,6,8,11
18042843,6,7,4,9,8
18042844,1,4,5,6,3
18042845,1,8,5,7,4
18042846,7,4,6,11,9
18042847,1,4,2,6,10
18042848,3,1,10,9,5
18042849,3,10,11,8,6
18042850,2,1,3,5,7
18042851,2,7,11,9,3
18042852,8,7,2,1,6
18042853,9,7,2,8,11
18042854,2,11,9,4,7
18042855,6,2,5,7,4
18042856,7,9,8,1,6
18042857,10,1,11,5,8
18042858,8,4,11,10,7
18042859,3,8,4,9,2
18042860,10,4,9,8,2
18042861,2,1,11,10,9
18042862,11,3,6,2,1
18042863,6,7,8,4,2
18042864,5,8,11,6,2
18042865,8,6,2,1,4
18042866,9,3,6,4,11
18042867,3,8,10,1,11
18042868,3,5,6,2,9
18042869,5,7,2,9,10
18042870,7,3,1,2,10
18042871,11,8,4,9,3
18042872,11,9,3,2,8
18042873,5,6,7,9,3
18042874,3,5,2,6,8
18042875,6,8,11,9,3
18042876,10,11,7,2,1
18042877,4,3,11,7,8
18042878,2,5,4,9,11
18042879,6,9,3,5,4
18042880,3,1,6,11,7
18042881,8,7,4,1,5
18042882,7,11,2,10,1
18042883,2,6,10,3,5
18042884,4,9,5,10,2
18042885,1,8,4,7,11
18042886,2,6,8,11,1
18042887,10,3,9,6,4
18042901,10,1,5,11,6
18042902,5,8,7,3,2
18042903,11,3,7,9,6
18042904,11,1,4,2,5
18042905,5,6,8,7,10
18042906,1,3,4,11,9
18042907,11,2,8,3,6
18042908,3,2,10,5,4
18042909,7,10,11,1,6
18042910,4,6,2,1,8
18042911,3,10,6,5,1
18042912,9,7,1,6,3
18042913,4,3,10,9,2
18042914,2,1,8,7,3
18042915,3,1,7,9,11
18042916,2,9,11,10,1
18042917,8,4,11,3,5
18042918,7,2,4,5,1
18042919,7,5,3,8,10
18042920,10,3,2,9,7
18042921,8,9,7,2,5
18042922,11,10,5,2,1
18042923,4,10,5,7,2
18042924,6,8,11,2,7
18042925,9,7,6,10,2
18042926,9,2,5,4,11
18042927,4,9,5,10,2
18042928,4,10,6,5,3
18042929,9,6,8,5,2
18042930,7,10,1,6,8
18042931,11,7,6,1,10
18042932,11,4,9,1,5
18042933,7,1,6,5,8
18042934,9,5,2,4,6
18042935,2,6,7,9,4
18042936,3,6,11,7,9
18042937,10,8,3,11,9
18042938,8,2,6,11,9
18042939,5,11,9,3,8
18042940,7,10,1,8,2
18042941,5,4,9,8,11
18042942,5,9,11,4,3
18042943,4,1,3,6,5
18042944,6,2,8,1,3
18042945,6,3,5,11,2
18042946,7,10,2,1,4
18042947,2,1,3,8,11
18042948,1,3,10,11,5
18042949,6,2,4,7,3
18042950,8,5,9,4,7
18042951,7,11,9,8,2
18042952,5,2,9,8,6
18042953,1,5,3,7,9
18042954,9,2,1,5,11
18042955,9,6,11,8,7
18042956,9,11,6,7,2
18042957,10,6,3,9,4
18042958,7,10,3,6,1
18042959,3,4,2,11,10
18042960,6,3,5,4,2
18042961,3,5,7,2,11
18042962,7,1,2,9,3
18042963,9,6,7,3,11
18042964,4,3,8,6,5
18042965,7,1,9,6,11
18042966,3,6,7,8,2
18042967,6,7,8,11,4
18042968,1,3,10,4,7
18042969,9,2,6,1,10
18042970,7,1,2,9,11
18042971,2,7,6,4,1
18042972,1,9,2,6,5
18042973,5,9,8,4,3
18042974,5,8,7,2,3
18042975,7,6,11,3,1
18042976,4,8,9,7,2
18042977,5,3,8,9,4
18042978,5,10,6,11,1
18042979,10,5,8,11,4
18042980,11,5,6,7,1
18042981,10,2,5,8,6
18042982,9,11,1,10,6
18042983,1,7,8,3,6
18042984,1,8,9,3,4
18042985,1,4,10,11,9
18042986,7,10,11,1,2
18042987,5,7,11,3,8
18043001,10,5,1,7,11
18043002,2,3,5,1,11
18043003,2,4,5,6,7
18043004,9,11,3,8,6
18043005,5,8,10,2,3
18043006,9,2,7,8,6
18043007,7,2,9,10,8
18043008,10,9,11,1,4
18043009,5,6,3,11,10
18043010,2,5,10,7,3
18043011,2,4,5,11,7
18043012,5,11,10,4,8
18043013,3,4,8,5,11
18043014,8,10,9,11,7
18043015,4,1,2,11,3
18043016,5,9,10,1,4
18043017,6,3,9,7,5
18043018,4,11,2,3,1
18043019,4,6,11,2,1
18043020,7,8,11,1,3
18043021,7,3,10,11,9
18043022,5,2,9,1,6
18043023,11,6,2,10,1
18043024,11,10,1,3,7
18043025,6,4,7,3,9
18043026,2,5,9,3,4
18043027,8,10,4,5,3
18043028,2,5,9,4,8
18043029,7,9,4,6,11
18043030,8,4,6,5,7
18043031,7,2,1,6,5
18043032,3,1,2,4,9
18043033,5,6,4,1,10
18043034,6,4,3,11,9
18043035,10,3,7,6,4
18043036,2,11,6,1,8
18043037,3,8,10,5,11
18043038,6,4,10,1,2
18043039,8,10,7,9,4
18043040,6,8,4,11,1
18043041,1,9,3,10,11
18043042,10,3,6,11,2
18043043,7,11,6,5,3
18043044,11,6,2,9,1
18043045,10,1,2,11,4
18043046,7,2,11,8,6
18043047,7,2,9,5,4
18043048,10,1,6,9,2
18043049,1,11,7,6,8
18043050,3,2,5,9,4
18043051,3,1,2,9,8
18043052,5,7,11,1,9
18043053,9,11,10,3,6
18043054,11,6,3,5,7
18043055,3,11,2,6,5
18043056,5,2,3,9,8
18043057,1,7,4,10,8
18043058,5,10,4,2,6
18043059,4,3,1,7,10
18043060,9,8,1,6,5
18043061,5,3,7,1,8
18043062,1,11,9,8,4
18043063,7,5,8,2,9
18043064,3,6,8,2,10
18043065,11,3,6,9,5
18043066,5,2,10,3,7
18043067,2,10,5,1,3
18043068,9,4,10,8,5
18043069,8,5,11,2,6
18043070,6,1,8,11,3
18043071,10,7,5,11,8
18043072,2,10,7,5,6
18043073,11,9,3,4,7
18043074,3,9,10,4,2
18043075,7,11,5,3,9
18043076,1,11,10,8,3
18043077,1,7,2,11,5
18043078,8,2,4,11,6
18043079,7,4,5,1,9
18043080,7,10,6,5,4
18043081,9,6,11,3,7
18043082,11,9,8,3,4
18043083,10,9,2,5,11
18043084,4,8,7,9,11
18043085,8,7,11,10,9
18043086,2,1,5,3,6
18043087,8,5,3,7,6
