18020101,2,8,9,5,3
18020102,4,3,11,6,2
18020103,6,3,5,4,8
18020104,3,6,2,1,7
18020105,5,7,11,1,6
18020106,2,10,3,9,5
18020107,9,8,4,2,5
18020108,3,9,10,6,11
18020109,4,1,6,10,3
18020110,4,1,7,6,8
18020111,5,2,6,9,4
18020112,2,4,5,11,1
18020113,1,4,9,10,11
18020114,10,6,3,1,7
18020115,3,1,9,2,11
18020116,8,9,11,3,4
18020117,3,10,7,1,9
18020118,8,11,10,7,6
18020119,6,4,2,1,7
18020120,2,7,5,4,10
18020121,2,4,3,5,9
18020122,3,2,9,5,11
18020123,6,9,8,10,3
18020124,8,1,11,5,10
18020125,3,8,11,7,4
18020126,5,1,11,2,3
18020127,7,2,9,8,10
18020128,4,9,1,6,10
18020129,8,9,1,7,5
18020130,7,10,5,3,1
18020131,7,11,6,9,2
18020132,4,10,11,6,5
18020133,5,7,3,8,6
18020134,1,4,10,5,9
18020135,9,5,2,4,6
18020136,3,8,2,11,5
18020137,11,1,4,8,6
18020138,10,6,8,2,5
18020139,10,2,7,9,6
18020140,8,10,3,4,9
18020141,10,3,11,9,2
18020142,6,7,5,11,8
18020143,2,10,6,7,8
18020144,7,8,1,11,3
18020145,2,11,4,9,3
18020146,10,6,8,11,3
18020147,3,1,7,8,11
18020148,11,9,7,8,4
18020149,2,5,4,11,10
18020150,1,7,2,3,10
18020151,8,7,9,4,5
18020152,4,5,3,8,10
18020153,1,10,3,9,4
18020154,4,8,2,6,5
18020155,8,7,11,10,6
18020156,10,5,3,7,8
18020157,2,4,1,8,6
18020158,2,7,8,11,1
18020159,6,7,3,11,2
18020160,1,8,3,7,9
18020161,9,6,4,5,1
18020162,10,5,6,4,8
18020163,2,8,9,6,5
18020164,6,5,7,10,8
18020165,9,1,4,5,7
18020166,10,11,2,7,1
18020167,11,3,4,9,8
18020168,10,1,6,4,11
18020169,3,5,8,7,10
18020170,8,6,3,11,1
18020171,4,6,2,7,1
18020172,5,1,10,9,7
18020173,5,2,10,8,11
18020174,9,5,2,7,8
18020175,4,5,6,9,10
18020176,1,4,11,7,5
18020177,8,1,6,10,5
18020178,11,4,3,6,5
18020179,10,1,3,11,9
18020180,3,8,7,11,1
18020181,2,4,6,10,1
18020182,9,2,4,3,7
18020183,2,5,4,7,3
18020184,8,2,3,10,1
18020185,10,9,7,4,5
18020186,4,8,1,3,7
18020187,4,7,6,2,11
18020201,1,11,10,8,4
18020202,11,2,9,6,4
18020203,3,1,11,6,5
18020204,2,4,8,6,3
18020205,11,6,9,7,1
18020206,8,1,6,11,10
18020207,9,10,11,6,1
18020208,5,11,7,2,10
18020209,11,1,8,7,10
18020210,2,9,6,10,11
18020211,2,11,8,5,4
18020212,9,3,6,11,10
18020213,2,1,9,8,4
18020214,3,5,10,4,2
18020215,5,10,1,3,9
18020216,3,7,9,10,8
18020217,5,4,3,9,7
18020218,5,6,7,8,9
18020219,11,3,4,7,10
18020220,3,5,6,4,1
18020221,1,8,5,7,11
18020222,5,9,11,2,3
18020223,11,4,1,2,5
18020224,8,7,11,10,9
18020225,3,8,4,10,7
18020226,6,5,11,9,3
18020227,8,5,3,4,7
18020228,2,10,11,6,8
18020229,4,1,3,7,9
18020230,7,10,6,3,11
18020231,2,9,8,10,1
18020232,10,6,3,7,5
18020233,2,5,3,4,10
18020234,1,3,10,7,11
18020235,8,10,4,6,1
18020236,7,10,4,11,9
18020237,3,8,4,9,2
18020238,2,6,7,9,3
18020239,1,8,10,4,3
18020240,11,4,3,7,6
18020241,6,3,10,2,11
18020242,3,8,5,9,1
18020243,11,6,9,4,1
18020244,6,8,1,3,7
18020245,9,2,11,10,6
18020246,1,5,9,7,4
18020247,4,7,11,2,8
18020248,11,3,8,2,9
18020249,10,4,7,3,1
18020250,8,3,10,5,6
18020251,5,4,1,9,10
18020252,3,5,7,2,8
18020253,2,8,6,9,5
18020254,1,4,3,2,5
18020255,10,9,8,11,2
18020256,8,7,11,3,4
18020257,7,5,10,9,6
18020258,8,6,2,4,9
18020259,3,2,1,10,7
18020260,3,5,1,9,4
18020261,1,6,10,5,9
18020262,9,8,1,6,7
18020263,6,8,5,11,7
18020264,11,3,2,8,5
18020265,3,1,4,10,7
18020266,2,8,6,10,9
18020267,2,1,5,6,8
18020268,1,3,7,4,10
18020269,8,10,6,9,5
18020270,8,6,4,7,3
18020271,11,9,8,7,10
18020272,9,6,5,4,1
18020273,8,3,11,10,5
18020274,3,7,11,1,5
18020275,2,4,3,11,10
18020276,9,2,5,3,6
18020277,1,10,5,3,11
18020278,5,8,7,4,1
18020279,9,7,1,6,5
18020280,3,5,6,2,11
18020281,5,9,8,4,7
18020282,10,4,6,7,3
18020283,1,9,5,7,6
18020284,5,6,3,10,9
18020285,9,10,7,5,3
18020286,11,7,2,8,5
18020287,9,5,1,4,6
18020301,8,11,7,3,1
18020302,1,11,3,7,9
18020303,4,5,6,3,9
18020304,8,11,7,4,2
18020305,9,1,6,4,10
18020306,8,10,9,6,4
18020307,9,1,7,3,2
18020308,3,5,1,8,7
18020309,10,5,9,7,4
18020310,10,3,7,1,9
18020311,1,10,8,9,7
18020312,3,7,5,4,2
18020313,3,7,8,10,11
18020314,11,10,3,8,4
18020315,1,10,9,8,4
18020316,5,3,9,10,7
18020317,8,11,9,7,3
18020318,6,11,2,10,9
18020319,1,8,11,2,10
18020320,9,11,7,6,2
18020321,2,3,1,5,7
18020322,2,10,5,7,11
18020323,10,4,7,8,11
18020324,1,2,6,10,11
18020325,6,8,9,1,11
18020326,2,4,11,6,1
18020327,9,6,11,4,8
18020328,7,8,1,3,9
18020329,8,10,1,2,7
18020330,2,5,6,4,10
18020331,11,8,3,5,9
18020332,9,10,11,4,6
18020333,10,7,3,4,5
18020334,10,6,2,1,4
18020335,7,11,1,3,4
18020336,10,7,9,4,2
18020337,6,11,9,4,3
18020338,1,11,5,10,2
18020339,2,6,10,7,4
18020340,10,7,8,3,6
18020341,2,10,5,1,3
18020342,9,8,4,2,6
18020343,3,10,9,7,11
18020344,8,4,10,6,2
18020345,2,6,10,1,5
18020346,10,9,11,7,6
18020347,1,7,2,5,11
18020348,3,6,7,8,5
18020349,6,2,5,7,4
18020350,9,8,4,5,11
18020351,11,6,2,10,8
18020352,11,5,3,4,2
18020353,4,8,6,1,11
18020354,4,6,3,2,11
18020355,10,9,8,1,7
18020356,4,8,10,5,3
18020357,3,10,6,11,9
18020358,6,10,3,9,1
18020359,6,2,8,7,3
18020360,1,7,9,2,5
18020361,9,1,10,2,6
18020362,11,3,7,10,9
18020363,5,4,9,1,10
18020364,11,1,10,4,6
18020365,6,10,3,5,4
18020366,8,2,10,1,6
18020367,4,7,5,1,2
18020368,5,8,9,7,4
18020369,2,9,7,4,10
18020370,2,3,4,1,7
18020371,7,5,3,1,6
18020372,8,10,2,11,7
18020373,6,3,11,4,1
18020374,5,4,10,11,3
18020375,6,8,2,7,10
18020376,1,8,3,10,11
18020377,6,9,7,3,1
18020378,7,3,11,4,6
18020379,1,4,7,2,6
18020380,11,7,6,4,2
18020381,3,11,4,1,10
18020382,7,3,8,1,10
18020383,6,9,4,3,2
18020384,3,9,6,1,2
18020385,6,4,11,10,3
18020386,2,4,10,1,7
18020387,6,2,9,8,4
18020401,6,4,8,2,5
18020402,9,2,11,3,5
18020403,6,9,3,11,1
18020404,6,11,5,1,9
18020405,2,11,5,1,9
18020406,1,6,7,11,2
18020407,2,1,11,7,3
18020408,10,9,7,8,1
18020409,10,8,3,1,4
18020410,6,7,9,1,4
18020411,7,3,9,10,1
18020412,3,7,5,2,6
18020413,11,9,2,10,5
18020414,1,7,4,5,11
18020415,8,9,1,4,11
18020416,5,1,2,10,7
18020417,2,9,1,10,6
18020418,11,3,2,10,6
18020419,11,8,6,2,1
18020420,11,6,3,4,10
18020421,5,4,7,6,9
18020422,11,3,8,2,5
18020423,5,7,2,8,1
18020424,5,4,2,3,10
18020425,3,9,2,7,5
18020426,7,1,8,9,10
18020427,4,11,6,3,7
18020428,5,9,3,2,7
18020429,11,4,1,8,3
18020430,3,10,5,11,9
18020431,3,8,4,5,2
18020432,6,10,3,7,1
18020433,10,5,3,4,8
18020434,8,11,4,10,6
18020435,8,1,7,3,11
18020436,9,6,4,1,10
18020437,7,2,10,1,6
18020438,5,10,6,9,7
18020439,6,3,10,9,1
18020440,9,1,7,5,8
18020441,11,7,10,4,1
18020442,11,6,5,3,2
18020443,10,9,3,7,1
18020444,4,10,2,8,6
18020445,6,11,7,3,9
18020446,2,4,10,8,9
18020447,5,8,9,3,10
18020448,8,3,1,6,11
18020449,11,10,9,3,4
18020450,10,9,3,1,6
18020451,10,6,7,1,4
18020452,8,5,3,1,4
18020453,5,11,8,2,7
18020454,4,3,1,2,8
18020455,7,11,8,9,5
18020456,11,9,7,10,4
18020457,11,7,5,9,4
18020458,7,8,5,10,11
18020459,8,9,4,3,1
18020460,10,1,7,2,3
18020461,10,2,11,8,1
18020462,1,5,2,4,3
18020463,8,10,5,2,3
18020464,7,5,4,1,11
18020465,4,10,2,11,3
18020466,10,9,1,6,5
18020467,7,6,11,3,1
18020468,5,2,3,6,11
18020469,8,3,11,5,9
18020470,5,6,4,2,9
18020471,3,1,2,6,4
18020472,5,4,7,9,2
18020473,4,9,10,2,6
18020474,5,11,6,2,8
18020475,8,5,11,1,7
18020476,5,2,6,11,3
18020477,1,2,3,10,6
18020478,2,1,10,4,6
18020479,11,3,9,7,8
18020480,4,3,9,5,6
18020481,8,5,1,6,7
18020482,9,2,4,6,1
18020483,8,3,4,5,11
18020484,2,4,10,5,11
18020485,9,11,7,8,3
18020486,5,10,3,2,7
18020487,7,2,10,9,6
18020501,11,9,2,1,3
18020502,9,5,2,4,7
18020503,6,9,8,1,2
18020504,10,6,4,3,11
18020505,2,11,3,5,1
18020506,3,7,10,5,8
18020507,9,3,1,6,8
18020508,10,7,5,1,4
18020509,1,4,7,5,6
18020510,11,7,3,8,1
18020511,8,3,7,11,6
18020512,10,9,11,4,2
18020513,9,7,6,5,1
18020514,8,1,3,9,4
18020515,8,4,11,1,10
18020516,3,4,1,9,5
18020517,11,1,9,10,8
18020518,8,11,4,2,7
18020519,8,11,6,2,9
18020520,8,3,9,2,10
18020521,7,3,8,5,6
18020522,7,11,9,10,1
18020523,3,8,2,1,4
18020524,6,10,8,3,7
18020525,1,11,4,3,10
18020526,10,9,8,1,2
18020527,6,10,2,5,1
18020528,2,4,3,6,8
18020529,6,9,5,3,1
18020530,8,9,10,3,7
18020531,9,7,8,2,5
18020532,3,7,5,1,2
18020533,1,8,11,4,9
18020534,5,8,11,10,1
18020535,10,9,8,3,11
18020536,5,3,6,11,8
18020537,3,7,10,1,9
18020538,2,3,9,8,4
18020539,1,3,6,2,10
18020540,8,9,2,11,6
18020541,11,3,10,2,4
18020542,2,4,3,11,9
18020543,4,5,1,9,3
18020544,1,5,7,10,9
18020545,5,11,10,9,3
18020546,2,7,6,5,9
18020547,1,4,9,5,2
18020548,11,3,10,1,6
18020549,6,7,2,8,3
18020550,10,5,9,11,6
18020551,1,4,8,11,6
18020552,9,6,5,7,8
18020553,5,3,6,9,10
18020554,5,7,9,8,11
18020555,4,10,8,3,9
18020556,8,4,9,1,2
18020557,8,7,1,5,3
18020558,1,8,5,4,3
18020559,1,7,5,11,4
18020560,10,6,4,3,1
18020561,6,3,4,1,9
18020562,9,2,3,7,8
18020563,8,7,11,6,10
18020564,6,2,3,1,10
18020565,3,2,8,7,11
18020566,8,2,1,3,5
18020567,9,8,11,10,5
18020568,3,4,1,2,7
18020569,7,10,9,11,3
18020570,6,2,1,10,8
18020571,9,4,6,11,3
18020572,8,9,1,5,3
18020573,11,7,6,10,5
18020574,9,1,4,5,7
18020575,4,11,6,5,3
18020576,6,4,5,11,1
18020577,3,10,4,9,1
18020578,1,9,4,3,7
18020579,6,1,4,2,11
18020580,2,9,11,8,3
18020581,5,11,10,3,2
18020582,10,11,1,5,2
18020583,4,1,5,9,6
18020584,5,3,6,9,1
18020585,6,4,2,8,9
18020586,9,2,3,8,7
18020587,8,11,3,4,1
18020601,6,7,1,8,5
18020602,5,4,10,3,11
18020603,3,7,8,6,2
18020604,9,6,5,4,7
18020605,10,9,1,2,7
18020606,1,9,4,5,6
18020607,9,7,11,1,5
18020608,1,4,3,11,10
18020609,8,7,6,11,10
18020610,2,8,1,5,4
18020611,3,9,5,8,1
18020612,3,4,6,2,8
18020613,6,3,11,2,1
18020614,11,1,4,3,8
18020615,3,6,10,1,8
18020616,3,10,5,9,11
18020617,5,8,11,10,9
18020618,10,11,2,8,6
18020619,7,3,10,6,9
18020620,11,10,9,2,8
18020621,7,1,5,2,9
18020622,4,3,10,7,2
18020623,7,6,1,5,8
18020624,7,2,11,6,3
18020625,6,3,4,5,8
18020626,7,8,1,5,4
18020627,4,11,6,3,9
18020628,6,3,4,2,1
18020629,10,1,11,6,9
18020630,7,3,5,9,1
18020631,4,3,8,11,1
18020632,7,10,1,3,11
18020633,3,9,10,4,5
18020634,11,2,8,4,5
18020635,3,4,6,5,11
18020636,1,6,9,3,4
18020637,8,11,4,5,9
18020638,9,6,5,2,1
18020639,8,10,3,4,1
18020640,4,8,1,6,10
18020641,1,4,11,7,3
18020642,6,2,9,1,10
18020643,7,5,11,2,10
18020644,2,8,4,10,5
18020645,9,5,6,10,8
18020646,11,7,2,8,5
18020647,7,8,2,1,6
18020648,1,8,10,2,6
18020649,4,8,5,2,7
18020650,6,3,10,7,2
18020651,2,5,7,6,11
18020652,1,2,3,11,4
18020653,11,2,1,8,4
18020654,3,11,9,6,4
18020655,2,11,5,6,8
18020656,3,2,11,9,7
18020657,9,3,4,11,5
18020658,4,8,9,2,10
18020659,10,6,1,11,9
18020660,1,5,7,11,6
18020661,9,3,11,7,4
18020662,3,2,11,7,9
18020663,6,4,10,7,1
18020664,7,2,6,5,11
18020665,6,2,7,5,1
18020666,4,2,11,8,7
18020667,4,10,2,9,11
18020668,5,11,3,7,9
18020669,2,10,8,7,4
18020670,11,4,1,8,7
18020671,8,11,7,6,10
18020672,5,1,10,2,11
18020673,8,7,11,5,1
18020674,7,10,2,9,8
18020675,8,5,3,10,1
18020676,8,7,5,4,10
18020677,3,7,2,9,4
18020678,11,9,7,6,5
18020679,7,8,5,3,1
18020680,1,11,4,10,8
18020681,8,2,7,11,1
18020682,1,10,7,9,4
18020683,5,7,2,6,10
18020684,8,5,9,3,6
18020685,10,2,4,7,3
18020686,6,9,3,11,1
18020687,8,6,10,3,7
18020701,10,5,7,2,6
18020702,2,8,5,10,6
18020703,9,10,5,7,1
18020704,3,2,10,1,7
18020705,10,5,6,3,9
18020706,2,5,3,11,10
18020707,7,6,2,8,11
18020708,8,10,2,1,4
18020709,6,1,8,5,11
18020710,5,6,8,10,7
18020711,10,4,3,9,11
18020712,9,3,5,11,6
18020713,7,3,8,11,5
18020714,6,11,9,8,1
18020715,7,2,8,6,11
18020716,6,2,7,11,8
18020717,2,7,6,4,8
18020718,7,2,6,8,5
18020719,11,7,2,3,4
18020720,10,7,4,6,8
18020721,8,9,3,7,11
18020722,5,11,8,9,4
18020723,6,5,11,2,1
18020724,3,11,8,5,1
18020725,5,9,8,6,7
18020726,11,4,9,5,10
18020727,3,2,4,1,9
18020728,10,3,6,5,7
18020729,7,3,1,6,10
18020730,11,9,3,7,4
18020731,10,7,3,11,4
18020732,7,9,5,8,1
18020733,7,5,8,6,1
18020734,10,5,9,8,2
18020735,6,5,3,2,4
18020736,10,7,8,3,2
18020737,8,1,11,9,3
18020738,4,11,6,3,5
18020739,10,1,11,5,8
18020740,6,10,11,8,7
18020741,7,1,10,2,8
18020742,4,5,9,2,7
18020743,11,4,8,9,7
18020744,2,7,1,5,4
18020745,8,5,3,6,7
18020746,1,5,11,8,2
18020747,6,11,3,4,1
18020748,7,6,4,11,5
18020749,8,10,3,9,11
18020750,10,11,2,1,4
18020751,10,6,2,11,3
18020752,1,2,11,3,9
18020753,3,2,9,7,4
18020754,5,4,2,3,8
18020755,6,3,1,7,10
18020756,6,4,7,5,2
18020757,7,9,5,2,10
18020758,1,10,7,6,2
18020759,4,1,10,5,3
18020760,7,9,10,11,1
18020761,4,11,3,5,6
18020762,6,11,5,2,7
18020763,11,9,10,5,6
18020764,7,8,5,10,9
18020765,1,4,3,8,6
18020766,6,3,11,1,9
18020767,2,11,3,9,7
18020768,6,3,9,10,8
18020769,1,2,11,10,6
18020770,3,2,11,4,10
18020771,7,9,11,5,4
18020772,2,9,1,5,6
18020773,4,3,1,9,10
18020774,10,2,4,7,6
18020775,2,10,1,6,8
18020776,6,2,4,3,9
18020777,9,11,5,4,10
18020778,5,10,4,8,7
18020779,2,1,10,4,9
18020780,7,2,5,6,1
18020781,8,7,1,5,6
18020782,4,6,1,3,8
18020783,8,2,7,5,11
18020784,10,6,8,5,2
18020785,6,7,10,9,8
18020786,6,5,2,3,9
18020787,8,10,9,3,2
18020801,11,2,5,6,4
18020802,10,7,4,11,2
18020803,8,2,3,4,5
18020804,3,7,8,2,5
18020805,7,2,9,3,11
18020806,11,3,1,2,5
18020807,11,1,4,7,10
18020808,1,4,8,3,11
18020809,3,2,11,7,1
18020810,1,8,4,7,5
18020811,10,8,2,6,9
18020812,3,1,5,9,6
18020813,10,3,7,5,2
18020814,1,3,4,7,5
18020815,6,11,8,1,10
18020816,11,8,3,7,2
18020817,2,9,10,8,3
18020818,3,2,5,6,1
18020819,8,6,7,3,4
18020820,10,6,1,7,3
18020821,3,8,5,9,11
18020822,11,8,10,1,9
18020823,8,11,5,1,2
18020824,4,6,8,2,9
18020825,8,3,6,11,1
18020826,6,8,10,9,11
18020827,8,9,6,7,1
18020828,7,1,6,4,3
18020829,8,4,11,2,1
18020830,6,2,1,9,11
18020831,9,8,5,11,1
18020832,2,8,11,10,7
18020833,11,6,8,3,1
18020834,11,6,5,1,10
18020835,11,8,2,3,9
18020836,11,8,7,2,6
18020837,10,9,7,3,11
18020838,11,8,9,6,1
18020839,3,5,7,9,4
18020840,2,11,1,3,7
18020841,6,8,4,11,9
18020842,1,7,8,6,11
18020843,11,7,2,1,5
18020844,3,5,6,2,7
18020845,3,10,6,11,2
18020846,3,2,4,9,8
18020847,4,5,7,11,6
18020848,2,8,4,1,7
18020849,10,4,11,3,8
18020850,5,10,1,3,2
18020851,5,9,6,1,2
18020852,4,2,1,3,10
18020853,2,9,5,3,10
18020854,7,11,3,9,4
18020855,10,7,6,8,11
18020856,5,11,8,10,6
18020857,2,1,6,10,8
18020858,11,3,1,9,4
18020859,10,3,9,2,8
18020860,5,11,4,1,7
18020861,6,1,5,11,3
18020862,8,3,4,10,6
18020863,4,1,6,9,10
18020864,3,1,9,10,11
18020865,9,7,6,8,1
18020866,3,1,10,9,7
18020867,10,5,2,7,3
18020868,9,4,3,8,5
18020869,7,4,5,11,10
18020870,9,5,3,4,10
18020871,1,2,8,3,4
18020872,1,11,8,9,7
18020873,10,6,7,8,3
18020874,1,8,11,7,4
18020875,5,4,3,7,9
18020876,5,6,10,1,4
18020877,4,3,5,1,11
18020878,10,4,6,11,3
18020879,7,11,9,3,6
18020880,7,11,5,4,1
18020881,1,9,5,4,3
18020882,5,7,6,9,8
18020883,8,4,1,9,5
18020884,1,6,4,2,7
18020885,5,1,10,11,7
18020886,10,1,6,8,3
18020887,7,4,8,6,2
18020901,10,4,5,11,9
18020902,10,6,4,5,8
18020903,7,4,3,10,9
18020904,10,11,1,6,8
18020905,3,1,7,6,9
18020906,10,5,1,7,9
18020907,2,11,9,7,1
18020908,9,4,2,1,5
18020909,3,8,2,11,4
18020910,3,8,1,10,7
18020911,8,7,4,10,9
18020912,9,2,5,4,1
18020913,1,9,10,5,4
18020914,11,3,1,4,8
18020915,1,9,3,6,2
18020916,1,2,7,10,5
18020917,5,6,7,4,1
18020918,7,11,10,2,3
18020919,6,7,10,1,5
18020920,11,6,4,2,5
18020921,2,3,11,6,10
18020922,6,10,7,5,11
18020923,11,9,2,6,5
18020924,5,7,4,3,11
18020925,6,10,1,5,2
18020926,8,7,11,6,3
18020927,1,5,10,6,8
18020928,5,6,7,2,3
18020929,7,5,9,2,3
18020930,8,9,7,2,1
18020931,7,2,9,1,5
18020932,10,2,8,7,5
18020933,10,5,11,7,1
18020934,10,4,1,6,3
18020935,9,5,2,11,1
18020936,5,4,7,11,9
18020937,10,7,6,2,9
18020938,10,11,2,1,8
18020939,11,9,4,8,7
18020940,2,4,6,7,9
18020941,9,8,10,6,1
18020942,9,5,8,2,11
18020943,3,5,4,10,1
18020944,5,11,10,6,8
18020945,11,9,2,1,3
18020946,4,5,2,7,10
18020947,1,11,10,7,8
18020948,6,10,9,5,4
18020949,3,4,5,1,2
18020950,7,5,9,6,11
18020951,11,6,2,4,5
18020952,11,3,6,9,4
18020953,6,1,2,11,9
18020954,7,8,11,4,2
18020955,3,5,7,11,10
18020956,9,8,7,11,3
18020957,5,4,8,9,3
18020958,1,6,2,5,11
18020959,3,7,11,1,6
18020960,5,9,8,4,1
18020961,6,8,10,1,11
18020962,11,1,3,10,5
18020963,7,9,1,5,8
18020964,7,5,9,11,6
18020965,3,2,5,11,7
18020966,2,7,10,3,6
18020967,9,5,10,11,1
18020968,8,4,1,5,10
18020969,10,8,6,11,5
18020970,11,3,10,5,4
18020971,6,4,3,8,1
18020972,7,1,11,10,3
18020973,5,8,10,9,11
18020974,11,10,4,2,5
18020975,11,3,9,4,1
18020976,8,7,4,6,1
18020977,7,4,9,8,10
18020978,7,9,3,5,2
18020979,7,2,5,8,9
18020980,11,5,6,2,10
18020981,4,6,7,8,2
18020982,2,9,10,4,3
18020983,9,11,2,1,6
18020984,10,11,7,5,8
18020985,3,11,7,4,5
18020986,8,11,3,6,2
18020987,8,4,6,1,3
18021001,9,4,8,7,1
18021002,5,9,11,1,6
18021003,7,1,11,5,3
18021004,11,7,2,4,3
18021005,4,6,7,3,9
18021006,4,10,11,1,7
18021007,10,7,11,1,2
18021008,2,7,11,4,5
18021009,1,7,6,5,3
18021010,3,1,9,8,7
18021011,4,3,6,7,9
18021012,9,2,7,8,6
18021013,10,3,4,11,2
18021014,5,10,6,2,1
18021015,9,1,11,10,6
18021016,8,6,2,9,1
18021017,3,11,9,8,4
18021018,4,1,5,11,3
18021019,4,9,11,1,8
18021020,5,1,4,6,3
18021021,3,2,11,5,7
18021022,2,9,8,11,4
18021023,11,8,6,7,5
18021024,3,10,7,5,2
18021025,3,6,5,11,8
18021026,3,8,4,1,6
18021027,5,10,4,2,1
18021028,2,5,3,7,10
18021029,4,5,1,3,11
18021030,11,6,7,10,9
18021031,2,3,8,1,11
18021032,3,10,6,1,7
18021033,4,10,9,7,2
18021034,4,7,8,9,2
18021035,7,10,8,1,9
18021036,8,3,10,2,9
18021037,9,4,6,5,11
18021038,10,6,9,1,2
18021039,5,10,3,11,9
18021040,8,5,1,3,4
18021041,11,5,10,9,2
18021042,3,5,1,10,7
18021043,6,2,10,1,9
18021044,1,8,4,9,6
18021045,7,3,10,4,5
18021046,11,8,7,10,1
18021047,1,5,11,6,3
18021048,2,11,7,10,9
18021049,6,8,5,10,11
18021050,10,11,9,8,3
18021051,5,3,8,4,2
18021052,2,3,9,1,11
18021053,2,8,3,7,9
18021054,10,6,1,8,4
18021055,3,11,8,2,6
18021056,1,3,7,9,11
18021057,2,7,8,3,1
18021058,9,6,5,2,1
18021059,10,3,11,6,9
18021060,11,4,6,10,3
18021061,8,7,5,6,9
18021062,10,5,1,4,9
18021063,6,10,2,4,11
18021064,7,1,9,11,4
18021065,7,1,8,10,4
18021066,6,1,10,4,11
18021067,3,1,5,9,6
18021068,1,7,3,6,11
18021069,7,2,5,11,3
18021070,9,1,8,3,4
18021071,9,7,8,2,6
18021072,9,1,8,5,7
18021073,8,5,6,10,1
18021074,2,4,10,3,5
18021075,11,1,3,8,4
18021076,3,10,9,6,2
18021077,8,7,9,11,6
18021078,5,7,11,2,8
18021079,5,9,8,4,1
18021080,5,3,4,9,2
18021081,1,5,11,8,10
18021082,9,10,6,1,8
18021083,1,3,4,11,6
18021084,10,11,6,2,5
18021085,3,5,1,2,10
18021086,5,2,4,3,7
18021087,7,2,11,10,8
18021101,6,7,9,2,3
18021102,8,1,3,10,7
18021103,7,3,4,6,2
18021104,11,6,10,7,3
18021105,7,4,6,5,11
18021106,11,5,6,8,4
18021107,1,9,10,4,3
18021108,4,7,5,2,9
18021109,4,3,10,11,2
18021110,3,10,1,4,5
18021111,4,3,7,6,9
18021112,3,5,2,11,6
18021113,7,4,10,8,6
18021114,10,11,2,9,8
18021115,7,3,10,6,9
18021116,1,3,8,9,5
18021117,11,2,10,5,9
18021118,6,11,10,4,7
18021119,1,7,11,6,2
18021120,11,8,6,3,5
18021121,5,3,4,8,10
18021122,6,7,9,3,4
18021123,4,6,2,9,7
18021124,6,7,2,8,11
18021125,5,3,9,10,1
18021126,7,1,4,2,10
18021127,5,8,7,10,1
18021128,11,4,8,1,3
18021129,8,11,3,10,9
18021130,9,2,5,4,1
18021131,10,6,2,7,5
18021132,1,11,2,9,6
18021133,9,5,1,11,8
18021134,4,9,3,2,6
18021135,2,11,5,9,10
18021136,6,10,8,5,2
18021137,8,7,3,9,1
18021138,9,11,8,2,10
18021139,5,4,6,11,3
18021140,1,7,9,10,2
18021141,5,6,4,8,2
18021142,9,8,6,10,5
18021143,8,4,5,2,3
18021144,5,1,11,3,6
18021145,4,1,11,10,9
18021146,11,1,2,3,7
18021147,7,11,9,10,3
18021148,3,6,8,10,9
18021149,1,2,6,7,3
18021150,11,6,7,1,8
18021151,10,6,5,1,3
18021152,9,2,7,6,8
18021153,2,1,3,5,7
18021154,8,3,7,2,10
18021155,7,11,5,6,1
18021156,2,8,5,10,9
18021157,7,9,3,11,6
18021158,5,4,6,9,1
18021159,8,2,4,11,5
18021160,2,6,4,3,10
18021161,7,3,6,11,4
18021162,4,6,2,11,9
18021163,1,5,2,3,4
18021164,6,2,7,3,5
18021165,4,9,7,1,5
18021166,3,2,9,5,1
18021167,1,8,9,3,10
18021168,1,8,11,5,10
18021169,3,5,2,11,9
18021170,8,3,2,10,6
18021171,9,1,6,4,2
18021172,7,2,4,3,1
18021173,1,2,3,5,4
18021174,8,6,11,5,10
18021175,3,8,5,11,6
18021176,2,9,1,7,6
18021177,6,1,10,11,7
18021178,4,2,1,5,7
18021179,11,9,4,3,10
18021180,6,4,10,9,7
18021181,6,10,3,5,11
18021182,5,7,3,2,6
18021183,10,9,2,4,1
18021184,2,8,4,3,11
18021185,4,8,2,5,7
18021186,10,9,6,1,5
18021187,11,4,7,5,2
18021201,4,10,5,8,9
18021202,3,2,6,10,1
18021203,9,6,10,5,11
18021204,5,6,8,2,4
18021205,10,9,11,7,2
18021206,11,2,9,5,3
18021207,4,7,8,6,10
18021208,9,6,2,8,3
18021209,7,4,5,9,6
18021210,4,3,8,5,11
18021211,2,7,6,9,8
18021212,3,6,8,10,7
18021213,6,10,4,9,1
18021214,9,3,7,8,5
18021215,8,11,10,2,9
18021216,8,6,5,3,9
18021217,2,7,4,11,8
18021218,2,7,6,4,9
18021219,8,11,3,1,4
18021220,8,9,10,6,1
18021221,7,6,5,8,3
18021222,1,6,8,2,11
18021223,1,7,6,9,10
18021224,3,9,11,8,5
18021225,6,2,5,1,8
18021226,3,1,9,6,5
18021227,6,10,1,7,4
18021228,9,8,1,5,4
18021229,11,4,8,9,2
18021230,3,4,5,10,9
18021231,5,8,1,6,11
18021232,11,9,1,4,7
18021233,6,4,8,5,7
18021234,6,11,8,10,9
18021235,11,6,1,5,10
18021236,6,7,2,3,4
18021237,6,11,2,5,4
18021238,2,5,9,11,8
18021239,6,2,10,1,4
18021240,2,5,1,10,7
18021241,1,4,10,5,9
18021242,11,3,6,10,1
18021243,11,10,9,5,2
18021244,6,5,11,9,10
18021245,8,5,2,10,1
18021246,4,3,9,6,11
18021247,1,10,4,8,11
18021248,11,6,5,8,10
18021249,1,6,7,10,4
18021250,1,5,2,7,10
18021251,1,8,11,2,6
18021252,8,6,9,5,3
18021253,10,4,1,3,5
18021254,9,5,4,2,6
18021255,10,7,9,6,5
18021256,10,1,7,5,4
18021257,6,9,3,4,7
18021258,2,7,8,9,3
18021259,6,9,11,5,10
18021260,6,7,4,10,8
18021261,8,7,3,2,11
18021262,8,6,11,4,2
18021263,3,5,9,10,8
18021264,8,9,2,11,3
18021265,6,3,10,9,1
18021266,2,3,6,8,1
18021267,11,7,5,10,9
18021268,11,5,4,7,3
18021269,6,1,3,9,5
18021270,2,8,4,9,5
18021271,4,9,10,1,2
18021272,11,10,2,4,7
18021273,6,5,4,10,1
18021274,3,2,1,5,9
18021275,9,7,10,8,11
18021276,11,6,7,9,8
18021277,2,5,1,11,9
18021278,8,7,9,10,3
18021279,7,5,1,11,4
18021280,4,1,9,3,10
18021281,10,6,2,1,7
18021282,11,1,5,2,3
18021283,6,11,1,9,8
18021284,10,4,9,8,11
18021285,1,7,8,4,5
18021286,10,2,5,7,9
18021287,9,11,1,4,3
18021301,2,1,11,6,4
18021302,1,6,11,3,10
18021303,2,7,9,1,11
18021304,10,8,11,7,5
18021305,8,11,10,7,1
18021306,6,4,10,8,1
18021307,4,3,2,11,5
18021308,6,8,2,9,3
18021309,10,5,4,9,8
18021310,11,9,2,8,4
18021311,10,5,3,7,6
18021312,3,6,9,10,11
18021313,5,11,10,2,8
18021314,8,6,9,3,10
18021315,7,5,11,4,9
18021316,6,4,8,9,5
18021317,11,6,2,7,3
18021318,8,6,3,11,9
18021319,5,2,9,7,6
18021320,2,3,6,9,8
18021321,2,11,7,9,10
18021322,3,11,5,4,9
18021323,2,10,8,4,11
18021324,11,8,1,2,9
18021325,6,9,4,1,7
18021326,10,3,9,11,8
18021327,6,1,10,4,8
18021328,10,5,1,4,8
18021329,6,8,1,3,7
18021330,3,2,5,7,8
18021331,8,9,3,11,7
18021332,3,4,1,2,8
18021333,3,6,1,9,10
18021334,6,5,4,1,11
18021335,6,5,1,3,11
18021336,1,10,9,11,5
18021337,8,10,7,3,5
18021338,1,11,10,4,7
18021339,9,5,3,7,4
18021340,4,1,8,9,10
18021341,9,5,6,11,8
18021342,3,9,8,10,1
18021343,1,11,5,4,9
18021344,2,11,6,9,1
18021345,2,4,11,8,1
18021346,6,7,10,9,1
18021347,7,1,2,8,9
18021348,10,8,7,3,2
18021349,8,6,5,11,2
18021350,1,9,3,8,7
18021351,8,3,11,6,2
18021352,9,5,6,11,3
18021353,3,9,5,2,8
18021354,6,10,7,8,1
18021355,8,11,7,3,6
18021356,3,6,11,8,9
18021357,11,6,5,10,1
18021358,7,4,9,3,8
18021359,3,6,1,9,11
18021360,1,3,5,4,2
18021361,10,7,2,3,11
18021362,1,6,5,10,11
18021363,5,4,3,1,7
18021364,11,10,6,3,1
18021365,1,7,4,10,11
18021366,2,7,5,1,6
18021367,3,9,8,11,4
18021368,2,11,8,10,1
18021369,5,4,7,11,1
18021370,4,1,6,9,8
18021371,1,8,5,2,6
18021372,9,5,6,4,7
18021373,8,6,3,1,2
18021374,4,6,5,9,11
18021375,9,10,6,4,11
18021376,9,4,6,3,5
18021377,4,3,6,2,10
18021378,2,11,8,7,1
18021379,2,11,8,7,3
18021380,6,2,9,3,1
18021381,3,5,4,1,7
18021382,8,9,2,10,4
18021383,3,4,5,11,6
18021384,5,9,10,6,8
18021385,5,1,3,6,4
18021386,1,4,5,10,8
18021387,1,10,2,6,3
18021401,5,3,11,9,1
18021402,1,9,4,7,8
18021403,8,11,1,7,6
18021404,3,6,4,2,1
18021405,4,6,2,1,7
18021406,10,9,11,5,1
18021407,5,10,8,4,1
18021408,6,2,7,8,4
18021409,9,2,5,10,1
18021410,2,7,4,5,10
18021411,1,5,8,4,11
18021412,9,7,1,2,11
18021413,9,5,3,8,2
18021414,1,7,3,2,9
18021415,9,3,4,8,1
18021416,10,2,1,9,6
18021417,9,2,11,8,4
18021418,11,5,1,3,2
18021419,10,6,1,4,7
18021420,5,11,4,6,2
18021421,5,4,9,2,3
18021422,1,6,9,7,10
18021423,9,1,8,7,6
18021424,6,4,7,9,3
18021425,11,4,10,6,8
18021426,3,1,10,5,7
18021427,5,2,11,10,7
18021428,11,1,5,7,9
18021429,7,3,9,5,4
18021430,7,9,6,3,4
18021431,1,9,11,7,3
18021432,2,5,4,11,6
18021433,9,6,11,7,3
18021434,11,10,3,1,4
18021435,4,10,1,2,3
18021436,1,4,11,5,6
18021437,2,9,8,7,4
18021438,6,7,2,3,10
18021439,11,2,10,6,3
18021440,4,3,9,1,11
18021441,7,10,11,4,5
18021442,7,6,8,2,1
18021443,2,3,8,1,5
18021444,1,5,10,6,9
18021445,9,1,10,3,11
18021446,4,9,2,1,6
18021447,11,9,1,3,4
18021448,1,4,5,7,8
18021449,2,5,3,1,8
18021450,2,8,6,3,10
18021451,3,2,10,4,1
18021452,8,1,3,6,9
18021453,8,9,6,2,5
18021454,5,6,4,9,1
18021455,9,4,7,6,11
18021456,5,1,2,6,7
18021457,3,10,8,11,5
18021458,4,11,7,6,2
18021459,10,5,3,1,8
18021460,8,7,11,3,2
18021461,9,10,5,3,6
18021462,3,8,7,11,2
18021463,4,10,2,11,6
18021464,3,9,7,1,4
18021465,2,8,7,1,6
18021466,11,5,4,10,1
18021467,8,1,9,6,5
18021468,4,7,3,11,2
18021469,11,1,4,3,9
18021470,1,3,5,7,4
18021471,7,5,6,4,3
18021472,6,5,4,8,2
18021473,2,1,9,6,7
18021474,8,4,10,2,3
18021475,1,4,3,9,10
18021476,7,11,6,10,9
18021477,9,4,5,11,2
18021478,2,8,6,5,11
18021479,8,2,10,9,6
18021480,11,2,3,1,5
18021481,9,6,10,7,5
18021482,1,5,3,6,2
18021483,6,11,9,5,7
18021484,11,7,3,2,9
18021485,2,3,11,4,9
18021486,10,8,4,1,7
18021487,4,8,10,6,9
18022201,7,2,11,4,9
18022202,2,5,1,7,6
18022203,9,7,5,2,10
18022204,8,7,9,11,2
18022205,5,10,1,3,6
18022206,7,9,2,10,6
18022207,9,5,3,2,11
18022208,7,1,6,5,9
18022209,3,9,6,10,11
18022210,6,3,8,10,9
18022211,7,11,10,5,4
18022212,8,6,4,9,2
18022213,8,11,1,6,9
18022214,4,9,7,11,5
18022215,11,1,5,10,8
18022216,7,10,6,1,11
18022217,8,1,4,9,11
18022218,3,10,4,6,7
18022219,9,1,5,8,7
18022220,6,7,9,1,11
18022221,2,11,7,5,3
18022222,3,5,7,8,2
18022223,9,11,10,8,7
18022224,9,1,7,3,11
18022225,11,9,7,10,1
18022226,9,4,2,8,11
18022227,9,11,10,5,1
18022228,7,10,9,6,4
18022229,8,11,4,7,3
18022230,11,10,8,1,7
18022231,11,1,8,9,2
18022232,11,2,6,10,5
18022233,11,3,1,2,5
18022234,6,9,10,8,4
18022235,10,9,3,6,2
18022236,2,5,9,3,8
18022237,9,3,11,2,7
18022238,8,10,6,1,4
18022239,9,2,11,6,5
18022240,5,6,8,1,2
18022241,9,11,1,7,6
18022242,7,11,2,10,4
18022243,11,10,7,2,8
18022244,6,8,3,11,1
18022245,7,3,1,5,9
18022246,1,11,10,2,3
18022247,9,1,11,4,8
18022248,5,3,9,6,2
18022249,1,2,9,6,11
18022250,11,1,10,6,7
18022251,11,10,8,6,9
18022252,6,4,5,1,11
18022253,4,7,10,1,8
18022254,6,1,11,5,10
18022255,7,3,9,5,10
18022256,7,6,9,3,10
18022257,9,3,4,10,1
18022258,3,8,7,11,5
18022259,2,9,6,4,7
18022260,7,1,3,8,10
18022261,6,2,4,1,10
18022262,10,7,11,2,1
18022263,4,10,6,5,2
18022264,1,8,4,5,7
18022265,8,3,10,11,4
18022266,5,10,11,7,1
18022267,1,4,3,9,7
18022268,9,10,8,1,4
18022269,4,3,5,7,9
18022270,5,1,9,3,11
18022271,8,9,5,10,6
18022272,1,7,11,8,5
18022273,4,5,9,2,1
18022274,5,2,7,10,8
18022275,5,10,1,11,6
18022276,7,6,10,8,11
18022277,10,3,5,1,9
18022278,3,4,10,6,2
18022279,4,10,2,6,1
18022280,3,9,11,1,2
18022281,3,8,11,4,2
18022282,11,7,4,2,9
18022283,8,6,9,3,11
18022284,8,2,7,4,3
18022285,8,7,3,9,6
18022286,4,10,1,7,9
18022287,9,2,6,8,11
18022301,6,8,4,11,2
18022302,4,10,3,5,6
18022303,11,7,9,1,10
18022304,10,6,11,9,4
18022305,7,8,10,5,9
18022306,3,10,2,9,4
18022307,1,5,10,6,2
18022308,5,9,6,10,4
18022309,4,10,7,11,3
18022310,7,2,4,10,1
18022311,4,2,5,7,1
18022312,11,10,4,3,6
18022313,1,7,11,9,4
18022314,6,3,1,8,9
18022315,3,2,4,7,6
18022316,7,6,2,10,11
18022317,5,10,4,11,8
18022318,6,2,11,4,7
18022319,7,3,2,8,6
18022320,9,1,4,5,3
18022321,5,2,6,1,7
18022322,6,1,5,2,7
18022323,11,10,8,6,4
18022324,9,7,10,11,3
18022325,8,10,11,7,3
18022326,7,11,1,10,5
18022327,5,8,2,1,7
18022328,10,6,7,9,3
18022329,3,8,11,1,4
18022330,4,8,5,1,6
18022331,1,5,3,8,2
18022332,8,9,7,6,2
18022333,5,7,10,2,4
18022334,1,3,8,7,10
18022335,6,11,8,2,10
18022336,4,8,7,10,2
18022337,11,3,1,8,4
18022338,5,8,11,2,10
18022339,11,8,7,5,9
18022340,1,9,10,4,7
18022341,1,6,3,9,2
18022342,8,11,3,6,10
18022343,4,1,8,2,5
18022344,3,5,7,4,9
18022345,1,9,6,7,2
18022346,10,11,8,6,2
18022347,4,8,11,2,9
18022348,8,11,2,3,9
18022349,11,3,10,2,6
18022350,5,6,4,7,9
18022351,5,10,8,7,9
18022352,4,1,3,9,2
18022353,3,9,10,11,8
18022354,10,8,4,9,5
18022355,5,4,9,1,7
18022356,7,1,9,10,3
18022357,5,6,8,1,3
18022358,6,9,7,5,3
18022359,6,3,11,4,7
18022360,3,8,4,9,1
18022361,1,5,8,10,3
18022362,5,2,10,8,11
18022363,9,3,5,1,10
18022364,4,1,10,9,11
18022365,11,6,10,7,9
18022366,10,6,8,7,4
18022367,9,2,7,8,10
18022368,3,6,1,5,8
18022369,2,11,8,5,9
18022370,8,11,5,7,9
18022371,7,1,10,5,11
18022372,7,1,10,2,3
18022373,4,5,8,3,1
18022374,2,7,11,10,6
18022375,3,4,6,1,10
18022376,10,2,11,3,6
18022377,10,1,9,4,2
18022378,9,7,6,11,1
18022379,1,8,10,3,4
18022380,3,11,7,4,2
18022381,10,9,5,11,2
18022382,1,4,8,5,9
18022383,8,3,10,5,2
18022384,5,1,9,11,6
18022385,9,3,5,6,10
18022386,10,9,6,4,5
18022387,11,7,9,5,10
18022401,3,7,6,4,9
18022402,10,4,9,1,5
18022403,6,9,8,11,5
18022404,4,11,10,8,7
18022405,9,1,4,11,7
18022406,10,4,11,8,5
18022407,2,5,9,10,3
18022408,8,9,5,1,10
18022409,2,3,11,8,6
18022410,10,8,2,7,5
18022411,5,8,2,3,4
18022412,8,10,6,2,7
18022413,10,3,7,9,4
18022414,3,8,5,9,7
18022415,11,2,7,3,9
18022416,5,11,9,3,1
18022417,3,2,1,8,10
18022418,11,1,6,7,4
18022419,3,8,9,4,2
18022420,1,11,4,5,3
18022421,8,5,11,1,9
18022422,4,11,9,8,6
18022423,5,7,9,2,3
18022424,6,8,10,7,2
18022425,2,6,7,11,3
18022426,1,10,7,2,8
18022427,7,11,9,5,4
18022428,3,9,10,8,6
18022429,11,3,6,10,7
18022430,5,11,6,1,10
18022431,1,5,3,7,4
18022432,10,2,3,6,5
18022433,4,7,11,5,6
18022434,1,4,2,7,9
18022435,3,4,5,2,10
18022436,4,8,5,11,10
18022437,5,7,3,6,11
18022438,1,7,9,11,2
18022439,5,3,9,2,4
18022440,7,6,9,2,5
18022441,7,8,5,3,9
18022442,2,5,1,7,3
18022443,5,1,2,6,8
18022444,9,6,4,7,11
18022445,5,3,1,4,7
18022446,6,11,1,7,8
18022447,1,5,2,10,7
18022448,8,10,3,11,2
18022449,10,1,4,5,2
18022450,8,10,4,1,9
18022451,6,11,3,2,5
18022452,4,1,3,11,6
18022453,5,11,8,3,6
18022454,11,6,4,8,5
18022455,7,5,10,8,3
18022456,6,11,1,4,7
18022457,2,4,5,11,10
18022458,10,7,6,3,4
18022459,10,8,5,9,7
18022460,6,2,7,9,4
18022461,1,4,5,11,3
18022462,6,5,8,3,1
18022463,7,1,9,2,3
18022464,10,11,6,1,4
18022465,11,6,2,4,7
18022466,4,8,6,5,3
18022467,3,8,7,2,10
18022468,3,1,9,8,7
18022469,9,7,2,5,4
18022470,9,10,2,8,7
18022471,10,2,9,5,3
18022472,10,6,9,4,5
18022473,8,1,5,2,4
18022474,4,3,6,2,11
18022475,3,5,10,4,1
18022476,8,6,5,7,3
18022477,9,1,8,11,10
18022478,5,4,2,6,3
18022479,1,5,11,3,9
18022480,3,10,4,5,9
18022481,7,11,8,10,5
18022482,11,8,4,7,3
18022483,4,8,9,11,1
18022484,9,2,8,11,6
18022485,1,7,11,3,8
18022486,10,8,7,11,2
18022487,1,7,11,8,5
18022501,6,5,3,4,1
18022502,9,3,5,4,7
18022503,2,5,7,6,3
18022504,11,7,3,9,2
18022505,8,10,4,1,2
18022506,6,11,7,5,9
18022507,4,6,8,3,10
18022508,8,4,6,5,9
18022509,5,2,6,11,1
18022510,4,10,2,3,6
18022511,8,4,6,3,7
18022512,2,5,1,9,10
18022513,7,9,1,5,8
18022514,8,1,9,5,11
18022515,6,7,11,1,5
18022516,11,7,2,4,3
18022517,9,2,4,8,6
18022518,7,4,8,1,9
18022519,8,6,7,11,4
18022520,4,1,5,8,11
18022521,5,8,3,1,9
18022522,9,4,7,2,8
18022523,11,4,10,9,2
18022524,9,4,7,3,2
18022525,9,7,4,8,1
18022526,5,2,3,8,6
18022527,2,1,8,3,4
18022528,11,3,5,1,4
18022529,5,1,2,10,6
18022530,7,1,10,3,2
18022531,6,4,9,7,10
18022532,5,10,6,8,9
18022533,9,1,3,6,4
18022534,10,8,2,9,7
18022535,8,3,4,9,2
18022536,4,3,2,6,9
18022537,7,2,4,10,8
18022538,9,3,8,4,7
18022539,11,2,1,4,6
18022540,8,2,1,6,11
18022541,11,8,1,5,6
18022542,11,5,7,8,3
18022543,6,8,1,5,2
18022544,11,4,3,1,9
18022545,10,9,8,6,1
18022546,11,7,8,1,2
18022547,5,7,2,3,8
18022548,10,4,9,5,3
18022549,2,11,3,9,8
18022550,5,10,1,11,7
18022551,5,10,11,2,7
18022552,11,4,7,5,2
18022553,9,7,4,8,2
18022554,4,10,6,2,8
18022555,9,5,11,10,4
18022556,3,2,11,4,1
18022557,5,4,6,7,3
18022558,1,5,6,10,11
18022559,10,7,3,5,2
18022560,9,11,5,4,8
18022561,3,9,11,10,5
18022562,8,9,6,4,3
18022563,11,9,6,8,7
18022564,4,6,11,8,5
18022565,6,9,5,11,1
18022566,1,10,8,4,9
18022567,5,3,11,4,2
18022568,4,3,10,6,2
18022569,2,8,1,10,4
18022570,4,3,7,6,2
18022571,3,11,7,10,9
18022572,5,10,8,3,9
18022573,10,2,6,4,11
18022574,9,7,1,6,2
18022575,8,7,5,3,6
18022576,6,3,8,5,11
18022577,7,10,6,1,11
18022578,10,6,1,7,9
18022579,3,1,10,7,2
18022580,8,4,2,5,10
18022581,5,1,6,10,9
18022582,10,7,4,5,2
18022583,4,8,10,1,5
18022584,4,9,6,11,7
18022585,8,6,3,10,4
18022586,9,1,10,3,6
18022587,5,9,3,1,10
18022601,3,11,7,5,4
18022602,5,6,11,8,10
18022603,11,4,5,2,1
18022604,1,2,10,8,7
18022605,8,10,1,9,3
18022606,7,6,9,3,4
18022607,10,2,3,11,4
18022608,10,11,7,6,9
18022609,7,10,9,11,4
18022610,5,1,8,6,9
18022611,2,11,7,6,10
18022612,8,11,7,1,9
18022613,5,8,4,9,6
18022614,6,4,10,5,7
18022615,2,6,3,11,5
18022616,1,10,5,7,11
18022617,2,9,7,6,11
18022618,6,7,8,1,9
18022619,3,4,2,10,1
18022620,3,7,11,2,6
18022621,7,1,4,2,10
18022622,8,4,9,1,5
18022623,6,10,2,4,7
18022624,2,10,11,4,3
18022625,4,3,7,8,6
18022626,8,5,2,3,1
18022627,2,11,5,6,1
18022628,7,5,9,10,11
18022629,11,1,3,4,10
18022630,7,9,8,1,4
18022631,1,8,7,5,10
18022632,3,6,7,5,9
18022633,5,6,10,9,3
18022634,4,7,3,5,1
18022635,6,10,8,11,3
18022636,9,2,3,7,8
18022637,11,2,9,1,3
18022638,9,2,5,3,11
18022639,6,11,5,8,9
18022640,3,8,9,7,6
18022641,10,6,9,2,5
18022642,8,10,7,5,3
18022643,1,8,4,2,9
18022644,3,4,6,9,2
18022645,9,3,5,6,7
18022646,6,2,5,8,11
18022647,6,10,8,9,5
18022648,2,1,7,6,8
18022649,4,6,7,1,5
18022650,11,6,2,1,7
18022651,1,9,2,10,3
18022652,3,1,9,7,4
18022653,8,10,5,9,3
18022654,4,1,11,5,2
18022655,7,3,11,2,1
18022656,2,7,3,10,5
18022657,10,3,5,1,9
18022658,4,6,7,9,5
18022659,3,11,8,6,4
18022660,10,3,7,1,9
18022661,5,9,7,3,4
18022662,10,1,8,2,5
18022663,6,11,5,8,3
18022664,8,4,2,7,6
18022665,1,11,2,10,3
18022666,11,8,10,1,3
18022667,11,5,3,1,10
18022668,10,8,7,2,3
18022669,1,11,8,6,4
18022670,11,4,1,9,10
18022671,10,3,9,7,2
18022672,5,1,10,7,11
18022673,6,9,7,1,8
18022674,5,7,4,11,8
18022675,8,10,11,5,3
18022676,5,2,7,9,6
18022677,9,11,2,6,4
18022678,2,11,1,9,5
18022679,4,8,10,3,2
18022680,10,5,1,8,6
18022681,11,4,8,3,10
18022682,11,8,4,9,2
18022683,9,5,6,7,11
18022684,11,7,5,3,4
18022685,6,4,9,7,2
18022686,4,11,1,8,2
18022687,8,4,9,3,6
18022701,8,1,9,6,11
18022702,5,2,9,1,6
18022703,2,4,1,10,8
18022704,4,6,5,3,7
18022705,3,5,4,10,1
18022706,2,4,5,1,9
18022707,6,8,2,3,5
18022708,9,3,4,1,10
18022709,6,5,11,4,9
18022710,7,2,9,11,4
18022711,7,9,10,1,4
18022712,10,7,5,2,3
18022713,1,3,11,9,6
18022714,11,7,10,3,2
18022715,8,7,4,6,3
18022716,6,7,4,8,5
18022717,9,2,5,8,10
18022718,5,2,4,1,9
18022719,1,9,10,7,2
18022720,1,5,3,6,11
18022721,11,5,8,6,4
18022722,1,4,8,2,10
18022723,11,3,1,8,7
18022724,4,11,1,10,6
18022725,9,6,4,8,1
18022726,3,4,11,9,7
18022727,9,7,8,2,11
18022728,7,9,3,8,4
18022729,10,6,7,9,3
18022730,4,10,9,7,1
18022731,6,4,3,5,7
18022732,10,2,5,1,3
18022733,6,11,4,5,3
18022734,5,3,8,9,1
18022735,1,10,8,3,7
18022736,11,2,4,1,3
18022737,1,9,2,8,3
18022738,1,4,3,11,8
18022739,8,2,7,3,5
18022740,5,8,10,1,7
18022741,1,4,9,8,7
18022742,3,6,2,10,1
18022743,10,1,7,3,4
18022744,2,9,4,3,7
18022745,10,9,1,2,11
18022746,1,11,4,6,10
18022747,5,7,11,2,6
18022748,10,3,11,1,4
18022749,1,10,8,9,11
18022750,2,6,1,8,10
18022751,8,11,6,4,7
18022752,2,8,10,6,3
18022753,5,9,4,2,8
18022754,8,7,11,5,3
18022755,6,1,9,8,5
18022756,7,2,5,10,11
18022757,10,6,11,8,4
18022758,9,7,6,1,2
18022759,9,8,3,4,6
18022760,6,7,4,11,10
18022761,3,2,5,11,7
18022762,5,10,8,9,4
18022763,8,6,11,1,5
18022764,1,7,8,2,10
18022765,10,6,7,8,5
18022766,9,5,4,11,6
18022767,3,5,2,1,8
18022768,11,10,7,9,2
18022769,11,8,10,5,9
18022770,1,10,11,9,2
18022771,11,8,10,6,4
18022772,4,6,11,3,1
18022773,1,7,4,6,11
18022774,10,2,3,4,7
18022775,6,8,11,9,7
18022776,2,1,11,6,9
18022777,1,8,3,2,5
18022778,2,5,3,4,11
18022779,9,11,4,3,5
18022780,4,5,6,11,8
18022781,11,4,8,3,5
18022782,7,1,10,11,3
18022783,3,2,4,10,11
18022784,11,6,9,8,4
18022785,1,2,8,5,10
18022786,7,4,10,3,11
18022787,5,1,8,7,6
18022801,3,9,7,10,8
18022802,7,6,10,11,1
18022803,3,2,6,4,5
18022804,3,6,10,11,1
18022805,5,1,6,8,4
18022806,9,2,11,3,10
18022807,10,5,11,1,8
18022808,2,3,4,6,10
18022809,1,2,7,4,11
18022810,4,3,11,7,5
18022811,6,9,10,7,11
18022812,7,4,10,1,5
18022813,4,11,2,8,7
18022814,4,2,11,5,7
18022815,10,4,7,8,11
18022816,1,9,5,6,10
18022817,5,11,9,8,10
18022818,1,6,4,11,10
18022819,6,11,7,1,3
18022820,1,5,9,7,11
18022821,6,3,1,2,5
18022822,2,3,6,10,1
18022823,1,7,11,5,2
18022824,2,1,6,8,11
18022825,3,8,11,7,1
18022826,2,11,6,3,5
18022827,2,10,9,4,8
18022828,1,6,2,8,3
18022829,11,9,1,7,2
18022830,6,11,3,1,8
18022831,4,2,9,7,5
18022832,5,6,10,7,3
18022833,2,6,9,11,10
18022834,1,11,5,7,8
18022835,4,3,11,8,5
18022836,5,10,8,9,6
18022837,11,2,3,8,9
18022838,4,2,7,3,11
18022839,5,4,1,11,7
18022840,1,4,8,6,3
18022841,9,6,7,3,2
18022842,10,4,9,11,6
18022843,11,4,2,10,6
18022844,9,11,3,10,8
18022845,11,7,6,8,10
18022846,5,6,11,3,1
18022847,10,9,4,8,3
18022848,1,7,3,10,11
18022849,3,11,10,2,8
18022850,9,1,8,3,4
18022851,6,2,3,5,4
18022852,3,2,10,1,4
18022853,7,3,9,10,11
18022854,9,10,7,2,5
18022855,6,5,4,1,9
18022856,4,9,6,7,8
18022857,7,1,2,5,9
18022858,7,6,9,11,10
18022859,5,2,6,9,3
18022860,1,4,2,9,8
18022861,7,6,5,10,2
18022862,5,11,9,3,1
18022863,11,2,8,7,5
18022864,1,10,6,5,4
18022865,1,7,2,4,9
18022866,6,7,5,9,8
18022867,10,6,8,7,1
18022868,9,7,10,5,8
18022869,8,3,5,11,4
18022870,1,9,10,2,4
18022871,7,4,6,10,2
18022872,9,2,11,1,10
18022873,6,11,5,8,7
18022874,9,10,4,11,5
18022875,2,6,7,11,8
18022876,3,5,8,4,6
18022877,8,9,5,6,2
18022878,7,3,1,9,8
18022879,1,11,9,4,6
18022880,7,6,8,2,1
18022881,8,3,1,9,7
18022882,10,11,3,8,9
18022883,8,11,5,7,2
18022884,6,2,7,4,1
18022885,10,1,3,2,5
18022886,8,7,4,5,3
18022887,9,7,2,3,4
