18070101,3,11,6,2,5
18070102,4,6,11,10,8
18070103,10,4,5,6,11
18070104,2,11,10,1,7
18070105,6,10,5,4,11
18070106,11,1,2,7,5
18070107,11,5,9,6,7
18070108,11,8,7,9,6
18070109,10,7,5,11,3
18070110,4,8,6,2,11
18070111,7,8,5,10,2
18070112,5,6,8,7,11
18070113,11,9,2,4,1
18070114,3,4,8,1,11
18070115,6,7,3,8,1
18070116,4,1,7,3,5
18070117,9,11,10,1,6
18070118,9,4,3,1,2
18070119,8,11,5,4,7
18070120,1,6,4,7,5
18070121,11,6,9,7,3
18070122,6,9,10,3,5
18070123,2,8,7,9,4
18070124,7,4,2,1,10
18070125,8,3,7,6,10
18070126,11,3,7,6,2
18070127,10,7,4,11,1
18070128,2,4,3,8,1
18070129,10,7,5,3,8
18070130,9,1,8,2,10
18070131,6,8,4,9,5
18070132,8,11,7,10,1
18070133,3,7,6,8,11
18070134,2,4,7,6,1
18070135,5,6,2,4,9
18070136,7,1,4,10,6
18070137,9,4,1,11,8
18070138,9,8,2,5,6
18070139,2,6,5,7,9
18070140,2,1,7,11,3
18070141,3,4,9,1,7
18070142,7,5,3,9,11
18070143,4,10,11,9,6
18070144,6,5,8,9,7
18070145,6,3,11,5,9
18070146,5,11,3,1,2
18070147,8,2,9,4,10
18070148,6,11,7,8,3
18070149,5,8,6,11,2
18070150,11,7,5,8,10
18070151,10,11,5,3,9
18070152,10,11,7,4,3
18070153,5,8,4,9,7
18070154,2,7,8,1,5
18070155,7,2,9,10,1
18070156,4,2,10,11,3
18070157,5,7,11,8,2
18070158,8,9,1,2,5
18070159,4,7,11,5,1
18070160,1,2,11,8,4
18070161,7,9,6,2,5
18070162,3,11,1,8,2
18070163,8,4,7,11,1
18070164,11,7,5,10,6
18070165,6,3,4,5,2
18070166,6,5,3,11,7
18070167,7,11,2,4,5
18070168,8,1,10,2,11
18070169,1,6,7,11,8
18070170,6,7,1,8,11
18070171,2,11,1,3,8
18070172,11,4,3,10,6
18070173,6,8,10,3,4
18070174,8,1,7,4,9
18070175,11,3,9,5,8
18070176,3,7,10,5,8
18070177,5,11,4,1,10
18070178,7,1,6,8,5
18070179,8,10,6,5,11
18070180,7,1,6,9,2
18070181,7,4,5,9,10
18070182,10,4,5,7,9
18070183,1,3,4,10,9
18070184,5,3,7,2,4
18070185,1,5,9,4,8
18070186,7,6,9,1,3
18070187,6,7,5,10,1
18070201,1,4,6,9,11
18070202,5,1,7,9,10
18070203,6,3,8,4,10
18070204,5,11,9,7,10
18070205,7,5,9,3,1
18070206,3,4,5,2,9
18070207,3,4,6,5,9
18070208,11,10,5,3,2
18070209,10,1,4,6,3
18070210,1,4,11,7,2
18070211,6,4,8,3,10
18070212,1,11,10,3,8
18070213,11,8,6,4,10
18070214,4,11,8,2,7
18070215,10,6,4,11,5
18070216,7,8,1,2,6
18070217,6,1,3,2,8
18070218,8,11,1,4,6
18070219,9,6,10,7,3
18070220,8,9,7,5,2
18070221,1,2,9,7,11
18070222,1,11,5,9,6
18070223,9,1,8,2,11
18070224,4,3,2,7,11
18070225,11,2,7,10,6
18070226,7,8,11,1,6
18070227,5,8,7,1,10
18070228,7,4,9,10,5
18070229,2,11,9,4,8
18070230,2,7,6,9,5
18070231,2,6,7,9,1
18070232,7,6,3,8,5
18070233,5,11,8,4,10
18070234,4,6,1,8,11
18070235,6,10,1,3,11
18070236,2,10,8,9,7
18070237,8,7,4,5,3
18070238,10,7,8,5,4
18070239,10,11,2,6,9
18070240,4,1,11,5,6
18070241,8,11,10,6,2
18070242,5,9,1,3,7
18070243,11,3,8,4,5
18070244,1,7,4,5,6
18070245,4,6,7,8,9
18070246,9,6,7,5,11
18070247,9,11,2,6,3
18070248,8,2,1,6,4
18070249,1,4,11,5,6
18070250,8,2,3,7,11
18070251,10,4,2,5,9
18070252,1,5,6,11,7
18070253,10,9,6,4,1
18070254,4,1,11,7,3
18070255,2,10,7,1,6
18070256,11,1,2,8,4
18070257,4,10,3,6,11
18070258,1,3,8,5,6
18070259,8,2,7,9,5
18070260,6,7,11,5,1
18070261,4,10,1,11,3
18070262,4,8,9,3,6
18070263,8,11,4,5,9
18070264,5,9,11,6,3
18070265,1,3,9,5,11
18070266,2,8,10,11,9
18070267,2,3,5,9,7
18070268,11,9,8,5,1
18070269,6,8,10,9,3
18070270,4,11,3,9,8
18070271,9,6,5,2,8
18070272,11,4,8,5,2
18070273,11,1,6,10,8
18070274,6,10,4,8,11
18070275,11,8,3,4,1
18070276,5,10,3,1,6
18070277,1,3,5,2,9
18070278,6,9,4,5,3
18070279,1,9,3,11,7
18070280,9,3,10,8,7
18070281,10,4,1,8,6
18070282,2,9,5,8,3
18070283,5,2,3,1,7
18070284,3,5,9,4,6
18070285,4,7,3,9,5
18070286,1,8,6,10,3
18070287,8,10,9,4,11
18070301,11,5,8,3,6
18070302,6,11,4,9,8
18070303,6,11,7,1,2
18070304,2,1,4,6,10
18070305,3,2,1,6,10
18070306,9,6,8,7,4
18070307,7,6,5,4,10
18070308,9,5,7,1,10
18070309,2,1,7,10,11
18070310,7,9,8,3,11
18070311,4,9,1,11,3
18070312,6,5,10,2,8
18070313,3,11,8,9,1
18070314,2,1,6,8,3
18070315,8,7,5,4,1
18070316,10,3,2,5,8
18070317,7,4,2,9,6
18070318,9,1,4,8,10
18070319,2,8,5,4,1
18070320,3,2,6,7,1
18070321,4,3,10,5,1
18070322,4,8,9,1,10
18070323,6,4,7,11,2
18070324,8,4,7,2,9
18070325,8,6,1,2,10
18070326,1,2,10,3,7
18070327,5,1,3,6,11
18070328,2,5,9,10,1
18070329,3,1,5,6,9
18070330,3,2,7,10,5
18070331,6,9,3,8,10
18070332,5,1,9,6,3
18070333,5,1,9,6,3
18070334,5,1,9,6,3
18070335,5,1,9,6,3
18070336,5,1,9,6,3
18070337,5,1,9,6,3
18070338,5,1,9,6,3
18070339,5,1,9,6,3
18070340,5,1,9,6,3
18070341,5,1,9,6,3
18070342,5,1,9,6,3
18070343,5,1,9,6,3
18070344,5,1,9,6,3
18070345,5,1,9,6,3
18070346,5,1,9,6,3
18070347,5,1,9,6,3
18070348,5,1,9,6,3
18070349,5,1,9,6,3
18070350,5,1,9,6,3
18070351,5,1,9,6,3
18070352,5,1,9,6,3
18070353,5,1,9,6,3
18070354,5,1,9,6,3
18070355,5,1,9,6,3
18070356,5,1,9,6,3
18070357,5,1,9,6,3
18070358,5,1,9,6,3
18070359,10,8,4,9,6
18070360,9,10,4,6,1
18070361,3,7,6,10,9
18070362,6,3,11,1,5
18070363,8,1,10,9,6
18070364,5,1,2,4,11
18070365,2,6,5,7,1
18070366,10,9,5,3,6
18070367,6,5,9,3,11
18070368,6,7,8,3,5
18070369,2,8,6,9,1
18070370,8,2,4,11,6
18070371,7,5,10,3,11
18070372,2,5,3,1,9
18070373,5,8,7,2,6
18070374,3,1,11,7,8
18070375,8,11,10,1,2
18070376,6,5,7,8,4
18070377,7,8,6,1,2
18070378,5,9,1,4,6
18070379,1,11,4,3,9
18070380,4,11,5,7,6
18070381,9,3,5,7,8
18070382,6,4,9,7,10
18070383,11,10,3,7,5
18070384,6,8,9,7,11
18070385,6,8,1,4,3
18070386,3,1,7,5,4
18070387,8,1,11,9,10
18070401,6,1,5,8,7
18070402,8,5,6,9,3
18070403,9,7,5,6,2
18070404,3,2,6,8,4
18070405,7,8,1,2,6
18070406,11,2,4,9,8
18070407,5,11,1,8,9
18070408,6,3,5,11,10
18070409,4,10,11,3,5
18070410,10,3,5,7,6
18070411,1,10,11,5,7
18070412,4,8,7,6,3
18070413,7,1,11,10,5
18070414,7,6,8,10,4
18070415,1,2,4,10,9
18070416,8,2,6,4,10
18070417,11,10,8,3,2
18070418,3,11,8,9,6
18070419,4,8,11,10,7
18070420,11,10,7,6,4
18070421,5,4,10,11,2
18070422,4,9,8,5,3
18070423,5,6,9,11,2
18070424,3,4,9,10,7
18070425,1,4,5,9,6
18070426,3,10,4,1,6
18070427,6,3,10,9,1
18070428,7,10,6,3,5
18070429,3,6,5,11,2
18070430,11,1,2,5,7
18070431,4,5,9,1,8
18070432,5,6,4,7,3
18070433,11,10,5,8,3
18070434,8,1,11,5,10
18070435,3,11,7,9,6
18070436,6,11,8,4,2
18070437,6,7,5,8,2
18070438,3,1,11,7,2
18070439,9,11,8,4,10
18070440,7,8,11,4,6
18070441,5,4,6,2,3
18070442,7,9,6,2,4
18070443,1,10,7,3,8
18070444,5,10,11,3,1
18070445,11,5,4,2,8
18070446,6,1,11,9,4
18070447,7,6,10,3,4
18070448,5,6,8,3,11
18070449,3,10,9,6,11
18070450,3,5,2,4,8
18070451,6,5,9,11,4
18070452,4,8,9,2,5
18070453,8,11,10,7,4
18070454,10,2,4,6,3
18070455,5,11,2,4,6
18070456,10,5,1,2,9
18070457,2,4,6,1,11
18070458,8,2,4,5,9
18070459,2,6,10,1,4
18070460,5,4,10,1,2
18070461,10,11,4,8,5
18070462,11,3,1,10,6
18070463,9,6,10,3,8
18070464,4,2,8,5,11
18070465,1,11,5,6,4
18070466,2,11,3,1,4
18070467,6,9,4,3,1
18070468,4,10,9,3,7
18070469,10,2,11,9,5
18070470,11,3,4,2,6
18070471,1,10,7,9,6
18070472,8,3,6,4,2
18070473,10,4,11,9,2
18070474,5,2,7,1,11
18070475,8,11,1,5,6
18070476,11,2,7,5,10
18070477,6,2,4,5,11
18070478,5,4,3,2,7
18070479,4,6,11,3,1
18070480,4,2,10,9,11
18070481,3,1,5,9,7
18070482,10,2,3,8,6
18070483,8,10,9,2,6
18070484,6,1,7,4,11
18070485,5,7,1,10,6
18070486,10,7,11,9,5
18070487,11,1,10,4,8
18070501,7,10,1,3,11
18070502,10,3,6,8,5
18070503,9,11,3,7,2
18070504,9,3,5,6,7
18070505,1,3,9,2,10
18070506,7,10,11,1,3
18070507,11,2,6,9,10
18070508,10,1,2,3,7
18070509,8,2,3,1,10
18070510,10,3,7,5,4
18070511,4,6,10,1,9
18070512,4,9,7,10,2
18070513,11,5,6,10,4
18070514,4,9,11,8,10
18070515,8,4,10,11,3
18070516,1,6,9,2,8
18070517,3,9,10,2,1
18070518,8,10,4,9,3
18070519,4,8,7,6,9
18070520,2,9,6,7,1
18070521,11,6,10,9,8
18070522,3,4,5,9,8
18070523,6,11,9,8,3
18070524,8,3,5,9,2
18070525,3,11,10,7,2
18070526,10,2,8,4,7
18070527,10,9,8,4,7
18070528,6,3,11,8,7
18070529,10,5,1,4,8
18070530,5,7,2,9,1
18070531,8,5,11,7,6
18070532,5,11,1,6,7
18070533,2,11,9,8,4
18070534,3,2,4,9,7
18070535,11,6,7,9,4
18070536,10,7,11,5,1
18070537,2,11,5,7,9
18070538,8,11,2,10,3
18070539,2,8,4,3,11
18070540,7,8,3,4,5
18070541,1,6,7,8,2
18070542,5,6,2,3,4
18070543,3,8,11,10,5
18070544,6,5,11,10,2
18070545,5,2,10,9,6
18070546,8,10,5,1,4
18070547,6,3,5,11,2
18070548,8,7,4,1,2
18070549,7,1,5,10,3
18070550,11,2,6,3,7
18070551,10,2,3,4,5
18070552,6,2,11,3,10
18070553,4,9,8,2,10
18070554,1,6,3,5,10
18070555,6,8,2,9,10
18070556,10,7,9,8,4
18070557,1,2,7,9,6
18070558,5,2,6,9,11
18070559,10,6,4,8,3
18070560,11,1,10,7,5
18070561,4,11,6,10,5
18070562,3,4,6,2,5
18070563,7,1,6,8,5
18070564,2,6,3,5,8
18070565,10,6,4,7,11
18070566,7,1,2,11,10
18070567,10,8,6,1,7
18070568,5,1,3,4,6
18070569,4,6,3,5,8
18070570,4,5,8,6,11
18070571,2,9,8,6,10
18070572,6,5,7,4,9
18070573,6,8,9,1,3
18070574,8,11,9,7,10
18070575,6,11,5,3,2
18070576,3,11,1,2,7
18070577,9,3,5,6,8
18070578,10,2,8,11,9
18070579,6,7,10,4,11
18070580,1,9,4,6,11
18070581,11,7,10,9,1
18070582,1,4,11,9,10
18070583,3,4,10,7,1
18070584,8,3,4,6,10
18070585,5,7,9,8,1
18070586,6,11,2,8,10
18070587,7,11,9,5,3
18070601,11,8,7,5,1
18070602,9,2,8,3,5
18070603,11,10,3,5,8
18070604,9,10,11,5,4
18070605,4,10,3,8,7
18070606,9,11,10,6,7
18070607,5,1,2,8,4
18070608,10,9,3,6,1
18070609,7,10,1,4,6
18070610,8,3,1,5,4
18070611,7,6,3,9,5
18070612,6,4,11,9,5
18070613,3,4,1,10,2
18070614,9,6,1,4,8
18070615,1,9,4,8,7
18070616,2,6,10,11,7
18070617,2,4,6,7,5
18070618,6,11,10,7,9
18070619,1,11,9,8,7
18070620,1,6,9,11,10
18070621,2,11,3,4,8
18070622,7,11,4,2,3
18070623,2,4,8,6,1
18070624,2,5,1,4,7
18070625,9,3,2,5,8
18070626,4,5,7,9,1
18070627,5,4,1,11,10
18070628,7,9,2,8,1
18070629,11,3,9,1,2
18070630,3,9,4,11,10
18070631,2,9,7,5,8
18070632,9,11,8,6,3
18070633,4,3,9,7,6
18070634,7,4,11,5,2
18070635,11,8,10,5,9
18070636,9,5,11,6,10
18070637,5,1,10,11,7
18070638,7,8,4,11,6
18070639,10,11,5,9,4
18070640,8,10,6,7,2
18070641,9,3,7,11,10
18070642,10,7,6,9,1
18070643,9,6,11,4,7
18070644,8,2,7,5,10
18070645,7,1,8,11,10
18070646,1,2,11,6,4
18070647,2,7,5,3,10
18070648,7,1,11,10,3
18070649,1,3,9,2,5
18070650,10,1,3,7,6
18070651,1,2,11,10,7
18070652,3,7,4,2,5
18070653,1,5,6,11,2
18070654,10,11,2,9,7
18070655,4,7,9,1,11
18070656,2,9,3,5,10
18070657,6,2,10,11,5
18070658,9,2,6,3,10
18070659,5,9,1,6,10
18070660,5,7,11,10,9
18070661,11,4,7,3,6
18070662,9,3,4,6,11
18070663,3,8,4,6,10
18070664,6,10,11,8,2
18070665,9,10,6,7,11
18070666,8,1,4,10,9
18070667,9,5,1,7,2
18070668,6,8,7,11,3
18070669,1,5,4,10,7
18070670,8,9,1,11,10
18070671,1,7,3,11,5
18070672,11,4,3,8,5
18070673,8,9,7,2,11
18070674,1,11,8,9,6
18070675,4,9,2,7,3
18070676,11,5,6,9,3
18070677,7,2,6,11,10
18070678,7,5,2,4,6
18070679,1,7,2,5,8
18070680,7,11,4,8,10
18070681,9,6,4,3,11
18070682,4,11,3,7,2
18070683,1,6,10,5,2
18070684,6,10,1,2,9
18070685,9,6,11,10,3
18070686,1,6,8,10,5
18070687,6,5,8,10,1
18070701,2,1,11,5,8
18070702,5,8,11,7,10
18070703,4,5,8,1,10
18070704,2,8,4,6,7
18070705,5,9,4,7,10
18070706,3,6,4,5,7
18070707,1,3,9,8,4
18070708,10,8,11,4,3
18070709,6,11,1,7,8
18070710,11,8,5,3,2
18070711,3,11,9,5,2
18070712,6,10,3,11,9
18070713,2,6,8,9,5
18070714,5,7,3,4,10
18070715,9,7,2,8,6
18070716,5,4,7,3,6
18070717,6,11,8,2,9
18070718,9,5,8,10,7
18070719,8,6,4,5,1
18070720,8,6,5,2,11
18070721,6,7,10,2,5
18070722,2,10,8,6,11
18070723,11,9,8,3,5
18070724,6,9,10,8,3
18070725,11,4,1,6,8
18070726,10,5,6,4,11
18070727,5,3,4,8,7
18070728,4,3,11,6,9
18070729,7,1,4,5,6
18070730,2,9,7,10,1
18070731,7,2,3,4,6
18070732,7,10,11,4,9
18070733,6,10,8,9,7
18070734,4,5,6,8,3
18070735,10,2,3,7,8
18070736,11,6,5,1,3
18070737,4,2,3,9,5
18070738,8,9,4,1,6
18070739,1,10,9,5,8
18070740,1,11,2,5,10
18070741,1,11,8,7,6
18070742,8,6,1,2,11
18070743,2,8,5,1,10
18070744,7,8,1,4,6
18070745,4,3,10,2,9
18070746,7,5,2,4,1
18070747,3,2,4,6,7
18070748,3,8,1,9,2
18070749,9,5,10,3,2
18070750,11,10,1,9,2
18070751,11,5,3,9,10
18070752,5,1,6,8,4
18070753,7,8,11,10,2
18070754,7,8,11,10,2
18070755,7,8,11,10,2
18070756,7,8,11,10,2
18070757,7,8,11,10,2
18070758,6,10,3,8,11
18070759,1,5,9,6,8
18070760,2,9,4,11,3
18070761,7,10,6,2,1
18070762,3,2,9,4,5
18070763,2,4,8,1,7
18070764,11,10,4,9,6
18070765,4,7,10,5,6
18070766,3,9,1,5,10
18070767,10,8,2,7,3
18070768,5,6,4,9,3
18070769,2,10,8,9,11
18070770,2,4,8,6,5
18070771,9,6,1,7,5
18070772,10,6,4,7,1
18070773,7,5,3,11,2
18070774,11,7,2,4,8
18070775,10,6,2,11,1
18070776,4,6,3,10,11
18070777,1,11,7,10,5
18070778,5,3,6,1,8
18070779,11,1,10,9,3
18070780,2,3,6,11,9
18070781,3,8,1,2,6
18070782,2,11,3,8,9
18070783,9,8,11,4,3
18070784,6,8,7,11,5
18070785,6,10,7,8,11
18070786,3,2,9,10,11
18070787,6,7,8,10,1
18070801,8,6,1,3,2
18070802,11,2,10,5,8
18070803,6,9,1,10,7
18070804,2,11,9,4,1
18070805,3,7,11,6,9
18070806,9,1,11,2,7
18070807,10,4,2,7,8
18070808,1,9,10,6,7
18070809,1,8,6,2,4
18070810,1,5,4,11,3
18070811,10,4,2,8,11
18070812,11,1,6,7,8
18070813,7,3,10,6,9
18070814,1,9,4,3,8
18070815,7,9,3,8,6
18070816,4,5,7,2,8
18070817,5,8,7,1,10
18070818,10,7,9,8,6
18070819,10,7,2,4,8
18070820,6,9,2,11,8
18070821,4,10,2,11,3
18070822,8,6,4,10,5
18070823,6,4,1,3,5
18070824,1,4,5,2,8
18070825,9,2,3,6,11
18070826,8,11,3,2,1
18070827,9,11,5,4,7
18070828,1,3,11,9,6
18070829,11,2,4,6,9
18070830,11,8,6,10,3
18070831,6,3,1,8,11
18070832,5,2,8,10,7
18070833,11,1,7,3,9
18070834,8,5,7,1,4
18070835,10,1,3,8,6
18070836,11,6,3,5,2
18070837,3,4,5,2,10
18070838,11,9,6,1,3
18070839,7,2,9,10,4
18070840,1,3,6,8,2
18070841,1,3,9,10,5
18070842,4,10,2,8,3
18070843,10,11,2,6,4
18070844,2,1,11,10,8
18070845,4,5,2,1,8
18070846,8,6,4,11,5
18070847,5,4,9,11,1
18070848,3,11,10,9,7
18070849,1,2,3,9,8
18070850,7,5,11,3,8
18070851,2,10,11,9,5
18070852,10,8,5,3,4
18070853,7,2,4,5,11
18070854,7,9,8,11,4
18070855,11,3,6,10,4
18070856,7,8,2,10,3
18070857,6,4,3,11,5
18070858,4,6,5,9,11
18070859,5,9,7,6,8
18070860,6,7,10,2,1
18070861,11,7,3,5,9
18070862,2,10,3,5,11
18070863,2,4,7,8,3
18070864,9,8,10,1,4
18070865,3,4,1,2,9
18070866,10,1,9,4,6
18070867,3,10,2,5,4
18070868,2,6,1,8,5
18070869,10,2,11,6,5
18070870,8,9,3,1,11
18070871,11,10,6,5,2
18070872,6,8,11,10,1
18070873,8,4,5,11,3
18070874,9,8,2,6,1
18070875,11,2,8,10,9
18070876,11,5,7,4,3
18070877,2,5,11,6,7
18070878,10,9,2,3,7
18070879,5,7,2,3,6
18070880,6,1,7,11,5
18070881,1,9,8,3,4
18070882,1,10,3,4,9
18070883,10,1,5,6,2
18070884,4,6,5,9,3
18070885,1,5,2,9,7
18070886,3,4,5,6,10
18070887,4,1,2,7,5
18070901,7,3,5,1,2
18070902,3,6,5,9,2
18070903,4,10,8,6,11
18070904,5,3,8,4,6
18070905,2,5,10,11,6
18070906,1,8,3,5,11
18070907,9,6,11,3,10
18070908,6,5,11,7,9
18070909,2,5,7,4,3
18070910,3,4,9,8,5
18070911,10,5,3,9,7
18070912,4,3,1,6,8
18070913,11,4,3,5,9
18070914,4,9,1,6,5
18070915,5,2,6,9,1
18070916,2,7,1,9,10
18070917,9,6,7,4,1
18070918,9,1,10,4,2
18070919,7,5,2,10,8
18070920,7,11,1,10,8
18070921,6,1,9,4,3
18070922,3,9,8,7,1
18070923,4,1,2,5,3
18070924,11,3,5,2,8
18070925,4,11,10,3,1
18070926,9,7,8,11,2
18070927,3,7,9,10,2
18070928,5,3,2,11,7
18070929,9,3,1,4,8
18070930,11,2,6,7,5
18070931,4,7,6,1,5
18070932,3,11,9,5,4
18070933,4,11,6,3,7
18070934,5,1,11,10,3
18070935,5,1,2,7,4
18070936,7,5,9,4,10
18070937,1,8,5,10,6
18070938,8,5,4,2,3
18070939,9,2,11,1,4
18070940,9,11,8,7,10
18070941,1,2,8,4,5
18070942,6,10,5,7,11
18070943,5,10,9,11,2
18070944,1,9,11,2,8
18070945,11,10,6,7,4
18070946,10,4,7,3,8
18070947,3,2,7,4,11
18070948,10,8,11,3,1
18070949,11,2,3,5,4
18070950,11,3,7,1,4
18070951,4,10,5,7,9
18070952,8,3,1,11,7
18070953,10,3,4,7,1
18070954,8,5,4,7,1
18070955,10,11,6,5,2
18070956,10,1,3,7,2
18070957,6,1,7,10,8
18070958,3,10,9,11,5
18070959,10,7,9,5,6
18070960,3,4,7,10,6
18070961,2,8,1,6,5
18070962,5,6,8,4,1
18070963,5,8,11,4,6
18070964,1,6,5,8,3
18070965,8,1,2,10,11
18070966,11,7,3,8,6
18070967,3,10,1,5,11
18070968,10,9,1,7,2
18070969,9,7,8,4,6
18070970,6,7,11,5,8
18070971,9,10,6,7,2
18070972,11,10,7,8,5
18070973,4,2,10,9,7
18070974,7,1,2,3,9
18070975,5,10,4,6,7
18070976,4,8,6,1,11
18070977,8,6,11,1,4
18070978,4,8,11,9,1
18070979,4,5,1,3,10
18070980,3,2,4,11,5
18070981,6,1,3,8,7
18070982,3,1,5,11,4
18070983,6,9,10,7,2
18070984,8,3,2,4,6
18070985,4,11,8,9,1
18070986,9,11,8,2,3
18070987,2,6,1,8,7
18071001,1,10,3,6,4
18071002,8,3,1,9,2
18071003,1,10,5,6,2
18071004,10,3,2,6,4
18071005,7,8,11,2,4
18071006,1,10,5,6,2
18071007,2,6,7,11,4
18071008,7,2,9,4,8
18071009,1,4,11,2,6
18071010,5,7,10,8,4
18071011,11,6,3,2,9
18071012,1,2,6,7,5
18071013,6,11,1,9,3
18071014,5,6,11,10,9
18071015,8,6,7,9,5
18071016,5,2,7,6,4
18071017,2,8,6,1,4
18071018,11,4,3,10,7
18071019,8,11,2,1,5
18071020,5,7,4,9,2
18071021,3,11,9,1,2
18071022,1,3,7,11,6
18071023,7,3,5,11,9
18071024,3,9,4,11,2
18071025,2,5,3,4,6
18071026,10,5,3,6,9
18071027,9,4,11,7,8
18071028,1,6,4,5,10
18071029,11,2,4,8,7
18071030,9,10,3,4,2
18071031,1,7,11,8,10
18071032,6,1,3,8,10
18071033,1,5,6,4,11
18071034,11,6,1,7,2
18071035,4,2,3,10,6
18071036,8,2,7,3,6
18071037,4,8,7,2,11
18071038,2,7,11,5,4
18071039,1,6,5,4,8
18071040,2,4,3,7,1
18071041,6,1,2,9,10
18071042,8,4,5,1,7
18071043,5,6,4,2,1
18071044,5,2,4,6,1
18071045,7,8,6,5,10
18071046,8,2,11,6,3
18071047,10,1,7,8,9
18071048,8,1,9,5,7
18071049,9,3,1,6,7
18071050,9,5,8,11,2
18071051,8,5,4,6,1
18071052,1,9,4,11,8
18071053,9,1,5,6,2
18071054,10,3,1,8,7
18071055,3,7,5,11,9
18071056,7,9,10,8,3
18071057,9,10,11,5,6
18071058,7,11,5,6,2
18071059,4,1,8,6,5
18071060,7,11,2,4,3
18071061,6,3,1,7,4
18071062,7,4,6,10,3
18071063,11,5,10,8,7
18071064,9,5,10,1,11
18071065,3,9,11,5,1
18071066,3,11,10,1,8
18071067,2,1,10,4,11
18071068,2,7,11,4,8
18071069,11,4,5,8,6
18071070,2,9,5,8,10
18071071,9,7,10,6,1
18071072,9,4,7,11,2
18071073,10,4,11,8,2
18071074,5,11,4,10,7
18071075,5,2,9,1,7
18071076,4,11,7,6,3
18071077,3,8,6,5,2
18071078,9,11,6,5,3
18071079,1,6,5,7,4
18071080,11,3,9,5,10
18071081,7,9,6,1,5
18071082,6,2,9,5,1
18071083,5,7,9,2,11
18071084,2,3,10,8,5
18071085,3,1,2,7,5
18071086,8,3,9,5,6
18071087,2,6,1,7,5
18071101,7,10,6,5,4
18071102,8,2,5,7,3
18071103,1,7,3,5,6
18071104,8,9,5,4,1
18071105,11,1,9,6,10
18071106,10,1,5,9,2
18071107,11,7,10,8,9
18071108,7,9,10,1,4
18071109,1,5,7,2,11
18071110,5,7,2,6,3
18071111,11,9,7,1,8
18071112,5,8,3,9,4
18071113,4,9,5,1,11
18071114,9,2,5,10,7
18071115,10,4,1,8,9
18071116,3,2,7,1,9
18071117,9,2,7,8,6
18071118,4,6,7,11,8
18071119,5,10,9,8,4
18071120,5,11,7,10,1
18071121,4,3,1,6,5
18071122,4,6,5,8,11
18071123,11,4,10,3,6
18071124,8,4,2,7,11
18071125,3,7,5,6,9
18071126,11,3,8,7,2
18071127,5,8,3,11,10
18071128,3,8,2,1,6
18071129,4,7,1,2,10
18071130,6,4,7,1,3
18071131,3,8,5,9,1
18071132,8,9,10,6,5
18071133,1,4,11,2,9
18071134,4,6,5,8,2
18071135,7,4,1,8,5
18071136,2,6,5,11,9
18071137,9,1,4,2,11
18071138,6,3,5,4,1
18071139,8,10,5,11,7
18071140,6,2,5,11,4
18071141,9,7,4,2,11
18071142,6,2,1,3,9
18071143,11,1,9,2,10
18071144,9,6,7,1,5
18071145,3,4,2,10,9
18071146,6,10,8,2,5
18071147,3,10,7,9,6
18071148,8,3,5,6,7
18071149,10,11,5,4,7
18071150,2,9,8,4,11
18071151,2,4,1,9,5
18071152,6,4,11,2,10
18071153,3,6,4,11,9
18071154,11,5,1,10,2
18071155,2,1,11,8,5
18071156,6,3,8,5,7
18071157,9,10,7,11,6
18071158,4,5,3,1,11
18071159,2,8,5,4,7
18071160,8,11,3,9,2
18071161,1,6,4,9,8
18071162,2,7,9,3,6
18071163,11,5,6,8,1
18071164,11,3,1,8,5
18071165,8,4,3,11,10
18071166,1,10,6,5,2
18071167,7,2,5,4,3
18071168,6,4,2,11,5
18071169,2,3,11,1,5
18071170,10,9,1,6,5
18071171,5,8,4,10,9
18071172,9,11,10,6,3
18071173,5,10,3,1,7
18071174,2,3,9,10,1
18071175,4,7,11,9,6
18071176,10,2,11,6,3
18071177,8,6,9,2,3
18071178,1,5,7,6,9
18071179,2,3,6,1,4
18071180,4,1,9,7,3
18071181,5,2,10,1,4
18071182,10,1,6,11,9
18071183,5,3,11,7,9
18071184,9,1,11,4,3
18071185,8,3,9,5,2
18071186,6,1,7,2,3
18071187,5,7,4,1,8
18071201,5,6,7,9,11
18071202,1,4,7,9,2
18071203,1,6,4,8,2
18071204,9,1,4,8,11
18071205,4,8,6,11,2
18071206,11,1,10,9,2
18071207,3,2,7,10,11
18071208,2,5,11,7,6
18071209,9,3,11,5,7
18071210,9,10,11,8,1
18071211,11,7,10,5,9
18071212,8,5,4,7,2
18071213,5,6,4,7,3
18071214,6,9,5,2,7
18071215,9,8,3,6,11
18071216,6,11,3,4,9
18071217,6,10,3,2,5
18071218,7,1,6,3,10
18071219,11,6,4,10,7
18071220,10,2,7,9,4
18071221,4,2,8,11,9
18071222,4,3,11,2,1
18071223,5,7,6,4,10
18071224,5,1,3,8,7
18071225,5,10,7,11,4
18071226,9,6,1,4,8
18071227,2,11,6,3,4
18071228,10,7,2,4,3
18071229,11,3,10,8,4
18071230,7,5,9,3,2
18071231,3,6,7,11,8
18071232,3,7,9,8,4
18071233,9,5,1,11,2
18071234,9,2,5,3,6
18071235,5,2,7,6,9
18071236,10,4,5,2,1
18071237,6,2,8,1,4
18071238,6,7,4,3,8
18071239,8,5,7,11,6
18071240,10,5,6,4,9
18071241,5,9,2,4,10
18071242,6,1,9,3,4
18071243,10,3,8,6,7
18071244,4,5,8,6,2
18071245,11,9,5,3,8
18071246,2,1,5,4,7
18071247,9,11,8,1,7
18071248,8,4,7,5,10
18071249,11,8,1,6,3
18071250,3,2,5,4,9
18071251,10,7,2,6,4
18071252,10,7,5,6,2
18071253,8,2,9,5,6
18071254,8,6,3,5,9
18071255,3,7,11,2,6
18071256,9,7,11,6,1
18071257,2,5,10,7,3
18071258,8,6,7,5,3
18071259,7,4,2,9,6
18071260,7,1,6,4,8
18071261,9,10,3,5,11
18071262,5,3,2,1,8
18071263,2,3,11,10,1
18071264,5,7,2,4,8
18071265,4,9,2,7,3
18071266,6,2,1,4,3
18071267,11,9,6,3,7
18071268,6,9,10,5,4
18071269,7,4,5,8,10
18071270,7,1,6,9,8
18071271,5,8,4,9,2
18071272,11,10,8,9,3
18071273,4,5,8,2,7
18071274,3,8,7,5,9
18071275,3,4,10,2,6
18071276,4,1,7,5,2
18071277,9,7,10,6,1
18071278,5,1,7,11,10
18071279,10,4,8,9,6
18071280,8,10,11,7,9
18071281,3,8,6,10,4
18071282,3,6,9,11,5
18071283,6,8,2,5,7
18071284,3,1,9,10,5
18071285,9,6,8,10,4
18071286,9,4,1,7,11
18071287,1,11,2,3,8
18071301,5,2,8,1,10
18071302,8,4,3,10,5
18071303,4,7,10,2,8
18071304,8,10,9,1,5
18071305,1,7,4,2,5
18071306,3,4,5,1,11
18071307,11,1,9,8,7
18071308,10,9,3,7,8
18071309,5,7,8,10,9
18071310,8,2,1,11,9
18071311,10,7,8,9,1
18071312,7,2,1,6,11
18071313,11,8,7,1,6
18071314,9,3,10,7,6
18071315,11,1,4,6,3
18071316,3,2,10,9,5
18071317,10,6,1,11,9
18071318,11,10,1,9,4
18071319,4,8,9,3,7
18071320,5,10,6,11,3
18071321,9,2,6,5,7
18071322,7,9,2,10,8
18071323,11,10,3,4,7
18071324,7,4,10,8,3
18071325,3,2,11,1,6
18071326,7,10,8,9,6
18071327,10,6,8,11,1
18071328,5,10,8,7,9
18071329,4,5,10,8,2
18071330,8,10,4,5,6
18071331,5,8,11,10,6
18071332,5,3,9,8,1
18071333,9,6,10,5,8
18071334,5,7,1,9,4
18071335,9,1,10,7,5
18071336,10,11,7,4,9
18071337,6,8,5,2,3
18071338,6,10,7,1,9
18071339,2,1,11,6,3
18071340,9,11,7,3,10
18071341,4,8,6,10,3
18071342,7,9,11,3,8
18071343,7,6,8,4,1
18071344,9,5,6,11,1
18071345,8,3,5,10,1
18071346,5,9,1,3,10
18071347,11,3,7,4,8
18071348,7,10,5,8,9
18071349,9,8,7,6,3
18071350,8,9,1,11,6
18071351,7,11,3,2,10
18071352,1,11,10,9,6
18071353,2,9,3,8,11
18071354,1,7,5,3,6
18071355,5,6,8,2,1
18071356,7,11,6,9,2
18071357,9,4,8,2,11
18071358,11,3,4,7,5
18071359,5,9,7,11,8
18071360,2,3,1,5,8
18071361,4,8,9,7,6
18071362,1,11,5,7,2
18071363,9,11,2,6,4
18071364,8,4,2,1,10
18071365,8,9,6,5,10
18071366,5,10,7,1,8
18071367,1,10,5,6,8
18071368,10,1,6,8,2
18071369,3,5,9,6,10
18071370,10,3,6,2,8
18071371,2,7,4,8,5
18071372,7,6,4,2,11
18071373,10,11,2,6,8
18071374,5,8,9,7,10
18071375,11,1,7,9,8
18071376,3,9,4,7,10
18071377,3,7,11,9,10
18071378,6,9,1,11,5
18071379,7,4,3,2,11
18071380,4,7,10,6,5
18071381,6,10,5,1,8
18071382,1,4,2,10,6
18071383,6,9,3,4,5
18071384,7,1,10,6,5
18071385,9,2,10,1,3
18071386,9,4,1,6,3
18071387,10,9,2,6,8
18071401,5,4,10,8,2
18071402,1,4,8,7,9
18071403,6,5,4,9,2
18071404,3,11,8,4,1
18071405,10,5,4,3,9
18071406,6,5,2,7,3
18071407,1,8,4,3,2
18071408,3,10,2,9,5
18071409,2,1,7,3,10
18071410,1,9,11,4,8
18071411,8,1,6,5,9
18071412,3,7,2,11,1
18071413,7,11,3,10,2
18071414,2,4,7,6,8
18071415,4,6,11,3,5
18071416,3,4,5,1,10
18071417,10,5,9,1,7
18071418,9,4,5,6,11
18071419,4,5,10,9,11
18071420,8,9,5,1,2
18071421,11,9,7,1,4
18071422,8,3,4,10,2
18071423,10,1,5,7,3
18071424,5,6,1,8,4
18071425,4,7,5,8,2
18071426,9,4,5,10,11
18071427,7,5,4,11,6
18071428,8,3,6,7,4
18071429,10,4,3,5,7
18071430,1,7,2,3,10
18071431,3,7,8,4,6
18071432,4,5,11,3,9
18071433,6,3,4,5,7
18071434,5,1,11,2,3
18071435,8,11,9,2,3
18071436,2,7,6,4,8
18071437,10,9,1,5,6
18071438,9,8,6,3,11
18071439,7,6,2,9,8
18071440,7,8,11,5,4
18071441,9,2,5,6,8
18071442,3,6,8,4,1
18071443,1,5,2,7,4
18071444,4,7,5,8,10
18071445,5,2,3,7,9
18071446,6,7,9,4,11
18071447,10,1,7,3,5
18071448,8,2,11,5,9
18071449,2,1,4,7,6
18071450,3,9,7,11,10
18071451,5,11,6,7,2
18071452,10,2,1,5,6
18071453,11,1,2,5,4
18071454,10,6,1,2,8
18071455,7,3,9,2,4
18071456,1,8,2,4,10
18071457,4,8,5,10,9
18071458,5,9,1,3,7
18071459,6,3,8,10,5
18071460,6,7,10,1,11
18071461,2,7,4,11,9
18071462,3,9,10,2,6
18071463,7,9,4,5,11
18071464,8,5,11,1,4
18071465,4,7,8,3,1
18071466,5,9,11,2,8
18071467,3,10,2,6,9
18071468,2,8,7,11,4
18071469,5,8,11,7,10
18071470,7,4,3,10,2
18071471,7,4,1,3,5
18071472,10,7,4,5,2
18071473,6,5,9,2,1
18071474,9,6,1,7,8
18071475,7,8,4,6,1
18071476,11,2,4,8,6
18071477,5,11,10,4,6
18071478,3,5,2,8,9
18071479,4,3,5,7,1
18071480,8,11,7,4,6
18071481,10,2,1,5,6
18071482,6,3,5,11,4
18071483,8,2,1,11,6
18071484,5,8,7,3,2
18071485,8,6,7,10,4
18071486,7,8,11,2,4
18071487,1,4,5,10,8
18071501,1,9,8,2,3
18071502,6,10,4,9,7
18071503,5,8,7,10,4
18071504,7,11,8,6,9
18071505,10,3,4,11,1
18071506,8,5,6,7,9
18071507,10,2,9,8,11
18071508,6,4,5,3,10
18071509,1,8,11,5,2
18071510,2,7,10,1,4
18071511,3,7,4,6,1
18071512,3,11,6,1,9
18071513,2,10,1,4,11
18071514,10,6,3,8,5
18071515,8,11,2,9,1
18071516,6,7,9,8,4
18071517,8,2,10,3,1
18071518,10,5,11,2,3
18071519,2,6,1,10,4
18071520,6,10,11,7,9
18071521,1,4,11,2,7
18071522,9,4,1,2,5
18071523,1,6,4,3,11
18071524,4,8,3,5,11
18071525,10,7,1,8,4
18071526,7,1,11,5,4
18071527,3,2,7,9,11
18071528,7,5,2,11,10
18071529,7,11,1,3,6
18071530,7,9,2,11,8
18071531,9,1,3,11,4
18071532,4,5,6,9,7
18071533,1,10,2,7,4
18071534,6,7,8,11,5
18071535,4,5,11,1,10
18071536,6,4,10,7,2
18071537,1,7,5,10,6
18071538,5,2,1,8,6
18071539,4,7,5,11,8
18071540,2,8,9,10,7
18071541,7,4,11,8,1
18071542,8,1,9,4,6
18071543,4,5,11,9,10
18071544,11,4,10,2,9
18071545,7,5,1,10,9
18071546,11,5,9,4,3
18071547,10,5,11,8,6
18071548,9,6,8,3,10
18071549,9,10,8,1,11
18071550,5,7,4,9,8
18071551,1,10,7,2,4
18071552,5,9,11,10,3
18071553,4,1,9,7,3
18071554,11,7,4,5,6
18071555,9,4,1,7,10
18071556,3,2,4,6,8
18071557,4,5,9,1,3
18071558,9,11,2,5,8
18071559,5,8,10,11,4
18071560,10,3,6,5,9
18071561,11,4,7,2,3
18071562,1,8,7,3,5
18071563,10,11,6,1,4
18071564,6,2,7,10,11
18071565,8,7,1,5,3
18071566,11,2,4,8,9
18071567,4,9,6,5,1
18071568,9,4,11,2,1
18071569,2,9,7,1,4
18071570,5,7,1,11,10
18071571,1,3,4,2,6
18071572,11,10,8,7,3
18071573,2,3,8,1,7
18071574,8,6,4,10,7
18071575,6,11,3,5,4
18071576,1,9,7,3,5
18071577,7,2,1,6,9
18071578,7,10,8,3,4
18071579,6,2,11,1,5
18071580,11,3,8,5,6
18071581,10,7,3,9,4
18071582,1,2,10,4,5
18071583,2,4,6,11,7
18071584,7,3,9,10,4
18071585,9,4,1,5,11
18071586,7,9,8,4,1
18071587,5,1,10,3,6
18071601,6,11,5,8,7
18071602,10,2,4,5,3
18071603,8,11,1,2,4
18071604,7,2,9,11,10
18071605,1,9,11,10,7
18071606,3,7,8,11,9
18071607,9,10,7,2,8
18071608,11,6,7,2,4
18071609,9,11,6,4,5
18071610,10,7,2,11,3
18071611,4,11,1,6,7
18071612,4,9,6,11,3
18071613,6,11,9,2,8
18071614,8,4,1,6,3
18071615,2,6,5,4,9
18071616,9,11,7,8,10
18071617,10,4,6,1,9
18071618,5,4,2,10,3
18071619,5,8,4,6,11
18071620,10,8,9,2,1
18071621,4,6,5,3,1
18071622,5,8,10,3,1
18071623,10,5,7,6,4
18071624,7,1,3,8,10
18071625,4,8,6,2,1
18071626,4,7,1,8,9
18071627,4,3,2,5,10
18071628,5,10,2,4,3
18071629,8,6,5,11,10
18071630,11,4,6,9,10
18071631,10,5,7,9,4
18071632,11,9,10,2,4
18071633,8,10,11,4,5
18071634,2,9,6,10,3
18071635,9,1,10,7,5
18071636,4,8,5,7,6
18071637,7,10,8,1,2
18071638,6,4,3,1,8
18071639,10,2,11,9,1
18071640,5,3,10,7,6
18071641,4,2,8,10,3
18071642,5,11,1,7,2
18071643,5,11,4,3,9
18071644,10,6,1,11,2
18071645,11,1,10,5,6
18071646,11,2,10,1,6
18071647,1,2,9,4,10
18071648,1,4,7,6,5
18071649,2,1,9,3,10
18071650,11,7,10,4,6
18071651,1,2,6,4,8
18071652,3,9,6,8,1
18071653,10,5,8,1,4
18071654,10,9,7,11,3
18071655,8,4,5,10,2
18071656,10,8,9,7,1
18071657,1,11,6,8,2
18071658,3,6,8,11,4
18071659,2,10,11,6,1
18071660,8,1,10,2,3
18071661,6,9,3,4,1
18071662,1,7,4,10,8
18071663,2,3,8,7,11
18071664,11,4,10,1,5
18071665,7,11,2,3,9
18071666,1,5,4,6,3
18071667,8,9,2,1,7
18071668,1,6,8,7,4
18071669,5,1,4,7,3
18071670,6,8,9,1,4
18071671,1,9,7,8,3
18071672,1,6,4,7,5
18071673,8,10,4,2,11
18071674,2,4,11,7,3
18071675,7,8,10,5,3
18071676,2,4,3,6,9
18071677,6,2,1,3,4
18071678,3,7,2,4,5
18071679,4,3,11,8,10
18071680,2,5,3,1,7
18071681,3,8,6,9,5
18071682,6,9,8,7,11
18071683,5,10,6,4,1
18071684,8,4,5,3,11
18071685,7,11,8,5,3
18071686,5,7,4,3,1
18071687,3,11,8,9,6
18071701,9,7,2,3,11
18071702,2,3,4,6,5
18071703,8,11,5,3,10
18071704,7,4,5,6,2
18071705,1,9,11,7,5
18071706,5,10,4,6,3
18071707,6,11,9,5,10
18071708,11,4,8,10,2
18071709,11,9,6,7,4
18071710,5,8,6,4,3
18071711,7,6,1,8,11
18071712,11,9,3,2,7
18071713,10,4,1,3,5
18071714,10,8,11,7,3
18071715,10,8,6,1,4
18071716,7,6,11,8,5
18071717,7,10,9,5,11
18071718,9,8,11,2,5
18071719,7,9,4,2,10
18071720,9,7,11,8,6
18071721,2,7,3,5,6
18071722,10,3,2,9,4
18071723,8,4,6,11,5
18071724,1,7,2,10,5
18071725,11,8,9,7,1
18071726,10,4,9,3,8
18071727,5,11,4,8,3
18071728,7,5,2,6,10
18071729,9,2,3,6,5
18071730,1,7,9,3,4
18071731,6,8,4,7,9
18071732,9,1,6,5,8
18071733,4,3,2,6,7
18071734,5,8,9,11,1
18071735,11,1,9,7,2
18071736,5,9,3,2,6
18071737,2,9,10,8,3
18071738,11,9,4,7,2
18071739,8,7,10,6,3
18071740,11,4,1,2,5
18071741,4,5,2,3,11
18071742,8,7,4,1,10
18071743,7,6,11,1,10
18071744,11,9,3,8,1
18071745,2,5,1,9,3
18071746,8,9,6,3,1
18071747,10,8,9,4,2
18071748,9,3,11,4,7
18071749,1,5,3,7,4
18071750,11,2,8,4,10
18071751,1,5,6,4,7
18071752,5,4,9,2,1
18071753,5,9,1,2,6
18071754,9,11,4,6,8
18071755,10,8,7,6,3
18071756,9,1,4,8,7
18071757,8,11,6,10,5
18071758,4,2,7,10,3
18071759,10,8,6,4,1
18071760,8,4,9,1,6
18071761,9,4,5,3,2
18071762,1,9,3,5,10
18071763,10,6,4,5,3
18071764,2,4,11,5,8
18071765,8,3,11,9,4
18071766,3,10,8,2,4
18071767,2,10,6,11,7
18071768,7,9,3,10,2
18071769,1,9,4,6,7
18071770,9,8,10,3,6
18071771,6,8,7,10,1
18071772,11,7,2,9,5
18071773,9,8,4,11,10
18071774,5,4,8,3,9
18071775,11,5,9,2,3
18071776,10,1,6,4,3
18071777,7,3,4,8,1
18071778,4,7,1,9,8
18071779,5,9,3,1,7
18071780,1,5,10,8,9
18071781,9,1,4,2,10
18071782,7,8,1,5,3
18071783,4,11,1,3,7
18071784,4,7,9,2,11
18071785,8,5,1,2,11
18071786,5,10,2,11,9
18071787,10,3,9,5,8
18071801,6,11,1,5,3
18071802,3,9,10,11,7
18071803,9,4,3,2,11
18071804,6,2,9,11,4
18071805,3,7,4,11,5
18071806,3,5,9,11,8
18071807,9,1,5,8,11
18071808,9,1,10,7,6
18071809,4,10,3,6,9
18071810,5,4,2,8,7
18071811,7,11,2,1,9
18071812,10,7,8,4,11
18071813,3,7,8,11,9
18071814,5,7,9,10,2
18071815,5,10,6,8,9
18071816,5,6,3,4,1
18071817,10,5,11,4,6
18071818,8,9,2,5,11
18071819,11,9,2,10,7
18071820,2,9,4,8,6
18071821,3,6,9,10,4
18071822,8,11,1,7,2
18071823,4,3,2,9,6
18071824,1,7,2,9,10
18071825,2,1,5,11,6
18071826,2,7,6,8,3
18071827,4,1,2,5,10
18071828,3,2,1,5,9
18071829,4,1,11,10,8
18071830,4,8,1,10,9
18071831,9,4,5,6,11
18071832,6,8,5,3,10
18071833,6,11,4,2,7
18071834,9,3,7,1,10
18071835,8,5,2,6,10
18071836,4,11,6,1,2
18071837,7,3,8,10,4
18071838,5,3,10,1,7
18071839,4,8,7,11,9
18071840,8,2,5,9,7
18071841,9,10,2,7,3
18071842,7,11,4,8,3
18071843,1,5,3,8,7
18071844,3,11,8,6,7
18071845,10,9,11,8,1
18071846,10,11,4,3,9
18071847,2,3,8,11,10
18071848,7,2,8,4,1
18071849,3,9,5,11,2
18071850,8,11,7,10,4
18071851,5,1,4,7,9
18071852,4,1,5,8,2
18071853,3,7,10,2,6
18071854,11,8,9,4,3
18071855,10,3,1,5,7
18071856,5,10,4,3,1
18071857,8,2,9,4,10
18071858,4,1,6,9,3
18071859,7,2,1,8,11
18071860,9,3,8,6,11
18071861,7,8,6,5,9
18071862,7,6,11,1,10
18071863,6,8,2,5,7
18071864,10,1,7,11,9
18071865,1,11,9,2,6
18071866,6,7,9,10,11
18071867,5,8,11,10,6
18071868,2,1,3,8,11
18071869,1,9,6,10,4
18071870,6,10,7,2,5
18071871,4,1,3,8,5
18071872,1,2,7,8,11
18071873,10,7,3,4,8
18071874,7,10,1,3,5
18071875,4,10,9,1,5
18071876,2,1,8,10,9
18071877,7,2,6,3,5
18071878,1,9,11,5,6
18071879,1,5,9,8,6
18071880,3,1,2,6,4
18071881,1,8,6,2,9
18071882,2,1,6,10,9
18071883,1,8,7,11,9
18071884,10,11,3,4,2
18071885,7,5,2,4,10
18071886,3,4,5,6,1
18071887,5,10,6,2,8
18071901,6,9,5,8,10
18071902,3,8,11,6,9
18071903,3,10,7,2,5
18071904,9,5,2,8,7
18071905,7,3,4,6,2
18071906,9,5,8,6,10
18071907,3,1,11,2,5
18071908,10,6,8,1,3
18071909,11,2,7,10,5
18071910,3,1,5,9,2
18071911,3,4,10,8,7
18071912,3,1,5,11,4
18071913,10,5,11,6,1
18071914,1,7,4,10,9
18071915,3,2,8,9,10
18071916,7,3,9,6,5
18071917,3,9,8,7,5
18071918,3,8,11,4,1
18071919,7,5,3,8,9
18071920,3,4,7,8,2
18071921,8,3,6,5,9
18071922,11,3,10,9,1
18071923,7,6,2,4,3
18071924,2,8,3,11,7
18071925,6,9,10,1,5
18071926,3,6,10,5,1
18071927,11,3,2,1,10
18071928,11,3,7,4,5
18071929,9,2,11,10,1
18071930,6,2,11,8,3
18071931,3,8,5,2,6
18071932,2,3,9,4,5
18071933,2,8,6,5,4
18071934,1,8,9,5,3
18071935,9,5,1,3,4
18071936,10,3,9,5,11
18071937,6,5,4,7,9
18071938,5,6,9,3,8
18071939,3,6,7,4,8
18071940,8,9,10,6,5
18071941,11,5,8,4,10
18071942,1,6,4,5,3
18071943,8,1,3,6,5
18071944,2,4,9,7,10
18071945,5,7,6,4,10
18071946,7,10,8,11,1
18071947,10,4,9,6,3
18071948,9,1,10,3,6
18071949,4,3,1,8,11
18071950,5,8,2,7,1
18071951,7,2,9,8,4
18071952,11,3,10,1,5
18071953,2,1,11,5,3
18071954,10,6,11,2,5
18071955,8,2,11,1,9
18071956,11,7,4,1,5
18071957,11,3,4,5,10
18071958,9,2,1,4,3
18071959,1,2,10,5,11
18071960,11,1,7,10,6
18071961,4,2,5,11,9
18071962,9,7,1,6,2
18071963,9,1,3,5,10
18071964,1,8,4,3,5
18071965,9,10,8,4,1
18071966,9,8,11,1,10
18071967,11,3,1,4,6
18071968,1,8,6,9,10
18071969,1,5,10,3,9
18071970,8,3,5,2,7
18071971,8,4,1,10,6
18071972,10,5,1,3,9
18071973,3,5,6,7,10
18071974,5,7,6,4,1
18071975,10,9,6,4,2
18071976,11,9,1,2,8
18071977,8,4,9,7,1
18071978,6,9,10,2,7
18071979,4,5,10,2,11
18071980,6,8,10,7,11
18071981,11,7,4,8,1
18071982,2,7,8,6,5
18071983,6,10,2,3,7
18071984,5,1,2,4,7
18071985,9,6,1,8,3
18071986,3,7,5,10,2
18071987,1,3,11,9,6
18072001,11,3,1,10,8
18072002,6,7,5,10,2
18072003,1,9,4,11,5
18072004,3,7,11,2,6
18072005,9,2,7,4,5
18072006,3,8,4,1,11
18072007,10,9,1,8,5
18072008,7,4,2,1,10
18072009,1,6,8,9,7
18072010,7,4,10,2,6
18072011,6,5,7,10,9
18072012,9,8,3,5,1
18072013,4,2,10,8,5
18072014,2,6,5,7,10
18072015,11,5,8,3,10
18072016,3,1,9,7,5
18072017,4,2,5,9,10
18072018,7,9,11,3,6
18072019,2,3,5,9,11
18072020,5,2,9,11,8
18072021,7,3,4,9,2
18072022,1,10,6,7,2
18072023,10,1,2,3,7
18072024,5,4,2,9,7
18072025,8,10,5,6,3
18072026,6,10,8,1,4
18072027,1,6,7,2,5
18072028,2,4,11,3,8
18072029,11,8,10,6,7
18072030,10,1,5,2,8
18072031,8,6,1,11,2
18072032,10,8,4,2,7
18072033,2,6,3,1,10
18072034,7,10,2,4,3
18072035,5,1,3,2,8
18072036,2,8,7,9,11
18072037,4,3,1,11,10
18072038,5,10,7,1,11
18072039,1,10,11,2,6
18072040,6,8,11,9,5
18072041,1,7,2,8,4
18072042,11,8,10,4,3
18072043,7,4,8,10,9
18072044,6,5,10,8,11
18072045,8,9,11,4,7
18072046,6,8,10,1,2
18072047,10,6,1,9,2
18072048,9,1,11,5,8
18072049,3,9,8,11,2
18072050,2,8,7,5,9
18072051,5,8,2,10,9
18072052,4,2,1,7,9
18072053,11,5,10,6,3
18072054,4,2,7,6,11
18072055,2,5,9,1,4
18072056,3,11,8,2,10
18072057,10,7,9,11,2
18072058,4,2,11,5,10
18072059,1,8,5,11,10
18072060,3,6,2,10,11
18072061,9,7,10,8,6
18072062,6,11,7,5,10
18072063,5,8,9,11,7
18072064,5,3,8,7,10
18072065,7,9,11,3,6
18072066,3,2,4,5,11
18072067,7,4,3,6,2
18072068,6,7,8,10,1
18072069,8,2,1,10,6
18072070,9,7,6,8,2
18072071,1,2,3,9,8
18072072,3,7,2,5,9
18072073,2,10,8,4,1
18072074,8,9,6,7,10
18072075,8,6,2,3,4
18072076,2,6,3,9,8
18072077,4,8,7,6,1
18072078,10,11,4,8,3
18072079,6,2,4,7,1
18072080,5,11,9,10,8
18072081,2,10,9,7,4
18072082,10,5,1,2,11
18072083,11,5,1,10,4
18072084,10,2,8,11,6
18072085,4,11,8,6,7
18072086,4,1,5,9,2
18072087,11,6,10,8,1
18072101,3,2,9,10,1
18072102,1,9,2,4,10
18072103,7,8,10,5,3
18072104,11,4,2,8,5
18072105,2,6,7,11,9
18072106,3,10,11,9,2
18072107,7,10,2,1,11
18072108,7,6,3,9,10
18072109,9,11,1,3,7
18072110,6,4,1,8,7
18072111,5,10,2,8,6
18072112,1,2,6,11,9
18072113,3,2,4,9,1
18072114,7,6,4,3,11
18072115,9,4,5,10,3
18072116,8,11,1,7,6
18072117,1,11,3,4,2
18072118,4,1,2,3,7
18072119,4,5,3,2,11
18072120,5,6,11,9,2
18072121,3,11,9,6,1
18072122,8,6,3,9,2
18072123,8,3,1,6,7
18072124,9,6,4,7,8
18072125,4,5,7,2,8
18072126,7,4,2,11,9
18072127,8,7,10,1,11
18072128,2,11,3,5,9
18072129,5,1,2,4,3
18072130,10,11,8,1,9
18072131,11,7,5,10,3
18072132,5,6,8,10,2
18072133,7,11,5,1,9
18072134,11,5,8,4,10
18072135,10,8,11,1,6
18072136,3,10,5,9,11
18072137,8,4,2,5,6
18072138,7,9,5,2,4
18072139,2,11,6,8,10
18072140,10,9,6,8,7
18072141,1,8,3,11,5
18072142,3,4,7,2,8
18072143,10,1,8,6,4
18072144,2,3,4,10,9
18072145,9,10,8,1,11
18072146,9,10,8,4,7
18072147,8,6,9,1,2
18072148,7,3,9,1,6
18072149,7,1,10,11,9
18072150,10,11,6,2,7
18072151,11,9,4,10,7
18072152,11,4,7,6,2
18072153,3,5,11,6,4
18072154,6,2,11,4,10
18072155,10,4,7,1,6
18072156,8,1,10,11,2
18072157,10,8,3,5,1
18072158,10,11,2,5,4
18072159,11,10,7,3,1
18072160,10,11,2,1,9
18072161,7,6,5,9,4
18072162,3,5,11,1,6
18072163,2,9,10,1,3
18072164,1,8,2,9,7
18072165,6,11,4,10,2
18072166,4,1,3,6,9
18072167,8,10,3,2,6
18072168,7,10,8,5,11
18072169,4,7,6,5,11
18072170,9,2,6,11,1
18072171,4,8,6,9,10
18072172,11,9,10,4,3
18072173,2,9,6,4,7
18072174,8,11,4,9,7
18072175,7,2,5,1,9
18072176,2,4,5,1,11
18072177,11,7,2,3,8
18072178,8,2,10,11,3
18072179,5,11,8,9,4
18072180,3,7,10,2,6
18072181,10,7,5,6,9
18072182,5,7,4,10,1
18072183,5,7,3,1,2
18072184,10,4,7,1,8
18072185,1,8,7,2,4
18072186,9,7,6,1,5
18072187,6,2,9,8,1
18072201,7,8,4,10,2
18072202,8,5,2,1,10
18072203,7,6,5,9,3
18072204,10,6,9,2,4
18072205,1,7,6,8,9
18072206,7,6,5,9,3
18072207,6,11,8,5,1
18072208,2,5,6,11,10
18072209,5,1,10,4,7
18072210,10,7,2,3,4
18072211,3,2,4,6,5
18072212,2,10,11,8,7
18072213,4,1,3,11,6
18072214,2,10,3,6,8
18072215,6,9,4,2,5
18072216,5,2,6,9,11
18072217,6,3,8,9,7
18072218,10,11,9,5,2
18072219,10,1,2,9,3
18072220,11,2,7,6,10
18072221,5,9,2,11,1
18072222,8,9,10,3,6
18072223,3,1,2,4,5
18072224,5,3,10,7,2
18072225,7,3,10,1,9
18072226,9,6,4,10,8
18072227,1,5,7,3,11
18072228,5,7,4,8,6
18072229,4,1,3,11,10
18072230,11,4,9,10,1
18072231,7,5,10,8,3
18072232,7,6,9,2,8
18072233,5,9,10,11,7
18072234,3,10,11,4,5
18072235,5,4,11,2,9
18072236,5,9,8,10,1
18072237,10,2,9,8,11
18072238,4,10,9,6,7
18072239,1,11,4,3,8
18072240,6,1,3,11,8
18072241,7,5,4,10,9
18072242,4,9,6,7,10
18072243,3,11,2,1,9
18072244,11,10,3,2,1
18072245,11,10,7,9,4
18072246,5,11,3,10,8
18072247,5,11,6,10,7
18072248,11,7,10,4,9
18072249,1,11,4,8,6
18072250,6,7,9,2,1
18072251,1,6,11,9,10
18072252,2,10,6,5,7
18072253,8,3,6,7,10
18072254,9,8,4,6,10
18072255,2,3,9,5,6
18072256,3,11,5,2,6
18072257,10,1,9,4,6
18072258,9,2,7,6,1
18072259,5,7,2,6,10
18072260,8,11,2,1,9
18072261,10,11,3,7,6
18072262,5,11,4,9,8
18072263,5,9,1,11,2
18072264,10,1,9,8,7
18072265,10,2,6,11,4
18072266,1,8,5,6,4
18072267,10,2,3,1,8
18072268,5,7,1,2,11
18072269,3,10,1,2,5
18072270,7,10,2,6,9
18072271,8,2,10,4,9
18072272,9,6,1,10,11
18072273,5,3,11,1,4
18072274,5,2,10,3,6
18072275,6,8,9,3,5
18072276,7,11,6,10,2
18072277,1,3,10,11,4
18072278,2,7,11,1,8
18072279,6,8,2,10,5
18072280,9,3,1,11,4
18072281,3,7,2,1,6
18072282,9,11,5,3,6
18072283,5,8,9,1,10
18072284,3,10,4,1,7
18072285,3,8,4,9,6
18072286,11,10,9,2,8
18072287,7,6,3,5,9
18072301,3,11,9,5,2
18072302,3,10,2,7,11
18072303,5,1,3,11,6
18072304,9,1,4,7,3
18072305,6,7,8,9,3
18072306,4,9,2,6,8
18072307,10,4,7,11,3
18072308,3,6,10,5,9
18072309,4,1,5,3,8
18072310,2,9,8,11,3
18072311,5,3,2,10,4
18072312,4,3,10,9,6
18072313,10,5,3,1,8
18072314,2,3,7,11,1
18072315,10,7,1,9,6
18072316,11,10,9,8,1
18072317,4,10,1,5,2
18072318,6,2,3,1,7
18072319,4,10,5,11,3
18072320,5,9,8,10,11
18072321,9,1,4,7,8
18072322,10,5,2,7,6
18072323,10,4,8,6,5
18072324,10,5,11,9,3
18072325,2,9,3,5,8
18072326,5,1,9,4,7
18072327,4,9,5,8,7
18072328,2,8,1,5,10
18072329,11,4,5,3,9
18072330,4,9,11,2,3
18072331,10,1,4,8,5
18072332,11,1,6,7,2
18072333,11,1,5,9,3
18072334,9,5,7,1,10
18072335,7,6,9,3,5
18072336,6,1,5,2,10
18072337,10,5,8,11,4
18072338,3,10,6,9,2
18072339,5,1,10,3,4
18072340,1,5,11,3,7
18072341,4,3,6,8,1
18072342,8,2,9,5,11
18072343,11,1,9,7,3
18072344,9,10,2,5,7
18072345,5,11,9,10,7
18072346,11,1,8,4,7
18072347,2,4,8,11,9
18072348,5,8,7,9,3
18072349,9,3,1,7,8
18072350,9,10,2,5,8
18072351,2,1,9,3,7
18072352,5,6,2,4,9
18072353,5,2,10,9,1
18072354,9,2,5,7,1
18072355,11,3,9,5,4
18072356,4,3,2,7,9
18072357,11,1,8,4,10
18072358,3,7,4,8,2
18072359,7,3,5,4,8
18072360,2,8,5,4,3
18072361,5,4,8,7,3
18072362,1,7,6,5,4
18072363,6,5,7,3,4
18072364,11,10,7,2,3
18072365,3,7,2,4,1
18072366,6,1,9,11,5
18072367,6,3,2,1,9
18072368,5,6,4,2,9
18072369,9,1,11,2,7
18072370,11,3,5,7,9
18072371,11,5,9,2,7
18072372,9,1,2,3,10
18072373,10,7,5,3,6
18072374,8,4,9,5,10
18072375,3,5,4,9,1
18072376,4,2,6,10,7
18072377,2,1,8,6,5
18072378,5,3,9,11,7
18072379,5,11,10,2,4
18072380,1,4,6,11,9
18072381,8,10,9,5,2
18072382,8,7,9,6,5
18072383,9,8,10,2,11
18072384,8,10,7,3,4
18072385,5,3,4,6,2
18072386,8,3,2,1,5
18072387,9,2,3,8,7
18072401,6,2,3,7,1
18072402,1,4,8,5,7
18072403,6,7,3,1,10
18072404,11,3,4,2,5
18072405,11,2,1,9,3
18072406,10,3,4,1,2
18072407,3,10,5,8,2
18072408,7,8,11,2,9
18072409,8,1,3,2,7
18072410,11,10,7,9,2
18072411,7,9,11,4,2
18072412,3,2,4,6,1
18072413,3,5,6,2,7
18072414,7,3,9,2,4
18072415,4,8,1,9,10
18072416,2,8,1,3,4
18072417,3,7,10,2,5
18072418,4,10,8,9,5
18072419,11,1,10,9,7
18072420,11,4,8,6,7
18072421,7,2,11,9,5
18072422,11,4,3,5,2
18072423,5,10,7,6,9
18072424,7,4,1,2,11
18072425,11,7,2,6,1
18072426,10,6,4,9,5
18072427,10,6,7,8,4
18072428,4,9,10,3,5
18072429,6,4,8,10,9
18072430,11,6,10,1,3
18072431,1,10,8,4,6
18072432,10,7,1,2,9
18072433,6,10,5,2,4
18072434,9,3,5,4,11
18072435,7,11,1,5,9
18072436,9,8,6,1,7
18072437,7,11,6,1,4
18072438,11,4,7,5,6
18072439,5,1,4,3,7
18072440,11,2,6,3,7
18072441,2,11,10,3,8
18072442,8,3,4,1,5
18072443,3,6,5,1,7
18072444,6,9,5,7,1
18072445,8,5,2,10,9
18072446,9,11,7,5,2
18072447,8,11,4,10,2
18072448,7,9,11,8,5
18072449,11,5,6,4,3
18072450,2,4,8,3,9
18072451,2,7,10,8,5
18072452,10,7,9,3,2
18072453,10,7,11,3,2
18072454,2,4,11,8,3
18072455,5,4,8,7,2
18072456,9,4,10,2,5
18072457,1,9,4,2,8
18072458,7,9,3,11,6
18072459,8,2,3,4,5
18072460,1,5,11,7,3
18072461,1,4,8,7,3
18072462,6,9,3,8,11
18072463,6,1,7,11,8
18072464,10,4,11,2,1
18072465,5,3,4,2,11
18072466,1,7,2,4,10
18072467,5,2,11,3,7
18072468,4,8,5,6,1
18072469,5,2,6,7,11
18072470,10,8,4,2,11
18072471,2,5,1,7,4
18072472,5,7,10,11,1
18072473,9,11,1,4,3
18072474,1,9,2,5,4
18072475,5,10,7,11,9
18072476,4,3,11,9,8
18072477,3,8,11,5,7
18072478,2,11,6,10,9
18072479,1,8,6,3,5
18072480,5,4,7,2,1
18072481,11,6,1,5,8
18072482,3,7,4,10,8
18072483,2,3,6,4,8
18072484,7,9,11,10,4
18072485,4,11,2,5,8
18072486,5,9,4,10,7
18072487,11,2,3,5,7
18072501,2,7,5,4,11
18072502,10,6,1,9,5
18072503,10,8,11,2,6
18072504,1,3,2,5,6
18072505,11,2,10,1,6
18072506,4,3,8,1,11
18072507,4,3,8,1,11
18072508,11,5,4,9,6
18072509,7,11,8,5,2
18072510,9,10,5,4,2
18072511,10,5,8,2,4
18072512,8,4,3,7,6
18072513,9,3,1,11,8
18072514,5,1,11,8,7
18072515,5,4,10,8,9
18072516,6,9,11,7,1
18072517,7,5,4,8,9
18072518,6,11,9,5,8
18072519,11,3,2,9,10
18072520,7,9,5,11,3
18072521,4,10,6,8,11
18072522,8,7,3,4,9
18072523,7,9,11,8,6
18072524,8,7,10,6,11
18072525,11,10,1,5,2
18072526,2,3,4,1,9
18072527,7,5,3,2,11
18072528,2,3,4,1,11
18072529,11,9,3,8,7
18072530,10,1,7,11,4
18072531,11,2,9,8,3
18072532,9,2,8,10,7
18072533,5,8,6,3,11
18072534,4,10,2,8,11
18072535,4,8,9,6,1
18072536,9,3,4,7,10
18072537,4,3,11,6,10
18072538,5,8,11,3,2
18072539,1,9,7,6,3
18072540,8,9,11,5,10
18072541,5,4,7,10,11
18072542,9,5,10,3,6
18072543,3,4,9,1,6
18072544,2,7,11,3,4
18072545,10,3,1,6,2
18072546,10,3,8,6,7
18072547,9,4,1,7,5
18072548,9,4,5,2,1
18072549,6,11,5,7,3
18072550,5,2,7,11,1
18072551,1,2,8,11,5
18072552,6,2,11,1,9
18072553,2,6,7,3,11
18072554,11,8,4,3,7
18072555,7,9,6,3,8
18072556,5,4,10,11,3
18072557,6,11,8,1,7
18072558,11,10,3,9,7
18072559,5,2,4,10,6
18072560,1,9,7,6,2
18072561,1,11,3,10,7
18072562,3,2,1,4,7
18072563,9,6,8,4,7
18072564,7,3,11,9,2
18072565,10,1,11,2,3
18072566,2,4,7,10,11
18072567,2,11,8,7,1
18072568,8,3,6,7,9
18072569,8,6,9,10,11
18072570,10,11,5,8,4
18072571,11,1,4,3,7
18072572,11,1,7,2,10
18072573,7,8,3,6,9
18072574,5,9,1,11,4
18072575,9,4,5,8,2
18072576,6,1,5,7,9
18072577,11,9,10,3,4
18072578,8,10,9,5,6
18072579,10,7,1,3,9
18072580,3,5,9,8,1
18072581,8,9,3,11,5
18072582,5,2,1,11,3
18072583,9,5,6,2,11
18072584,7,6,8,3,1
18072585,9,1,11,3,8
18072586,11,10,1,2,5
18072587,2,4,6,1,9
18072601,11,6,8,9,2
18072602,9,10,5,6,7
18072603,2,3,9,10,4
18072604,9,4,7,2,6
18072605,3,7,10,9,11
18072606,3,8,1,11,6
18072607,7,2,10,3,1
18072608,7,9,1,5,4
18072609,3,2,6,5,11
18072610,10,1,2,8,5
18072611,3,8,2,11,9
18072612,1,11,9,7,5
18072613,2,4,5,10,7
18072614,9,10,7,1,4
18072615,2,4,8,11,9
18072616,9,8,7,10,6
18072617,8,9,11,1,6
18072618,1,11,9,10,3
18072619,5,6,2,11,4
18072620,8,10,6,11,1
18072621,7,4,8,11,10
18072622,8,5,7,9,10
18072623,3,1,11,8,7
18072624,5,8,4,10,1
18072625,7,1,4,8,5
18072626,10,9,7,6,4
18072627,6,11,10,1,9
18072628,1,4,11,6,2
18072629,9,5,7,6,4
18072630,5,6,4,11,8
18072631,1,2,5,11,6
18072632,10,3,9,7,6
18072633,6,1,5,11,9
18072634,6,1,8,7,10
18072635,5,1,8,6,9
18072636,6,3,10,11,7
18072637,9,4,3,1,5
18072638,8,2,4,7,11
18072639,6,4,7,3,5
18072640,2,11,6,10,1
18072641,1,10,2,6,8
18072642,9,11,7,5,2
18072643,11,7,6,4,9
18072644,7,8,3,2,4
18072645,5,2,1,3,10
18072646,7,8,1,4,5
18072647,5,4,7,6,3
18072648,2,5,10,8,11
18072649,8,9,4,1,2
18072650,4,10,8,1,5
18072651,6,7,9,2,1
18072652,10,2,5,3,9
18072653,7,8,10,3,11
18072654,5,1,10,8,9
18072655,1,3,9,8,6
18072656,3,6,1,4,5
18072657,6,3,9,5,2
18072658,2,3,4,1,6
18072659,4,8,11,5,9
18072660,9,8,5,4,6
18072661,2,6,11,7,5
18072662,2,11,4,10,3
18072663,8,3,9,6,5
18072664,5,6,10,7,2
18072665,4,5,6,10,7
18072666,4,7,6,2,9
18072667,7,4,9,8,6
18072668,8,3,7,5,6
18072669,10,4,8,6,7
18072670,4,6,8,9,1
18072671,9,6,5,4,2
18072672,6,8,4,5,10
18072673,10,6,4,11,8
18072674,11,4,7,1,9
18072675,9,10,3,8,11
18072676,7,6,9,1,3
18072677,4,9,7,5,3
18072678,11,7,4,3,2
18072679,9,7,4,8,3
18072680,1,10,4,2,8
18072681,5,4,11,8,7
18072682,9,10,7,6,1
18072683,8,9,3,1,11
18072684,8,9,4,3,7
18072685,4,8,11,6,2
18072686,9,2,11,4,8
18072687,2,7,5,1,4
18072701,11,9,6,1,3
18072702,11,8,9,2,10
18072703,11,7,10,9,5
18072704,10,3,7,4,8
18072705,3,6,10,1,9
18072706,6,4,1,8,5
18072707,6,1,11,4,7
18072708,7,8,6,11,10
18072709,5,2,7,9,8
18072710,3,11,5,1,4
18072711,4,11,9,3,10
18072712,3,1,11,7,4
18072713,3,7,4,6,10
18072714,2,10,11,1,8
18072715,10,2,5,1,6
18072716,11,2,5,4,10
18072717,11,3,8,9,10
18072718,11,9,4,10,7
18072719,10,4,6,8,5
18072720,1,11,10,2,8
18072721,3,1,2,8,7
18072722,5,1,7,3,9
18072723,1,6,7,11,2
18072724,1,11,5,10,8
18072725,11,10,6,7,4
18072726,2,3,9,6,1
18072727,6,3,9,11,7
18072728,8,11,6,9,4
18072729,10,11,7,3,2
18072730,10,2,4,5,1
18072731,3,9,1,11,6
18072732,10,2,8,7,11
18072733,4,1,2,5,9
18072734,3,8,7,4,5
18072735,9,1,7,2,4
18072736,6,10,11,8,9
18072737,5,2,7,4,8
18072738,7,8,6,11,9
18072739,4,7,1,6,5
18072740,6,4,3,10,5
18072741,9,11,6,5,7
18072742,2,5,3,11,8
18072743,4,3,6,1,7
18072744,3,6,1,10,5
18072745,7,2,3,9,6
18072746,10,2,3,6,11
18072747,3,4,1,6,2
18072748,9,4,2,10,5
18072749,4,11,10,7,1
18072750,4,3,1,6,8
18072751,4,7,2,8,9
18072752,6,11,2,3,1
18072753,8,5,3,1,11
18072754,10,7,11,6,5
18072755,8,9,2,10,6
18072756,5,4,8,2,10
18072757,6,11,5,10,9
18072758,1,11,2,4,3
18072759,3,5,1,7,11
18072760,9,1,4,7,6
18072761,2,6,8,4,3
18072762,2,5,7,8,9
18072763,6,2,4,9,10
18072764,11,3,4,9,10
18072765,10,11,7,1,8
18072766,2,3,11,7,8
18072767,10,11,7,8,4
18072768,1,4,11,9,8
18072769,4,7,3,10,9
18072770,3,5,10,2,1
18072771,2,7,11,6,1
18072772,4,10,6,7,3
18072773,3,4,10,7,6
18072774,3,6,2,4,1
18072775,2,9,6,11,7
18072776,6,11,10,4,5
18072777,10,8,4,5,1
18072778,8,11,10,9,2
18072779,7,3,6,4,9
18072780,8,7,9,6,3
18072781,4,10,8,7,5
18072782,3,10,6,9,5
18072783,6,7,5,3,9
18072784,11,8,2,10,9
18072785,3,7,10,4,8
18072786,10,9,2,3,6
18072787,2,4,11,5,9
18072801,8,2,7,5,11
18072802,2,8,3,4,11
18072803,4,6,1,9,7
18072804,3,4,8,5,1
18072805,8,7,1,4,5
18072806,8,11,7,2,6
18072807,10,7,5,8,9
18072808,11,4,6,7,8
18072809,10,4,5,3,8
18072810,5,8,3,4,6
18072811,6,4,8,1,10
18072812,10,1,9,6,2
18072813,7,10,11,2,1
18072814,11,5,9,6,2
18072815,9,7,1,5,6
18072816,1,5,9,4,3
18072817,10,7,1,9,5
18072818,5,6,3,10,1
18072819,4,9,10,2,7
18072820,6,4,1,9,3
18072821,4,6,2,5,1
18072822,6,8,1,3,4
18072823,8,11,5,6,7
18072824,4,6,5,1,2
18072825,6,4,7,3,5
18072826,1,9,10,4,8
18072827,10,7,6,1,3
18072828,7,5,6,3,2
18072829,9,6,4,3,1
18072830,8,10,6,2,3
18072831,5,3,9,1,7
18072832,1,9,10,8,3
18072833,1,8,7,6,11
18072834,9,7,11,6,2
18072835,11,1,4,7,3
18072836,4,2,9,1,5
18072837,10,4,3,6,5
18072838,1,10,7,4,6
18072839,6,10,9,4,7
18072840,7,4,10,11,1
18072841,9,6,11,4,7
18072842,9,2,5,1,11
18072843,3,8,11,10,6
18072844,4,3,9,7,11
18072845,5,8,4,3,10
18072846,2,8,10,7,5
18072847,10,11,5,3,4
18072848,6,7,2,8,1
18072849,2,11,9,7,1
18072850,4,7,2,1,5
18072851,3,11,4,7,5
18072852,2,6,11,7,3
18072853,8,2,9,6,1
18072854,5,8,7,4,11
18072855,4,6,9,10,3
18072856,9,11,6,1,10
18072857,10,11,1,8,9
18072858,9,4,5,2,1
18072859,7,5,9,8,4
18072860,3,9,5,2,10
18072861,4,5,10,6,7
18072862,7,2,10,8,3
18072863,6,4,2,5,9
18072864,4,1,5,2,7
18072865,2,11,7,1,5
18072866,9,10,7,8,6
18072867,11,3,10,1,5
18072868,1,3,11,6,7
18072869,4,8,10,3,2
18072870,3,7,8,2,4
18072871,6,10,4,5,2
18072872,5,4,2,11,9
18072873,11,10,2,7,8
18072874,11,4,5,8,2
18072875,1,4,3,10,5
18072876,3,1,4,8,6
18072877,2,5,7,3,10
18072878,8,9,5,4,3
18072879,7,10,11,1,8
18072880,3,9,8,11,7
18072881,9,4,3,5,10
18072882,10,1,3,6,7
18072883,7,5,9,2,1
18072884,5,1,2,9,7
18072885,8,1,2,10,9
18072886,11,9,3,7,1
18072887,7,1,4,6,9
18072901,4,3,8,1,6
18072902,5,7,6,11,2
18072903,6,10,9,4,2
18072904,8,4,3,1,9
18072905,11,8,1,5,10
18072906,6,10,8,2,11
18072907,9,7,2,5,4
18072908,9,2,8,6,11
18072909,6,11,8,4,9
18072910,9,10,2,3,7
18072911,5,3,1,2,10
18072912,10,1,3,4,5
18072913,1,11,3,8,7
18072914,8,5,6,7,11
18072915,1,9,3,7,2
18072916,9,4,1,8,7
18072917,6,8,2,10,5
18072918,1,9,8,5,10
18072919,4,2,3,6,1
18072920,1,11,4,7,6
18072921,5,6,10,4,9
18072922,9,4,7,3,1
18072923,3,4,9,2,7
18072924,3,6,7,10,9
18072925,2,8,10,6,9
18072926,11,2,1,6,5
18072927,4,11,7,10,9
18072928,2,11,7,10,5
18072929,6,4,5,7,11
18072930,3,9,5,8,4
18072931,6,4,11,3,9
18072932,3,6,11,4,8
18072933,2,10,4,8,1
18072934,7,9,10,4,3
18072935,1,8,2,11,3
18072936,7,8,11,5,9
18072937,10,7,3,5,4
18072938,1,6,11,3,9
18072939,9,7,1,4,8
18072940,11,9,8,3,10
18072941,7,6,11,1,9
18072942,9,10,4,5,7
18072943,5,2,1,8,9
18072944,11,3,7,6,8
18072945,8,7,9,4,5
18072946,4,3,6,5,8
18072947,9,7,2,6,11
18072948,10,9,5,4,3
18072949,7,6,3,4,11
18072950,4,1,7,10,6
18072951,2,10,9,4,5
18072952,1,9,5,3,2
18072953,5,3,7,4,11
18072954,1,5,10,7,11
18072955,9,8,10,4,5
18072956,5,6,7,1,11
18072957,10,5,11,7,8
18072958,1,10,6,3,4
18072959,7,9,6,8,2
18072960,10,6,8,1,5
18072961,7,1,2,10,11
18072962,5,4,11,10,3
18072963,1,11,9,8,6
18072964,7,11,8,3,6
18072965,8,7,1,9,6
18072966,7,10,3,8,6
18072967,9,3,2,1,5
18072968,10,7,3,1,4
18072969,5,4,7,3,2
18072970,11,8,4,5,10
18072971,4,2,1,7,8
18072972,6,9,10,2,1
18072973,4,11,8,1,10
18072974,8,9,4,7,1
18072975,3,1,7,6,5
18072976,2,8,3,7,6
18072977,7,3,1,8,4
18072978,2,9,1,11,3
18072979,10,5,1,8,7
18072980,11,6,1,4,5
18072981,7,4,2,5,10
18072982,8,7,11,10,4
18072983,9,8,7,4,10
18072984,7,4,5,1,6
18072985,3,9,11,7,8
18072986,11,1,8,4,9
18072987,11,7,8,6,10
18073001,6,2,8,10,4
18073002,5,1,10,3,11
18073003,4,5,9,10,1
18073004,8,3,5,4,10
18073005,10,4,1,11,9
18073006,3,4,9,5,6
18073007,6,10,7,4,5
18073008,4,3,9,11,10
18073009,6,1,8,9,4
18073010,3,10,6,2,9
18073011,8,2,7,1,5
18073012,3,4,8,7,5
18073013,1,9,2,5,4
18073014,4,2,10,8,9
18073015,1,7,9,3,10
18073016,2,8,5,1,3
18073017,10,7,3,1,2
18073018,9,8,3,1,7
18073019,9,11,7,6,5
18073020,11,6,9,5,2
18073021,3,5,4,6,2
18073022,11,9,1,8,4
18073023,7,4,6,3,10
18073024,10,8,6,9,7
18073025,7,1,11,5,10
18073026,11,3,8,5,10
18073027,10,1,8,7,9
18073028,9,8,4,1,6
18073029,8,4,3,9,6
18073030,4,5,10,11,8
18073031,9,1,6,7,2
18073032,8,5,11,1,4
18073033,8,6,7,2,10
18073034,9,1,4,7,6
18073035,10,6,7,11,4
18073036,8,4,3,6,11
18073037,8,10,1,3,11
18073038,6,1,10,8,9
18073039,3,9,6,10,5
18073040,9,6,5,1,7
18073041,1,10,6,2,3
18073042,6,8,4,7,5
18073043,8,7,2,6,10
18073044,8,11,6,5,10
18073045,10,3,5,2,11
18073046,5,6,10,4,11
18073047,11,3,10,6,4
18073048,6,4,11,5,1
18073049,8,11,4,2,7
18073050,11,9,8,10,7
18073051,5,11,3,2,6
18073052,1,7,10,4,2
18073053,3,11,1,5,2
18073054,1,5,8,3,9
18073055,7,10,1,4,5
18073056,11,2,1,4,10
18073057,7,5,1,4,3
18073058,5,7,6,2,1
18073059,7,9,6,1,11
18073060,1,7,2,8,5
18073061,4,11,1,8,5
18073062,2,5,8,11,7
18073063,4,1,2,8,5
18073064,11,8,1,6,5
18073065,10,8,1,6,9
18073066,4,8,11,7,2
18073067,3,5,1,6,7
18073068,5,2,10,4,9
18073069,10,5,7,3,4
18073070,7,4,10,3,5
18073071,11,10,2,9,1
18073072,2,10,1,6,7
18073073,7,2,8,1,4
18073074,7,4,3,6,1
18073075,10,5,8,3,6
18073076,9,5,10,7,3
18073077,11,4,8,1,2
18073078,5,10,7,6,11
18073079,5,10,2,8,3
18073080,3,8,6,1,5
18073081,1,6,3,9,10
18073082,2,10,4,7,11
18073083,8,10,7,6,4
18073084,6,1,11,10,2
18073085,1,5,10,2,4
18073086,9,4,2,11,8
18073087,6,8,10,9,11
18073101,3,9,1,7,11
18073102,7,11,8,5,10
18073103,5,9,3,10,8
18073104,6,5,9,3,2
18073105,11,8,4,1,5
18073106,10,9,3,7,8
18073107,2,5,7,6,3
18073108,8,6,7,9,10
18073109,11,1,3,7,10
18073110,2,3,11,10,6
18073111,5,7,3,1,2
18073112,11,4,3,7,8
18073113,10,1,6,9,11
18073114,4,7,10,2,11
18073115,11,5,6,3,1
18073116,2,6,1,7,11
18073117,5,10,11,6,8
18073118,5,3,7,8,4
18073119,3,11,6,9,8
18073120,7,4,3,9,6
18073121,1,4,3,5,9
18073122,1,10,2,4,5
18073123,7,5,11,9,10
18073124,5,3,11,10,2
18073125,2,4,8,7,11
18073126,3,11,6,1,5
18073127,9,2,8,1,6
18073128,6,7,1,8,10
18073129,2,1,3,4,5
18073130,2,3,1,4,5
18073131,1,2,10,6,8
18073132,10,9,1,3,6
18073133,3,10,4,5,1
18073134,10,1,7,8,6
18073135,6,10,5,9,3
18073136,8,6,5,1,10
18073137,7,9,11,3,10
18073138,1,6,2,9,8
18073139,2,9,4,8,10
18073140,5,1,11,10,2
18073141,2,1,7,5,9
18073142,3,7,5,11,4
18073143,2,10,7,1,9
18073144,2,8,11,10,3
18073145,3,5,2,1,10
18073146,1,11,5,3,6
18073147,2,4,3,5,1
18073148,9,5,10,3,1
18073149,1,10,4,9,3
18073150,2,1,4,11,10
18073151,7,11,5,10,9
18073152,11,1,7,6,2
18073153,7,9,10,4,1
18073154,8,7,2,6,1
18073155,4,3,2,8,10
18073156,7,10,1,3,2
18073157,9,10,1,8,3
18073158,10,2,7,3,6
18073159,9,4,7,8,3
18073160,2,8,4,11,1
18073161,11,5,10,3,6
18073162,9,1,3,5,4
18073163,1,11,3,6,8
18073164,2,6,10,1,3
18073165,8,2,6,11,7
18073166,8,11,10,2,1
18073167,9,5,10,6,11
18073168,5,7,1,10,6
18073169,6,5,4,8,7
18073170,4,2,11,8,10
18073171,11,8,3,7,5
18073172,1,4,9,3,7
18073173,9,5,1,2,8
18073174,3,8,6,1,5
18073175,3,7,2,11,6
18073176,11,1,2,7,8
18073177,3,5,6,2,7
18073178,11,7,3,5,8
18073179,6,8,4,7,11
18073180,1,10,4,9,8
18073181,8,3,11,6,5
18073182,8,10,5,4,1
18073183,8,7,3,2,11
18073184,3,7,4,1,6
18073185,11,1,5,3,4
18073186,6,8,11,10,1
18073187,3,7,6,8,9
