18090101,11,10,2,9,4
18090102,2,5,1,4,3
18090103,7,6,1,2,9
18090104,5,4,6,1,11
18090105,6,4,7,8,2
18090106,7,10,9,8,5
18090107,11,2,5,1,7
18090108,10,7,9,3,11
18090109,10,7,5,11,1
18090110,6,11,4,10,5
18090111,5,6,8,11,3
18090112,10,11,5,2,8
18090113,5,11,6,2,7
18090114,6,1,4,9,3
18090115,5,9,2,11,7
18090116,8,6,2,9,1
18090117,1,3,5,2,11
18090118,6,8,2,5,11
18090119,8,6,3,9,4
18090120,2,11,4,6,10
18090121,11,6,10,8,3
18090122,3,7,8,6,10
18090123,8,4,11,2,10
18090124,3,7,10,9,6
18090125,9,2,3,10,8
18090126,7,3,8,4,2
18090127,10,5,2,1,3
18090128,7,4,2,3,6
18090129,11,4,2,9,8
18090130,2,10,9,8,4
18090131,4,8,1,7,2
18090132,6,7,8,11,4
18090133,5,2,4,9,1
18090134,3,1,9,5,8
18090135,3,2,5,6,8
18090136,1,8,11,4,6
18090137,2,8,11,3,7
18090138,5,7,2,4,1
18090139,8,11,2,3,1
18090140,5,2,3,11,1
18090141,5,6,3,9,1
18090142,7,11,5,9,6
18090143,4,9,7,11,6
18090144,10,5,11,9,8
18090145,1,11,2,10,5
18090146,7,11,6,9,2
18090147,6,5,10,1,8
18090148,7,1,3,4,10
18090149,8,10,5,1,3
18090150,5,7,6,10,3
18090151,1,4,10,2,8
18090152,3,7,5,2,11
18090153,3,9,4,7,5
18090154,2,8,6,4,3
18090155,8,2,5,9,3
18090156,7,5,11,3,1
18090157,6,1,10,11,9
18090158,8,10,5,9,1
18090159,2,9,8,1,4
18090160,7,9,6,8,1
18090161,5,8,7,10,6
18090162,3,9,6,5,7
18090163,1,6,11,10,5
18090164,10,3,7,5,6
18090165,6,5,9,1,8
18090166,9,7,10,3,4
18090167,6,1,9,11,5
18090168,5,4,8,1,11
18090169,8,9,7,6,4
18090170,6,1,2,8,5
18090171,10,4,11,6,2
18090172,5,1,8,11,3
18090173,1,3,5,10,11
18090174,7,8,5,2,10
18090175,1,11,5,4,3
18090176,11,9,8,7,1
18090177,1,5,11,4,8
18090178,6,5,4,7,2
18090179,11,4,5,2,7
18090180,7,5,6,10,9
18090181,8,9,3,2,5
18090182,11,4,5,1,7
18090183,1,8,5,3,7
18090184,2,9,3,7,8
18090185,6,11,5,3,9
18090186,6,10,5,1,2
18090187,4,11,6,1,10
18090201,3,8,2,4,6
18090202,8,7,4,1,3
18090203,11,9,1,8,4
18090204,5,9,7,11,10
18090205,9,11,6,5,7
18090206,10,7,11,3,4
18090207,8,2,6,4,5
18090208,4,2,3,8,9
18090209,7,11,1,8,5
18090210,9,8,3,1,5
18090211,3,1,8,5,6
18090212,4,5,3,11,9
18090213,8,2,10,6,4
18090214,7,5,11,1,10
18090215,2,4,10,3,9
18090216,10,6,1,7,4
18090217,4,11,3,7,9
18090218,11,7,2,9,8
18090219,6,1,10,2,8
18090220,11,1,7,10,5
18090221,8,7,9,6,1
18090222,6,11,7,2,1
18090223,2,1,9,5,10
18090224,5,7,1,4,2
18090225,3,8,6,1,9
18090226,8,3,5,2,1
18090227,6,9,7,8,4
18090228,8,7,1,11,10
18090229,9,7,10,11,1
18090230,3,8,5,1,6
18090231,8,7,3,6,5
18090232,6,3,5,8,9
18090233,2,10,1,8,9
18090234,2,11,9,7,4
18090235,11,9,4,6,1
18090236,2,3,8,4,5
18090237,8,6,11,5,10
18090238,9,7,11,5,6
18090239,3,6,8,5,4
18090240,4,11,1,6,7
18090241,3,6,5,4,9
18090242,5,3,8,2,10
18090243,8,9,10,2,1
18090244,5,4,11,10,6
18090245,4,5,7,3,1
18090246,5,11,9,3,6
18090247,10,7,3,11,2
18090248,2,5,1,10,3
18090249,8,5,10,4,2
18090250,10,9,2,6,5
18090251,2,1,11,10,3
18090252,5,7,1,2,10
18090253,5,6,9,2,3
18090254,8,4,6,3,7
18090255,10,7,5,3,1
18090256,8,6,5,9,1
18090257,10,1,2,3,11
18090258,9,8,7,2,3
18090259,11,10,7,9,6
18090260,3,11,10,4,1
18090261,5,1,11,6,8
18090262,6,11,9,10,5
18090263,10,8,5,3,6
18090264,8,2,6,11,10
18090265,3,10,1,9,2
18090266,5,3,11,4,1
18090267,3,5,9,7,4
18090268,10,11,7,4,5
18090269,7,8,2,9,3
18090270,1,11,2,8,4
18090271,1,5,2,7,9
18090272,10,6,1,5,7
18090273,7,9,2,6,11
18090274,8,5,7,3,2
18090275,3,7,1,5,8
18090276,2,10,1,7,8
18090277,10,6,3,2,11
18090278,5,2,6,1,3
18090279,9,4,10,1,8
18090280,9,10,5,4,7
18090281,4,11,7,9,5
18090282,7,4,1,6,9
18090283,4,3,9,8,7
18090284,6,7,8,10,1
18090285,4,6,10,3,5
18090286,5,2,4,1,3
18090287,4,5,10,11,1
18090301,10,7,9,8,1
18090302,1,2,3,6,8
18090303,8,9,2,3,11
18090304,8,6,2,10,9
18090305,5,9,6,3,11
18090306,10,7,9,3,6
18090307,10,7,8,2,5
18090308,11,3,8,9,10
18090309,6,8,5,10,3
18090310,5,4,6,7,8
18090311,7,6,4,1,10
18090312,11,3,10,8,9
18090313,3,2,10,5,1
18090314,1,3,10,8,9
18090315,9,11,5,4,7
18090316,9,6,11,5,2
18090317,9,7,3,11,4
18090318,9,1,6,5,11
18090319,6,5,10,9,11
18090320,3,11,9,2,7
18090321,2,3,9,6,5
18090322,3,4,5,1,11
18090323,11,8,2,7,4
18090324,5,1,6,9,2
18090325,1,2,3,4,5
18090326,9,5,4,6,10
18090327,2,1,8,10,6
18090328,1,3,11,9,6
18090329,1,7,11,9,6
18090330,4,6,1,2,3
18090331,5,6,1,8,9
18090332,7,2,11,8,5
18090333,1,2,4,10,11
18090334,4,9,7,10,6
18090335,7,2,6,5,10
18090336,8,6,1,3,2
18090337,9,3,11,4,2
18090338,1,10,5,7,11
18090339,5,8,6,9,4
18090340,6,4,10,1,3
18090341,5,6,9,3,10
18090342,11,1,2,4,7
18090343,5,7,9,3,4
18090344,2,6,8,10,9
18090345,8,11,7,9,2
18090346,8,11,4,5,9
18090347,8,4,7,1,2
18090348,9,8,4,1,6
18090349,9,4,11,3,1
18090350,7,9,1,10,8
18090351,9,8,6,11,10
18090352,6,5,11,10,9
18090353,2,10,7,5,9
18090354,3,1,9,10,4
18090355,3,10,8,9,11
18090356,3,6,10,9,5
18090357,3,9,2,11,8
18090358,5,7,1,2,10
18090359,3,4,6,1,11
18090360,10,1,8,3,4
18090361,2,5,8,6,4
18090362,11,6,10,3,9
18090363,3,11,2,1,7
18090364,10,4,6,2,3
18090365,11,9,4,5,6
18090366,6,3,4,11,9
18090367,5,3,2,10,7
18090368,9,4,8,11,5
18090369,4,8,1,5,3
18090370,3,1,4,10,9
18090371,2,8,6,7,3
18090372,5,9,10,11,8
18090373,1,6,8,3,10
18090374,7,11,3,1,5
18090375,5,9,4,1,8
18090376,3,4,7,6,2
18090377,10,9,1,3,4
18090378,9,4,2,3,6
18090379,3,5,9,8,6
18090380,5,9,7,8,3
18090381,8,6,11,2,3
18090382,2,9,1,3,8
18090383,10,1,4,8,3
18090384,8,11,5,2,1
18090385,8,1,11,4,9
18090386,10,8,9,2,6
18090387,5,6,8,11,2
18090401,1,11,2,10,8
18090402,8,10,1,6,2
18090403,8,11,2,7,3
18090404,10,6,9,4,11
18090405,6,2,5,4,9
18090406,4,1,2,9,8
18090407,2,9,3,1,6
18090408,11,7,4,10,5
18090409,11,9,5,7,4
18090410,10,9,6,4,2
18090411,10,5,2,11,6
18090412,1,3,6,4,10
18090413,8,11,1,10,9
18090414,7,1,11,6,10
18090415,2,6,9,11,3
18090416,11,6,7,1,3
18090417,5,7,4,2,11
18090418,3,8,9,10,2
18090419,5,2,10,6,1
18090420,4,10,9,1,3
18090421,7,5,2,8,10
18090422,4,8,3,1,5
18090423,2,5,7,6,3
18090424,6,8,4,3,7
18090425,5,3,10,4,6
18090426,3,7,10,4,5
18090427,9,1,7,4,6
18090428,8,5,7,9,6
18090429,8,7,11,1,5
18090430,1,7,3,2,11
18090431,6,3,8,7,4
18090432,7,3,11,4,1
18090433,6,7,5,2,8
18090434,2,10,8,5,6
18090435,4,8,2,7,3
18090436,10,2,9,4,5
18090437,9,3,11,1,6
18090438,3,10,5,4,8
18090439,1,4,5,9,6
18090440,11,7,2,9,6
18090441,5,1,4,3,2
18090442,5,1,10,9,2
18090443,4,10,1,6,7
18090444,8,7,4,11,6
18090445,5,1,11,3,2
18090446,3,10,11,8,1
18090447,11,6,7,5,3
18090448,7,6,1,4,8
18090449,6,7,9,11,10
18090450,3,11,2,1,10
18090451,9,5,8,2,11
18090452,5,1,4,9,2
18090453,10,2,1,3,5
18090454,5,1,3,11,2
18090455,11,5,2,4,8
18090456,6,3,10,5,4
18090457,5,1,8,7,9
18090458,3,11,8,6,4
18090459,2,11,8,7,6
18090460,10,4,3,1,2
18090461,4,9,10,11,2
18090462,9,6,10,4,5
18090463,10,11,6,4,8
18090464,1,10,11,2,5
18090465,7,10,6,4,8
18090466,2,1,6,7,11
18090467,3,9,10,7,1
18090468,6,8,4,10,3
18090469,1,10,7,3,9
18090470,6,8,3,1,4
18090471,3,11,10,5,1
18090472,7,10,5,1,11
18090473,6,9,5,7,11
18090474,2,10,11,9,8
18090475,9,10,3,6,11
18090476,8,4,9,10,7
18090477,7,8,4,6,3
18090478,10,4,7,2,3
18090479,1,8,4,10,2
18090480,10,1,11,9,7
18090481,11,5,1,2,9
18090482,6,8,9,11,4
18090483,5,10,3,8,1
18090484,2,1,4,11,8
18090485,3,1,10,4,11
18090486,8,6,7,1,9
18090487,7,3,8,6,2
18090501,9,8,7,11,5
18090502,6,1,3,8,5
18090503,6,5,2,8,7
18090504,3,1,4,10,11
18090505,8,5,2,10,11
18090506,4,1,11,3,10
18090507,9,8,5,10,3
18090508,2,9,10,5,6
18090509,1,10,2,8,11
18090510,3,2,5,4,6
18090511,10,3,7,6,9
18090512,6,8,7,10,2
18090513,6,11,8,3,7
18090514,3,1,10,6,4
18090515,2,4,5,8,6
18090516,3,1,9,6,8
18090517,2,10,11,6,5
18090518,10,9,8,1,5
18090519,11,2,7,9,8
18090520,8,5,6,4,10
18090521,5,10,7,3,8
18090522,11,1,4,10,8
18090523,2,7,5,11,1
18090524,8,1,10,3,9
18090525,9,4,1,3,10
18090526,8,6,5,10,1
18090527,5,4,11,10,2
18090528,3,5,8,10,2
18090529,8,11,6,5,9
18090530,6,3,8,4,2
18090531,1,2,7,4,3
18090532,3,7,4,11,10
18090533,4,7,2,5,6
18090534,11,7,5,2,1
18090535,11,1,9,5,3
18090536,8,6,5,1,3
18090537,1,7,6,8,9
18090538,7,3,4,6,1
18090539,2,5,3,10,6
18090540,4,7,2,9,8
18090541,4,3,5,1,7
18090542,8,2,10,1,4
18090543,1,9,2,10,6
18090544,6,4,7,2,9
18090545,5,10,9,6,7
18090546,2,8,7,4,11
18090547,7,2,8,4,9
18090548,5,6,3,9,7
18090549,3,8,11,1,10
18090550,5,6,4,1,3
18090551,10,5,8,3,4
18090552,11,9,6,10,3
18090553,11,6,7,8,4
18090554,6,10,11,4,5
18090555,10,2,8,4,1
18090556,3,4,9,7,5
18090557,2,1,5,11,7
18090558,3,1,7,8,11
18090559,8,10,2,3,7
18090560,5,9,3,2,8
18090561,10,2,9,11,1
18090562,5,2,10,11,4
18090563,7,5,10,11,1
18090564,6,10,4,5,9
18090565,1,11,4,8,6
18090566,10,5,2,11,3
18090567,4,11,2,7,3
18090568,11,1,7,4,3
18090569,10,9,1,3,7
18090570,2,9,3,1,4
18090571,10,7,5,8,1
18090572,1,6,10,5,11
18090573,7,9,6,2,1
18090574,11,1,8,4,9
18090575,9,4,1,2,11
18090576,9,10,11,7,1
18090577,4,2,11,5,1
18090578,1,8,2,5,3
18090579,11,6,5,2,4
18090580,11,7,4,8,9
18090581,9,2,1,11,6
18090582,1,11,9,3,8
18090583,6,2,5,11,7
18090584,8,2,5,4,9
18090585,9,8,11,2,6
18090586,7,11,6,2,3
18090587,1,3,6,7,4
18090601,7,6,3,11,8
18090602,2,5,3,1,10
18090603,8,6,1,11,9
18090604,4,2,3,5,9
18090605,10,9,5,8,7
18090606,6,5,2,3,4
18090607,10,5,11,1,2
18090608,10,5,8,7,11
18090609,9,10,2,1,4
18090610,3,10,11,7,2
18090611,6,3,1,7,2
18090612,4,9,6,8,2
18090613,3,6,1,10,9
18090614,3,8,1,2,10
18090615,9,7,2,11,1
18090616,5,4,10,11,3
18090617,6,1,10,5,2
18090618,9,2,11,8,3
18090619,11,2,7,3,8
18090620,8,6,2,1,7
18090621,8,11,3,10,5
18090622,10,9,11,1,3
18090623,5,6,7,10,1
18090624,5,7,9,6,2
18090625,8,3,6,9,7
18090626,1,7,4,10,11
18090627,4,1,7,10,5
18090628,3,4,6,7,10
18090629,7,10,1,4,6
18090630,10,8,3,7,9
18090631,11,8,9,4,7
18090632,3,2,9,7,8
18090633,6,11,9,8,1
18090634,2,3,5,7,6
18090635,10,2,6,7,4
18090636,10,1,7,6,2
18090637,11,9,8,2,10
18090638,9,4,5,10,8
18090639,11,6,8,1,10
18090640,2,7,1,11,3
18090641,11,6,8,9,2
18090642,11,3,5,9,4
18090643,11,3,4,5,9
18090644,7,6,9,5,3
18090645,7,2,6,4,5
18090646,7,9,4,6,3
18090647,1,11,2,5,6
18090648,3,11,7,9,1
18090649,5,4,11,6,1
18090650,1,10,7,5,8
18090651,5,6,8,7,11
18090652,10,8,7,6,3
18090653,8,5,4,10,9
18090654,7,1,8,4,3
18090655,11,2,3,10,5
18090656,10,5,2,4,8
18090657,6,2,3,10,7
18090658,2,10,3,6,11
18090659,9,1,6,11,2
18090660,4,7,3,5,9
18090661,11,3,10,9,4
18090662,1,5,2,7,3
18090663,11,7,3,9,2
18090664,2,1,9,8,6
18090665,2,3,1,6,8
18090666,6,3,9,1,4
18090667,7,2,3,10,8
18090668,8,3,6,7,2
18090669,11,10,1,2,5
18090670,9,1,11,8,2
18090671,8,10,1,2,5
18090672,1,8,9,10,2
18090673,1,4,6,9,3
18090674,4,2,8,5,3
18090675,5,2,1,3,9
18090676,8,1,3,7,11
18090677,10,11,4,2,8
18090678,9,1,2,4,7
18090679,5,10,1,4,8
18090680,8,6,9,3,11
18090681,8,7,2,6,10
18090682,7,6,10,8,11
18090683,5,6,11,7,8
18090684,7,2,3,4,8
18090685,3,2,4,8,6
18090686,5,1,4,3,11
18090687,6,11,7,1,10
18090701,3,1,5,4,10
18090702,8,7,11,2,3
18090703,7,4,10,3,5
18090704,6,8,9,4,5
18090705,4,1,6,10,2
18090706,11,10,4,5,2
18090707,6,1,3,5,10
18090708,10,2,3,1,9
18090709,9,7,11,2,3
18090710,8,1,5,7,3
18090711,7,10,1,4,3
18090712,4,1,2,8,6
18090713,2,7,4,9,6
18090714,5,1,7,3,9
18090715,3,8,1,9,10
18090716,7,1,2,3,4
18090717,11,7,4,5,3
18090718,7,4,1,5,11
18090719,7,5,2,10,4
18090720,8,4,5,11,9
18090721,11,2,9,7,6
18090722,4,10,11,1,6
18090723,8,3,1,5,6
18090724,3,9,5,1,8
18090725,1,11,2,7,8
18090726,5,3,6,1,9
18090727,6,8,1,11,4
18090728,7,2,5,6,3
18090729,5,2,7,6,1
18090730,9,8,11,1,7
18090731,9,6,10,5,2
18090732,6,1,4,10,2
18090733,1,5,3,4,11
18090734,6,7,8,11,1
18090735,9,3,5,1,7
18090736,2,8,3,1,10
18090737,3,6,9,2,8
18090738,3,11,6,1,5
18090739,4,7,10,9,5
18090740,1,9,5,3,6
18090741,1,4,9,5,10
18090742,4,9,6,3,5
18090743,8,1,10,11,5
18090744,9,11,3,2,4
18090745,6,5,7,3,10
18090746,10,7,5,3,2
18090747,7,2,11,10,6
18090748,1,3,7,9,11
18090749,10,5,2,6,8
18090750,5,1,9,10,2
18090751,2,6,9,1,11
18090752,7,8,1,10,6
18090753,6,11,9,7,10
18090754,10,11,2,8,4
18090755,1,11,3,10,7
18090756,8,10,3,5,7
18090757,5,10,1,8,4
18090758,7,10,5,9,3
18090759,6,4,1,11,5
18090760,3,8,4,2,9
18090761,2,7,1,11,9
18090762,1,3,8,6,10
18090763,9,8,5,3,10
18090764,9,8,1,4,10
18090765,8,6,7,1,10
18090766,3,6,8,2,9
18090767,4,11,9,3,2
18090768,9,10,4,6,2
18090769,6,5,1,10,2
18090770,9,2,4,8,5
18090771,11,2,5,10,4
18090772,7,9,4,2,11
18090773,6,2,1,11,4
18090774,4,6,10,11,7
18090775,4,1,2,8,11
18090776,11,10,2,7,4
18090777,9,1,10,7,8
18090778,10,2,1,7,11
18090779,2,7,6,4,1
18090780,9,6,2,3,1
18090781,3,8,6,5,1
18090782,2,8,10,7,4
18090783,6,1,8,3,9
18090784,3,2,6,7,9
18090785,7,10,11,1,6
18090786,10,5,1,2,8
18090787,2,6,4,9,1
18090801,2,1,10,6,11
18090802,3,5,8,10,9
18090803,9,7,3,11,5
18090804,5,11,6,9,3
18090805,8,10,1,6,11
18090806,3,6,7,5,8
18090807,10,9,6,8,5
18090808,1,10,4,5,3
18090809,7,3,11,9,4
18090810,10,9,3,11,4
18090811,6,4,8,5,1
18090812,2,9,10,5,1
18090813,4,9,11,5,8
18090814,9,7,3,11,6
18090815,9,8,3,7,5
18090816,9,10,2,11,7
18090817,3,7,8,10,4
18090818,1,10,8,6,9
18090819,4,8,7,10,6
18090820,5,11,7,6,2
18090821,1,5,3,8,9
18090822,2,8,5,3,10
18090823,9,5,4,1,7
18090824,7,4,5,11,8
18090825,3,4,9,2,6
18090826,6,11,4,5,9
18090827,10,6,8,5,1
18090828,10,5,8,6,4
18090829,1,7,8,4,2
18090830,4,3,9,5,7
18090831,4,2,3,5,1
18090832,5,7,4,11,6
18090833,7,8,11,4,5
18090834,8,3,2,7,10
18090835,7,4,2,9,8
18090836,3,8,5,11,7
18090837,7,1,9,11,2
18090838,6,8,10,7,4
18090839,9,6,11,3,1
18090840,2,10,9,11,4
18090841,2,11,4,7,1
18090842,11,1,7,3,4
18090843,11,6,5,4,2
18090844,1,2,9,7,10
18090845,2,5,8,10,3
18090846,10,7,1,2,4
18090847,5,4,7,1,6
18090848,6,4,7,11,9
18090849,8,11,2,4,6
18090850,3,8,5,9,2
18090851,9,3,1,4,5
18090852,1,9,3,5,6
18090853,1,9,5,11,3
18090854,5,3,2,4,8
18090855,6,11,7,1,4
18090856,6,4,1,2,7
18090857,1,8,5,6,7
18090858,2,1,5,10,6
18090859,11,3,2,5,7
18090860,3,4,1,6,11
18090861,4,7,11,10,2
18090862,9,4,7,3,8
18090863,5,8,4,11,10
18090864,3,5,10,2,4
18090865,7,5,4,8,11
18090866,4,6,9,1,10
18090867,8,6,10,5,4
18090868,11,1,3,5,9
18090869,4,10,8,5,11
18090870,10,11,6,7,2
18090871,2,11,5,3,6
18090872,5,11,1,10,9
18090873,1,5,7,3,6
18090874,7,5,11,1,3
18090875,9,6,7,5,4
18090876,5,1,11,10,8
18090877,3,10,11,8,6
18090878,6,9,2,11,5
18090879,3,6,9,7,8
18090880,5,10,4,8,9
18090881,8,9,4,5,11
18090882,6,10,2,8,1
18090883,8,4,7,2,1
18090884,10,5,2,8,11
18090885,2,11,7,6,3
18090886,4,2,10,7,6
18090887,3,4,11,2,7
18090901,10,11,7,3,4
18090902,6,11,10,4,7
18090903,7,1,5,8,3
18090904,10,1,2,3,7
18090905,4,1,6,2,5
18090906,9,10,3,11,5
18090907,5,7,4,9,3
18090908,11,2,1,7,9
18090909,9,10,4,3,7
18090910,9,1,11,10,7
18090911,11,6,5,7,8
18090912,5,8,3,4,10
18090913,9,11,3,1,4
18090914,6,5,1,3,10
18090915,7,4,10,8,2
18090916,5,6,2,7,8
18090917,1,11,7,4,2
18090918,6,11,10,2,1
18090919,7,5,1,9,8
18090920,6,10,4,5,9
18090921,2,4,5,3,8
18090922,6,2,7,9,8
18090923,7,5,3,6,8
18090924,3,6,9,2,4
18090925,4,10,8,9,6
18090926,10,11,5,9,4
18090927,4,9,11,8,5
18090928,5,6,8,9,3
18090929,5,11,4,7,10
18090930,3,11,1,9,8
18090931,4,7,10,2,8
18090932,10,5,3,6,11
18090933,4,8,10,7,3
18090934,4,6,10,1,11
18090935,1,10,8,9,3
18090936,10,9,2,1,7
18090937,2,3,8,4,9
18090938,9,5,1,10,7
18090939,3,8,9,7,5
18090940,3,1,9,4,2
18090941,7,3,9,5,2
18090942,6,1,7,4,9
18090943,11,10,3,6,5
18090944,10,8,4,7,2
18090945,2,3,6,10,9
18090946,10,7,1,11,8
18090947,6,1,7,10,5
18090948,5,6,11,4,3
18090949,9,10,7,11,2
18090950,8,1,11,6,4
18090951,8,3,10,7,1
18090952,1,4,10,7,5
18090953,5,2,4,7,9
18090954,2,8,10,9,6
18090955,2,6,7,4,1
18090956,9,8,2,3,7
18090957,7,9,6,3,11
18090958,1,11,2,10,3
18090959,10,5,4,9,11
18090960,8,9,4,6,11
18090961,3,2,7,5,11
18090962,7,11,5,10,9
18090963,3,11,10,8,7
18090964,4,2,6,11,9
18090965,1,11,3,8,4
18090966,10,9,3,2,8
18090967,5,11,8,9,3
18090968,2,7,11,3,9
18090969,8,3,10,9,5
18090970,11,4,8,10,1
18090971,8,7,6,9,10
18090972,8,11,2,9,5
18090973,9,11,10,2,7
18090974,3,11,4,5,2
18090975,3,1,4,9,10
18090976,9,8,6,4,2
18090977,3,1,9,11,4
18090978,3,10,5,6,7
18090979,2,5,11,8,1
18090980,10,11,3,8,4
18090981,10,6,3,5,8
18090982,8,6,4,1,7
18090983,6,11,7,9,5
18090984,7,4,2,11,1
18090985,7,4,9,11,6
18090986,10,3,11,7,8
18090987,5,11,8,1,4
18091001,3,8,7,11,9
18091002,8,5,3,10,1
18091003,1,11,2,3,9
18091004,2,3,5,8,4
18091005,8,5,1,10,4
18091006,4,6,3,5,10
18091007,3,7,9,4,11
18091008,10,1,11,6,3
18091009,11,6,5,7,10
18091010,6,2,5,4,9
18091011,7,11,9,3,6
18091012,5,7,11,6,2
18091013,4,9,11,2,6
18091014,10,1,9,11,8
18091015,4,10,8,5,1
18091016,7,10,11,9,6
18091017,8,9,10,3,1
18091018,8,11,7,2,10
18091019,11,9,6,2,3
18091020,6,8,4,9,7
18091021,1,10,4,11,9
18091022,4,5,10,6,2
18091023,2,5,10,3,7
18091024,2,8,6,7,10
18091025,1,8,2,6,9
18091026,4,1,8,6,5
18091027,6,1,7,5,9
18091028,7,6,8,5,1
18091029,5,7,1,9,2
18091030,3,11,10,5,4
18091031,1,2,11,4,7
18091032,9,7,5,11,2
18091033,1,9,7,6,8
18091034,6,11,8,3,2
18091035,8,11,9,2,7
18091036,5,3,11,4,6
18091037,11,8,1,2,10
18091038,7,3,4,10,5
18091039,1,10,4,9,2
18091040,4,5,11,1,6
18091041,1,5,7,6,8
18091042,5,9,6,10,2
18091043,3,7,1,6,8
18091044,8,3,6,10,2
18091045,11,3,1,6,10
18091046,2,5,11,9,4
18091047,3,6,7,11,9
18091048,6,5,2,8,1
18091049,8,9,5,2,6
18091050,8,7,10,5,6
18091051,2,6,1,3,11
18091052,7,5,11,1,10
18091053,2,11,7,8,10
18091054,4,5,3,9,10
18091055,10,3,11,2,6
18091056,1,3,8,7,4
18091057,3,9,2,1,7
18091058,8,4,10,6,2
18091059,4,11,8,2,10
18091060,7,9,10,3,11
18091061,6,2,5,10,8
18091062,3,2,7,5,1
18091063,2,4,8,9,1
18091064,6,7,4,10,1
18091065,10,9,5,6,11
18091066,7,10,1,4,11
18091067,5,8,1,11,7
18091068,10,3,2,9,6
18091069,1,4,2,9,11
18091070,10,6,2,4,7
18091071,6,1,4,5,9
18091072,8,5,4,3,6
18091073,7,2,5,1,6
18091074,1,5,3,2,10
18091075,1,11,4,8,6
18091076,9,6,3,2,1
18091077,7,10,2,3,6
18091078,7,11,9,8,1
18091079,10,5,1,7,4
18091080,1,2,5,4,8
18091081,3,7,4,2,11
18091082,3,1,4,10,7
18091083,6,2,11,1,7
18091084,9,7,5,3,8
18091085,11,3,6,5,9
18091086,10,9,7,8,1
18091087,5,1,4,3,8
18091101,2,1,9,5,3
18091102,6,2,9,10,7
18091103,6,11,9,4,7
18091104,5,2,8,1,9
18091105,3,9,5,8,7
18091106,5,10,2,11,9
18091107,11,8,1,3,6
18091108,1,6,7,11,5
18091109,3,7,9,4,10
18091110,11,6,3,5,10
18091111,5,9,4,7,1
18091112,5,1,10,3,11
18091113,3,1,10,7,2
18091114,4,10,9,2,11
18091115,11,1,10,5,4
18091116,7,3,11,1,8
18091117,4,11,6,1,8
18091118,6,9,8,3,10
18091119,10,1,11,6,4
18091120,5,6,3,2,7
18091121,1,10,8,7,6
18091122,4,6,5,9,8
18091123,7,5,4,6,11
18091124,11,2,6,1,9
18091125,5,3,8,1,4
18091126,1,6,2,8,7
18091127,8,7,6,9,3
18091128,3,5,10,6,9
18091129,4,2,6,3,10
18091130,3,7,6,4,10
18091131,5,1,2,9,3
18091132,8,11,5,9,7
18091133,5,11,1,10,6
18091134,5,1,2,9,7
18091135,4,1,8,7,6
18091136,5,8,9,6,4
18091137,9,3,11,2,5
18091138,6,2,11,9,3
18091139,4,11,8,2,9
18091140,7,10,9,3,4
18091141,2,9,11,10,5
18091142,10,2,9,8,6
18091143,7,2,8,5,3
18091144,2,8,6,3,7
18091145,11,2,8,3,9
18091146,11,4,2,9,6
18091147,6,8,11,5,7
18091148,8,10,2,4,9
18091149,7,1,4,5,10
18091150,8,4,6,3,2
18091151,1,9,10,7,2
18091152,11,8,6,7,1
18091153,1,4,6,7,8
18091154,8,11,7,6,10
18091155,10,5,7,8,11
18091156,8,11,9,7,4
18091157,9,5,10,3,7
18091158,10,6,3,8,9
18091159,1,4,8,2,5
18091160,9,6,10,1,7
18091161,2,11,9,1,10
18091162,9,3,2,5,11
18091163,7,10,6,5,8
18091164,2,6,5,1,8
18091165,4,8,3,7,9
18091166,9,2,7,1,6
18091167,8,7,10,4,11
18091168,10,2,6,3,1
18091169,3,4,9,6,11
18091170,7,2,3,1,9
18091171,7,8,9,1,6
18091172,5,3,11,2,7
18091173,4,11,8,7,1
18091174,2,8,11,1,4
18091175,4,3,8,7,2
18091176,10,2,4,11,1
18091177,2,6,3,1,10
18091178,3,10,11,1,2
18091179,3,1,4,9,5
18091180,6,8,2,3,11
18091181,9,2,4,7,5
18091182,11,9,7,4,8
18091183,6,4,2,5,1
18091184,3,5,1,11,6
18091185,8,10,7,4,2
18091186,7,10,3,8,4
18091187,7,2,8,6,1
18091201,6,1,10,7,2
18091202,2,1,7,4,11
18091203,8,5,4,9,10
18091204,11,3,5,7,6
18091205,8,9,7,5,3
18091206,7,5,8,1,11
18091207,3,1,2,11,7
18091208,9,7,8,3,4
18091209,10,11,4,9,1
18091210,5,10,7,11,2
18091211,5,7,1,2,3
18091212,3,4,8,5,1
18091213,2,4,8,5,11
18091214,1,10,5,7,3
18091215,5,4,8,7,9
18091216,10,6,2,1,7
18091217,10,4,8,11,5
18091218,3,4,1,11,8
18091219,2,5,7,3,11
18091220,3,5,4,9,8
18091221,3,5,2,8,6
18091222,8,9,5,4,3
18091223,8,9,11,10,1
18091224,2,9,7,5,10
18091225,4,6,11,5,7
18091226,2,4,3,10,1
18091227,8,11,3,6,2
18091228,11,6,9,1,2
18091229,2,10,9,11,3
18091230,10,6,3,9,5
18091231,7,2,6,5,4
18091232,9,8,11,1,4
18091233,3,7,9,11,1
18091234,8,7,3,10,1
18091235,8,10,7,6,11
18091236,10,1,9,8,3
18091237,10,5,2,11,1
18091238,3,7,2,5,6
18091239,5,3,10,11,2
18091240,2,1,5,11,8
18091241,7,5,2,3,10
18091242,6,7,1,5,11
18091243,1,9,2,7,8
18091244,1,11,10,2,3
18091245,5,4,2,7,3
18091246,4,8,11,7,10
18091247,3,7,5,1,10
18091248,4,5,2,7,6
18091249,7,1,8,6,2
18091250,2,8,6,7,5
18091251,2,11,8,3,7
18091252,11,1,5,10,6
18091253,4,10,8,6,2
18091254,3,1,5,2,7
18091255,2,9,1,4,6
18091256,5,11,1,3,10
18091257,7,10,4,8,2
18091258,3,1,11,6,8
18091259,2,3,9,11,6
18091260,4,10,1,11,5
18091261,10,5,6,11,9
18091262,11,9,8,1,3
18091263,6,2,4,10,7
18091264,7,10,9,11,2
18091265,5,4,8,7,6
18091266,8,9,6,5,7
18091267,6,9,7,8,3
18091268,1,2,8,11,6
18091269,9,7,5,3,11
18091270,4,5,7,3,2
18091271,5,6,3,1,10
18091272,10,8,2,7,3
18091273,9,5,11,8,3
18091274,10,11,2,7,9
18091275,9,4,2,6,7
18091276,3,10,2,7,8
18091277,8,11,10,1,7
18091278,11,10,9,7,3
18091279,4,2,10,7,8
18091280,3,11,10,6,9
18091281,9,1,2,8,10
18091282,11,9,3,4,7
18091283,8,5,4,1,2
18091284,3,11,8,1,7
18091285,10,4,7,6,11
18091286,9,8,10,3,2
18091287,7,10,5,9,11
18091301,9,5,7,8,6
18091302,1,11,8,4,7
18091303,6,7,9,4,5
18091304,5,2,3,6,8
18091305,2,1,10,4,11
18091306,11,5,10,9,2
18091307,8,10,1,7,6
18091308,11,8,1,10,5
18091309,7,8,1,4,3
18091310,5,4,3,2,11
18091311,5,9,3,7,8
18091312,5,6,4,2,9
18091313,3,2,8,10,7
18091314,3,10,6,5,1
18091315,6,3,4,10,7
18091316,7,6,2,1,10
18091317,8,4,9,7,11
18091318,8,4,5,2,7
18091319,5,8,2,11,1
18091320,6,2,11,5,1
18091321,11,4,1,9,3
18091322,1,10,7,3,2
18091323,7,2,10,1,6
18091324,2,8,10,7,5
18091325,8,4,5,3,10
18091326,9,2,7,3,1
18091327,9,7,5,11,1
18091328,6,9,2,7,5
18091329,1,5,11,9,7
18091330,10,4,11,9,5
18091331,9,5,11,8,1
18091332,7,8,10,6,1
18091333,5,10,9,8,2
18091334,7,2,4,9,10
18091335,4,7,3,9,11
18091336,1,4,3,6,8
18091337,7,8,3,10,6
18091338,2,5,3,10,11
18091339,10,5,11,3,7
18091340,1,8,10,4,11
18091341,7,3,4,6,8
18091342,10,11,1,9,2
18091343,5,11,1,4,3
18091344,6,3,9,4,2
18091345,5,10,1,11,8
18091346,1,8,4,11,6
18091347,10,1,7,4,3
18091348,11,2,5,4,3
18091349,3,5,8,7,6
18091350,8,9,7,1,6
18091351,6,1,10,5,3
18091352,6,11,8,5,10
18091353,7,6,1,9,8
18091354,3,11,7,8,6
18091355,2,7,10,6,5
18091356,11,1,9,5,7
18091357,9,4,1,11,10
18091358,6,5,1,4,2
18091359,8,4,1,2,5
18091360,6,3,2,4,10
18091361,7,8,6,3,1
18091362,7,1,4,9,6
18091363,4,3,10,5,11
18091364,4,2,9,10,8
18091365,9,10,3,6,8
18091366,3,5,7,2,10
18091367,1,2,9,11,6
18091368,4,7,5,3,11
18091369,2,3,5,10,6
18091370,4,3,6,2,5
18091371,10,8,1,9,2
18091372,6,4,7,5,2
18091373,8,4,9,10,1
18091374,3,2,5,6,8
18091375,4,11,3,2,9
18091376,3,2,8,7,4
18091377,3,9,10,7,11
18091378,5,11,2,9,4
18091379,6,8,11,2,5
18091380,3,2,7,6,8
18091381,3,7,8,1,9
18091382,4,2,8,10,6
18091383,8,2,11,3,9
18091384,9,11,6,1,2
18091385,11,3,7,10,1
18091386,2,3,11,7,4
18091387,7,6,11,10,1
18091401,2,3,8,4,7
18091402,8,9,3,1,7
18091403,10,8,11,3,4
18091404,7,9,6,10,4
18091405,8,1,10,2,11
18091406,9,11,4,7,1
18091407,7,11,6,1,10
18091408,5,3,1,8,2
18091409,9,10,7,11,2
18091410,5,8,10,1,3
18091411,8,3,1,9,10
18091412,5,11,7,8,2
18091413,4,7,3,9,11
18091414,5,2,6,3,8
18091415,1,2,3,7,10
18091416,1,8,6,11,4
18091417,7,6,8,4,2
18091418,10,5,9,1,2
18091419,6,1,9,4,8
18091420,9,3,11,6,4
18091421,8,10,4,1,9
18091422,9,11,1,10,3
18091423,2,1,6,10,7
18091424,8,11,6,10,7
18091425,3,2,10,7,9
18091426,3,2,8,5,4
18091427,9,2,7,8,1
18091428,2,6,7,4,1
18091429,2,7,11,10,1
18091430,11,1,6,2,7
18091431,8,3,7,2,4
18091432,7,9,2,11,1
18091433,7,10,5,1,4
18091434,3,8,1,4,6
18091435,5,11,4,1,7
18091436,3,4,9,2,7
18091437,8,11,7,4,9
18091438,4,6,9,7,10
18091439,5,7,10,9,4
18091440,11,2,7,3,5
18091441,1,7,3,8,4
18091442,6,2,9,11,5
18091443,1,2,6,9,5
18091444,11,2,7,4,1
18091445,8,6,11,4,2
18091446,5,4,8,9,10
18091447,4,9,8,3,2
18091448,6,10,9,8,5
18091449,7,1,11,2,3
18091450,6,10,5,11,9
18091451,10,6,7,11,3
18091452,9,5,4,11,10
18091453,6,7,2,4,8
18091454,11,5,7,3,6
18091455,5,11,1,2,4
18091456,5,11,6,3,7
18091457,4,2,10,8,9
18091458,9,11,1,10,8
18091459,7,5,10,4,2
18091460,8,2,1,5,9
18091461,1,3,11,2,8
18091462,2,5,7,3,4
18091463,11,3,6,10,2
18091464,9,4,6,2,1
18091465,1,11,2,4,6
18091466,3,8,11,1,7
18091467,3,10,6,1,11
18091468,8,7,4,9,5
18091469,11,6,1,5,2
18091470,10,9,4,3,5
18091471,11,5,6,10,4
18091472,6,7,10,2,4
18091473,7,3,5,4,8
18091474,1,7,5,9,3
18091475,9,10,1,5,8
18091476,11,1,8,7,6
18091477,8,5,10,4,7
18091478,7,2,6,8,10
18091479,9,6,11,7,2
18091480,2,8,10,9,4
18091481,5,11,4,3,10
18091482,10,11,4,7,1
18091483,5,4,1,2,10
18091484,1,10,8,2,11
18091485,4,11,3,1,10
18091486,8,5,2,9,7
18091487,7,4,10,5,3
18091501,1,9,4,8,6
18091502,4,8,9,5,6
18091503,9,2,6,7,1
18091504,1,6,3,11,7
18091505,3,1,4,6,9
18091506,5,3,11,7,10
18091507,4,2,10,6,7
18091508,8,4,7,3,10
18091509,8,9,4,2,6
18091510,4,6,1,10,5
18091511,1,3,11,6,2
18091512,7,3,5,6,10
18091513,7,2,10,8,9
18091514,9,3,2,7,6
18091515,1,2,8,4,5
18091516,2,10,8,11,7
18091517,3,4,1,10,8
18091518,7,3,11,6,5
18091519,9,5,3,1,8
18091520,3,4,6,9,10
18091521,9,10,1,8,7
18091522,8,5,1,6,7
18091523,1,5,2,3,8
18091524,6,10,8,5,11
18091525,8,3,10,9,4
18091526,11,5,1,2,8
18091527,11,9,5,1,3
18091528,7,4,9,5,2
18091529,9,5,11,4,2
18091530,11,2,6,3,9
18091531,4,1,10,7,5
18091532,11,6,5,7,8
18091533,11,3,7,6,8
18091534,9,8,1,10,2
18091535,9,7,10,4,8
18091536,3,10,7,8,6
18091537,11,9,6,10,3
18091538,5,6,2,4,9
18091539,7,8,6,4,11
18091540,9,8,4,10,3
18091541,7,8,1,6,4
18091542,6,8,10,1,4
18091543,2,7,9,8,6
18091544,6,1,10,2,7
18091545,10,11,5,9,4
18091546,5,9,2,11,3
18091547,8,11,7,1,4
18091548,7,3,2,11,9
18091549,2,6,9,3,8
18091550,9,10,3,6,7
18091551,9,6,11,3,2
18091552,2,5,4,6,9
18091553,3,2,5,9,11
18091554,10,1,9,7,4
18091555,10,3,9,1,8
18091556,2,9,3,7,4
18091557,1,2,4,11,5
18091558,4,10,5,3,2
18091559,10,3,9,11,2
18091560,5,11,1,6,8
18091561,3,10,6,2,9
18091562,7,11,10,4,9
18091563,9,2,4,8,10
18091564,4,10,7,11,6
18091565,11,1,6,10,5
18091566,7,9,5,10,6
18091567,5,11,7,4,1
18091568,2,1,4,10,6
18091569,5,7,6,11,1
18091570,6,5,7,10,11
18091571,4,3,11,2,9
18091572,6,7,4,11,5
18091573,1,11,2,3,7
18091574,4,8,11,6,5
18091575,10,4,8,7,5
18091576,7,11,2,8,10
18091577,9,11,5,2,3
18091601,5,7,2,11,8
18091602,5,11,6,1,7
18091603,2,7,6,1,3
18091604,5,3,11,10,9
18091605,11,9,8,5,3
18091606,2,11,10,7,4
18091607,9,6,3,8,10
18091608,2,5,1,7,10
18091609,2,11,5,7,10
18091610,6,10,11,9,1
18091611,7,10,3,6,2
18091612,7,2,3,1,8
18091613,8,4,9,1,10
18091614,2,11,1,4,6
18091615,11,3,6,1,10
18091616,2,7,8,10,9
18091617,10,4,5,9,8
18091618,1,6,10,7,2
18091619,6,2,8,5,4
18091620,8,2,3,6,7
18091621,6,2,5,8,11
18091622,3,8,11,9,1
18091623,10,7,8,4,5
18091624,7,1,11,3,5
18091625,7,11,4,6,2
18091626,8,9,3,10,7
18091627,4,8,7,5,6
18091628,2,10,5,1,8
18091629,1,2,11,8,6
18091630,8,3,5,9,11
18091631,11,1,8,2,5
18091632,11,7,10,8,3
18091633,3,8,1,9,6
18091634,2,7,10,4,3
18091635,3,10,6,7,9
18091636,3,11,1,2,7
18091637,11,9,8,3,2
18091638,5,8,9,10,11
18091639,9,7,10,3,4
18091640,6,5,3,10,4
18091641,11,9,6,2,8
18091642,3,6,7,4,10
18091643,1,8,3,7,5
18091644,8,11,10,5,2
18091645,11,10,1,2,8
18091646,10,7,5,11,9
18091647,3,11,2,1,8
18091648,11,1,4,5,3
18091649,11,4,6,8,9
18091650,4,6,2,7,11
18091651,3,8,10,6,2
18091652,8,4,2,11,5
18091653,3,9,5,2,7
18091654,3,9,6,2,4
18091655,6,9,7,10,1
18091656,5,2,8,11,1
18091657,1,9,7,6,3
18091658,7,10,5,8,1
18091659,6,9,10,7,2
18091660,7,9,10,6,3
18091661,8,6,9,4,11
18091662,7,6,10,1,2
18091663,6,1,7,9,5
18091664,3,8,9,1,4
18091665,6,9,4,3,8
18091666,10,11,1,4,2
18091667,4,11,8,3,1
18091668,8,6,4,5,2
18091669,11,10,1,5,4
18091670,2,8,6,9,1
18091671,1,8,3,2,9
18091672,10,7,11,4,8
18091673,10,7,9,1,3
18091674,6,3,10,1,7
18091675,10,4,3,7,5
18091676,9,10,7,6,5
18091677,8,11,5,3,9
18091678,6,8,9,10,7
18091679,5,4,9,1,3
18091680,5,10,4,1,3
18091681,8,2,7,10,4
18091682,6,9,11,10,5
18091683,9,5,10,2,7
18091684,1,3,6,2,5
18091685,6,10,11,1,2
18091686,1,10,7,3,6
18091687,4,7,3,8,5
18091701,7,11,10,1,9
18091702,1,4,7,5,11
18091703,7,2,4,8,9
18091704,3,1,8,6,2
18091705,5,3,4,7,11
18091706,4,1,11,10,5
18091707,8,10,9,4,11
18091708,2,1,4,3,10
18091709,2,1,7,5,8
18091710,7,6,5,8,2
18091711,7,9,5,3,1
18091712,1,2,10,8,3
18091713,8,10,11,5,3
18091714,4,3,11,10,8
18091715,1,10,8,3,2
18091716,7,10,9,1,11
18091717,3,7,1,9,2
18091718,6,5,11,9,7
18091719,3,9,11,5,7
18091720,8,7,3,2,11
18091721,4,5,3,11,9
18091722,2,7,5,10,1
18091723,3,11,9,1,4
18091724,11,5,3,10,8
18091725,3,11,5,1,9
18091726,3,7,4,8,10
18091727,6,7,10,3,1
18091728,4,1,5,7,11
18091729,5,10,7,2,1
18091730,4,8,10,9,3
18091731,2,8,10,11,9
18091732,4,3,1,10,8
18091733,6,8,3,5,11
18091734,11,3,9,7,5
18091735,11,1,8,9,4
18091736,3,1,9,4,8
18091737,6,3,8,11,5
18091738,7,1,3,9,4
18091739,6,4,10,5,3
18091740,11,3,5,7,6
18091741,3,1,6,2,4
18091742,9,3,11,6,2
18091743,7,10,11,3,5
18091744,6,7,9,2,5
18091745,10,1,9,6,8
18091746,1,11,9,10,5
18091747,8,1,2,4,11
18091748,6,5,4,7,10
18091749,8,6,5,9,4
18091750,8,4,11,3,10
18091751,7,9,5,10,2
18091752,9,2,3,10,7
18091753,11,2,1,8,3
18091754,10,1,4,3,8
18091755,8,4,1,6,5
18091756,11,1,4,7,8
18091757,5,2,3,6,4
18091758,6,2,5,11,3
18091759,4,3,6,9,8
18091760,1,2,9,6,10
18091761,10,9,6,3,7
18091762,4,8,10,2,3
18091763,3,9,5,8,4
18091764,7,8,5,11,2
18091765,9,1,3,6,8
18091766,5,8,3,1,2
18091767,2,9,3,4,6
18091768,1,11,9,10,6
18091769,1,9,3,6,11
18091770,4,2,1,5,11
18091771,8,9,11,2,10
18091772,7,6,4,10,1
18091773,1,2,8,6,9
18091774,2,8,10,1,6
18091775,9,4,11,5,2
18091776,2,1,10,4,7
18091777,11,2,6,3,8
18091778,7,10,1,8,5
18091779,1,4,5,3,8
18091780,9,7,4,2,5
18091781,7,6,2,4,3
18091782,1,2,10,11,3
18091783,1,10,7,5,6
18091784,9,3,10,4,11
18091785,2,7,6,4,11
18091786,10,7,9,11,1
18091787,11,5,1,2,6
18091801,3,6,8,9,7
18091802,10,3,1,9,11
18091803,9,10,2,3,11
18091804,10,6,1,4,2
18091805,9,11,3,5,10
18091806,9,11,3,8,2
18091807,8,1,6,11,5
18091808,2,6,1,10,9
18091809,5,6,10,2,4
18091810,11,3,9,6,7
18091811,7,5,3,6,10
18091812,11,5,1,3,2
18091813,3,10,9,2,11
18091814,5,6,11,8,9
18091815,3,9,7,10,11
18091816,8,3,1,10,11
18091817,9,4,8,1,2
18091818,1,2,7,4,5
18091819,7,2,4,9,1
18091820,9,2,10,6,1
18091821,4,3,10,1,8
18091822,2,1,9,5,11
18091823,6,8,3,7,10
18091824,9,11,2,5,3
18091825,1,9,8,11,10
18091826,2,8,1,5,9
18091827,9,10,11,3,7
18091828,8,1,10,4,5
18091829,7,8,5,2,11
18091830,11,5,10,8,6
18091831,2,10,9,3,8
18091832,10,1,6,5,9
18091833,8,5,4,11,3
18091834,1,3,10,9,6
18091835,3,8,11,4,6
18091836,7,2,9,6,8
18091837,2,7,1,9,10
18091838,8,9,11,3,10
18091839,7,9,6,10,11
18091840,11,8,3,7,1
18091841,6,11,7,3,9
18091842,5,8,4,7,10
18091843,1,6,5,7,11
18091844,10,8,4,9,1
18091845,10,3,2,11,4
18091846,11,7,1,4,10
18091847,6,2,3,5,11
18091848,8,4,9,10,6
18091849,4,5,11,6,8
18091850,6,2,3,11,5
18091851,8,10,11,4,1
18091852,6,9,8,5,3
18091853,2,10,6,9,1
18091854,2,1,4,3,6
18091855,9,3,10,6,1
18091856,8,9,4,1,10
18091857,11,4,3,8,5
18091858,10,1,7,6,8
18091859,11,1,10,3,6
18091860,4,2,7,3,10
18091861,2,8,7,6,5
18091862,7,1,8,5,6
18091863,3,4,5,10,2
18091864,7,9,1,11,2
18091865,4,7,2,1,8
18091866,9,5,1,4,3
18091867,4,3,2,10,1
18091868,11,3,10,8,9
18091869,11,9,10,7,1
18091870,4,6,7,10,5
18091871,10,2,9,6,11
18091872,7,5,10,6,2
18091873,7,5,8,11,4
18091874,5,3,7,11,8
18091875,10,11,5,8,1
18091876,4,3,2,11,6
18091877,3,10,7,2,1
18091878,2,5,11,6,10
18091879,5,2,9,1,7
18091880,7,5,3,9,8
18091881,9,10,2,1,3
18091882,3,4,6,5,9
18091883,10,4,1,2,6
18091884,3,8,6,11,7
18091885,8,1,5,7,4
18091886,10,2,1,11,7
18091887,9,1,8,5,3
18091901,4,7,8,5,1
18091902,5,6,7,1,2
18091903,3,5,9,1,7
18091904,2,11,7,1,8
18091905,11,1,2,4,9
18091906,3,1,11,4,6
18091907,11,5,10,2,3
18091908,2,10,6,3,9
18091909,11,5,6,2,10
18091910,11,10,2,6,1
18091911,2,11,7,1,8
18091912,1,3,6,5,10
18091913,6,11,7,5,1
18091914,4,5,9,6,8
18091915,1,7,4,5,9
18091916,10,11,8,4,3
18091917,5,2,7,6,11
18091918,7,1,6,2,8
18091919,6,3,10,11,1
18091920,6,8,11,3,5
18091921,4,9,11,1,3
18091922,10,11,8,1,9
18091923,4,9,8,11,2
18091924,11,1,8,7,6
18091925,11,4,7,8,6
18091926,1,11,9,10,6
18091927,2,8,1,3,9
18091928,2,10,8,3,4
18091929,2,7,1,4,3
18091930,8,5,3,11,4
18091931,9,4,6,2,8
18091932,6,1,5,2,4
18091933,11,9,10,3,7
18091934,4,3,11,2,8
18091935,9,2,1,7,6
18091936,5,11,9,10,3
18091937,10,8,9,6,1
18091938,9,6,7,1,10
18091939,8,5,11,4,3
18091940,2,9,7,10,3
18091941,9,3,4,11,5
18091942,2,1,9,4,8
18091943,11,5,6,9,8
18091944,3,11,5,1,6
18091945,8,9,10,1,7
18091946,4,3,5,6,7
18091947,1,2,4,9,6
18091948,3,9,6,8,1
18091949,2,7,10,4,8
18091950,5,6,7,1,8
18091951,4,1,9,11,5
18091952,8,11,5,6,4
18091953,8,3,7,11,5
18091954,5,1,10,4,2
18091955,10,4,7,1,6
18091956,2,6,7,11,5
18091957,5,11,3,10,2
18091958,5,9,2,6,3
18091959,7,6,10,3,5
18091960,4,7,9,6,3
18091961,10,1,8,11,7
18091962,5,11,9,7,4
18091963,4,9,7,5,10
18091964,6,9,7,2,11
18091965,8,7,5,10,11
18091966,3,4,1,6,9
18091967,10,6,3,11,7
18091968,2,7,11,6,9
18091969,10,8,9,11,2
18091970,1,2,9,4,7
18091971,8,1,11,3,6
18091972,7,4,2,3,5
18091973,9,1,4,11,10
18091974,11,7,8,3,4
18091975,11,1,8,4,2
18091976,6,5,9,11,3
18091977,2,3,7,11,4
18091978,7,10,5,11,3
18091979,2,8,4,11,7
18091980,3,7,4,2,9
18091981,9,1,3,4,11
18091982,5,7,10,9,2
18091983,11,1,4,6,9
18091984,2,10,11,7,9
18091985,1,8,9,7,4
18091986,5,6,4,2,8
18091987,8,3,10,6,9
18092001,2,11,7,4,5
18092002,4,8,7,5,3
18092003,10,8,5,6,7
18092004,5,2,6,4,9
18092005,5,6,1,2,11
18092006,4,7,6,2,10
18092007,7,1,3,10,11
18092008,2,9,10,4,11
18092009,7,8,11,4,10
18092010,1,2,9,11,5
18092011,5,3,6,11,4
18092012,3,6,1,7,2
18092013,8,1,10,7,3
18092014,5,1,2,8,10
18092015,11,1,6,9,8
18092016,9,5,8,11,4
18092017,8,11,5,10,3
18092018,9,2,6,7,8
18092019,10,1,7,8,5
18092020,8,5,6,3,9
18092021,10,7,6,1,8
18092022,4,5,3,1,6
18092023,10,6,9,4,7
18092024,8,4,9,6,7
18092025,9,10,4,1,11
18092026,6,7,10,9,5
18092027,5,10,8,7,3
18092028,3,10,2,8,5
18092029,3,1,4,7,2
18092030,5,4,2,9,1
18092031,11,1,7,10,4
18092032,6,1,11,5,9
18092033,7,8,9,3,5
18092034,4,3,6,1,11
18092035,3,1,4,11,8
18092036,5,8,6,4,11
18092037,11,3,4,6,2
18092038,7,4,8,6,1
18092039,6,8,11,10,4
18092040,6,7,10,9,1
18092041,5,3,9,11,10
18092042,6,4,8,9,5
18092043,7,4,2,8,5
18092044,3,7,5,8,4
18092045,4,5,6,2,9
18092046,2,7,3,9,6
18092047,5,1,7,4,2
18092048,10,8,5,6,3
18092049,9,6,2,1,11
18092050,2,5,9,10,4
18092051,5,7,1,9,11
18092052,7,1,6,11,4
18092053,10,4,1,5,7
18092054,2,7,3,1,9
18092055,8,10,9,7,5
18092056,9,3,4,6,8
18092057,2,3,9,4,6
18092058,3,11,7,9,10
18092059,4,7,9,6,1
18092060,1,10,2,5,7
18092061,7,3,10,9,5
18092062,4,1,2,9,5
18092063,6,11,5,9,2
18092064,8,7,5,3,10
18092065,2,11,5,10,9
18092066,2,4,3,11,5
18092067,10,3,1,5,7
18092068,4,6,2,11,10
18092069,4,11,1,5,7
18092070,2,4,5,3,10
18092071,9,3,1,7,11
18092072,2,4,6,10,3
18092073,9,3,1,5,2
18092074,1,6,8,2,9
18092075,6,2,7,1,10
18092076,10,11,1,3,4
18092077,1,10,6,11,8
18092078,7,11,9,1,6
18092079,4,3,5,1,11
18092080,8,1,3,10,11
18092081,9,5,3,6,10
18092082,1,6,5,9,7
18092083,11,8,5,9,4
18092084,6,5,10,3,9
18092085,1,4,7,8,3
18092086,7,2,8,3,5
18092087,4,10,3,6,9
18092101,7,6,11,1,8
18092102,4,7,2,9,1
18092103,2,9,3,11,6
18092104,5,10,2,6,1
18092105,4,1,6,3,5
18092106,10,1,6,2,5
18092107,1,7,9,3,5
18092108,10,6,11,2,3
18092109,11,7,1,5,3
18092110,9,8,5,3,2
18092111,10,2,4,5,11
18092112,3,6,9,7,4
18092113,9,7,6,2,1
18092114,1,4,10,7,6
18092115,1,8,9,6,2
18092116,11,7,5,9,1
18092117,7,3,9,4,6
18092118,3,10,11,2,7
18092119,5,4,10,8,2
18092120,1,3,2,11,10
18092121,4,1,3,11,5
18092122,3,4,1,7,10
18092123,2,4,7,5,1
18092124,7,2,5,1,11
18092125,4,11,5,7,3
18092126,8,3,5,9,7
18092127,9,2,6,3,1
18092128,11,9,8,6,1
18092129,6,10,2,7,3
18092130,1,3,6,5,7
18092131,8,1,10,9,7
18092132,11,2,8,1,4
18092133,8,6,9,11,10
18092134,10,4,2,1,9
18092135,11,2,7,9,10
18092136,9,1,4,6,2
18092137,10,7,6,9,4
18092138,1,9,2,7,6
18092139,5,11,6,1,4
18092140,10,7,9,3,2
18092141,8,1,10,5,7
18092142,9,10,5,8,11
18092143,9,2,7,8,4
18092144,5,9,7,11,6
18092145,4,9,7,2,5
18092146,11,1,10,6,4
18092147,8,3,11,1,10
18092148,9,10,7,8,1
18092149,6,10,9,7,2
18092150,2,5,10,1,9
18092151,3,6,8,4,7
18092152,3,2,1,6,9
18092153,10,7,8,11,3
18092154,6,7,2,5,1
18092155,11,2,10,9,5
18092156,1,7,10,6,5
18092157,7,10,2,6,11
18092158,1,4,10,6,7
18092159,6,11,9,5,7
18092160,11,4,3,1,5
18092161,11,10,7,2,3
18092162,4,7,6,11,8
18092163,3,5,8,1,2
18092164,11,8,6,4,5
18092165,11,5,6,3,8
18092166,4,3,11,1,8
18092167,10,2,5,3,6
18092168,5,8,11,1,10
18092169,8,6,4,7,1
18092170,2,10,3,4,9
18092171,6,9,4,11,2
18092172,9,6,8,3,5
18092173,2,6,10,11,5
18092174,7,4,9,2,11
18092175,7,9,5,11,3
18092176,1,5,6,4,10
18092177,7,5,9,3,10
18092178,4,5,11,3,10
18092179,1,6,9,8,5
18092180,7,11,1,5,3
18092181,7,6,10,4,5
18092182,8,9,7,11,3
18092183,2,1,11,3,6
18092184,11,1,5,3,8
18092185,1,6,10,9,4
18092186,6,7,5,1,2
18092187,7,9,2,4,8
18092201,10,5,4,11,7
18092202,3,7,5,8,6
18092203,4,2,3,8,10
18092204,4,10,9,6,5
18092205,2,7,11,1,10
18092206,11,2,6,10,8
18092207,5,8,10,6,2
18092208,11,4,1,7,3
18092209,6,10,7,11,1
18092210,9,7,4,8,5
18092211,11,7,3,10,8
18092212,8,6,5,3,2
18092213,8,5,10,4,1
18092214,2,1,6,11,4
18092215,7,1,4,8,3
18092216,9,7,4,8,11
18092217,1,11,8,5,2
18092218,2,7,6,8,11
18092219,6,5,9,1,7
18092220,9,3,2,4,10
18092221,6,11,8,5,2
18092222,1,11,3,5,7
18092223,6,8,10,9,7
18092224,2,3,9,5,4
18092225,6,3,4,7,2
18092226,9,8,4,3,10
18092227,2,9,8,11,1
18092228,1,3,10,7,4
18092229,2,7,10,8,6
18092230,10,1,6,8,3
18092231,2,7,6,11,1
18092232,2,6,4,3,8
18092233,1,11,8,4,2
18092234,1,7,5,9,6
18092235,10,7,2,9,5
18092236,4,9,3,1,10
18092237,3,9,1,6,4
18092238,9,5,6,2,7
18092239,2,8,3,10,1
18092240,7,4,1,10,11
18092241,7,2,4,11,3
18092242,6,4,1,10,2
18092243,1,8,9,6,5
18092244,11,1,9,5,3
18092245,3,6,4,1,9
18092246,9,1,10,4,6
18092247,5,9,2,8,4
18092248,7,4,10,3,9
18092249,2,10,7,6,8
18092250,3,11,10,4,1
18092251,4,8,11,2,5
18092252,3,9,10,6,1
18092253,6,8,7,5,11
18092254,3,2,5,11,9
18092255,9,4,7,5,8
18092256,6,5,8,7,3
18092257,8,11,3,4,2
18092258,5,3,10,9,6
18092259,9,7,8,11,6
18092260,4,1,6,7,9
18092261,1,11,10,9,4
18092262,10,4,7,6,11
18092263,4,10,1,8,7
18092264,2,10,4,8,9
18092265,1,4,5,10,3
18092266,10,5,8,2,4
18092267,7,2,3,11,4
18092268,3,9,2,6,10
18092269,5,2,11,10,7
18092270,5,7,1,11,10
18092271,3,4,8,10,11
18092272,5,1,9,6,11
18092273,7,3,10,9,11
18092274,9,5,7,6,10
18092275,2,5,10,4,1
18092276,3,4,7,5,8
18092277,11,1,7,10,8
18092278,5,8,11,9,7
18092279,3,8,11,9,5
18092280,2,5,10,3,4
18092281,3,1,5,2,11
18092282,3,5,11,6,8
18092283,4,3,10,5,1
18092284,3,7,8,4,1
18092285,9,3,4,5,2
18092286,4,2,3,5,7
18092287,11,1,3,5,10
18092301,7,6,1,4,9
18092302,5,9,2,11,8
18092303,2,3,6,1,8
18092304,7,1,9,8,5
18092305,10,6,8,2,9
18092306,2,11,5,3,6
18092307,3,5,2,6,7
18092308,8,7,10,9,2
18092309,6,10,4,8,1
18092310,5,1,10,2,8
18092311,8,5,7,1,2
18092312,10,2,9,1,5
18092313,5,7,9,8,4
18092314,1,10,4,3,11
18092315,10,7,4,11,9
18092316,11,4,6,3,7
18092317,8,4,7,6,10
18092318,11,7,2,8,1
18092319,3,6,5,1,11
18092320,10,5,9,2,4
18092321,5,7,1,10,6
18092322,4,2,9,7,10
18092323,7,3,11,8,9
18092324,4,5,8,1,3
18092325,8,9,11,10,3
18092326,4,2,11,5,3
18092327,4,2,3,8,10
18092328,5,6,8,10,4
18092329,11,10,4,2,1
18092330,6,11,3,9,1
18092331,6,2,9,7,1
18092332,10,4,2,1,6
18092333,4,10,5,2,1
18092334,8,6,7,11,9
18092335,11,4,2,6,5
18092336,9,11,8,4,1
18092337,7,4,9,5,6
18092338,3,5,4,10,2
18092339,1,10,7,4,6
18092340,6,11,3,2,4
18092341,8,4,3,5,6
18092342,9,5,2,3,1
18092343,3,6,4,1,5
18092344,8,5,11,1,2
18092345,5,8,11,3,2
18092346,3,4,1,11,8
18092347,8,10,6,3,9
18092348,6,2,9,10,7
18092349,5,9,8,7,6
18092350,10,5,11,1,3
18092351,3,5,9,7,11
18092352,11,7,2,8,5
18092353,8,9,6,1,7
18092354,8,4,3,6,7
18092355,9,3,5,6,4
18092356,8,1,7,6,9
18092357,11,9,8,4,7
18092358,3,4,5,10,9
18092359,8,5,11,4,6
18092360,9,1,6,3,5
18092361,6,8,7,10,3
18092362,9,5,6,11,10
18092363,2,4,1,7,8
18092364,8,10,2,6,11
18092365,10,8,4,9,6
18092366,3,7,6,11,1
18092367,6,9,7,11,1
18092368,7,11,9,8,10
18092369,2,5,11,7,6
18092370,1,3,2,11,8
18092371,10,2,7,1,6
18092372,3,2,11,10,8
18092373,2,4,8,7,3
18092374,1,4,10,5,7
18092375,2,3,9,10,4
18092376,4,6,5,10,7
18092377,3,1,4,11,8
18092378,6,7,8,1,3
18092379,5,2,1,10,6
18092380,10,9,3,8,4
18092381,2,8,1,11,7
18092382,11,4,5,3,7
18092383,2,1,5,11,8
18092384,8,11,7,2,9
18092385,7,1,6,8,3
18092386,3,10,11,8,6
18092387,2,3,11,6,9
18092401,6,9,7,8,5
18092402,8,11,5,2,9
18092403,2,9,7,4,8
18092404,5,11,10,6,8
18092405,5,2,11,10,9
18092406,5,8,7,1,11
18092407,5,11,10,6,7
18092408,10,4,2,11,6
18092409,10,11,6,9,3
18092410,5,8,9,11,4
18092411,6,7,5,9,4
18092412,11,9,3,2,4
18092413,7,11,1,8,5
18092414,4,6,2,11,9
18092415,1,5,11,9,7
18092416,5,6,2,10,7
18092417,3,10,11,6,7
18092418,11,2,6,10,9
18092419,9,2,11,1,7
18092420,11,4,10,6,2
18092421,7,2,9,11,5
18092422,6,11,7,4,9
18092423,7,6,11,10,8
18092424,1,6,3,8,2
18092425,8,3,4,11,2
18092426,2,10,8,5,1
18092427,7,6,10,5,2
18092428,11,5,3,7,2
18092429,5,4,3,1,9
18092430,6,5,4,3,2
18092431,11,10,8,2,9
18092432,6,4,7,2,1
18092433,6,5,1,4,11
18092434,6,4,8,3,5
18092435,7,2,3,10,4
18092436,1,4,8,9,2
18092437,11,2,7,4,5
18092438,5,7,11,6,3
18092439,5,9,6,4,7
18092440,5,8,4,2,6
18092441,9,2,4,7,11
18092442,11,6,5,8,10
18092443,4,9,2,10,5
18092444,8,4,6,10,9
18092445,1,5,2,7,11
18092446,9,10,7,8,1
18092447,7,5,10,11,2
18092448,4,5,6,2,10
18092449,10,11,9,8,5
18092450,10,9,5,1,8
18092451,4,9,3,8,6
18092452,7,10,3,2,5
18092453,11,3,1,2,4
18092454,7,1,9,10,2
18092455,8,6,1,2,9
18092456,9,8,1,4,10
18092457,7,5,10,4,11
18092458,1,5,4,10,8
18092459,1,2,3,11,5
18092460,6,7,8,1,4
18092461,3,2,10,7,11
18092462,6,9,5,3,4
18092463,1,7,10,5,9
18092464,2,9,11,3,5
18092465,9,5,11,7,3
18092466,10,5,2,11,7
18092467,5,8,4,10,2
18092468,6,2,8,11,1
18092469,8,5,11,10,6
18092470,6,10,11,5,4
18092471,7,3,8,11,5
18092472,8,9,2,6,10
18092473,2,8,5,11,10
18092474,7,9,4,3,5
18092475,2,3,9,10,6
18092476,8,4,6,9,2
18092477,7,8,5,11,3
18092478,8,1,7,10,5
18092479,2,8,7,6,3
18092480,4,3,1,9,7
18092481,7,5,4,1,6
18092482,9,5,8,3,2
18092483,7,2,8,10,4
18092484,4,1,3,5,10
18092485,5,9,10,4,3
18092486,2,11,4,6,1
18092487,11,7,6,1,4
18092501,6,4,3,9,7
18092502,8,1,4,6,9
18092503,1,10,11,4,5
18092504,5,8,3,6,10
18092505,11,8,1,7,9
18092506,5,10,8,1,11
18092507,4,9,2,11,7
18092508,7,6,11,5,4
18092509,4,7,3,8,6
18092510,3,9,7,11,5
18092511,10,3,8,2,1
18092512,9,5,1,11,8
18092513,8,3,1,7,11
18092514,9,5,1,8,10
18092515,5,11,1,4,7
18092516,4,8,9,2,1
18092517,9,4,2,1,3
18092518,10,3,6,11,1
18092519,11,9,5,4,2
18092520,5,11,1,7,4
18092521,4,9,10,1,8
18092522,2,1,7,9,5
18092523,4,5,3,1,2
18092524,4,7,10,3,1
18092525,11,8,3,5,6
18092526,3,11,10,2,4
18092527,2,9,5,11,10
18092528,2,4,9,3,10
18092529,1,7,5,6,3
18092530,4,6,7,1,9
18092531,9,6,10,8,3
18092532,4,6,3,8,2
18092533,6,10,1,3,11
18092534,1,2,5,9,4
18092535,7,1,6,5,3
18092536,3,4,2,5,8
18092537,1,4,5,11,7
18092538,6,2,5,11,9
18092539,7,4,6,1,8
18092540,10,9,6,2,1
18092541,8,4,6,2,10
18092542,3,9,1,6,10
18092543,5,8,6,1,9
18092544,10,4,11,5,2
18092545,7,5,10,8,6
18092546,11,8,9,1,3
18092547,1,7,2,3,5
18092548,8,5,1,6,7
18092549,7,11,10,3,5
18092550,11,9,2,6,5
18092551,3,6,4,2,5
18092552,11,2,10,6,8
18092553,6,4,9,8,11
18092554,3,9,11,6,10
18092555,5,4,2,11,8
18092556,8,9,10,4,7
18092557,9,3,4,5,1
18092558,11,10,1,8,6
18092559,11,9,10,4,1
18092560,2,8,4,10,3
18092561,9,8,6,2,3
18092562,11,1,7,2,6
18092563,5,3,8,6,11
18092564,1,8,7,5,9
18092565,5,9,11,4,8
18092566,5,11,1,9,2
18092567,9,1,3,2,6
18092568,1,9,2,7,3
18092569,10,9,6,5,8
18092570,8,3,10,1,5
18092571,1,9,3,2,6
18092572,2,7,8,1,5
18092573,3,2,8,10,1
18092574,6,11,2,4,7
18092575,3,10,6,7,2
18092576,11,1,8,2,5
18092577,1,5,2,4,11
18092578,7,8,11,3,9
18092579,6,8,2,4,10
18092580,8,3,7,4,2
18092581,8,3,5,9,10
18092582,8,1,4,7,9
18092583,1,5,6,2,8
18092584,6,5,4,10,7
18092585,9,7,6,1,4
18092586,6,3,4,7,8
18092587,4,3,11,9,5
18092601,3,1,2,4,6
18092602,11,4,6,5,10
18092603,1,2,6,9,5
18092604,4,3,11,1,7
18092605,7,5,9,11,1
18092606,6,10,8,9,7
18092607,1,7,9,11,8
18092608,3,6,8,9,10
18092609,6,5,8,2,11
18092610,4,5,6,8,11
18092611,7,8,2,6,5
18092612,7,4,1,2,5
18092613,4,1,9,11,2
18092614,1,8,7,2,6
18092615,2,10,5,4,1
18092616,8,4,7,5,6
18092617,7,8,5,11,9
18092618,1,7,10,9,3
18092619,3,10,5,9,4
18092620,8,2,1,11,7
18092621,8,7,10,2,11
18092622,5,9,1,3,6
18092623,3,6,2,8,1
18092624,4,11,7,5,2
18092625,11,1,2,10,8
18092626,11,9,7,5,3
18092627,5,3,8,6,9
18092628,3,10,1,4,5
18092629,5,4,11,1,10
18092630,5,9,8,11,7
18092631,2,4,7,1,9
18092632,6,3,5,7,4
18092633,2,9,8,7,4
18092634,8,5,3,7,4
18092635,10,8,4,11,3
18092636,7,5,4,9,1
18092637,2,10,8,4,11
18092638,8,6,2,7,11
18092639,2,3,9,10,5
18092640,2,1,6,9,5
18092641,3,9,6,11,1
18092642,3,9,7,5,11
18092643,10,9,7,6,1
18092644,10,5,11,7,8
18092645,11,3,10,6,8
18092646,7,3,8,2,5
18092647,6,4,5,8,9
18092648,4,5,11,10,3
18092649,1,5,3,6,9
18092650,9,5,4,10,2
18092651,6,10,2,3,1
18092652,10,5,8,9,11
18092653,6,5,11,2,4
18092654,8,5,3,7,10
18092655,6,3,11,4,8
18092656,4,9,7,3,2
18092657,3,9,1,11,6
18092658,8,1,6,3,5
18092659,6,10,9,5,2
18092660,7,4,6,5,11
18092661,1,9,2,6,7
18092662,8,1,10,3,11
18092663,3,7,1,11,8
18092664,11,10,3,9,7
18092665,11,9,1,5,10
18092666,6,4,7,3,8
18092667,1,3,6,4,5
18092668,7,3,6,4,1
18092669,4,3,9,5,7
18092670,8,10,4,7,11
18092671,1,10,8,9,3
18092672,10,7,6,1,4
18092673,9,3,4,10,11
18092674,4,9,2,3,7
18092675,3,7,2,8,1
18092676,9,6,7,5,3
18092677,7,2,8,9,11
18092678,10,3,1,9,7
18092679,1,7,9,6,4
18092680,1,3,4,6,8
18092681,1,10,3,6,9
18092682,2,3,7,11,6
18092683,5,10,4,3,11
18092684,4,5,11,3,7
18092685,1,6,2,7,3
18092686,2,5,8,10,7
18092687,1,7,8,4,10
18092701,4,3,10,8,6
18092702,3,11,5,8,4
18092703,3,4,11,5,1
18092704,4,7,5,8,1
18092705,11,10,2,6,5
18092706,9,5,11,7,6
18092707,11,10,9,7,5
18092708,1,11,6,2,3
18092709,4,2,11,8,3
18092710,5,9,7,8,6
18092711,2,1,7,9,3
18092712,9,11,6,5,7
18092713,2,11,9,5,3
18092714,7,8,10,11,6
18092715,10,11,4,1,8
18092716,1,10,4,5,8
18092717,4,11,6,10,3
18092718,9,1,4,6,8
18092719,3,7,5,1,10
18092720,4,2,5,7,8
18092721,6,9,7,1,8
18092722,8,9,10,1,4
18092723,4,10,1,5,6
18092724,1,3,7,5,6
18092725,2,1,4,7,9
18092726,6,4,9,11,5
18092727,6,7,9,3,4
18092728,9,3,4,6,1
18092729,1,2,5,8,3
18092730,3,1,6,2,8
18092731,9,7,2,1,11
18092732,1,8,10,6,4
18092733,1,4,9,6,7
18092734,5,11,8,7,10
18092735,9,10,3,4,7
18092736,4,7,9,1,3
18092737,5,2,10,11,7
18092738,11,10,6,8,5
18092739,7,1,2,11,5
18092740,1,5,6,11,7
18092741,10,1,7,8,6
18092742,2,4,11,1,10
18092743,1,11,10,6,3
18092744,8,7,10,2,9
18092745,5,7,4,3,11
18092746,2,6,10,5,8
18092747,11,8,4,9,6
18092748,10,3,9,1,11
18092749,7,6,8,4,2
18092750,1,5,7,4,2
18092751,6,7,5,1,11
18092752,10,11,7,3,1
18092753,7,8,6,1,9
18092754,9,4,11,2,8
18092755,7,8,11,9,1
18092756,11,10,4,9,5
18092757,3,6,10,4,1
18092758,10,11,7,6,5
18092759,10,5,1,7,6
18092760,3,5,7,10,1
18092761,7,11,2,1,4
18092762,2,9,6,10,3
18092763,10,1,5,6,11
18092764,3,8,9,5,1
18092765,8,1,7,5,11
18092766,5,3,6,10,11
18092767,5,2,1,9,7
18092768,4,8,7,5,2
18092769,8,3,2,7,11
18092770,5,8,7,1,11
18092771,1,7,5,9,6
18092772,5,9,3,2,8
18092773,6,8,1,5,7
18092774,2,10,5,11,9
18092775,7,10,3,6,1
18092776,1,3,2,6,7
18092777,3,4,6,10,11
18092778,1,9,8,11,5
18092779,8,5,1,6,3
18092780,11,3,1,10,2
18092781,10,3,4,7,1
18092782,3,8,6,2,10
18092783,6,2,8,9,4
18092784,11,7,2,3,1
18092785,6,4,10,9,5
18092786,7,9,4,8,11
18092787,4,1,9,7,6
18092801,3,10,9,5,7
18092802,3,9,1,10,8
18092803,7,2,5,3,11
18092804,7,11,3,4,8
18092805,9,2,10,7,5
18092806,9,5,3,10,1
18092807,5,11,7,3,4
18092808,11,3,9,10,4
18092809,5,7,10,11,4
18092810,11,10,1,3,9
18092811,2,6,3,7,4
18092812,11,10,3,9,5
18092813,9,8,2,11,5
18092814,10,6,4,1,5
18092815,8,6,10,5,11
18092816,3,9,4,6,5
18092817,11,10,6,7,5
18092818,10,8,7,4,11
18092819,2,11,6,9,8
18092820,3,1,6,9,7
18092821,5,8,2,10,7
18092822,6,1,5,7,2
18092823,8,10,7,2,9
18092824,1,11,8,2,9
18092825,4,1,3,11,7
18092826,7,1,2,8,10
18092827,10,4,5,11,2
18092828,1,4,5,10,3
18092829,1,9,6,8,11
18092830,8,3,6,11,7
18092831,11,6,8,5,4
18092832,9,10,1,3,2
18092833,10,9,7,3,4
18092834,1,5,2,8,7
18092835,5,11,8,1,4
18092836,2,5,3,7,6
18092837,1,6,8,2,3
18092838,5,1,11,10,8
18092839,3,5,7,10,4
18092840,5,6,9,3,7
18092841,8,1,10,3,11
18092842,5,2,11,1,10
18092843,2,11,10,8,6
18092844,8,9,1,3,7
18092845,4,6,2,7,5
18092846,6,9,7,11,10
18092847,6,1,5,8,7
18092848,11,8,10,6,5
18092849,3,2,8,6,5
18092850,4,8,7,5,6
18092851,8,1,7,5,2
18092852,4,7,11,5,10
18092853,9,7,5,2,1
18092854,2,5,4,9,8
18092855,4,10,3,6,5
18092856,9,1,8,4,7
18092857,6,2,1,7,5
18092858,1,5,6,2,9
18092859,7,4,3,9,6
18092860,10,3,7,2,5
18092861,1,10,3,6,7
18092862,5,4,8,2,3
18092863,10,5,2,7,11
18092864,3,5,11,4,6
18092865,11,9,6,8,5
18092866,5,9,11,1,3
18092867,8,6,10,5,3
18092868,8,10,9,4,7
18092869,7,6,5,3,8
18092870,11,7,8,1,4
18092871,1,6,7,11,5
18092872,3,2,10,5,7
18092873,10,7,9,3,2
18092874,2,5,1,10,4
18092875,11,7,5,6,4
18092876,9,7,5,11,6
18092877,3,10,8,5,1
18092878,5,10,6,2,7
18092879,7,1,10,8,4
18092880,9,6,11,5,8
18092881,5,3,11,9,6
18092882,1,8,4,9,5
18092883,6,5,1,9,4
18092884,3,2,11,7,8
18092885,9,1,8,3,6
18092886,6,9,2,3,4
18092887,1,6,7,3,10
18092901,4,3,5,11,10
18092902,6,5,7,11,3
18092903,7,3,6,11,9
18092904,11,9,6,3,7
18092905,4,6,3,10,5
18092906,6,11,5,8,2
18092907,1,10,9,8,11
18092908,5,7,4,6,8
18092909,9,5,10,7,11
18092910,3,7,8,11,4
18092911,5,6,2,11,8
18092912,9,2,3,10,5
18092913,7,3,4,10,2
18092914,10,3,5,11,7
18092915,10,4,8,7,2
18092916,5,10,2,11,7
18092917,10,7,8,9,6
18092918,6,3,8,9,11
18092919,1,5,7,4,3
18092920,7,5,9,3,6
18092921,10,6,3,11,2
18092922,9,7,6,1,10
18092923,3,7,5,9,8
18092924,10,1,11,9,6
18092925,4,8,3,6,9
18092926,4,10,8,5,7
18092927,4,9,6,2,10
18092928,7,2,5,9,1
18092929,10,8,1,9,5
18092930,1,6,8,9,2
18092931,4,8,11,7,6
18092932,6,5,1,4,11
18092933,7,6,4,3,10
18092934,5,1,8,6,3
18092935,4,7,2,8,1
18092936,6,9,7,8,11
18092937,4,5,9,7,3
18092938,5,8,7,3,1
18092939,2,1,11,9,7
18092940,6,1,5,4,2
18092941,4,1,2,10,11
18092942,5,6,4,9,7
18092943,3,6,4,5,2
18092944,2,1,6,8,5
18092945,7,6,11,4,8
18092946,7,4,8,11,10
18092947,8,11,9,10,3
18092948,6,7,5,1,11
18092949,2,4,8,6,7
18092950,8,5,3,10,11
18092951,5,9,4,10,2
18092952,4,7,9,6,5
18092953,8,1,3,6,2
18092954,3,10,5,9,2
18092955,7,6,5,8,2
18092956,2,9,4,10,5
18092957,3,6,1,10,2
18092958,2,8,6,10,7
18092959,9,3,6,1,2
18092960,2,5,1,7,6
18092961,2,6,8,9,11
18092962,3,6,11,1,2
18092963,11,1,7,6,2
18092964,4,5,1,8,9
18092965,6,10,7,2,4
18092966,11,2,6,9,5
18092967,7,11,10,6,9
18092968,10,6,1,7,9
18092969,3,6,8,10,2
18092970,7,3,4,2,1
18092971,5,11,4,3,6
18092972,10,11,6,5,8
18092973,6,4,11,3,7
18092974,7,2,8,1,5
18092975,8,2,5,3,11
18092976,2,1,3,10,9
18092977,10,3,4,11,1
18092978,10,4,3,1,7
18092979,6,8,9,1,2
18092980,6,4,5,3,11
18092981,3,8,5,4,10
18092982,9,4,5,7,3
18092983,10,6,2,8,11
18092984,5,10,6,8,11
18092985,10,8,7,1,11
18092986,5,2,7,3,8
18092987,8,10,9,5,1
18093001,8,9,5,7,4
18093002,10,6,9,8,7
18093003,5,4,7,6,10
18093004,3,11,4,2,9
18093005,4,2,1,3,7
18093006,8,1,2,11,6
18093007,4,9,5,7,8
18093008,9,4,2,8,10
18093009,2,10,8,3,11
18093010,9,7,4,8,1
18093011,7,8,9,5,1
18093012,2,3,10,4,8
18093013,9,4,10,11,2
18093014,6,10,9,11,4
18093015,8,7,4,1,10
18093016,2,8,1,3,5
18093017,7,2,8,1,4
18093018,11,3,8,1,10
18093019,10,5,2,9,1
18093020,5,3,11,6,9
18093021,3,10,5,9,7
18093022,6,8,5,10,7
18093023,9,4,6,7,10
18093024,11,9,2,6,1
18093025,3,9,1,7,4
18093026,4,7,11,8,6
18093027,7,4,5,10,8
18093028,5,6,11,8,3
18093029,9,5,1,4,2
18093030,1,2,6,8,9
18093031,7,1,9,10,3
18093032,7,3,6,4,2
18093033,3,7,5,10,4
18093034,2,7,3,10,6
18093035,8,2,9,4,10
18093036,2,5,6,11,9
18093037,8,4,11,9,1
18093038,9,6,11,8,1
18093039,11,10,3,2,1
18093040,5,10,4,7,3
18093041,1,9,10,8,5
18093042,10,4,1,9,8
18093043,11,2,5,3,8
18093044,11,1,5,8,3
18093045,3,10,9,8,2
18093046,3,10,7,5,8
18093047,7,1,9,4,5
18093048,4,6,5,9,1
18093049,3,4,11,7,1
18093050,4,9,2,8,7
18093051,3,4,6,9,2
18093052,10,5,8,11,2
18093053,2,9,4,7,8
18093054,6,9,4,8,7
18093055,7,2,3,5,9
18093056,4,6,1,3,11
18093057,5,11,10,4,3
18093058,6,10,7,2,3
18093059,7,3,2,4,1
18093060,2,3,8,5,7
18093061,3,4,1,9,5
18093062,7,10,2,3,9
18093063,5,4,9,8,7
18093064,9,6,8,3,5
18093065,5,7,6,9,4
18093066,10,3,7,5,4
18093067,11,6,3,4,8
18093068,1,4,7,3,9
18093069,3,2,9,5,6
18093070,8,9,1,7,4
18093071,11,2,1,8,10
18093072,2,6,7,3,4
18093073,2,9,8,3,5
18093074,7,8,4,3,6
18093075,10,1,5,11,7
18093076,10,11,2,7,3
18093077,10,11,6,5,4
18093078,9,3,1,5,7
18093079,1,8,7,4,3
18093080,7,6,10,8,9
18093081,5,11,2,9,3
18093082,10,11,2,9,3
18093083,4,6,7,9,2
18093084,2,6,9,1,7
18093085,6,10,8,9,1
18093086,6,3,1,5,8
18093087,5,1,4,8,7
