20040101,8,6,5,10,1
20040102,8,5,4,7,2
20040103,5,2,4,8,1
20040104,10,3,7,2,6
20040105,1,11,8,6,7
20040106,11,4,2,6,7
20040107,1,11,7,10,8
20040108,5,2,4,8,1
20040109,5,6,11,1,9
20040110,6,7,8,3,5
20040111,2,9,1,10,3
20040112,8,11,10,4,3
20040113,11,4,5,10,9
20040114,9,2,8,3,6
20040115,7,10,11,5,4
20040116,5,2,1,10,9
20040117,10,4,5,9,8
20040118,7,5,6,10,9
20040119,1,10,11,4,7
20040120,3,7,11,2,9
20040121,10,2,3,11,7
20040122,4,7,2,1,11
20040123,1,2,5,4,9
20040124,3,6,11,8,7
20040125,7,6,2,4,3
20040126,11,8,10,9,6
20040127,2,10,1,3,7
20040128,10,9,5,4,11
20040129,3,11,5,10,8
20040130,1,3,4,11,9
20040131,1,7,9,2,10
20040132,4,2,10,6,1
20040133,3,7,9,2,10
20040134,3,7,4,9,10
20040135,11,3,9,2,4
20040136,5,9,3,1,6
20040137,9,7,4,6,2
20040138,2,6,8,11,7
20040139,5,6,4,10,1
20040140,9,6,10,1,3
20040141,4,2,5,6,11
