20070101,6,3,7,9,5
20070102,3,4,6,5,2
20070103,3,7,4,1,2
20070104,8,2,9,5,7
20070105,4,8,3,10,11
20070106,1,8,7,9,10
20070107,11,10,8,4,9
20070108,5,1,6,8,10
20070109,6,9,4,1,11
20070110,9,4,7,6,1
20070111,4,3,9,8,2
20070112,6,8,9,11,2
20070113,7,9,1,2,10
20070114,11,1,7,2,9
20070115,2,8,3,4,6
20070116,4,11,3,9,2
20070117,3,2,4,5,9
20070118,7,9,8,2,3
20070119,11,4,1,8,7
20070120,9,5,4,1,10
20070121,1,9,2,8,6
20070122,2,8,6,11,10
20070123,1,10,8,3,4
20070124,3,5,2,8,11
20070125,9,1,7,8,5
20070126,2,1,11,5,10
20070127,1,2,9,3,7
20070128,2,8,3,1,10
20070129,8,2,1,3,4
20070130,1,4,8,5,2
20070131,9,6,3,2,4
20070132,7,2,8,9,5
20070133,4,1,10,9,8
20070134,7,11,3,8,10
20070135,3,11,7,10,6
20070136,11,6,3,2,8
20070137,7,5,9,11,8
20070138,11,4,9,5,8
20070139,2,6,11,5,10
20070140,9,1,2,5,8
20070141,6,5,1,2,4
20070142,2,10,8,4,7
20070143,2,9,5,7,6
20070144,4,10,5,3,8
20070145,11,1,2,4,5
20070201,11,2,4,6,7
20070202,7,4,8,2,1
20070203,6,9,7,8,1
20070204,7,8,2,9,11
20070205,9,7,8,1,4
20070206,5,6,4,1,8
20070207,11,8,7,2,1
20070208,1,5,8,4,11
20070209,4,5,9,10,11
20070210,7,10,9,2,11
20070211,4,11,9,8,3
20070212,1,3,6,8,9
20070213,7,8,2,5,10
20070214,7,11,9,10,8
20070215,1,6,10,7,11
20070216,11,8,5,3,4
20070217,3,6,5,11,1
20070218,9,2,1,6,4
20070219,9,7,3,6,5
20070220,3,2,11,10,9
20070221,11,4,5,9,6
20070222,1,10,5,11,2
20070223,3,6,5,4,10
20070224,1,4,2,8,10
20070225,4,3,6,7,1
20070226,5,9,8,1,11
20070227,4,9,8,10,1
20070228,1,9,7,3,2
20070229,8,2,1,3,9
20070230,9,8,10,3,2
20070231,10,1,5,2,7
20070232,6,7,9,8,1
20070233,4,9,3,5,8
20070234,9,1,7,3,10
20070235,11,10,2,1,3
20070236,6,8,2,5,1
20070237,8,6,4,2,5
20070238,1,11,10,7,6
20070239,8,1,9,6,5
20070240,6,11,5,1,7
20070241,11,2,9,10,1
20070242,2,9,6,10,11
20070243,1,10,8,4,3
