18060101,11,6,2,5,4
18060102,5,3,8,7,2
18060103,7,6,2,1,9
18060104,10,5,3,7,4
18060105,4,3,9,2,7
18060106,11,10,2,1,4
18060107,9,2,6,11,4
18060108,10,5,7,11,8
18060109,2,5,9,6,4
18060110,5,4,11,3,8
18060111,3,5,9,8,1
18060112,6,11,4,8,7
18060113,3,8,10,4,7
18060114,9,7,3,6,1
18060115,3,5,11,9,1
18060116,3,8,11,2,7
18060117,7,3,11,2,1
18060118,4,2,1,3,10
18060119,3,7,4,11,1
18060120,9,4,10,2,8
18060121,1,7,6,11,2
18060122,3,1,4,9,8
18060123,3,7,1,8,2
18060124,6,3,10,4,7
18060125,5,2,11,7,6
18060126,9,3,8,6,1
18060127,5,9,8,2,1
18060128,11,6,4,1,3
18060129,2,11,9,5,7
18060130,3,9,4,2,10
18060131,9,8,4,10,6
18060132,4,6,2,5,11
18060133,10,1,5,9,3
18060134,11,9,10,8,5
18060135,10,2,4,5,1
18060136,6,5,10,4,3
18060137,5,9,1,8,7
18060138,8,4,6,11,1
18060139,7,11,4,9,5
18060140,6,11,1,2,7
18060141,2,5,9,1,7
18060142,6,5,11,10,4
18060143,6,5,7,10,8
18060144,8,1,11,6,2
18060145,7,9,2,10,3
18060146,1,4,11,9,5
18060147,2,10,5,3,9
18060148,1,7,2,6,9
18060149,6,4,10,2,11
18060150,5,4,10,9,11
18060151,2,5,8,11,10
18060152,11,1,4,7,3
18060153,6,5,7,3,8
18060154,4,2,3,9,8
18060155,5,3,4,11,6
18060156,6,9,7,5,8
18060157,8,4,11,10,6
18060158,7,8,3,4,1
18060159,7,3,1,6,5
18060160,8,2,11,5,7
18060161,2,6,11,1,9
18060162,3,8,2,7,9
18060163,5,6,8,1,7
18060164,2,10,11,5,4
18060165,7,3,2,10,11
18060166,7,1,6,9,3
18060167,10,4,11,6,9
18060168,4,10,5,1,3
18060169,7,5,3,11,4
18060170,5,4,8,9,2
18060171,6,1,8,11,9
18060172,10,4,6,9,1
18060173,1,11,10,8,2
18060174,1,11,10,8,2
18060175,1,11,10,8,2
18060176,1,11,10,8,2
18060177,1,11,10,8,2
18060178,1,11,10,8,2
18060179,1,11,10,8,2
18060180,1,11,10,8,2
18060181,10,11,3,5,2
18060182,1,5,6,9,10
18060183,11,7,3,5,9
18060184,7,3,11,4,6
18060185,3,5,2,10,4
18060186,10,1,5,6,2
18060187,2,9,11,7,8
18060188,8,9,6,11,7
18060189,4,6,3,9,2
18060190,5,4,11,8,7
18060201,9,7,6,10,1
18060202,10,4,1,7,11
18060203,3,4,7,6,5
18060204,1,6,11,10,5
18060205,8,11,3,10,2
18060206,6,3,4,11,2
18060207,6,10,9,11,8
18060208,5,10,4,6,1
18060209,6,9,2,3,8
18060210,4,9,10,1,6
18060211,9,11,5,4,10
18060212,2,10,7,6,11
18060213,1,11,8,5,4
18060214,8,11,9,6,3
18060215,7,3,11,5,1
18060216,9,7,10,8,5
18060217,1,9,2,3,11
18060218,1,11,5,9,10
18060219,1,5,4,10,7
18060220,4,10,6,2,7
18060221,4,3,7,8,6
18060222,9,2,1,3,7
18060223,1,3,9,8,10
18060224,9,5,10,6,3
18060225,8,11,10,6,7
18060226,8,7,10,2,3
18060227,8,1,4,10,7
18060228,9,8,5,4,3
18060229,10,1,8,5,9
18060230,11,5,3,10,6
18060231,7,9,3,6,4
18060232,1,8,9,3,10
18060233,10,8,11,5,1
18060234,11,4,10,2,8
18060235,1,10,5,8,7
18060236,8,2,11,5,7
18060237,6,8,1,9,10
18060238,5,3,11,7,4
18060239,10,9,11,5,6
18060240,10,1,2,6,9
18060241,10,2,11,9,6
18060242,11,3,7,8,4
18060243,11,7,6,10,2
18060244,2,7,5,1,9
18060245,11,6,3,9,1
18060246,3,5,7,10,6
18060247,10,7,8,9,6
18060248,7,6,10,3,9
18060249,4,1,7,11,8
18060250,9,6,8,3,11
18060251,4,1,9,10,5
18060252,5,4,3,2,6
18060253,5,8,9,1,11
18060254,5,10,9,4,11
18060255,9,8,6,1,3
18060256,7,4,10,9,6
18060257,10,3,11,8,4
18060258,8,11,5,10,1
18060259,3,1,8,10,7
18060260,6,7,2,8,1
18060261,6,3,1,9,2
18060262,4,9,7,2,11
18060263,11,4,3,1,8
18060264,11,7,8,2,4
18060265,10,4,8,9,5
18060266,6,5,3,1,9
18060267,9,11,3,4,6
18060268,8,4,6,7,9
18060269,2,11,10,6,9
18060270,3,8,9,11,5
18060271,7,5,2,4,10
18060272,6,3,11,8,2
18060273,8,10,9,7,2
18060274,8,10,9,7,2
18060275,8,10,9,7,2
18060276,8,10,9,7,2
18060277,8,10,9,7,2
18060278,8,10,9,7,2
18060279,8,10,9,7,2
18060280,8,10,9,7,2
18060281,10,4,6,7,8
18060282,3,11,9,2,6
18060283,6,2,11,5,10
18060284,11,9,7,2,4
18060285,3,4,8,1,10
18060286,2,8,4,1,7
18060287,10,6,5,7,11
18060288,2,11,1,8,3
18060289,9,1,7,8,5
18060290,5,11,10,4,9
18060301,5,3,1,6,9
18060302,5,10,9,1,4
18060303,4,2,6,9,7
18060304,2,8,5,7,10
18060305,6,5,1,9,8
18060306,7,11,5,9,8
18060307,5,7,6,4,10
18060308,4,6,3,11,2
18060309,11,4,5,8,7
18060310,1,11,3,5,9
18060311,2,7,8,5,6
18060312,2,6,9,5,3
18060313,4,2,11,6,9
18060314,9,11,10,1,8
18060315,8,2,1,9,5
18060316,6,5,8,4,9
18060317,7,10,1,5,11
18060318,2,1,11,5,3
18060319,6,2,10,8,5
18060320,11,8,7,9,5
18060321,1,4,6,2,11
18060322,10,2,1,8,9
18060323,8,2,1,3,6
18060324,11,2,8,1,4
18060325,1,8,6,9,4
18060326,11,3,4,9,8
18060327,7,8,4,2,3
18060328,7,6,9,8,1
18060329,11,10,7,5,1
18060330,3,9,4,5,7
18060331,10,3,11,6,5
18060332,1,5,9,8,7
18060333,5,11,4,2,6
18060334,2,6,4,7,1
18060335,7,6,10,1,5
18060336,3,8,9,5,2
18060337,1,11,5,8,10
18060338,6,2,4,10,9
18060339,11,2,10,6,7
18060340,7,6,11,1,10
18060341,5,4,1,8,10
18060342,7,5,1,2,11
18060343,10,3,4,8,6
18060344,8,11,6,7,3
18060345,11,4,5,6,10
18060346,3,5,10,11,8
18060347,10,7,6,8,11
18060348,8,11,1,10,5
18060349,2,4,7,6,8
18060350,4,7,3,6,2
18060351,11,2,5,3,9
18060352,2,3,4,6,5
18060353,6,8,10,11,1
18060354,6,3,9,11,5
18060355,4,1,10,3,2
18060356,7,10,11,1,5
18060357,7,8,3,11,2
18060358,7,6,2,1,8
18060359,1,10,11,4,9
18060360,4,10,6,7,5
18060361,7,8,4,11,10
18060362,7,4,8,6,5
18060363,10,8,6,1,7
18060364,8,3,6,10,4
18060365,8,2,3,4,1
18060366,7,5,11,2,10
18060367,1,4,6,7,10
18060368,10,4,8,9,2
18060369,9,11,4,3,10
18060370,9,1,3,6,7
18060371,7,11,9,8,2
18060372,2,7,1,10,11
18060373,7,6,4,9,2
18060374,5,7,10,11,2
18060375,10,4,11,2,3
18060376,5,7,1,10,3
18060377,3,5,8,10,7
18060378,5,7,4,11,6
18060379,4,6,5,9,7
18060380,4,6,5,9,7
18060381,6,2,5,4,10
18060382,4,9,3,6,8
18060383,6,1,11,2,8
18060384,9,7,6,11,10
18060385,6,3,5,9,10
18060386,10,5,6,11,7
18060387,7,2,5,1,8
18060388,4,6,2,10,7
18060389,9,7,10,5,11
18060390,8,7,1,3,4
18060401,8,3,5,7,6
18060402,4,3,9,8,10
18060403,2,5,3,4,7
18060404,5,1,2,11,4
18060405,3,1,4,2,6
18060406,3,8,4,9,7
18060407,3,1,4,7,10
18060408,2,7,3,4,11
18060409,5,7,10,3,1
18060410,5,2,9,3,8
18060411,3,8,1,5,10
18060412,2,8,7,9,6
18060413,1,6,4,11,7
18060414,10,9,7,11,2
18060415,1,9,8,11,5
18060416,1,11,9,4,10
18060417,6,8,10,7,1
18060418,7,5,9,2,6
18060419,10,9,11,1,3
18060420,9,1,6,3,8
18060421,7,2,1,3,6
18060422,10,5,8,6,3
18060423,1,10,5,7,9
18060424,5,6,8,7,9
18060425,1,3,11,4,5
18060426,4,3,2,11,1
18060427,6,2,9,8,4
18060428,10,9,8,3,5
18060429,7,6,9,10,8
18060430,10,8,5,4,3
18060431,5,11,9,7,8
18060432,11,8,10,4,5
18060433,7,3,9,11,8
18060434,7,11,2,9,8
18060435,10,5,1,4,8
18060436,7,3,9,1,5
18060437,10,9,1,5,6
18060438,9,6,11,3,2
18060439,4,3,1,11,2
18060440,10,2,11,1,4
18060441,3,2,9,8,11
18060442,9,11,7,8,10
18060443,10,8,2,11,1
18060444,3,7,11,1,10
18060445,11,6,4,7,2
18060446,8,11,6,7,10
18060447,3,9,4,1,6
18060448,5,3,7,6,11
18060449,9,6,8,7,4
18060450,5,3,7,8,10
18060451,8,6,7,5,1
18060452,4,7,11,9,2
18060453,7,5,3,9,2
18060454,7,9,3,4,2
18060455,4,9,6,7,8
18060456,7,4,9,5,3
18060457,4,3,5,9,11
18060458,2,6,7,5,1
18060459,6,9,8,1,4
18060460,6,2,4,1,8
18060461,8,1,7,3,2
18060462,6,11,3,9,1
18060463,5,9,7,8,4
18060464,8,9,11,4,5
18060465,8,2,7,9,5
18060466,7,2,11,8,1
18060467,4,11,10,5,1
18060468,6,10,3,8,7
18060469,1,9,6,7,11
18060470,10,1,4,7,9
18060471,3,2,5,7,8
18060472,4,6,7,1,8
18060473,9,4,7,10,1
18060474,6,11,2,8,9
18060475,7,5,3,9,8
18060476,8,6,7,10,9
18060477,6,5,4,2,9
18060478,11,3,9,5,7
18060479,9,7,3,4,2
18060480,2,4,6,7,3
18060481,5,1,9,8,2
18060482,6,5,11,1,7
18060483,1,9,2,6,10
18060484,9,5,7,4,1
18060485,11,10,2,8,6
18060486,11,1,3,2,7
18060487,3,11,9,8,5
18060488,6,7,8,5,11
18060489,5,7,9,2,6
18060490,1,7,3,9,5
18060501,3,11,7,1,5
18060502,9,7,3,10,5
18060503,1,3,2,8,6
18060504,4,10,7,8,5
18060505,9,11,2,5,6
18060506,1,6,4,8,5
18060507,4,10,11,3,5
18060508,6,11,2,1,3
18060509,3,11,2,10,8
18060510,6,11,4,1,7
18060511,8,4,6,1,3
18060512,2,6,9,3,5
18060513,9,2,6,10,1
18060514,4,5,3,2,6
18060515,6,2,3,10,8
18060516,5,4,6,2,10
18060517,1,8,9,10,11
18060518,4,7,10,5,8
18060519,5,9,8,11,7
18060520,6,5,4,3,2
18060521,10,4,2,7,3
18060522,11,4,8,9,10
18060523,9,6,3,1,5
18060524,5,2,10,4,1
18060525,3,5,1,6,10
18060526,8,4,5,3,11
18060527,8,2,5,11,9
18060528,6,8,3,2,11
18060529,7,4,2,5,9
18060530,5,7,2,4,11
18060531,4,3,2,7,10
18060532,11,5,7,10,1
18060533,10,11,5,7,1
18060534,11,10,6,5,2
18060535,2,7,5,3,8
18060536,7,1,8,11,5
18060537,2,5,10,4,1
18060538,6,5,2,8,10
18060539,1,3,8,6,9
18060540,2,5,9,8,4
18060541,9,5,6,4,2
18060542,10,3,8,4,11
18060543,9,7,5,11,1
18060544,7,1,6,10,3
18060545,7,10,2,1,4
18060546,6,1,11,8,3
18060547,1,4,2,11,5
18060548,11,9,1,7,10
18060549,4,3,9,10,6
18060550,6,2,4,11,8
18060551,11,9,8,4,2
18060552,7,6,4,8,3
18060553,8,9,4,2,3
18060554,11,10,7,8,2
18060555,9,3,11,8,4
18060556,4,6,1,2,3
18060557,1,11,6,9,2
18060558,3,7,10,4,5
18060559,4,6,8,2,1
18060560,10,1,7,2,5
18060561,9,5,10,6,2
18060562,1,8,7,9,6
18060563,5,8,9,6,4
18060564,10,7,6,2,3
18060565,6,3,8,1,2
18060566,10,8,11,4,9
18060567,5,6,11,10,2
18060568,5,10,2,4,9
18060569,2,10,1,5,4
18060570,4,7,10,8,2
18060571,7,5,8,4,9
18060572,2,5,4,9,6
18060573,5,10,11,4,7
18060574,8,2,9,3,10
18060575,8,5,9,2,3
18060576,5,7,1,2,8
18060577,6,10,11,3,8
18060578,3,4,9,7,5
18060579,9,5,10,8,11
18060580,3,4,7,10,6
18060581,6,5,7,2,1
18060582,6,8,9,4,5
18060583,10,4,9,1,11
18060584,3,4,1,8,2
18060585,4,9,1,7,5
18060586,7,2,6,9,3
18060587,2,11,1,4,10
18060588,3,6,8,11,2
18060589,10,4,3,7,11
18060590,3,6,7,4,9
18060601,7,6,5,2,9
18060602,10,6,9,2,1
18060603,4,5,8,1,10
18060604,4,1,5,2,6
18060605,2,1,3,4,10
18060606,2,3,8,9,10
18060607,11,6,2,8,4
18060608,4,3,8,6,2
18060609,1,6,4,2,7
18060610,10,7,3,2,1
18060611,3,10,9,5,4
18060612,9,3,6,5,4
18060613,11,9,8,3,5
18060614,7,5,4,6,2
18060615,2,7,4,5,9
18060616,9,3,8,1,2
18060617,9,11,7,4,5
18060618,8,7,6,1,2
18060619,9,4,6,1,2
18060620,5,9,1,6,8
18060621,4,11,1,6,10
18060622,5,6,11,7,9
18060623,2,6,8,1,11
18060624,10,4,6,11,3
18060625,1,3,6,2,7
18060626,11,4,5,3,7
18060627,9,2,8,4,7
18060628,2,3,5,8,6
18060629,5,8,6,10,2
18060630,8,4,10,6,3
18060631,8,2,3,4,7
18060632,2,6,3,10,1
18060633,7,4,10,1,11
18060634,5,11,9,7,8
18060635,1,2,3,10,6
18060636,1,10,9,6,3
18060637,10,2,4,1,5
18060638,8,9,2,11,10
18060639,5,10,8,11,6
18060640,8,6,1,4,10
18060641,8,4,7,1,10
18060642,1,8,7,3,10
18060643,7,8,10,3,11
18060644,6,1,8,9,2
18060645,2,9,10,6,4
18060646,5,6,11,2,8
18060647,9,4,6,1,8
18060648,7,4,10,8,5
18060649,2,5,10,7,11
18060650,8,4,1,3,10
18060651,4,1,6,7,10
18060652,11,3,9,10,7
18060653,3,2,11,10,6
18060654,11,6,9,4,1
18060655,4,9,11,1,7
18060656,10,3,5,7,8
18060657,8,2,6,7,9
18060658,1,8,11,4,3
18060659,2,10,8,1,5
18060660,4,3,11,9,5
18060661,7,10,8,3,4
18060662,11,10,2,8,5
18060663,8,6,5,3,10
18060664,9,11,4,8,2
18060665,1,4,9,6,7
18060666,7,1,5,10,8
18060667,2,8,4,10,3
18060668,6,10,3,5,1
18060669,7,1,3,4,5
18060670,9,1,8,10,2
18060671,2,1,6,9,8
18060672,4,11,6,8,10
18060673,9,5,11,8,7
18060674,6,1,7,4,3
18060675,9,10,6,3,11
18060676,9,2,7,6,11
18060677,11,5,2,9,7
18060678,11,6,4,2,5
18060679,8,2,6,10,5
18060680,10,8,11,3,7
18060681,2,10,1,8,4
18060682,8,11,6,7,3
18060683,8,7,10,1,4
18060684,8,10,2,6,5
18060685,3,11,8,2,6
18060686,4,2,7,9,3
18060687,6,5,4,7,3
18060688,4,9,6,5,11
18060689,6,1,11,4,10
18060690,3,8,4,7,6
18060701,5,7,4,6,11
18060702,7,4,1,5,8
18060703,3,11,6,2,4
18060704,7,11,5,8,2
18060705,8,1,3,11,5
18060706,10,5,1,4,7
18060707,9,5,4,2,11
18060708,10,7,6,3,5
18060709,1,5,10,8,9
18060710,8,3,6,10,7
18060711,10,8,4,6,1
18060712,10,3,9,1,5
18060713,10,2,6,1,11
18060714,9,6,10,11,5
18060715,11,4,2,5,1
18060716,6,5,11,3,4
18060717,3,8,4,1,5
18060718,2,6,4,10,11
18060719,5,10,6,9,7
18060720,5,11,2,3,1
18060721,8,6,5,4,1
18060722,5,6,1,3,7
18060723,11,2,7,6,4
18060724,8,9,4,3,11
18060725,7,4,6,1,11
18060726,7,1,6,4,5
18060727,7,2,8,10,5
18060728,2,8,7,5,6
18060729,11,2,1,9,4
18060730,11,10,3,4,1
18060731,11,5,1,10,9
18060732,8,3,9,6,2
18060733,4,8,7,10,6
18060734,11,9,10,3,2
18060735,8,9,4,6,3
18060736,1,3,6,8,4
18060737,5,8,1,6,3
18060738,2,9,3,1,4
18060739,2,9,6,4,11
18060740,3,1,5,8,2
18060741,8,7,6,11,10
18060742,3,7,9,8,4
18060743,6,1,8,4,10
18060744,4,11,9,8,6
18060745,10,1,4,2,3
18060746,6,5,9,8,7
18060747,3,9,11,4,5
18060748,7,11,1,5,4
18060749,5,10,2,9,1
18060750,9,3,6,10,11
18060751,5,8,3,2,9
18060752,11,1,4,2,8
18060753,5,10,3,11,2
18060754,11,8,4,1,3
18060755,2,10,8,7,11
18060756,9,7,1,5,2
18060757,1,8,5,2,10
18060758,5,2,9,1,11
18060759,3,2,11,8,9
18060760,2,6,9,7,1
18060761,1,5,7,6,10
18060762,1,3,4,6,8
18060763,4,2,9,8,1
18060764,2,10,9,4,1
18060765,1,2,6,8,11
18060766,10,5,9,7,4
18060767,1,3,8,7,4
18060768,6,4,7,5,11
18060769,10,7,9,11,5
18060770,5,2,9,8,10
18060771,9,11,10,1,4
18060772,6,5,8,2,9
18060773,6,4,10,7,11
18060774,1,3,2,7,11
18060775,1,11,6,3,4
18060776,6,10,1,8,2
18060777,3,8,11,7,1
18060778,5,9,2,10,11
18060779,5,7,10,2,4
18060780,1,5,7,9,11
18060781,11,6,4,3,10
18060782,4,5,11,10,2
18060783,4,10,1,3,8
18060784,7,6,1,9,8
18060785,4,8,3,9,6
18060786,7,1,2,8,6
18060787,2,3,5,7,4
18060788,8,5,11,2,4
18060789,8,1,7,11,5
18060790,9,11,10,8,6
18060801,8,11,3,9,5
18060802,2,8,5,6,7
18060803,7,8,2,10,5
18060804,5,1,3,8,10
18060805,10,7,4,8,11
18060806,7,6,8,3,10
18060807,6,7,2,9,4
18060808,5,4,8,10,6
18060809,7,8,11,9,2
18060810,4,10,6,7,9
18060811,5,11,10,3,7
18060812,7,10,11,9,3
18060813,6,5,2,4,1
18060814,10,3,6,5,7
18060815,7,9,1,8,4
18060816,10,8,2,11,9
18060817,7,11,4,10,2
18060818,5,2,4,7,9
18060819,6,11,3,1,10
18060820,10,11,8,2,6
18060821,11,6,5,2,9
18060822,2,10,11,1,4
18060823,2,3,4,10,7
18060824,7,10,3,5,4
18060825,6,11,10,8,5
18060826,11,7,5,2,4
18060827,5,7,10,3,1
18060828,3,6,11,10,2
18060829,11,5,9,2,4
18060830,3,10,11,2,4
18060831,9,10,5,11,1
18060832,6,1,5,2,3
18060833,8,1,4,11,10
18060834,4,3,2,9,5
18060835,6,10,11,7,9
18060836,10,7,9,3,8
18060837,11,7,3,5,2
18060838,6,5,11,10,9
18060839,10,11,1,9,5
18060840,6,5,9,10,8
18060841,7,9,3,6,1
18060842,4,11,3,7,6
18060843,9,2,6,4,3
18060844,4,9,8,10,7
18060845,4,5,9,8,7
18060846,8,1,6,7,9
18060847,8,9,3,7,1
18060848,11,5,1,4,10
18060849,3,9,5,4,10
18060850,9,8,1,2,7
18060851,8,5,3,7,2
18060852,4,5,6,9,3
18060853,11,1,5,7,10
18060854,6,4,8,7,10
18060855,2,4,5,6,7
18060856,9,4,3,7,8
18060857,6,1,3,7,8
18060858,4,11,2,9,3
18060859,2,4,5,11,10
18060860,3,6,1,11,9
18060861,10,3,11,2,6
18060862,4,9,11,6,1
18060863,3,8,2,11,10
18060864,3,9,7,10,11
18060865,10,6,1,9,4
18060866,3,4,2,6,11
18060867,2,9,11,6,10
18060868,3,8,11,6,4
18060869,5,8,7,4,1
18060870,3,5,2,7,4
18060871,4,6,3,7,2
18060872,1,3,9,8,2
18060873,10,6,1,11,8
18060874,5,4,11,8,3
18060875,3,11,9,5,2
18060876,9,7,5,3,10
18060877,5,11,9,1,6
18060878,1,5,11,9,2
18060879,1,11,9,8,7
18060880,5,4,2,6,1
18060881,4,8,6,11,5
18060882,8,10,2,11,7
18060883,5,1,8,9,11
18060884,11,9,8,6,1
18060885,5,10,9,11,1
18060886,6,3,5,2,4
18060887,4,1,3,6,11
18060888,1,7,5,10,9
18060889,7,3,1,4,10
18060890,3,10,6,7,11
18060901,3,10,8,1,7
18060902,6,5,1,4,3
18060903,4,9,2,6,7
18060904,6,11,8,3,4
18060905,1,9,11,6,10
18060906,3,10,4,8,11
18060907,6,1,5,4,3
18060908,1,3,7,8,5
18060909,10,9,7,4,2
18060910,4,7,9,8,3
18060911,6,5,4,2,11
18060912,10,9,3,5,4
18060913,7,2,11,1,6
18060914,1,6,7,4,2
18060915,6,10,9,8,2
18060916,4,11,10,3,7
18060917,11,5,2,3,1
18060918,5,4,9,2,8
18060919,8,1,9,11,2
18060920,4,2,10,8,7
18060921,7,10,1,3,11
18060922,5,4,3,6,11
18060923,10,2,7,1,3
18060924,2,8,10,4,3
18060925,9,10,7,8,6
18060926,5,7,10,6,4
18060927,7,9,10,3,6
18060928,1,11,2,8,6
18060929,8,11,1,3,2
18060930,8,9,5,7,10
18060931,1,4,6,8,2
18060932,4,8,3,2,1
18060933,2,4,9,7,3
18060934,8,11,7,6,10
18060935,6,11,9,8,2
18060936,8,7,9,11,5
18060937,7,10,5,6,4
18060938,7,2,4,9,5
18060939,7,2,9,3,4
18060940,5,11,8,6,3
18060941,3,4,1,2,5
18060942,6,2,5,1,10
18060943,3,10,4,2,9
18060944,1,9,5,7,8
18060945,11,4,10,8,2
18060946,9,3,5,4,2
18060947,11,8,4,3,7
18060948,3,10,6,4,2
18060949,11,10,5,8,3
18060950,8,4,1,11,6
18060951,3,9,8,1,11
18060952,10,8,7,5,1
18060953,6,5,4,11,8
18060954,2,7,1,4,11
18060955,1,2,3,11,7
18060956,3,2,7,11,5
18060957,2,6,3,7,8
18060958,2,10,4,5,8
18060959,11,10,5,3,2
18060960,5,4,9,11,10
18060961,9,4,2,5,11
18060962,6,8,4,10,11
18060963,8,5,3,4,1
18060964,5,7,4,8,11
18060965,11,5,4,8,1
18060966,3,9,1,6,8
18060967,4,1,5,8,7
18060968,3,11,4,8,9
18060969,7,3,1,10,9
18060970,6,3,1,2,7
18060971,7,5,11,8,10
18060972,2,8,7,6,4
18060973,6,9,4,7,2
18060974,5,11,3,8,10
18060975,3,2,1,7,9
18060976,9,7,2,1,5
18060977,5,6,3,10,2
18060978,6,5,4,8,10
18060979,4,8,1,3,9
18060980,10,11,2,4,7
18060981,5,7,8,4,2
18060982,4,11,8,2,10
18060983,3,8,4,9,11
18060984,7,6,10,11,5
18060985,1,10,8,3,4
18060986,9,2,8,5,3
18060987,10,7,6,9,8
18060988,11,1,7,2,10
18060989,5,10,2,6,11
18060990,11,1,9,6,10
18061001,7,1,2,9,4
18061002,8,10,11,4,1
18061003,7,1,11,8,3
18061004,2,4,9,7,1
18061005,7,10,6,1,4
18061006,3,10,8,11,7
18061007,11,8,9,7,6
18061008,9,5,10,1,8
18061009,7,11,6,8,9
18061010,8,2,5,1,3
18061011,2,7,8,10,1
18061012,4,1,3,6,8
18061013,5,9,2,6,10
18061014,3,8,9,7,5
18061015,6,2,10,7,5
18061016,10,9,3,8,4
18061017,9,6,11,10,8
18061018,1,3,4,7,9
18061019,1,5,10,4,6
18061020,2,7,5,1,3
18061021,2,4,9,3,8
18061022,11,1,7,9,2
18061023,2,1,11,7,10
18061024,6,5,10,4,7
18061025,5,7,6,8,11
18061026,5,1,8,3,6
18061027,9,10,8,11,3
18061028,9,3,2,5,7
18061029,3,7,2,9,4
18061030,7,10,6,8,5
18061031,4,5,11,3,1
18061032,7,11,3,9,8
18061033,11,9,10,4,6
18061034,10,5,3,11,8
18061035,3,10,6,11,9
18061036,11,4,7,6,1
18061037,8,6,1,7,3
18061038,10,7,2,1,9
18061039,2,10,8,11,3
18061040,8,11,1,7,2
18061041,8,10,11,9,5
18061042,8,9,5,4,11
18061043,10,7,3,8,6
18061044,5,7,3,2,11
18061045,1,3,9,5,11
18061046,4,11,8,7,10
18061047,2,8,1,9,3
18061048,10,9,4,8,7
18061049,4,3,6,2,8
18061050,2,8,5,4,11
18061051,9,10,7,2,1
18061052,8,7,6,11,4
18061053,4,10,7,11,2
18061054,2,8,11,9,3
18061055,5,9,11,4,6
18061056,10,5,7,3,6
18061057,9,5,1,3,11
18061058,4,3,1,7,8
18061059,5,6,7,3,1
18061060,3,7,4,2,11
18061061,3,6,1,8,9
18061062,9,11,6,10,8
18061063,8,6,5,11,10
18061064,3,11,7,10,8
18061065,3,8,10,9,4
18061066,3,6,11,8,7
18061067,9,10,7,8,3
18061068,2,9,1,4,7
18061069,5,7,4,3,10
18061070,3,11,5,2,10
18061071,4,7,8,1,2
18061072,9,1,8,7,10
18061073,9,1,7,10,5
18061074,5,2,8,9,6
18061075,11,3,10,1,8
18061076,6,5,10,2,9
18061077,2,7,5,3,8
18061078,10,6,9,2,3
18061079,3,7,9,6,11
18061080,7,10,6,1,5
18061081,3,7,1,8,10
18061082,4,11,1,5,7
18061083,1,7,2,11,6
18061084,4,5,2,10,9
18061085,6,3,9,1,4
18061086,8,11,10,7,2
18061087,4,2,7,6,8
18061088,4,7,1,6,11
18061089,11,4,10,7,2
18061090,3,7,9,11,5
18061101,10,9,8,11,7
18061102,1,8,11,6,9
18061103,5,1,7,10,11
18061104,7,5,10,9,1
18061105,1,8,4,6,11
18061106,5,11,7,9,1
18061107,9,10,1,5,2
18061108,1,9,8,6,3
18061109,2,8,7,3,5
18061110,10,5,7,2,4
18061111,8,9,2,3,11
18061112,5,7,8,2,4
18061113,5,3,4,1,2
18061114,4,3,6,1,10
18061115,3,6,1,4,2
18061116,9,2,6,8,3
18061117,1,9,5,4,10
18061118,11,9,1,4,3
18061119,8,4,6,9,11
18061120,7,6,3,8,5
18061121,4,5,11,10,8
18061122,10,11,1,6,5
18061123,9,2,5,3,6
18061124,5,10,1,9,7
18061125,7,1,3,10,9
18061126,5,11,6,2,4
18061127,4,2,11,10,9
18061128,2,3,8,11,1
18061129,4,9,6,11,5
18061130,10,7,8,11,9
18061131,7,1,6,2,10
18061132,4,6,8,7,9
18061133,4,1,5,11,2
18061134,5,4,7,1,10
18061135,2,9,7,6,3
18061136,10,9,3,8,2
18061137,1,8,6,2,3
18061138,1,2,11,8,7
18061139,11,10,9,2,4
18061140,2,1,8,5,6
18061141,7,1,10,9,11
18061142,2,3,10,7,6
18061143,6,1,10,7,8
18061144,2,1,5,4,8
18061145,4,7,9,8,5
18061146,7,1,3,4,2
18061147,7,9,11,6,4
18061148,2,11,8,9,10
18061149,1,7,5,10,8
18061150,11,10,1,7,2
18061151,10,9,7,6,5
18061152,10,8,1,4,3
18061153,4,9,11,5,2
18061154,4,9,3,5,8
18061155,1,10,11,7,5
18061156,7,6,11,2,3
18061157,11,9,4,3,2
18061158,4,7,1,2,10
18061159,6,2,8,10,3
18061160,2,6,9,5,4
18061161,1,8,2,7,3
18061162,9,5,2,1,11
18061163,11,6,2,10,8
18061164,4,8,10,9,11
18061165,2,4,3,7,5
18061166,7,3,10,8,6
18061167,2,9,7,3,11
18061168,7,2,4,9,1
18061169,4,7,9,5,6
18061170,11,5,6,2,7
18061171,7,5,8,9,3
18061172,7,4,5,11,2
18061173,4,9,5,7,3
18061174,6,9,2,10,1
18061175,6,2,8,3,5
18061176,1,7,3,4,11
18061177,4,10,7,1,9
18061178,7,9,8,3,6
18061179,11,10,1,8,9
18061180,5,9,4,1,6
18061181,10,7,6,9,11
18061182,11,9,8,10,3
18061183,10,11,3,4,8
18061184,1,3,2,4,5
18061185,7,8,4,9,2
18061186,10,11,4,5,1
18061187,11,2,4,9,10
18061188,11,7,2,1,9
18061189,2,11,9,3,5
18061190,2,5,9,1,11
18061201,4,5,9,6,10
18061202,3,8,4,7,5
18061203,1,4,5,7,9
18061204,5,10,2,8,7
18061205,6,7,9,5,11
18061206,6,5,2,7,11
18061207,6,11,7,10,8
18061208,9,11,2,1,4
18061209,9,4,2,5,11
18061210,8,4,2,5,3
18061211,9,7,1,6,11
18061212,2,9,1,6,3
18061213,1,10,7,4,8
18061214,6,2,7,9,8
18061215,3,4,10,7,5
18061216,2,11,8,7,9
18061217,6,1,3,8,11
18061218,7,9,3,8,11
18061219,3,6,4,2,8
18061220,7,3,5,2,8
18061221,2,4,3,8,7
18061222,5,11,9,3,7
18061223,10,8,3,4,7
18061224,4,9,3,8,5
18061225,3,11,6,10,7
18061226,8,1,6,5,2
18061227,8,9,6,4,3
18061228,3,11,1,10,4
18061229,1,5,8,4,3
18061230,1,3,4,11,9
18061231,8,9,6,2,4
18061232,10,11,7,5,3
18061233,8,4,3,10,1
18061234,5,8,2,6,10
18061235,8,9,4,6,2
18061236,1,9,6,4,10
18061237,1,2,9,6,10
18061238,1,7,3,10,5
18061239,2,1,11,5,4
18061240,11,6,7,4,1
18061241,11,10,6,3,4
18061242,9,1,5,11,4
18061243,6,3,1,9,11
18061244,7,10,9,8,2
18061245,5,2,7,11,1
18061246,5,3,1,6,10
18061247,7,3,1,5,4
18061248,7,9,10,4,6
18061249,11,6,7,1,10
18061250,8,2,11,4,5
18061251,8,4,9,2,7
18061252,11,5,7,4,6
18061253,10,8,7,5,4
18061254,7,5,10,11,9
18061255,3,2,6,7,5
18061256,11,6,7,9,2
18061257,10,1,9,3,4
18061258,5,6,7,1,8
18061259,1,10,2,11,4
18061260,9,1,6,8,3
18061261,1,9,5,8,4
18061262,2,6,3,11,8
18061263,1,6,2,11,9
18061264,2,10,1,9,11
18061265,9,8,4,7,3
18061266,2,7,6,11,8
18061267,4,5,2,11,9
18061268,6,10,9,8,5
18061269,1,2,8,3,10
18061270,10,8,7,11,6
18061271,8,7,3,5,1
18061272,9,5,11,10,2
18061273,6,1,8,9,11
18061274,1,3,2,7,11
18061275,11,9,5,8,1
18061276,3,1,9,10,8
18061277,10,5,9,3,2
18061278,11,10,9,8,7
18061279,11,8,4,2,10
18061280,9,10,5,8,7
18061281,10,2,1,9,3
18061282,5,7,4,2,1
18061283,8,5,9,6,4
18061284,8,2,4,7,10
18061285,5,4,11,8,3
18061286,4,3,11,2,10
18061287,3,11,7,2,1
18061288,5,4,10,3,9
18061289,5,3,10,9,6
18061290,11,9,7,1,5
18061301,5,4,3,11,2
18061302,2,1,9,3,10
18061303,7,11,1,8,2
18061304,6,3,5,11,2
18061305,7,8,11,10,4
18061306,6,11,2,4,5
18061307,10,5,7,6,8
18061308,11,10,1,9,3
18061309,2,7,4,9,6
18061310,4,10,6,2,7
18061311,6,7,2,1,10
18061312,8,11,6,1,4
18061313,2,10,8,5,6
18061314,5,9,10,7,11
18061315,2,5,1,9,7
18061316,2,3,11,9,4
18061317,7,3,6,5,10
18061318,4,7,6,11,9
18061319,2,8,7,1,9
18061320,5,8,1,6,2
18061321,3,8,9,11,5
18061322,2,6,3,4,7
18061323,4,9,7,1,10
18061324,1,10,3,2,5
18061325,2,6,9,7,10
18061326,2,9,4,5,11
18061327,7,10,2,9,8
18061328,2,10,4,11,6
18061329,4,11,3,2,7
18061330,3,9,1,6,7
18061331,4,2,5,3,1
18061332,6,5,7,4,3
18061333,8,7,10,9,5
18061334,2,4,3,5,11
18061335,9,3,2,7,1
18061336,4,2,1,3,11
18061337,10,8,6,7,4
18061338,6,4,7,1,8
18061339,2,7,8,9,4
18061340,6,4,8,2,10
18061341,11,6,5,3,2
18061342,8,6,3,1,9
18061343,8,2,3,11,4
18061344,10,3,11,9,4
18061345,11,9,6,7,10
18061346,2,10,1,7,11
18061347,6,9,7,8,4
18061348,3,5,1,2,4
18061349,11,9,6,3,10
18061350,11,1,3,4,8
18061351,2,5,1,11,7
18061352,10,6,3,7,5
18061353,5,1,3,6,7
18061354,5,8,4,9,11
18061355,5,6,3,9,2
18061356,6,8,1,5,10
18061357,8,5,10,4,1
18061358,10,2,3,1,6
18061359,2,7,9,5,4
18061360,7,3,11,4,10
18061361,8,11,5,9,6
18061362,3,10,5,9,1
18061363,8,9,2,1,11
18061364,5,8,11,3,1
18061365,2,11,9,8,6
18061366,10,8,9,2,3
18061367,7,3,9,2,8
18061368,11,1,8,4,5
18061369,1,9,5,3,10
18061370,3,2,5,9,7
18061371,8,10,3,2,6
18061372,8,9,7,6,11
18061373,6,8,2,7,11
18061374,8,7,11,5,6
18061375,11,5,2,6,4
18061376,7,10,8,2,6
18061377,3,4,7,2,10
18061378,1,9,3,10,2
18061379,4,10,3,9,11
18061380,3,10,2,11,8
18061381,5,11,6,9,2
18061382,9,7,4,2,10
18061383,4,6,7,11,10
18061384,11,2,8,3,4
18061385,8,1,5,6,11
18061386,8,4,6,5,7
18061387,10,3,6,8,4
18061388,7,10,11,6,2
18061389,5,1,11,2,10
18061390,3,9,10,7,1
18061401,4,9,10,6,3
18061402,3,6,10,8,5
18061403,11,1,2,7,5
18061404,9,7,8,5,6
18061405,5,3,10,2,8
18061406,9,5,10,11,4
18061407,8,3,7,6,9
18061408,4,8,3,7,1
18061409,2,8,11,1,4
18061410,3,5,11,7,8
18061411,8,1,9,4,6
18061412,1,3,4,7,10
18061413,6,7,3,4,9
18061414,4,6,5,10,7
18061415,1,4,10,5,8
18061416,1,5,7,2,8
18061417,10,6,8,4,11
18061418,2,3,11,8,6
18061419,7,10,1,4,9
18061420,7,10,9,2,4
18061421,9,1,2,7,11
18061422,1,11,2,8,10
18061423,11,5,4,8,10
18061424,1,9,10,8,4
18061425,9,3,6,11,7
18061426,4,7,6,1,9
18061427,4,9,5,10,11
18061428,10,5,3,9,2
18061429,5,4,6,2,3
18061430,5,11,3,9,2
18061431,8,11,2,10,7
18061432,10,1,3,5,6
18061433,9,1,4,6,3
18061434,1,8,5,7,10
18061435,9,3,1,5,6
18061436,3,10,8,2,4
18061437,3,2,1,8,6
18061438,7,8,1,10,2
18061439,5,1,6,3,7
18061440,11,9,4,5,7
18061441,9,4,8,2,3
18061442,11,10,3,1,7
18061443,9,11,1,5,4
18061444,7,10,8,11,1
18061445,4,1,7,9,10
18061446,5,1,2,9,8
18061447,4,5,6,8,10
18061448,9,11,1,8,3
18061449,10,8,7,1,4
18061450,4,11,9,3,2
18061451,11,1,5,7,10
18061452,8,7,4,6,9
18061453,9,3,1,10,4
18061454,5,3,6,11,7
18061455,6,7,10,8,4
18061456,10,8,6,11,3
18061457,8,2,7,9,6
18061458,7,4,11,10,9
18061459,2,5,11,1,8
18061460,11,9,5,2,6
18061461,4,9,3,5,6
18061462,6,7,10,8,11
18061463,4,10,1,11,8
18061464,6,10,8,9,5
18061465,7,6,1,10,9
18061466,10,1,3,7,11
18061467,8,3,11,10,2
18061468,8,9,5,2,7
18061469,9,3,2,11,5
18061470,7,2,9,5,3
18061471,5,2,8,11,6
18061472,10,6,1,3,5
18061473,11,10,8,7,3
18061474,9,6,1,7,8
18061475,1,3,9,6,5
18061476,8,3,5,11,2
18061477,10,5,7,9,8
18061478,11,10,6,5,7
18061479,2,1,5,8,6
18061480,3,4,7,6,5
18061481,7,9,6,10,11
18061482,10,6,5,8,4
18061483,4,11,7,2,8
18061484,8,1,4,7,6
18061485,9,2,1,3,5
18061486,4,11,5,6,10
18061487,2,1,3,8,4
18061488,8,5,7,6,10
18061489,6,2,9,10,3
18061490,5,6,8,9,2
18061501,10,2,3,7,11
18061502,6,5,3,1,9
18061503,1,6,7,2,3
18061504,4,10,5,11,9
18061505,3,9,8,6,5
18061506,7,4,10,11,9
18061507,2,9,10,8,7
18061508,4,9,1,2,8
18061509,2,4,6,8,5
18061510,6,7,9,2,1
18061511,5,3,9,11,10
18061512,5,8,3,10,2
18061513,5,2,11,6,4
18061514,11,7,6,4,5
18061515,10,11,9,3,1
18061516,3,6,7,2,11
18061517,11,4,6,10,9
18061518,6,11,8,5,7
18061519,1,8,10,4,3
18061520,6,3,4,11,10
18061521,5,9,8,6,4
18061522,5,8,6,4,10
18061523,3,7,6,5,11
18061524,4,9,1,7,8
18061525,8,2,3,4,1
18061526,4,5,2,3,10
18061527,9,4,2,7,11
18061528,3,2,10,8,6
18061529,10,5,11,2,9
18061530,7,8,2,9,10
18061531,3,8,1,5,7
18061532,4,5,1,6,3
18061533,5,4,6,9,3
18061534,3,8,10,4,1
18061535,9,4,5,1,2
18061536,2,11,9,8,4
18061537,3,1,4,6,2
18061538,1,6,7,8,10
18061539,5,4,8,11,9
18061540,9,5,6,10,11
18061541,11,7,8,6,3
18061542,7,9,3,8,1
18061543,11,5,1,4,3
18061544,4,1,10,2,6
18061545,9,6,7,3,5
18061546,8,1,6,4,2
18061547,2,11,9,10,6
18061548,5,9,4,6,2
18061549,10,11,6,7,9
18061550,7,9,10,8,2
18061551,1,5,3,4,2
18061552,10,6,2,7,4
18061553,1,8,9,2,7
18061554,6,4,2,3,7
18061555,9,10,4,1,7
18061556,10,2,8,11,5
18061557,10,8,9,5,2
18061558,1,2,9,3,7
18061559,4,2,11,8,9
18061560,10,9,2,6,8
18061561,9,11,2,4,1
18061562,11,2,6,3,4
18061563,8,9,11,7,3
18061564,6,9,3,1,5
18061565,7,3,1,8,2
18061566,3,4,7,9,6
18061567,5,3,8,4,7
18061568,4,8,11,5,1
18061569,5,3,4,11,10
18061570,4,11,9,6,1
18061571,7,10,8,3,6
18061572,5,11,4,8,6
18061573,7,5,4,6,11
18061574,4,5,1,8,2
18061575,6,2,4,7,9
18061576,4,5,3,7,8
18061577,4,5,10,1,2
18061578,10,4,9,1,6
18061579,5,4,10,6,9
18061580,11,8,4,10,5
18061581,6,8,7,2,11
18061582,1,4,10,3,8
18061583,3,2,11,6,5
18061584,10,5,9,1,3
18061585,5,11,10,3,1
18061586,9,1,5,7,3
18061587,1,2,10,4,6
18061588,3,9,11,8,7
18061589,2,11,7,6,5
18061590,8,11,4,3,10
18061601,9,1,5,3,10
18061602,5,3,7,2,8
18061603,9,8,3,5,10
18061604,1,2,5,6,4
18061605,4,7,11,9,6
18061606,3,1,6,9,11
18061607,3,8,6,7,5
18061608,8,6,11,4,3
18061609,5,4,2,10,1
18061610,7,10,2,11,1
18061611,1,10,3,5,4
18061612,9,3,11,6,8
18061613,7,3,11,9,1
18061614,4,5,7,8,2
18061615,10,4,2,9,11
18061616,8,1,3,11,6
18061617,2,3,1,7,11
18061618,6,8,3,5,2
18061619,6,5,3,11,9
18061620,11,7,1,10,5
18061621,7,8,10,6,11
18061622,7,11,3,10,1
18061623,5,8,1,7,9
18061624,7,1,4,3,9
18061625,4,8,3,9,6
18061626,3,10,11,9,5
18061627,5,11,2,4,6
18061628,4,1,8,3,6
18061629,3,8,4,2,11
18061630,4,3,10,9,6
18061631,1,2,5,4,3
18061632,6,8,9,7,3
18061633,1,11,9,8,5
18061634,8,2,4,3,1
18061635,6,3,4,1,7
18061636,3,7,4,1,5
18061637,1,5,7,9,4
18061638,5,3,10,4,9
18061639,9,2,3,8,1
18061640,7,6,3,8,5
18061641,8,2,5,6,10
18061642,9,8,4,3,5
18061643,4,2,1,9,3
18061644,9,3,8,2,6
18061645,1,3,11,5,10
18061646,6,7,5,11,8
18061647,6,5,9,2,10
18061648,6,10,7,9,4
18061649,2,8,3,4,10
18061650,6,10,7,5,11
18061651,8,3,1,9,4
18061652,3,7,9,10,4
18061653,3,10,11,1,8
18061654,11,5,8,2,7
18061655,11,8,1,7,5
18061656,7,9,3,11,10
18061657,9,1,2,8,4
18061658,6,1,4,11,3
18061659,4,2,3,11,6
18061660,7,1,4,5,8
18061661,7,3,10,8,5
18061662,2,5,8,6,4
18061663,10,4,3,11,2
18061664,2,5,3,6,1
18061665,6,7,3,4,8
18061666,2,11,5,1,9
18061667,1,9,6,7,8
18061668,6,10,1,5,2
18061669,8,1,9,2,11
18061670,4,7,3,6,10
18061671,2,9,7,1,10
18061672,8,7,10,3,1
18061673,4,10,11,1,6
18061674,8,1,5,7,2
18061675,11,1,4,5,7
18061676,3,6,10,9,7
18061677,3,8,2,10,5
18061678,1,4,8,11,7
18061679,4,3,2,9,7
18061680,3,8,5,11,7
18061681,9,3,8,2,7
18061682,8,5,9,3,7
18061683,3,4,2,1,10
18061684,8,4,10,1,9
18061685,10,4,6,2,9
18061686,2,10,5,6,11
18061687,6,10,4,9,2
18061688,10,1,7,5,3
18061689,11,7,5,4,6
18061690,8,10,2,5,11
18061701,6,11,8,3,10
18061702,2,10,4,7,11
18061703,8,9,10,6,3
18061704,6,10,5,1,7
18061705,7,9,6,10,1
18061706,2,7,8,4,3
18061707,8,10,2,5,4
18061708,11,8,6,10,4
18061709,7,11,10,4,9
18061710,6,3,5,4,2
18061711,8,4,10,9,7
18061712,6,1,3,11,7
18061713,7,4,3,6,9
18061714,5,10,1,2,8
18061715,3,5,4,7,8
18061716,8,7,5,11,6
18061717,3,8,7,10,4
18061718,10,5,9,6,7
18061719,8,11,7,9,1
18061720,8,9,5,3,4
18061721,6,7,1,3,2
18061722,1,11,4,9,8
18061723,10,8,5,6,11
18061724,2,7,9,3,10
18061725,2,11,6,4,3
18061726,11,9,2,10,8
18061727,8,7,4,11,2
18061728,1,10,8,4,6
18061729,8,10,11,4,2
18061730,7,3,8,5,1
18061731,6,2,1,4,7
18061732,2,11,6,10,3
18061733,3,11,4,5,6
18061734,10,9,8,11,3
18061735,4,3,7,5,10
18061736,5,8,4,7,6
18061737,1,10,2,6,4
18061738,3,7,9,1,6
18061739,3,7,5,9,1
18061740,5,10,11,1,6
18061741,8,1,6,10,11
18061742,11,9,5,4,8
18061743,10,2,3,1,9
18061744,8,3,2,10,1
18061745,2,10,5,3,9
18061746,6,8,2,4,3
18061747,6,11,2,9,10
18061748,1,2,3,5,7
18061749,7,5,3,9,11
18061750,8,11,9,6,4
18061751,6,3,10,11,4
18061752,2,9,4,6,11
18061753,8,10,5,9,1
18061754,11,9,8,2,3
18061755,6,1,11,9,3
18061756,10,8,1,4,2
18061757,7,10,5,2,9
18061758,9,6,3,5,8
18061759,8,3,1,2,5
18061760,9,10,2,6,8
18061761,11,1,3,2,6
18061762,4,3,11,8,5
18061763,5,9,1,8,10
18061764,4,11,9,5,2
18061765,3,9,2,4,11
18061766,6,1,10,7,9
18061767,6,7,4,2,5
18061768,3,10,11,6,1
18061769,3,8,9,7,4
18061770,9,5,2,6,8
18061771,6,8,9,11,7
18061772,6,5,1,3,10
18061773,3,11,6,7,2
18061774,8,3,6,5,4
18061775,10,4,6,7,2
18061776,1,2,8,4,6
18061777,7,11,3,10,2
18061778,6,5,2,1,3
18061779,3,9,4,8,1
18061780,9,6,11,1,10
18061781,2,3,1,11,10
18061782,8,6,4,3,10
18061783,7,2,5,9,10
18061784,11,3,4,10,7
18061785,3,7,10,2,5
18061786,11,5,1,2,3
18061787,2,6,10,8,4
18061788,11,7,2,4,3
18061789,5,9,2,3,6
18061790,8,2,3,1,9
18061801,7,10,9,2,3
18061802,10,2,1,5,6
18061803,2,6,4,1,5
18061804,9,1,5,10,8
18061805,11,5,8,10,4
18061806,3,10,1,4,9
18061807,7,1,6,11,8
18061808,11,1,7,2,4
18061809,4,10,5,2,11
18061810,4,5,10,8,3
18061811,1,11,9,6,8
18061812,9,3,8,5,7
18061813,2,11,3,1,8
18061814,6,10,4,1,2
18061815,7,5,8,1,10
18061816,2,7,9,11,5
18061817,11,10,3,7,4
18061818,8,7,10,6,3
18061819,1,10,5,9,3
18061820,1,4,5,6,9
18061821,2,8,4,5,1
18061822,8,2,4,11,5
18061823,3,9,4,7,11
18061824,10,7,1,9,8
18061825,3,1,9,5,8
18061826,8,2,9,6,7
18061827,1,8,2,6,5
18061828,11,8,6,1,4
18061829,5,3,11,4,6
18061830,5,10,9,2,7
18061831,3,6,5,11,4
18061832,7,4,2,9,6
18061833,1,9,11,4,10
18061834,11,2,1,6,7
18061835,1,2,9,8,10
18061836,11,5,6,3,7
18061837,11,4,10,5,3
18061838,1,3,4,2,11
18061839,4,5,9,1,2
18061840,6,5,4,3,8
18061841,4,10,2,9,5
18061842,10,5,6,8,11
18061843,10,11,7,3,2
18061844,7,11,6,3,5
18061845,9,4,8,11,7
18061846,1,6,3,10,8
18061847,2,7,10,1,9
18061848,3,11,5,9,8
18061849,3,9,6,1,5
18061850,2,3,7,10,11
18061851,10,5,9,1,3
18061852,10,3,1,5,7
18061853,8,3,1,4,9
18061854,2,1,7,4,9
18061855,3,6,11,7,2
18061856,6,1,3,5,2
18061857,4,5,2,3,8
18061858,10,9,3,1,5
18061859,4,10,5,11,1
18061860,11,4,7,1,2
18061861,2,6,3,1,7
18061862,7,2,8,9,1
18061863,8,1,6,7,3
18061864,10,2,5,11,3
18061865,4,1,5,3,8
18061866,11,5,8,1,2
18061867,2,8,10,5,3
18061868,10,11,3,5,2
18061869,4,9,6,2,8
18061870,8,4,6,10,2
18061871,2,3,5,8,4
18061872,10,9,1,8,7
18061873,10,5,3,1,11
18061874,7,8,3,6,10
18061875,4,7,3,11,5
18061876,5,2,3,10,8
18061877,9,6,7,3,8
18061878,1,10,4,5,3
18061879,1,4,8,5,10
18061880,4,8,10,7,5
18061881,11,3,10,7,1
18061882,5,11,10,1,4
18061883,6,11,8,4,1
18061884,1,10,3,11,4
18061885,1,5,7,10,4
18061886,1,6,4,5,9
18061887,10,8,9,6,11
18061888,6,3,2,11,8
18061889,10,3,9,2,4
18061890,3,9,6,4,2
18061901,8,7,1,5,6
18061902,1,4,5,11,2
18061903,3,8,5,11,2
18061904,5,3,1,2,9
18061905,4,2,5,10,11
18061906,10,7,5,6,8
18061907,2,4,10,9,6
18061908,4,7,2,5,8
18061909,8,1,11,4,5
18061910,10,2,6,3,7
18061911,3,2,8,6,1
18061912,3,9,6,4,8
18061913,5,10,8,9,1
18061914,7,8,9,4,10
18061915,11,5,4,7,1
18061916,11,8,3,6,7
18061917,7,5,11,3,8
18061918,7,3,1,9,4
18061919,1,4,11,7,6
18061920,2,9,8,1,10
18061921,6,8,11,3,5
18061922,9,4,2,3,11
18061923,1,8,6,10,3
18061924,11,6,4,9,1
18061925,6,7,2,5,4
18061926,3,5,2,10,1
18061927,7,9,4,3,8
18061928,2,3,10,6,9
18061929,4,11,9,8,7
18061930,4,9,10,1,5
18061931,10,11,1,7,2
18061932,2,1,5,3,9
18061933,2,7,8,10,1
18061934,5,9,7,4,2
18061935,1,5,6,7,2
18061936,3,7,11,8,2
18061937,5,8,1,11,9
18061938,4,5,11,1,8
18061939,6,1,8,9,2
18061940,10,2,7,1,4
18061941,8,7,1,3,4
18061942,5,1,4,2,11
18061943,9,5,8,6,7
18061944,4,8,11,3,10
18061945,9,4,3,5,1
18061946,7,1,10,2,4
18061947,9,7,5,4,1
18061948,7,11,1,3,9
18061949,2,1,8,6,3
18061950,6,9,4,11,1
18061951,6,4,10,9,11
18061952,3,9,10,8,5
18061953,5,4,1,3,7
18061954,2,7,9,5,1
18061955,8,9,5,6,1
18061956,11,9,1,5,7
18061957,1,2,4,3,10
18061958,7,2,4,1,9
18061959,7,8,11,3,1
18061960,10,11,2,8,4
18061961,5,2,8,9,6
18061962,2,9,6,8,5
18061963,11,3,9,6,7
18061964,5,1,6,9,3
18061965,3,8,10,4,5
18061966,10,3,2,8,4
18061967,10,11,4,6,2
18061968,4,1,9,2,7
18061969,7,10,4,8,6
18061970,2,10,3,7,1
18061971,2,9,11,5,10
18061972,6,1,2,11,4
18061973,11,2,7,4,3
18061974,6,7,11,8,2
18061975,6,9,2,4,5
18061976,3,1,2,7,5
18061977,3,10,6,2,11
18061978,1,9,6,3,11
18061979,11,6,9,10,3
18061980,6,8,1,5,4
18061981,7,11,3,2,1
18061982,3,11,6,7,5
18061983,10,6,1,5,7
18061984,10,8,4,2,5
18061985,11,2,4,9,10
18061986,7,10,8,11,6
18061987,5,3,10,6,4
18061988,2,11,8,10,4
18061989,9,11,4,1,2
18061990,9,2,1,11,7
18062001,10,5,7,6,3
18062002,8,3,10,6,9
18062003,2,3,4,7,9
18062004,9,4,8,11,3
18062005,10,3,6,4,7
18062006,10,1,3,11,6
18062007,6,7,10,8,1
18062008,9,4,6,7,11
18062009,7,2,1,6,3
18062010,5,7,1,6,9
18062011,1,4,6,10,11
18062012,8,10,9,7,6
18062013,4,10,9,5,6
18062014,3,1,5,9,11
18062015,3,2,5,9,8
18062016,8,6,3,5,9
18062017,11,9,3,6,2
18062018,9,5,8,4,6
18062019,4,7,9,3,11
18062020,10,3,9,4,7
18062021,8,11,6,9,10
18062022,3,8,4,10,6
18062023,7,5,10,9,4
18062024,4,8,7,1,11
18062025,3,5,8,9,1
18062026,3,5,6,10,11
18062027,2,8,4,11,10
18062028,11,6,8,5,4
18062029,3,7,6,5,8
18062030,1,3,10,7,8
18062031,5,3,2,4,11
18062032,8,2,11,7,4
18062033,4,6,5,11,8
18062034,3,10,9,11,1
18062035,10,7,11,6,1
18062036,6,2,7,1,5
18062037,1,7,4,9,8
18062038,9,2,10,6,4
18062039,11,10,4,2,3
18062040,11,5,8,1,3
18062041,2,1,5,3,7
18062042,4,7,11,9,2
18062043,5,9,4,10,11
18062044,10,2,9,4,11
18062045,2,1,10,11,4
18062046,1,5,11,6,7
18062047,3,8,6,5,10
18062048,3,4,11,10,1
18062049,4,1,3,8,9
18062050,1,5,6,4,7
18062051,9,3,4,6,10
18062052,2,1,10,6,7
18062053,6,10,7,11,8
18062054,3,5,7,4,2
18062055,7,10,8,5,11
18062056,10,4,9,3,6
18062057,6,3,1,4,2
18062058,10,3,8,6,9
18062059,9,7,11,2,1
18062060,2,4,10,7,1
18062061,3,10,4,2,9
18062062,8,7,6,3,11
18062063,9,8,5,11,2
18062064,10,6,9,11,5
18062065,8,7,4,5,10
18062066,8,10,9,2,1
18062067,2,11,3,9,1
18062068,11,8,7,4,3
18062069,6,3,11,2,10
18062070,11,4,7,5,3
18062071,5,10,1,6,8
18062072,6,10,11,3,5
18062073,6,1,9,7,11
18062074,1,7,6,11,8
18062075,8,11,3,2,4
18062076,4,2,7,9,6
18062077,8,9,6,4,5
18062078,2,1,7,8,9
18062079,4,5,11,7,2
18062080,10,3,7,4,1
18062081,9,6,2,11,5
18062082,6,3,10,11,7
18062083,10,11,6,5,1
18062084,2,6,10,3,4
18062085,8,7,2,1,9
18062086,7,4,2,1,5
18062087,11,8,10,9,5
18062088,9,3,7,1,8
18062089,2,7,10,1,8
18062090,6,7,11,9,4
18062101,5,9,8,4,10
18062102,2,11,3,5,1
18062103,1,4,6,3,11
18062104,7,8,9,3,4
18062105,8,1,7,3,5
18062106,11,10,4,3,1
18062107,3,7,11,2,8
18062108,4,6,7,3,11
18062109,8,3,9,6,5
18062110,10,3,8,2,1
18062111,8,2,1,3,6
18062112,9,11,3,8,4
18062113,11,3,8,6,9
18062114,4,1,11,7,6
18062115,2,3,11,7,4
18062116,2,5,11,4,6
18062117,9,6,10,3,4
18062118,11,4,7,2,3
18062119,4,2,10,3,6
18062120,8,11,4,1,3
18062121,8,4,6,3,7
18062122,8,1,11,2,6
18062123,6,5,1,7,11
18062124,4,11,2,5,10
18062125,11,10,9,6,3
18062126,3,1,4,10,7
18062127,7,10,4,11,9
18062128,8,2,5,10,4
18062129,9,1,4,10,5
18062130,1,10,9,7,4
18062131,5,11,4,1,10
18062132,8,11,3,5,4
18062133,11,5,10,6,7
18062134,3,7,10,2,1
18062135,3,5,6,2,10
18062136,8,9,11,3,5
18062137,4,5,7,10,1
18062138,8,7,5,11,10
18062139,4,8,2,1,6
18062140,1,6,11,7,5
18062141,5,6,10,4,9
18062142,1,3,10,6,7
18062143,6,7,8,11,4
18062144,6,11,5,10,4
18062145,10,2,11,9,3
18062146,1,4,10,2,3
18062147,6,8,5,2,3
18062148,11,5,3,6,2
18062149,8,3,9,5,10
18062150,7,4,11,1,8
18062151,3,4,9,7,6
18062152,10,7,1,3,2
18062153,8,4,7,11,3
18062154,5,9,3,2,6
18062155,8,3,5,6,10
18062156,8,10,3,2,4
18062157,8,2,5,6,4
18062158,1,9,7,4,8
18062159,10,1,5,11,4
18062160,10,7,3,5,9
18062161,5,1,9,10,2
18062162,4,6,11,10,1
18062163,8,6,9,3,4
18062164,5,4,7,9,3
18062165,3,10,11,9,2
18062166,3,11,7,8,4
18062167,6,8,7,11,4
18062168,8,3,6,10,11
18062169,11,3,7,5,9
18062170,1,6,7,9,5
18062171,5,8,10,7,4
18062172,1,11,10,4,9
18062173,10,6,5,3,2
18062174,6,4,1,5,3
18062175,6,11,1,2,5
18062176,9,1,3,7,2
18062177,10,4,3,7,5
18062178,5,6,7,10,11
18062179,4,7,2,3,8
18062180,10,8,11,7,9
18062181,2,1,9,6,7
18062182,7,4,3,6,9
18062183,8,11,5,4,9
18062184,10,2,11,4,7
18062185,6,10,2,9,11
18062186,6,7,11,10,8
18062187,1,4,11,2,10
18062188,1,6,4,2,7
18062189,3,2,1,8,4
18062190,8,2,6,7,3
18062201,10,1,6,11,9
18062202,1,10,4,8,6
18062203,2,10,11,6,9
18062204,7,8,1,5,10
18062205,11,6,5,4,10
18062206,1,8,6,3,4
18062207,11,7,3,9,5
18062208,6,5,10,1,11
18062209,11,7,2,5,9
18062210,4,2,5,9,11
18062211,7,6,3,4,8
18062212,3,11,10,7,9
18062213,2,7,1,6,10
18062214,5,7,10,9,8
18062215,5,8,1,4,2
18062216,5,1,7,8,6
18062217,10,9,6,1,7
18062218,6,5,4,8,9
18062219,10,3,6,9,2
18062220,9,5,3,4,7
18062221,4,2,3,6,1
18062222,9,10,7,6,11
18062223,2,3,4,11,6
18062224,1,8,2,10,6
18062225,6,8,9,10,2
18062226,4,7,8,6,9
18062227,1,7,5,10,11
18062228,2,3,6,9,4
18062229,9,2,11,4,6
18062230,4,6,8,9,1
18062231,4,11,6,10,5
18062232,7,11,5,9,8
18062233,5,1,2,3,7
18062234,6,7,9,5,10
18062235,2,3,4,6,9
18062236,10,6,7,5,3
18062237,7,11,10,3,5
18062238,8,6,1,9,2
18062239,5,9,11,7,10
18062240,2,8,11,10,5
18062241,9,5,4,6,7
18062242,3,10,2,1,7
18062243,6,7,9,10,1
18062244,7,8,4,9,11
18062245,8,7,10,4,11
18062246,1,5,4,11,8
18062247,2,3,11,8,5
18062248,9,3,8,1,5
18062249,10,9,4,7,2
18062250,2,9,7,4,3
18062251,1,5,7,3,9
18062252,6,11,3,9,10
18062253,7,6,10,3,4
18062254,9,6,5,4,1
18062255,6,7,2,1,11
18062256,9,8,11,1,3
18062257,4,5,7,2,10
18062258,9,1,8,5,3
18062259,3,5,2,6,7
18062260,11,9,3,2,1
18062261,4,6,9,7,10
18062262,9,5,6,3,10
18062263,6,3,4,11,2
18062264,2,6,9,7,1
18062265,4,9,10,11,2
18062266,4,8,3,1,2
18062267,9,4,1,11,10
18062268,5,4,9,11,1
18062269,3,2,7,6,5
18062270,11,2,3,8,7
18062271,7,2,5,9,6
18062272,6,8,10,5,4
18062273,3,2,7,9,8
18062274,4,3,1,10,8
18062275,7,9,1,6,4
18062276,6,3,7,4,1
18062277,4,11,6,2,3
18062278,7,8,10,1,11
18062279,2,7,3,10,1
18062280,11,4,10,6,9
18062281,11,10,7,3,1
18062282,2,3,9,4,11
18062283,8,1,11,7,10
18062284,6,9,2,8,10
18062285,3,5,9,7,6
18062286,10,1,8,11,2
18062287,2,10,11,9,4
18062288,7,4,6,8,9
18062289,2,9,1,7,4
18062290,5,10,2,6,7
18062301,6,7,4,2,1
18062302,6,3,11,9,7
18062303,2,9,7,11,8
18062304,5,7,10,8,3
18062305,8,5,3,2,11
18062306,6,1,11,7,3
18062307,7,1,5,8,10
18062308,10,1,2,4,5
18062309,4,6,5,11,2
18062310,5,4,9,6,10
18062311,8,1,3,6,11
18062312,3,10,7,2,1
18062313,6,1,4,8,2
18062314,2,3,8,9,7
18062315,8,9,7,6,1
18062316,1,11,10,2,4
18062317,2,5,11,7,10
18062318,6,4,7,2,10
18062319,8,5,6,2,7
18062320,10,4,5,2,7
18062321,4,6,11,9,7
18062322,5,6,8,11,4
18062323,2,5,11,9,1
18062324,9,7,2,4,3
18062325,4,3,11,10,9
18062326,1,5,3,2,6
18062327,8,7,4,6,5
18062328,7,11,2,6,10
18062329,9,8,2,1,6
18062330,5,3,2,7,8
18062331,11,5,6,7,10
18062332,2,1,10,11,9
18062333,10,5,3,6,7
18062334,10,4,5,6,9
18062335,10,5,2,9,1
18062336,5,3,4,10,1
18062337,8,11,4,2,3
18062338,2,1,7,9,6
18062339,6,1,7,4,5
18062340,11,1,4,9,2
18062341,1,10,11,2,5
18062342,3,10,7,11,2
18062343,11,6,2,7,10
18062344,7,10,3,5,4
18062345,2,4,9,5,11
18062346,5,7,1,10,4
18062347,11,7,4,9,8
18062348,10,5,1,8,11
18062349,8,6,7,11,4
18062350,7,1,8,5,3
18062351,1,8,10,9,7
18062352,6,9,8,4,7
18062353,8,4,10,9,11
18062354,4,5,8,3,1
18062355,1,9,7,11,5
18062356,10,1,2,6,4
18062357,4,1,7,2,8
18062358,9,11,3,1,8
18062359,3,10,9,4,6
18062360,9,4,11,7,8
18062361,9,6,11,2,3
18062362,8,6,7,10,9
18062363,11,4,5,3,6
18062364,4,6,2,3,7
18062365,11,7,2,5,3
18062366,6,2,3,5,9
18062367,4,8,7,2,10
18062368,8,1,3,11,4
18062369,4,8,3,6,1
18062370,3,4,11,7,5
18062371,4,2,11,10,9
18062372,9,1,8,2,6
18062373,9,7,5,8,11
18062374,10,1,5,7,11
18062375,5,7,3,9,10
18062376,4,5,1,11,6
18062377,8,2,6,5,7
18062378,4,8,7,5,1
18062379,8,1,2,9,11
18062380,7,6,3,4,5
18062381,4,5,10,1,6
18062382,5,11,7,4,8
18062383,8,9,5,4,1
18062384,7,2,4,9,1
18062385,3,6,5,11,4
18062386,7,11,3,10,4
18062387,1,5,6,3,2
18062388,4,6,2,8,11
18062389,10,3,7,1,6
18062390,2,1,10,7,6
18062401,9,5,11,7,10
18062402,4,5,2,8,6
18062403,11,2,5,4,8
18062404,5,8,10,9,7
18062405,6,10,5,3,7
18062406,11,2,6,8,4
18062407,1,11,3,9,10
18062408,6,5,1,4,11
18062409,5,4,9,10,8
18062410,11,8,2,7,1
18062411,5,10,9,8,2
18062412,11,3,9,5,4
18062413,6,4,11,5,2
18062414,9,2,3,6,10
18062415,3,7,4,8,6
18062416,6,2,1,7,9
18062417,11,9,1,6,10
18062418,2,6,3,5,4
18062419,4,11,5,7,6
18062420,1,4,7,6,2
18062421,9,8,1,5,10
18062422,3,10,6,8,5
18062423,6,8,3,11,1
18062424,4,1,10,5,11
18062425,7,1,9,8,3
18062426,10,6,7,8,11
18062427,7,1,10,4,5
18062428,5,8,10,9,1
18062429,9,10,8,7,1
18062430,10,2,7,4,1
18062431,10,11,6,4,8
18062432,9,4,3,10,11
18062433,11,9,1,6,5
18062434,8,6,3,2,9
18062435,11,8,2,4,1
18062436,9,10,11,5,4
18062437,8,9,3,4,7
18062438,10,5,4,6,11
18062439,7,10,6,3,4
18062440,3,1,6,10,7
18062441,3,10,11,6,5
18062442,9,3,4,2,1
18062443,10,5,1,9,11
18062444,10,7,5,9,11
18062445,10,1,3,9,11
18062446,6,1,9,7,11
18062447,3,1,9,6,11
18062448,1,7,4,8,9
18062449,5,7,9,8,3
18062450,7,8,6,3,1
18062451,9,6,4,3,8
18062452,6,4,11,7,5
18062453,10,1,4,9,6
18062454,11,10,9,6,7
18062455,3,4,10,1,11
18062456,7,10,8,3,11
18062457,8,5,2,10,6
18062458,8,7,3,10,4
18062459,11,5,9,2,1
18062460,2,10,5,7,8
18062461,4,10,9,5,7
18062462,4,6,10,3,8
18062463,6,11,7,1,8
18062464,1,8,6,10,2
18062465,1,7,3,11,6
18062466,10,1,5,8,7
18062467,8,10,1,9,11
18062468,10,4,7,3,8
18062469,11,2,6,9,8
18062470,2,9,10,6,7
18062471,5,4,10,8,2
18062472,3,4,8,10,9
18062473,8,3,1,11,5
18062474,6,8,11,9,7
18062475,2,8,4,9,7
18062476,9,4,8,6,10
18062477,6,9,7,11,8
18062478,9,11,2,4,8
18062479,5,8,11,6,4
18062480,6,11,2,9,4
18062481,11,4,8,1,5
18062482,11,2,10,4,1
18062483,11,8,2,5,4
18062484,3,10,1,6,7
18062485,3,4,5,7,1
18062486,5,1,11,10,7
18062487,10,7,11,4,5
18062488,3,1,5,10,8
18062489,2,7,9,11,4
18062490,11,7,5,6,4
18062501,5,11,2,6,10
18062502,7,11,10,4,3
18062503,3,2,8,7,4
18062504,5,10,3,6,8
18062505,8,1,6,9,2
18062506,1,2,11,7,5
18062507,9,5,3,10,2
18062508,10,4,2,1,11
18062509,11,8,4,1,10
18062510,6,3,1,8,11
18062511,2,11,8,5,6
18062512,2,4,6,3,11
18062513,4,6,2,7,9
18062514,6,2,4,1,9
18062515,11,8,7,1,4
18062516,10,8,4,6,7
18062517,10,5,1,7,3
18062518,11,10,7,2,4
18062519,3,5,8,10,11
18062520,3,2,4,5,11
18062521,4,7,8,3,2
18062522,11,8,10,3,6
18062523,2,1,3,9,5
18062524,9,1,6,5,4
18062525,3,2,6,1,4
18062526,7,3,11,10,8
18062527,6,5,3,9,2
18062528,9,7,11,10,8
18062529,7,9,6,8,2
18062530,1,4,9,11,2
18062531,7,8,5,9,2
18062532,3,8,5,7,6
18062533,7,11,1,4,8
18062534,8,4,3,5,11
18062535,8,4,6,3,7
18062536,11,7,4,8,5
18062537,5,7,4,6,11
18062538,5,1,4,11,3
18062539,1,7,2,11,8
18062540,7,5,1,8,10
18062541,8,11,3,9,5
18062542,2,1,8,7,5
18062543,4,1,5,10,7
18062544,4,1,5,6,3
18062545,1,6,10,8,9
18062546,10,4,7,5,8
18062547,5,11,2,6,10
18062548,9,11,7,4,5
18062549,6,1,5,10,4
18062550,11,2,10,1,5
18062551,8,4,1,11,6
18062552,9,1,3,10,5
18062553,1,9,8,2,7
18062554,8,5,7,2,10
18062555,10,5,8,11,6
18062556,3,8,10,2,1
18062557,10,4,6,5,3
18062558,3,5,6,1,4
18062559,8,5,9,6,2
18062560,11,7,9,8,2
18062561,7,2,6,8,5
18062562,8,1,10,7,6
18062563,10,4,2,6,5
18062564,7,1,2,8,11
18062565,8,2,5,1,10
18062566,1,10,4,11,6
18062567,8,9,2,10,1
18062568,4,3,1,5,7
18062569,8,3,2,11,5
18062570,8,7,4,6,2
18062571,6,4,3,9,1
18062572,4,5,9,2,11
18062573,1,6,2,7,3
18062574,4,5,10,9,1
18062575,3,6,5,11,10
18062576,9,5,2,1,8
18062577,7,6,11,3,4
18062578,4,11,10,9,2
18062579,5,4,6,7,11
18062580,11,1,4,8,7
18062581,6,9,4,2,5
18062582,7,3,8,6,9
18062583,4,10,1,3,5
18062584,5,7,4,9,1
18062585,3,6,2,9,7
18062586,10,3,7,6,2
18062587,4,7,2,11,3
18062588,2,6,3,1,9
18062589,1,3,10,2,8
18062590,6,11,2,7,9
18062601,5,1,10,7,8
18062602,2,11,4,7,5
18062603,10,11,9,2,3
18062604,10,5,9,6,2
18062605,5,8,4,11,10
18062606,2,9,8,3,11
18062607,7,10,6,8,4
18062608,4,10,7,3,9
18062609,1,6,11,8,2
18062610,10,11,7,5,9
18062611,8,3,9,11,4
18062612,4,9,8,5,6
18062613,11,5,3,4,2
18062614,1,9,7,8,10
18062615,6,9,1,11,3
18062616,9,8,11,1,10
18062617,1,8,10,5,6
18062618,2,4,10,3,9
18062619,10,7,6,9,3
18062620,7,1,2,6,8
18062621,11,1,4,9,3
18062622,5,4,3,11,2
18062623,2,6,1,5,8
18062624,2,8,4,6,9
18062625,6,3,11,4,7
18062626,1,2,11,6,8
18062627,9,5,8,3,6
18062628,5,4,10,11,2
18062629,1,4,2,10,7
18062630,7,10,8,1,4
18062631,7,5,6,8,9
18062632,5,4,7,6,8
18062633,5,7,10,6,9
18062634,6,10,7,4,1
18062635,11,2,7,4,5
18062636,8,6,9,1,7
18062637,10,9,7,8,1
18062638,9,2,3,8,4
18062639,1,10,6,2,3
18062640,2,3,9,7,6
18062641,11,8,5,9,10
18062642,9,10,6,11,5
18062643,11,4,1,10,9
18062644,1,10,4,8,11
18062645,2,1,5,11,8
18062646,11,6,7,5,3
18062647,8,1,5,7,10
18062648,6,10,7,5,2
18062649,1,5,6,7,3
18062650,8,1,10,9,11
18062651,10,3,8,1,11
18062652,5,4,6,1,2
18062653,10,1,8,5,4
18062654,4,6,7,2,9
18062655,4,7,5,9,3
18062656,11,8,9,4,6
18062657,6,7,10,2,8
18062658,2,1,3,11,5
18062659,2,6,1,4,8
18062660,2,8,11,9,4
18062661,8,11,3,10,7
18062662,9,8,3,2,11
18062663,10,6,11,4,3
18062664,8,5,9,2,1
18062665,5,8,3,1,2
18062666,1,8,6,3,10
18062667,9,10,1,3,5
18062668,8,7,10,5,3
18062669,9,2,3,4,11
18062670,8,11,5,2,4
18062671,5,4,1,11,6
18062672,1,3,10,2,5
18062673,9,10,2,3,7
18062674,5,3,11,7,1
18062675,10,8,4,2,3
18062676,8,5,9,6,2
18062677,3,7,10,6,1
18062678,1,5,8,2,11
18062679,11,8,6,7,3
18062680,1,4,11,6,8
18062681,4,1,10,3,11
18062682,3,4,10,2,1
18062683,5,9,3,4,7
18062684,3,8,6,2,10
18062685,7,2,1,10,6
18062686,9,11,2,10,5
18062687,8,3,10,9,2
18062688,4,5,1,6,3
18062689,11,9,10,5,3
18062690,6,10,5,2,8
18062701,2,5,8,1,9
18062702,9,4,1,3,10
18062703,4,8,2,9,1
18062704,2,9,11,10,5
18062705,10,3,11,7,5
18062706,1,9,11,6,2
18062707,1,5,2,4,7
18062708,10,7,2,8,5
18062709,1,7,8,6,2
18062710,1,10,8,6,9
18062711,2,11,5,10,6
18062712,3,11,2,1,8
18062713,11,4,7,1,3
18062714,7,9,2,4,3
18062715,10,6,1,9,8
18062716,4,8,1,6,9
18062717,7,8,6,4,9
18062718,5,9,10,8,11
18062719,5,9,4,11,3
18062720,6,8,10,7,2
18062721,3,10,2,1,9
18062722,10,6,3,4,7
18062723,2,6,5,8,4
18062724,7,11,1,9,5
18062725,9,7,6,1,2
18062726,11,10,6,5,9
18062727,11,5,9,6,1
18062728,3,9,11,1,4
18062729,3,2,5,1,8
18062730,3,1,10,11,7
18062731,7,5,11,4,9
18062732,2,9,1,4,5
18062733,11,8,1,5,4
18062734,10,4,2,1,5
18062735,8,4,10,3,1
18062736,2,7,3,10,5
18062737,4,5,10,7,2
18062738,9,2,1,10,7
18062739,8,11,4,7,3
18062740,3,6,5,8,1
18062741,4,1,3,10,7
18062742,9,8,2,4,7
18062743,8,3,5,9,10
18062744,6,8,7,3,11
18062745,10,1,2,9,5
18062746,2,6,9,4,11
18062747,10,6,8,4,7
18062748,6,3,8,2,5
18062749,2,9,8,4,6
18062750,6,11,7,10,1
18062751,3,8,9,1,7
18062752,3,11,8,4,6
18062753,1,5,6,11,8
18062754,6,1,3,9,11
18062755,1,7,11,5,10
18062756,3,10,8,4,9
18062757,7,11,6,4,2
18062758,7,4,10,8,1
18062759,6,5,4,3,1
18062760,9,11,2,8,5
18062761,9,11,4,8,7
18062762,11,10,3,8,5
18062763,9,2,4,11,5
18062764,6,9,5,1,8
18062765,3,4,9,7,5
18062766,7,3,9,10,1
18062767,10,8,4,6,2
18062768,5,6,9,10,1
18062769,4,7,11,5,3
18062770,7,9,8,10,6
18062771,1,10,6,11,2
18062772,7,3,1,11,9
18062773,9,3,11,2,7
18062774,10,11,6,4,1
18062775,7,6,5,1,9
18062776,1,2,8,3,7
18062777,4,2,1,9,7
18062778,2,4,3,9,5
18062779,3,9,6,5,11
18062780,3,1,10,5,2
18062781,9,11,5,2,7
18062782,2,1,7,10,9
18062783,8,6,9,10,11
18062784,3,7,9,2,5
18062785,10,3,4,6,8
18062786,10,8,3,9,7
18062787,8,11,4,9,6
18062788,3,7,2,9,6
18062789,8,10,7,3,2
18062790,10,5,8,7,11
18062801,10,2,6,11,7
18062802,3,6,9,11,1
18062803,5,9,10,3,8
18062804,7,11,6,3,2
18062805,10,5,4,1,2
18062806,3,1,7,5,8
18062807,8,10,1,2,5
18062808,1,5,8,9,11
18062809,6,2,4,11,8
18062810,2,5,1,8,7
18062811,3,6,7,5,10
18062812,7,6,3,4,9
18062813,2,10,6,5,9
18062814,3,5,8,11,10
18062815,7,8,4,6,9
18062816,1,4,11,7,6
18062817,4,10,8,11,3
18062818,7,5,1,3,4
18062819,3,7,1,10,8
18062820,9,3,4,10,5
18062821,4,7,3,11,10
18062822,10,11,7,5,2
18062823,9,10,8,6,4
18062824,2,10,1,7,11
18062825,2,10,11,5,4
18062826,7,2,6,11,8
18062827,9,2,8,10,1
18062828,7,3,11,2,6
18062829,7,10,2,11,6
18062830,2,6,1,3,8
18062831,5,8,9,3,6
18062832,9,11,7,3,10
18062833,4,9,6,5,8
18062834,5,4,9,8,7
18062835,1,8,6,10,5
18062836,1,4,11,7,10
18062837,1,3,9,4,6
18062838,7,6,3,9,10
18062839,11,2,7,4,3
18062840,7,1,11,4,5
18062841,10,1,4,2,5
18062842,11,6,8,9,4
18062843,9,6,5,7,11
18062844,8,2,10,9,3
18062845,10,3,4,9,5
18062846,2,6,1,4,7
18062847,7,6,1,9,10
18062848,9,1,7,3,8
18062849,6,5,2,9,1
18062850,6,9,5,2,8
18062851,4,2,10,6,8
18062852,4,8,5,2,3
18062853,5,1,6,11,9
18062854,1,10,7,4,3
18062855,10,1,8,11,7
18062856,5,9,10,7,6
18062857,2,9,7,1,6
18062858,4,1,8,3,11
18062859,2,11,6,9,1
18062860,2,11,5,6,1
18062861,2,6,3,11,1
18062862,4,6,7,5,10
18062863,5,1,3,11,2
18062864,3,5,2,7,8
18062865,4,8,1,2,7
18062866,6,5,9,2,7
18062867,6,2,5,1,4
18062868,9,2,11,3,4
18062869,6,1,10,2,7
18062870,11,1,5,2,8
18062871,11,8,6,5,3
18062872,1,9,2,10,6
18062873,7,5,9,11,2
18062874,3,2,6,10,5
18062875,3,4,8,9,7
18062876,11,2,6,4,9
18062877,8,11,9,7,2
18062878,7,2,5,11,6
18062879,7,4,9,11,8
18062880,3,1,4,6,9
18062881,5,6,9,2,1
18062882,8,4,3,5,11
18062883,2,6,7,3,5
18062884,1,6,8,11,9
18062885,4,7,10,5,6
18062886,5,2,7,1,4
18062887,8,2,11,4,1
18062888,9,3,2,1,8
18062889,3,1,2,5,4
18062890,5,8,7,3,9
18062901,5,3,10,4,7
18062902,11,2,9,10,6
18062903,2,10,8,11,6
18062904,3,8,11,7,10
18062905,11,5,7,1,6
18062906,5,3,7,1,10
18062907,11,4,7,10,3
18062908,5,9,3,6,11
18062909,9,5,2,8,6
18062910,1,4,5,2,3
18062911,5,7,8,3,6
18062912,10,9,5,11,2
18062913,10,4,3,8,11
18062914,11,4,10,3,6
18062915,1,8,5,11,9
18062916,9,5,8,4,2
18062917,2,4,10,7,1
18062918,8,11,2,4,5
18062919,4,9,1,7,11
18062920,7,1,6,10,4
18062921,8,11,6,1,2
18062922,4,3,2,11,8
18062923,4,9,8,11,5
18062924,7,3,9,10,2
18062925,2,3,1,4,8
18062926,8,3,11,5,4
18062927,4,11,9,10,2
18062928,9,5,3,1,11
18062929,1,6,2,9,5
18062930,1,6,11,8,5
18062931,4,11,9,6,10
18062932,4,1,3,5,9
18062933,5,9,10,1,2
18062934,5,9,10,6,3
18062935,5,7,4,10,6
18062936,7,4,1,2,11
18062937,5,2,3,4,11
18062938,11,4,6,2,3
18062939,10,2,5,7,8
18062940,3,6,7,2,8
18062941,2,3,11,5,8
18062942,5,4,8,6,9
18062943,8,1,2,9,6
18062944,8,11,5,7,2
18062945,9,2,1,3,10
18062946,4,5,2,3,11
18062947,6,9,4,8,1
18062948,6,9,10,3,7
18062949,2,3,5,7,10
18062950,9,1,4,10,11
18062951,6,10,11,2,8
18062952,1,5,8,9,10
18062953,8,10,9,7,11
18062954,11,3,10,8,1
18062955,2,8,4,11,6
18062956,8,9,10,3,1
18062957,1,4,3,7,6
18062958,2,11,5,1,3
18062959,2,7,11,4,3
18062960,11,10,4,8,3
18062961,8,4,1,6,2
18062962,7,4,11,10,3
18062963,1,4,6,5,2
18062964,4,5,1,6,9
18062965,7,6,3,8,1
18062966,10,8,4,2,1
18062967,6,5,1,10,9
18062968,9,1,10,2,5
18062969,9,4,5,1,6
18062970,9,2,11,5,4
18062971,10,5,8,1,9
18062972,2,9,3,7,11
18062973,7,6,8,5,3
18062974,3,7,4,5,10
18062975,8,1,6,7,4
18062976,7,1,5,2,9
18062977,6,2,1,4,7
18062978,2,7,5,11,9
18062979,3,11,10,2,4
18062980,4,9,11,6,3
18062981,2,5,8,3,1
18062982,9,8,6,7,2
18062983,10,3,2,7,4
18062984,10,2,3,1,9
18062985,2,7,8,11,5
18062986,5,8,11,6,4
18062987,2,10,9,3,8
18062988,4,1,2,3,10
18062989,8,10,4,7,11
18062990,4,10,9,7,6
18063001,5,2,10,9,4
18063002,10,2,11,3,6
18063003,9,10,11,3,7
18063004,3,10,5,8,4
18063005,8,6,2,11,3
18063006,5,10,2,9,7
18063007,7,6,11,8,2
18063008,7,6,4,1,3
18063009,1,2,9,8,5
18063010,4,11,5,10,8
18063011,7,1,9,10,11
18063012,7,3,11,4,1
18063013,5,2,4,6,3
18063014,7,8,6,5,11
18063015,4,3,10,7,9
18063016,8,11,6,7,3
18063017,5,8,1,3,4
18063018,4,8,6,9,3
18063019,5,10,4,6,1
18063020,6,10,7,1,3
18063021,10,5,7,6,8
18063022,5,9,2,8,7
18063023,11,4,9,1,8
18063024,5,4,9,7,10
18063025,10,9,7,5,11
18063026,5,9,8,6,1
18063027,2,9,4,3,7
18063028,7,3,10,2,11
18063029,2,1,4,10,5
18063030,7,3,2,1,6
18063031,10,8,7,9,2
18063032,4,6,3,10,8
18063033,8,4,11,5,6
18063034,7,11,9,3,4
18063035,7,4,2,8,10
18063036,5,6,9,8,11
18063037,11,1,5,2,8
18063038,7,3,2,5,10
18063039,8,3,6,11,7
18063040,10,1,5,4,6
18063041,10,11,3,1,2
18063042,9,10,4,11,1
18063043,6,8,7,5,11
18063044,7,4,6,9,8
18063045,6,8,9,7,1
18063046,11,2,10,3,6
18063047,3,5,9,7,6
18063048,7,11,4,10,1
18063049,5,7,6,10,8
18063050,9,8,6,5,4
18063051,3,5,10,2,8
18063052,10,5,9,1,2
18063053,8,6,11,7,1
18063054,7,5,3,8,2
18063055,3,5,7,10,9
18063056,11,9,4,6,7
18063057,2,1,3,7,6
18063058,8,1,5,9,4
18063059,6,4,8,1,9
18063060,1,6,11,5,9
18063061,11,1,5,8,9
18063062,3,11,2,4,1
18063063,6,8,9,5,1
18063064,8,3,9,1,11
18063065,8,11,5,3,9
18063066,3,7,2,6,10
18063067,1,7,10,2,5
18063068,1,5,10,9,4
18063069,4,11,7,3,10
18063070,9,7,6,11,1
18063071,7,1,3,5,6
18063072,3,9,5,6,4
18063073,10,8,9,6,2
18063074,5,1,3,9,2
18063075,5,1,8,10,11
18063076,1,11,6,7,8
18063077,9,7,5,3,1
18063078,7,10,11,3,1
18063079,4,5,11,2,8
18063080,6,4,7,5,11
18063081,2,6,7,1,3
18063082,3,11,1,9,6
18063083,9,3,4,7,1
18063084,1,7,5,9,6
18063085,11,8,5,10,3
18063086,4,6,9,1,2
18063087,9,1,4,2,8
18063088,2,1,3,4,5
18063089,9,10,8,1,7
18063090,4,10,5,2,1
