19120101,5,11,3,7,4
19120102,2,11,5,8,1
19120103,1,6,7,9,5
19120104,1,7,5,3,8
19120105,8,10,9,7,3
19120106,9,7,5,4,10
19120107,2,10,5,3,8
19120108,11,3,8,7,2
19120109,1,2,8,11,9
19120110,9,5,11,2,7
19120111,6,2,7,9,1
19120112,10,3,8,9,5
19120113,8,2,11,9,1
19120114,2,5,9,6,8
19120115,7,1,9,5,11
19120116,2,9,3,5,1
19120117,3,9,2,11,7
19120118,7,11,4,3,10
19120119,6,10,5,3,4
19120120,1,3,7,10,9
19120121,8,2,5,11,7
19120122,8,6,9,1,4
19120123,4,11,10,5,6
19120124,1,11,3,4,8
19120125,11,9,2,10,7
19120126,1,10,9,6,2
19120127,4,1,2,3,6
19120128,7,5,9,10,6
19120129,11,6,9,3,2
19120130,4,6,5,10,8
19120131,8,1,2,4,11
19120132,5,11,9,7,4
19120133,3,5,6,1,10
19120134,8,10,6,4,11
19120135,2,5,9,8,6
19120136,2,5,10,9,6
