18100101,2,5,3,4,9
18100102,3,2,5,6,7
18100103,4,6,8,5,7
18100104,3,2,11,4,1
18100105,6,5,4,11,8
18100106,3,2,6,8,9
18100107,11,9,1,2,4
18100108,7,11,4,5,6
18100109,9,11,4,1,7
18100110,10,8,5,1,2
18100111,7,8,11,1,2
18100112,9,6,10,4,3
18100113,2,10,3,4,1
18100114,3,11,5,10,7
18100115,7,3,11,1,10
18100116,11,1,6,5,9
18100117,8,9,11,10,1
18100118,7,11,4,6,1
18100119,7,1,11,9,6
18100120,5,2,3,8,6
18100121,9,11,10,6,2
18100122,9,7,2,5,8
18100123,8,9,6,10,3
18100124,11,10,1,7,5
18100125,8,9,5,4,2
18100126,8,6,1,4,7
18100127,2,4,11,7,10
18100128,6,9,11,5,8
18100129,11,6,2,5,3
18100130,1,8,4,9,2
18100131,5,3,11,9,2
18100132,6,8,9,11,2
18100133,10,3,1,2,8
18100134,7,9,1,8,11
18100135,9,3,7,4,11
18100136,7,5,1,9,10
18100137,3,5,2,1,9
18100138,1,10,6,9,8
18100139,6,11,9,4,1
18100140,5,1,8,2,4
18100141,6,3,1,10,2
18100142,7,11,2,9,3
18100143,7,11,6,10,4
18100144,1,9,7,2,10
18100145,6,1,4,3,9
18100146,7,6,9,10,8
18100147,2,3,4,1,7
18100148,7,5,10,11,3
18100149,7,6,5,10,9
18100150,1,3,4,6,7
18100151,9,10,8,5,1
18100152,6,10,5,4,8
18100153,2,11,8,9,6
18100154,5,11,7,1,9
18100155,10,11,6,7,2
18100156,7,2,4,9,3
18100157,5,3,2,7,1
18100158,11,10,1,6,7
18100159,8,6,7,4,11
18100160,7,9,6,4,5
18100161,4,8,3,7,11
18100162,9,7,8,10,1
18100163,9,1,2,8,7
18100164,2,5,9,10,3
18100165,11,10,7,5,8
18100166,11,1,4,5,7
18100167,11,7,3,10,1
18100168,8,11,6,3,4
18100169,9,11,1,3,7
18100170,4,6,3,7,1
18100171,1,11,8,5,3
18100172,7,1,10,11,6
18100173,5,11,1,6,8
18100174,9,1,3,10,11
18100175,8,3,4,5,9
18100176,6,3,8,5,4
18100177,8,9,10,1,11
18100178,1,9,6,2,8
18100179,7,9,4,5,1
18100180,3,7,5,11,6
18100181,3,5,10,11,7
18100182,6,8,7,10,3
18100183,1,8,9,4,7
18100184,5,2,7,1,9
18100185,4,1,9,11,2
18100186,9,5,8,2,3
18100187,3,6,9,8,4
18100188,8,2,4,3,7
18100189,5,4,10,11,2
18100190,4,5,3,2,7
18100201,6,7,8,11,9
18100202,4,8,6,5,9
18100203,2,6,11,1,10
18100204,1,8,6,5,10
18100205,2,6,8,5,3
18100206,10,4,6,2,8
18100207,5,3,8,11,10
18100208,1,3,11,4,7
18100209,3,1,9,8,5
18100210,2,6,1,9,3
18100211,1,11,6,3,10
18100212,4,8,9,2,7
18100213,6,10,3,8,1
18100214,5,7,2,1,3
18100215,10,11,9,5,8
18100216,11,3,6,2,10
18100217,9,5,2,3,6
18100218,7,10,5,3,9
18100219,11,7,8,1,9
18100220,2,4,6,5,11
18100221,1,8,7,3,11
18100222,11,5,9,8,7
18100223,2,9,10,8,6
18100224,8,4,3,5,1
18100225,4,8,9,1,11
18100226,6,8,2,3,10
18100227,6,9,11,2,5
18100228,11,2,5,6,9
18100229,9,4,2,7,3
18100230,2,4,1,7,5
18100231,9,10,3,5,4
18100232,4,9,8,6,11
18100233,2,6,1,5,7
18100234,6,4,10,8,11
18100235,5,8,7,11,10
18100236,6,10,3,5,11
18100237,5,10,9,2,11
18100238,5,1,6,3,7
18100239,7,5,9,10,1
18100240,4,1,9,6,5
18100241,5,2,6,4,10
18100242,3,7,10,1,11
18100243,11,4,3,9,6
18100244,6,4,10,8,9
18100245,9,3,1,11,5
18100246,7,2,9,5,6
18100247,7,8,9,3,6
18100248,11,8,2,10,1
18100249,4,6,1,3,5
18100250,11,10,8,4,7
18100251,2,4,10,6,7
18100252,6,11,7,5,1
18100253,3,5,1,7,9
18100254,7,3,5,9,2
18100255,8,7,11,9,2
18100256,1,3,2,4,11
18100257,10,9,1,5,11
18100258,6,8,1,9,10
18100259,3,8,10,6,5
18100260,8,3,4,2,1
18100261,11,3,7,4,1
18100262,11,2,9,8,6
18100263,1,6,9,10,2
18100264,5,10,3,4,1
18100265,11,4,9,5,10
18100266,8,4,7,10,9
18100267,9,5,8,10,11
18100268,10,4,6,7,8
18100269,7,4,5,10,8
18100270,6,9,8,11,1
18100271,2,10,4,9,3
18100272,5,4,3,11,8
18100273,4,7,8,6,5
18100274,9,3,11,1,7
18100275,7,3,10,1,9
18100276,9,5,10,8,7
18100277,7,1,9,6,5
18100278,8,7,6,11,10
18100279,5,2,10,4,6
18100280,6,2,9,3,11
18100281,5,7,10,4,9
18100282,8,6,4,1,10
18100283,7,6,1,3,10
18100284,11,1,7,4,8
18100285,6,5,11,2,3
18100286,11,6,10,4,7
18100287,6,3,2,1,5
18100288,1,3,5,6,9
18100289,11,4,9,3,8
18100290,2,8,6,10,4
18100301,5,8,2,9,1
18100302,5,1,3,11,7
18100303,6,11,10,4,1
18100304,3,4,10,1,7
18100305,1,5,7,4,8
18100306,5,9,7,8,2
18100307,11,5,3,2,9
18100308,7,2,5,11,9
18100309,10,3,1,11,5
18100310,10,2,11,9,6
18100311,2,4,8,9,5
18100312,5,8,9,3,4
18100313,11,10,7,3,4
18100314,8,4,2,11,7
18100315,6,8,5,1,7
18100316,1,6,5,10,2
18100317,9,3,4,7,8
18100318,3,5,10,4,6
18100319,5,7,11,9,6
18100320,5,2,7,8,3
18100321,9,2,6,5,10
18100322,3,4,8,6,11
18100323,1,8,4,3,5
18100324,10,9,5,8,11
18100325,2,5,10,4,7
18100326,10,4,1,5,9
18100327,10,11,6,9,3
18100328,5,8,9,4,10
18100329,2,4,8,7,1
18100330,2,10,11,4,1
18100331,8,5,1,3,2
18100332,7,1,9,2,10
18100333,8,3,1,10,4
18100334,7,5,9,10,6
18100335,11,4,5,8,9
18100336,4,7,5,9,11
18100337,3,2,6,10,5
18100338,5,11,2,6,9
18100339,3,2,11,7,1
18100340,10,7,9,4,8
18100341,10,6,5,3,7
18100342,10,11,5,4,3
18100343,7,6,5,1,3
18100344,4,5,10,7,3
18100345,8,7,5,10,3
18100346,10,8,3,6,2
18100347,4,2,11,1,8
18100348,4,11,7,3,5
18100349,5,2,11,7,8
18100350,5,6,10,3,9
18100351,4,6,9,3,8
18100352,10,1,11,6,2
18100353,9,1,8,10,4
18100354,11,6,2,10,7
18100355,4,10,5,6,1
18100356,11,2,8,4,1
18100357,10,4,3,6,7
18100358,8,6,3,5,9
18100359,3,7,6,4,2
18100360,3,5,2,7,4
18100361,1,7,5,11,3
18100362,5,7,1,2,11
18100363,1,5,3,7,2
18100364,7,8,6,4,1
18100365,7,5,3,2,4
18100366,9,7,2,3,1
18100367,2,4,8,3,7
18100368,3,9,5,4,10
18100369,5,2,9,3,10
18100370,1,3,2,6,10
18100371,6,2,9,1,7
18100372,8,7,5,10,1
18100373,9,4,5,8,10
18100374,5,3,8,9,6
18100375,11,9,10,3,7
18100376,5,8,10,7,9
18100377,7,10,11,6,3
18100378,5,4,2,8,1
18100379,9,6,3,4,1
18100380,7,8,10,4,9
18100381,2,6,4,3,9
18100382,4,1,6,7,5
18100383,11,10,8,2,1
18100384,5,1,3,7,11
18100385,5,4,7,11,1
18100386,11,3,4,9,7
18100387,8,9,11,3,10
18100388,10,8,11,9,2
18100389,5,1,11,3,9
18100390,2,10,7,5,9
18100401,3,7,8,5,11
18100402,6,4,8,5,1
18100403,2,11,8,9,6
18100404,6,11,9,7,2
18100405,3,8,7,2,1
18100406,1,3,7,11,6
18100407,1,6,10,9,11
18100408,9,8,11,10,2
18100409,2,7,6,5,4
18100410,6,2,10,8,1
18100411,11,6,9,3,1
18100412,9,11,2,10,5
18100413,4,8,9,6,11
18100414,1,11,5,2,4
18100415,11,3,7,5,6
18100416,8,2,7,11,3
18100417,1,2,4,9,7
18100418,6,8,9,2,1
18100419,2,1,5,6,9
18100420,2,5,6,11,9
18100421,2,3,5,7,1
18100422,2,6,5,8,9
18100423,11,8,3,10,7
18100424,10,4,6,8,7
18100425,4,11,6,7,1
18100426,5,8,3,10,2
18100427,3,6,4,10,7
18100428,7,9,1,8,6
18100429,4,11,9,3,8
18100430,7,9,11,6,5
18100431,11,4,2,6,10
18100432,1,11,3,4,2
18100433,4,2,3,1,11
18100434,11,7,3,1,6
18100435,9,7,4,2,11
18100436,11,3,1,2,10
18100437,3,5,4,11,10
18100438,8,3,1,11,9
18100439,3,7,5,4,1
18100440,7,6,3,5,2
18100441,6,11,8,10,5
18100442,5,1,4,9,6
18100443,4,9,7,6,5
18100444,4,10,3,8,5
18100445,3,7,4,2,10
18100446,8,3,10,2,4
18100447,5,1,4,11,9
18100448,9,7,2,3,8
18100449,8,6,10,1,11
18100450,2,5,1,4,11
18100451,5,2,9,4,7
18100452,7,4,5,6,8
18100453,9,7,10,11,4
18100454,10,4,3,11,7
18100455,4,2,9,8,10
18100456,7,2,11,4,9
18100457,5,8,3,10,1
18100458,4,10,11,5,6
18100459,10,9,5,1,3
18100460,1,4,9,7,11
18100461,8,1,11,2,5
18100462,10,1,11,8,6
18100463,11,4,8,9,3
18100464,4,7,3,6,5
18100465,11,7,10,1,5
18100466,11,4,6,8,3
18100467,10,1,4,8,2
18100468,9,5,2,3,10
18100469,11,4,7,10,8
18100470,3,1,11,6,5
18100471,6,7,10,5,2
18100472,8,6,7,10,1
18100473,9,6,2,3,11
18100474,1,11,3,2,5
18100475,3,11,2,5,10
18100476,5,1,11,9,3
18100477,9,11,8,5,2
18100478,10,4,1,5,9
18100479,8,5,7,10,1
18100480,3,9,8,2,10
18100481,5,8,4,2,1
18100482,10,7,8,3,1
18100483,9,5,4,3,7
18100484,7,8,1,9,11
18100485,5,4,11,10,7
18100486,1,5,11,2,9
18100487,7,3,5,9,4
18100488,7,10,3,9,8
18100489,9,1,6,11,3
18100490,3,11,4,8,7
18100501,4,2,10,6,9
18100502,10,9,5,11,2
18100503,7,2,9,6,11
18100504,3,10,2,5,1
18100505,7,8,9,1,5
18100506,10,8,6,4,5
18100507,1,9,2,5,8
18100508,11,8,4,7,2
18100509,9,11,8,5,1
18100510,9,3,11,4,8
18100511,4,3,11,6,5
18100512,3,9,8,11,7
18100513,6,1,5,11,10
18100514,10,3,5,1,9
18100515,11,3,5,7,4
18100516,8,6,1,3,7
18100517,11,2,10,7,6
18100518,11,4,7,5,8
18100519,5,1,11,4,6
18100520,6,11,9,1,7
18100521,11,4,1,6,10
18100522,8,2,1,3,11
18100523,7,6,11,5,2
18100524,10,1,11,5,3
18100525,3,9,10,2,6
18100526,10,8,11,2,9
18100527,5,3,11,2,6
18100528,7,10,2,6,9
18100529,10,4,3,2,1
18100530,4,11,3,2,1
18100531,5,10,3,8,2
18100532,4,1,2,9,5
18100533,8,9,2,6,5
18100534,5,2,11,8,6
18100535,10,1,3,7,9
18100536,2,3,10,9,4
18100537,10,5,6,2,9
18100538,11,4,1,3,6
18100539,2,4,11,1,10
18100540,11,3,2,10,6
18100541,3,7,8,10,2
18100542,10,11,1,5,3
18100543,4,3,2,8,10
18100544,1,9,11,5,8
18100545,6,10,4,3,8
18100546,10,2,8,5,7
18100547,8,6,5,11,7
18100548,8,5,10,11,2
18100549,7,2,4,6,11
18100550,6,5,11,3,2
18100551,4,6,3,9,11
18100552,3,4,2,11,10
18100553,4,9,7,10,8
18100554,7,2,10,9,8
18100555,1,2,11,9,8
18100556,3,2,7,4,5
18100557,1,3,2,6,7
18100558,8,11,2,10,5
18100559,10,9,5,4,8
18100560,3,2,4,6,10
18100561,3,2,1,4,10
18100562,9,7,4,11,6
18100563,3,11,10,5,1
18100564,2,6,5,10,4
18100565,8,6,7,1,11
18100566,11,3,6,2,1
18100567,6,8,2,7,3
18100568,7,3,6,10,11
18100569,7,8,10,6,1
18100570,7,2,11,10,3
18100571,4,10,9,5,2
18100572,6,4,2,3,11
18100573,7,8,5,1,3
18100574,4,2,3,1,9
18100575,11,5,6,7,8
18100576,1,11,9,6,5
18100577,4,8,1,6,2
18100578,1,11,3,7,8
18100579,3,5,2,6,1
18100580,2,10,4,5,1
18100581,5,8,2,11,1
18100582,8,2,9,1,6
18100583,7,2,6,4,8
18100584,3,8,5,1,10
18100585,6,1,4,5,9
18100586,6,5,8,3,1
18100587,10,3,5,6,11
18100588,6,4,9,3,1
18100589,2,10,5,11,8
18100590,3,5,7,4,6
18100601,7,3,10,5,6
18100602,6,5,1,11,9
18100603,6,10,11,7,3
18100604,7,10,11,5,3
18100605,3,11,10,4,7
18100606,8,11,3,9,5
18100607,5,1,10,3,6
18100608,6,8,7,10,2
18100609,3,5,2,8,4
18100610,2,7,10,8,5
18100611,5,10,8,9,1
18100612,1,10,3,5,7
18100613,4,2,10,5,7
18100614,7,6,11,3,2
18100615,10,5,1,6,8
18100616,4,8,1,5,9
18100617,1,10,5,8,6
18100618,4,6,9,2,11
18100619,10,4,6,8,9
18100620,2,10,5,8,1
18100621,9,3,6,10,2
18100622,8,6,3,9,4
18100623,5,8,10,7,4
18100624,7,9,8,6,3
18100625,10,6,5,3,7
18100626,10,4,3,6,5
18100627,8,9,5,2,11
18100628,4,2,5,9,6
18100629,7,5,3,10,2
18100630,9,2,11,3,8
18100631,8,3,11,6,2
18100632,2,10,9,11,8
18100633,6,4,10,9,5
18100634,9,3,5,8,2
18100635,2,4,8,6,3
18100636,11,6,8,1,10
18100637,5,2,10,6,9
18100638,9,6,11,10,1
18100639,2,8,10,9,4
18100640,7,1,5,3,6
18100641,7,8,10,2,1
18100642,4,5,11,1,7
18100643,7,4,10,1,8
18100644,10,9,5,7,6
18100645,11,2,10,1,4
18100646,6,8,2,7,11
18100647,7,10,2,1,11
18100648,4,6,11,1,5
18100649,8,7,11,6,9
18100650,10,11,5,9,2
18100651,7,8,2,1,9
18100652,4,1,9,3,11
18100653,2,6,7,4,1
18100654,4,5,9,8,3
18100655,6,4,1,7,3
18100656,3,2,8,6,5
18100657,8,5,4,7,10
18100658,7,1,6,8,3
18100659,2,9,4,11,1
18100660,1,5,8,11,4
18100661,4,6,11,5,10
18100662,1,5,9,6,11
18100663,7,11,6,3,2
18100664,10,2,3,11,4
18100665,10,1,6,7,9
18100666,9,10,6,5,4
18100667,4,8,7,3,1
18100668,7,8,4,5,9
18100669,6,9,11,1,2
18100670,11,6,3,8,1
18100671,10,6,4,5,3
18100672,4,10,6,5,7
18100673,10,6,11,2,4
18100674,1,9,10,2,7
18100675,3,8,9,4,11
18100676,4,9,2,8,7
18100677,11,3,4,7,2
18100678,2,6,7,9,1
18100679,11,3,9,2,1
18100680,7,9,3,6,2
18100681,6,10,11,7,4
18100682,3,6,4,8,10
18100683,2,6,1,11,5
18100684,2,7,1,8,11
18100685,11,4,5,3,8
18100686,5,10,7,1,6
18100687,3,11,8,1,4
18100688,10,5,4,9,7
18100689,9,2,3,6,10
18100690,6,11,3,9,5
18100701,10,11,4,9,2
18100702,5,9,3,10,1
18100703,4,11,9,2,7
18100704,9,4,8,1,7
18100705,1,9,7,5,11
18100706,1,4,6,3,2
18100707,3,11,2,1,8
18100708,1,3,7,5,10
18100709,5,11,8,2,3
18100710,10,7,5,4,1
18100711,7,9,11,5,1
18100712,2,1,9,11,7
18100713,6,2,10,4,9
18100714,7,3,10,2,1
18100715,9,8,2,3,5
18100716,6,7,1,4,11
18100717,5,3,1,2,11
18100718,9,7,11,5,6
18100719,4,3,8,7,2
18100720,1,4,11,6,2
18100721,5,9,10,11,7
18100722,5,1,4,3,8
18100723,5,2,4,3,9
18100724,6,7,2,4,10
18100725,11,2,4,6,9
18100726,8,6,11,9,1
18100727,10,7,11,3,2
18100728,3,11,2,4,7
18100729,11,5,4,8,2
18100730,3,9,2,7,6
18100731,5,3,10,6,4
18100732,6,5,10,8,4
18100733,3,4,6,8,2
18100734,6,10,5,11,4
18100735,6,8,11,9,4
18100736,3,5,9,10,1
18100737,7,11,2,6,4
18100738,2,1,11,7,4
18100739,3,10,1,2,4
18100740,3,11,4,6,7
18100741,11,7,3,5,6
18100742,8,9,4,11,7
18100743,9,4,2,6,7
18100744,6,9,1,4,2
18100745,9,8,5,2,4
18100746,6,11,4,8,3
18100747,11,8,3,1,5
18100748,1,3,11,5,10
18100749,4,7,10,6,3
18100750,10,2,7,11,9
18100751,9,11,2,1,5
18100752,4,2,11,10,6
18100753,8,5,7,6,1
18100754,4,5,9,11,10
18100755,8,5,10,6,3
18100756,6,7,3,8,11
18100757,6,5,11,7,3
18100758,2,1,5,3,7
18100759,9,4,7,1,8
18100760,11,7,9,10,3
18100761,2,1,8,10,6
18100762,1,8,2,4,5
18100763,9,2,10,4,5
18100764,3,8,6,5,9
18100765,1,9,3,7,5
18100766,2,9,4,10,6
18100767,8,1,11,9,7
18100768,8,4,2,5,1
18100769,1,7,8,5,9
18100770,10,11,2,7,6
18100771,3,4,6,2,5
18100772,10,5,6,7,2
18100773,6,10,7,9,11
18100774,10,5,6,1,3
18100775,6,9,5,8,4
18100776,7,2,1,4,9
18100777,2,8,3,5,10
18100778,5,1,2,11,8
18100779,2,8,10,6,11
18100780,6,9,1,4,2
18100781,1,11,10,3,4
18100782,1,10,2,3,4
18100783,11,6,10,8,9
18100784,2,9,1,6,4
18100785,6,11,7,5,2
18100786,4,10,2,5,6
18100787,3,2,1,9,5
18100788,8,7,1,5,10
18100789,5,1,10,11,2
18100790,10,3,2,11,1
18100801,1,5,4,6,11
18100802,10,4,2,9,1
18100803,6,8,11,9,10
18100804,10,2,1,3,4
18100805,3,9,2,7,8
18100806,10,3,7,9,2
18100807,2,8,3,11,7
18100808,1,11,10,2,6
18100809,11,9,5,8,6
18100810,4,11,2,9,8
18100811,9,8,10,11,2
18100812,11,6,10,8,3
18100813,9,11,4,2,5
18100814,11,6,7,4,9
18100815,11,4,6,5,8
18100816,1,3,9,10,6
18100817,7,10,6,11,1
18100818,3,5,1,10,11
18100819,11,8,4,10,6
18100820,4,6,10,7,11
18100821,9,7,2,3,10
18100822,8,1,5,9,7
18100823,7,1,10,8,5
18100824,8,4,6,9,3
18100825,6,7,8,2,11
18100826,8,10,2,7,6
18100827,9,10,7,1,8
18100828,5,8,4,3,7
18100829,9,4,10,2,11
18100830,9,11,4,6,3
18100831,7,1,4,5,9
18100832,3,7,8,9,11
18100833,2,10,1,9,7
18100834,7,2,9,5,6
18100835,3,6,11,8,10
18100836,7,3,11,9,6
18100837,3,7,1,10,4
18100838,4,3,5,9,7
18100839,3,2,10,7,11
18100840,2,6,10,7,8
18100841,5,11,4,7,10
18100842,9,11,1,10,8
18100843,1,4,7,5,9
18100844,10,3,4,11,1
18100845,4,3,7,11,2
18100846,6,1,5,10,11
18100847,9,3,11,1,8
18100848,1,5,2,7,9
18100849,9,11,2,10,1
18100850,2,10,6,5,1
18100851,10,7,1,2,4
18100852,2,8,11,4,7
18100853,9,6,5,2,1
18100854,10,2,8,3,11
18100855,6,2,8,11,9
18100856,5,6,8,2,11
18100857,4,1,2,7,10
18100858,8,7,3,1,5
18100859,9,10,3,4,1
18100860,2,10,6,8,1
18100861,11,9,3,6,2
18100862,11,2,9,5,10
18100863,10,11,1,8,5
18100864,6,5,3,8,2
18100865,1,9,4,10,11
18100866,11,6,8,4,1
18100867,5,2,8,7,6
18100868,7,10,8,9,4
18100869,11,7,3,10,4
18100870,1,9,10,11,2
18100871,3,11,10,4,8
18100872,3,9,4,1,7
18100873,8,5,2,6,1
18100874,4,2,8,11,7
18100875,2,7,3,8,1
18100876,1,5,9,11,2
18100877,10,5,8,7,2
18100878,10,11,3,5,2
18100879,7,6,9,10,11
18100880,6,5,3,1,2
18100881,3,10,11,9,7
18100882,7,6,4,5,3
18100883,10,5,9,2,1
18100884,3,5,8,9,2
18100885,8,10,4,2,3
18100886,2,1,8,6,10
18100887,2,9,7,1,5
18100888,8,3,5,2,1
18100889,5,11,8,4,7
18100890,8,6,9,10,3
18100901,9,1,6,10,11
18100902,11,8,10,2,5
18100903,1,5,3,6,10
18100904,5,2,7,10,1
18100905,9,7,3,11,5
18100906,2,4,8,10,3
18100907,4,3,10,11,7
18100908,7,3,5,4,10
18100909,2,4,5,9,3
18100910,5,3,7,4,2
18100911,3,11,5,1,4
18100912,2,9,3,6,1
18100913,9,3,4,10,2
18100914,2,10,8,7,5
18100915,10,2,8,7,3
18100916,1,7,11,5,3
18100917,10,5,6,1,8
18100918,7,6,5,1,2
18100919,9,11,2,3,5
18100920,10,11,7,5,6
18100921,3,4,2,9,10
18100922,6,3,7,1,8
18100923,6,11,2,3,8
18100924,6,1,5,10,8
18100925,6,9,3,4,7
18100926,1,7,4,3,5
18100927,6,8,11,1,9
18100928,2,3,11,1,8
18100929,1,11,4,9,6
18100930,2,6,7,10,9
18100931,1,2,10,8,7
18100932,10,3,9,4,7
18100933,1,9,10,4,8
18100934,5,10,11,1,7
18100935,1,5,4,10,8
18100936,2,10,8,6,5
18100937,10,3,1,2,5
18100938,6,8,11,1,2
18100939,9,3,1,4,10
18100940,1,3,9,5,6
18100941,8,10,9,6,3
18100942,2,10,3,7,6
18100943,9,4,11,8,2
18100944,3,5,9,1,10
18100945,9,6,3,1,5
18100946,1,2,4,5,8
18100947,7,6,2,9,11
18100948,11,6,1,2,4
18100949,10,2,4,11,1
18100950,3,7,4,1,11
18100951,10,6,8,11,5
18100952,9,11,6,10,8
18100953,8,9,3,6,4
18100954,10,1,9,3,8
18100955,3,10,9,2,7
18100956,4,9,8,11,5
18100957,3,9,10,8,5
18100958,11,5,1,2,9
18100959,11,3,1,7,8
18100960,7,9,4,5,1
18100961,3,4,5,2,1
18100962,8,6,7,9,4
18100963,11,1,4,3,6
18100964,9,2,4,1,11
18100965,6,4,11,10,3
18100966,3,7,2,9,1
18100967,4,5,10,2,9
18100968,3,2,1,5,11
18100969,4,9,8,11,6
18100970,10,11,9,4,6
18100971,2,8,4,1,9
18100972,6,10,3,9,2
18100973,4,1,7,9,10
18100974,2,11,7,3,8
18100975,10,7,4,6,8
18100976,11,3,9,10,4
18100977,8,5,10,11,6
18100978,3,10,2,1,9
18100979,3,4,5,11,2
18100980,1,3,11,5,4
18100981,10,2,5,8,1
18100982,5,4,2,11,9
18100983,9,3,8,5,7
18100984,9,8,2,5,10
18100985,5,2,6,8,11
18100986,11,7,8,10,9
18100987,4,6,5,9,1
18100988,8,5,4,2,10
18100989,8,5,9,6,3
18100990,2,5,3,7,1
18101001,2,11,7,9,1
18101002,9,5,1,2,10
18101003,2,9,8,6,5
18101004,11,9,5,2,10
18101005,1,11,3,2,7
18101006,9,2,5,7,4
18101007,1,11,8,9,2
18101008,11,9,8,7,6
18101009,9,10,4,1,3
18101010,6,9,3,7,5
18101011,2,3,4,11,9
18101012,6,9,3,10,1
18101013,1,5,10,3,2
18101014,9,7,8,4,2
18101015,7,9,1,4,11
18101016,2,1,7,6,3
18101017,2,9,3,11,7
18101018,6,7,1,3,9
18101019,9,7,2,5,6
18101020,11,6,2,8,10
18101021,5,10,4,7,2
18101022,9,1,7,6,2
18101023,4,8,1,6,10
18101024,6,8,4,2,3
18101025,8,7,4,10,9
18101026,3,5,8,2,7
18101027,5,9,3,11,6
18101028,5,2,10,1,9
18101029,8,3,10,4,11
18101030,3,8,4,10,9
18101031,5,1,9,3,11
18101032,7,6,3,9,1
18101033,7,8,11,6,5
18101034,10,9,6,1,8
18101035,10,4,9,3,1
18101036,11,1,10,3,8
18101037,1,10,8,3,7
18101038,6,11,4,9,3
18101039,6,11,1,8,7
18101040,2,6,5,3,9
18101041,8,7,1,4,9
18101042,10,8,5,1,3
18101043,4,5,7,10,8
18101044,2,1,8,11,9
18101045,4,3,11,6,5
18101046,1,10,3,7,2
18101047,10,7,2,11,8
18101048,9,3,11,5,4
18101049,5,4,6,10,8
18101050,9,1,8,11,7
18101051,1,9,3,11,10
18101052,7,9,5,8,1
18101053,8,1,4,3,10
18101054,5,4,7,8,11
18101055,5,7,2,10,8
18101056,2,10,8,3,5
18101057,11,1,7,6,3
18101058,9,11,3,4,10
18101059,4,11,2,8,5
18101060,9,5,1,7,8
18101061,11,7,4,2,9
18101062,1,11,5,10,2
18101063,11,9,7,1,4
18101064,5,4,11,8,10
18101065,8,1,10,4,2
18101066,1,4,5,3,9
18101067,10,2,4,1,5
18101068,11,8,1,7,10
18101069,3,6,7,8,4
18101070,11,1,2,8,3
18101071,8,7,10,1,5
18101072,11,2,3,10,4
18101073,7,5,8,6,4
18101074,9,6,11,4,8
18101075,4,6,2,1,9
18101076,8,11,1,10,4
18101077,4,1,11,10,2
18101078,6,5,11,3,4
18101079,8,3,2,5,9
18101080,6,9,11,8,7
18101081,10,8,1,6,2
18101082,9,1,4,3,8
18101083,1,6,5,7,3
18101084,6,11,10,2,9
18101085,10,5,3,11,4
18101086,6,3,11,2,5
18101087,6,9,4,3,7
18101088,7,4,8,5,10
18101089,8,10,9,3,5
18101090,11,7,8,4,6
18101101,4,8,11,7,5
18101102,1,4,2,9,10
18101103,3,5,10,8,7
18101104,11,1,6,4,2
18101105,4,9,10,6,3
18101106,11,9,2,6,8
18101107,1,5,7,6,8
18101108,1,11,5,3,2
18101109,4,3,9,10,8
18101110,11,1,4,3,6
18101111,7,2,9,4,8
18101112,6,5,9,10,1
18101113,5,3,11,4,10
18101114,8,10,6,7,11
18101115,7,1,11,2,10
18101116,6,1,5,3,8
18101117,10,4,5,8,3
18101118,5,11,10,6,2
18101119,8,5,4,10,3
18101120,7,5,6,1,9
18101121,4,2,5,10,1
18101122,4,7,6,1,5
18101123,2,1,4,7,11
18101124,10,4,5,7,1
18101125,11,4,8,1,3
18101126,10,1,4,5,2
18101127,11,5,4,2,1
18101128,9,6,3,2,7
18101129,9,6,2,7,8
18101130,7,6,8,10,5
18101131,5,1,4,8,7
18101132,10,3,7,2,6
18101133,2,10,11,4,6
18101134,1,10,5,2,11
18101135,10,5,7,1,4
18101136,5,10,3,11,1
18101137,7,11,8,6,2
18101138,2,6,8,10,1
18101139,3,2,8,7,5
18101140,10,4,3,8,7
18101141,6,4,1,5,11
18101142,2,9,3,8,4
18101143,5,11,2,10,4
18101144,8,11,3,2,1
18101145,7,1,3,5,11
18101146,6,3,11,2,8
18101147,11,7,8,3,5
18101148,4,9,3,8,1
18101149,10,4,5,2,8
18101150,9,7,3,8,6
18101151,8,7,6,3,10
18101152,9,1,2,7,8
18101153,8,2,5,1,4
18101154,5,1,2,11,9
18101155,7,10,9,1,8
18101156,5,11,9,6,1
18101157,8,3,4,2,9
18101158,10,1,7,4,2
18101159,6,1,5,2,8
18101160,2,1,9,8,3
18101161,5,8,10,2,3
18101162,8,2,10,11,6
18101163,4,7,9,5,2
18101164,10,2,11,9,8
18101165,6,3,8,1,5
18101166,3,4,1,9,7
18101167,2,10,4,9,1
18101168,2,1,11,4,9
18101169,11,6,9,2,8
18101170,6,2,3,4,5
18101171,7,11,2,6,9
18101172,8,7,6,3,11
18101173,5,7,10,4,6
18101174,3,6,10,4,5
18101175,7,2,8,4,5
18101176,1,10,8,9,7
18101177,1,4,8,7,11
18101178,8,5,1,4,3
18101179,10,2,7,1,8
18101180,9,4,10,8,11
18101181,4,5,7,9,3
18101182,2,6,11,3,5
18101183,9,8,5,3,7
18101184,3,6,1,9,2
18101185,5,3,6,9,4
18101186,2,1,7,9,6
18101187,2,11,5,6,1
18101188,4,11,3,6,1
18101189,10,5,1,3,9
18101190,7,2,9,5,11
18101201,10,7,4,1,3
18101202,5,1,3,10,4
18101203,4,7,8,3,1
18101204,3,9,1,11,10
18101205,10,3,4,1,11
18101206,11,9,2,8,4
18101207,9,1,3,4,8
18101208,2,5,8,10,1
18101209,10,11,7,4,1
18101210,2,5,1,4,3
18101211,8,1,3,10,9
18101212,5,1,7,2,11
18101213,3,2,10,1,9
18101214,6,11,8,5,10
18101215,4,5,11,1,6
18101216,5,7,9,6,10
18101217,3,11,10,1,5
18101218,7,2,6,11,3
18101219,9,10,1,3,4
18101220,9,10,2,6,11
18101221,10,2,3,1,11
18101222,11,4,10,1,2
18101223,4,7,5,2,8
18101224,2,8,3,10,9
18101225,1,11,10,8,9
18101226,7,1,11,4,8
18101227,4,5,7,3,6
18101228,7,10,4,5,3
18101229,4,11,6,5,3
18101230,7,2,4,9,11
18101231,10,4,11,1,3
18101232,6,4,3,5,2
18101233,10,8,3,7,6
18101234,5,9,6,4,7
18101235,5,4,3,7,6
18101236,1,9,6,10,2
18101237,1,2,7,3,10
18101238,2,11,8,1,4
18101239,7,6,11,9,1
18101240,6,10,4,1,3
18101241,9,3,7,1,8
18101242,9,11,5,3,2
18101243,5,8,2,7,3
18101244,11,8,4,6,7
18101245,4,2,6,8,11
18101246,10,11,8,5,6
18101247,9,1,2,3,5
18101248,3,6,7,5,4
18101249,3,8,11,7,4
18101250,6,9,11,3,2
18101251,7,1,4,6,10
18101252,7,10,5,11,3
18101253,4,11,5,7,9
18101254,6,7,9,4,11
18101255,6,11,7,2,1
18101256,4,3,6,7,1
18101257,10,1,9,8,11
18101258,4,1,8,11,3
18101259,11,4,1,3,6
18101260,3,11,1,4,10
18101261,4,11,9,1,5
18101262,6,5,2,3,11
18101263,8,10,11,4,3
18101264,8,7,1,5,11
18101265,3,11,9,5,4
18101266,3,1,7,4,9
18101267,1,2,8,11,4
18101268,3,11,10,8,5
18101269,8,3,6,2,7
18101270,1,6,7,10,4
18101271,2,6,8,3,10
18101272,10,8,5,6,4
18101273,4,7,6,9,1
18101274,5,9,4,6,11
18101275,5,10,9,6,4
18101276,3,1,2,4,10
18101277,2,8,6,9,3
18101278,3,9,6,8,11
18101279,9,8,6,1,4
18101280,2,5,7,6,3
18101281,4,6,9,2,5
18101282,4,8,2,9,3
18101283,11,6,5,7,9
18101284,2,11,6,7,10
18101285,5,10,7,4,9
18101286,5,8,7,11,6
18101287,8,7,6,11,5
18101288,1,8,11,4,5
18101289,4,8,5,3,9
18101290,7,3,1,6,5
18101301,10,11,6,7,3
18101302,6,8,11,1,3
18101303,1,5,7,10,8
18101304,3,7,1,5,8
18101305,9,2,1,3,5
18101306,9,11,6,3,2
18101307,4,9,7,10,11
18101308,7,3,11,9,10
18101309,3,6,10,7,11
18101310,1,5,10,9,6
18101311,10,1,4,9,11
18101312,11,8,4,3,9
18101313,10,7,3,9,1
18101314,4,11,8,7,2
18101315,3,11,8,9,6
18101316,1,2,9,11,4
18101317,9,7,11,10,8
18101318,2,5,7,9,3
18101319,4,1,9,10,11
18101320,10,8,9,2,7
18101321,9,3,8,7,2
18101322,11,10,2,3,6
18101323,2,4,7,5,6
18101324,5,7,10,9,2
18101325,11,1,7,4,6
18101326,1,9,11,2,8
18101327,4,7,11,1,8
18101328,2,6,4,8,1
18101329,8,1,5,4,9
18101330,2,1,5,11,7
18101331,8,2,10,7,9
18101332,10,2,6,3,4
18101333,5,3,9,1,10
18101334,3,2,5,8,6
18101335,5,11,8,2,9
18101336,9,4,10,8,2
18101337,5,7,6,3,2
18101338,11,1,5,3,7
18101339,5,1,10,2,4
18101340,10,5,8,6,1
18101341,5,8,7,10,11
18101342,5,8,2,4,11
18101343,3,10,4,8,5
18101344,2,8,3,7,6
18101345,1,3,9,8,11
18101346,11,4,7,8,9
18101347,6,8,1,7,9
18101348,2,11,9,3,7
18101349,1,11,3,5,9
18101350,6,7,11,3,2
18101351,4,6,7,2,9
18101352,8,4,10,3,5
18101353,7,6,10,11,2
18101354,7,11,2,5,10
18101355,4,11,3,6,8
18101356,10,7,1,9,11
18101357,5,8,4,1,9
18101358,7,9,4,3,5
18101359,3,10,2,4,9
18101360,1,11,6,4,2
18101361,6,3,2,9,7
18101362,7,9,2,5,4
18101363,1,7,4,3,6
18101364,11,8,6,4,3
18101365,5,4,9,3,2
18101366,7,2,1,11,8
18101367,7,6,1,3,4
18101368,4,6,8,10,7
18101369,4,10,2,5,6
18101370,3,6,10,5,2
18101371,2,7,8,5,1
18101372,7,6,10,8,5
18101373,8,9,2,3,5
18101374,9,6,10,1,4
18101375,6,2,1,10,5
18101376,2,11,6,4,9
18101377,8,5,9,3,2
18101378,4,1,9,7,3
18101379,11,7,6,9,4
18101380,11,9,8,3,5
18101381,3,8,9,7,5
18101382,5,11,8,4,2
18101383,9,10,6,4,3
18101384,3,2,5,1,11
18101385,7,1,3,2,9
18101386,2,5,4,10,8
18101387,3,2,8,10,1
18101388,2,8,9,6,5
18101389,10,7,1,8,6
18101390,8,10,1,2,4
18101401,11,10,1,8,9
18101402,5,10,11,3,1
18101403,9,6,3,8,5
18101404,6,5,7,3,10
18101405,5,1,2,9,3
18101406,3,10,7,5,1
18101407,11,10,1,8,9
18101408,4,2,7,11,1
18101409,8,1,10,3,11
18101410,6,3,7,1,2
18101411,3,4,1,9,11
18101412,7,8,6,4,3
18101413,3,8,9,1,11
18101414,1,11,6,7,10
18101415,1,7,10,11,5
18101416,5,9,1,11,3
18101417,9,10,4,8,7
18101418,11,2,6,10,7
18101419,3,5,1,8,4
18101420,8,5,2,11,10
18101421,9,1,11,5,7
18101422,11,5,2,1,4
18101423,4,6,9,10,3
18101424,4,11,6,9,2
18101425,10,1,3,5,9
18101426,3,7,2,11,1
18101427,5,4,11,10,9
18101428,2,11,5,1,7
18101429,8,9,11,10,2
18101430,1,5,2,3,6
18101431,1,7,2,11,9
18101432,7,5,4,3,2
18101433,11,2,6,9,7
18101434,6,8,4,11,2
18101435,5,8,9,2,6
18101436,6,8,4,2,9
18101437,10,4,7,5,1
18101438,8,5,9,2,3
18101439,10,5,4,6,2
18101440,8,3,10,2,9
18101441,2,9,6,1,7
18101442,4,11,9,8,10
18101443,7,2,9,10,8
18101444,5,8,3,9,11
18101445,11,7,6,1,5
18101446,4,11,2,3,5
18101447,5,4,9,6,1
18101448,7,11,10,5,3
18101449,8,6,11,1,2
18101450,6,9,7,2,1
18101451,11,2,3,6,8
18101452,9,2,3,5,1
18101453,6,5,10,7,2
18101454,9,11,2,5,10
18101455,4,8,6,10,7
18101456,11,1,4,5,9
18101457,5,4,8,6,7
18101458,1,5,6,2,8
18101459,8,3,10,9,2
18101460,5,1,11,10,6
18101461,11,10,7,9,2
18101462,5,2,4,6,11
18101463,7,3,1,11,5
18101464,3,9,4,2,11
18101465,10,9,11,5,4
18101466,11,8,1,10,5
18101467,6,5,7,1,4
18101468,4,11,3,10,7
18101469,7,5,2,9,6
18101470,1,4,3,10,11
18101471,7,1,3,11,5
18101472,3,6,1,7,8
18101473,9,3,7,2,5
18101474,6,4,2,11,9
18101475,9,1,4,11,10
18101476,4,3,2,9,11
18101477,1,7,6,9,3
18101478,4,8,11,9,5
18101479,3,1,5,9,11
18101480,1,2,6,7,9
18101481,11,3,2,8,6
18101482,8,9,7,3,6
18101483,5,1,2,6,3
18101484,11,9,6,8,7
18101485,8,1,5,3,2
18101486,8,2,11,10,7
18101487,2,3,11,9,1
18101488,4,3,11,10,6
18101489,11,8,1,2,5
18101490,7,6,3,9,2
18101501,7,1,6,5,3
18101502,6,11,2,1,7
18101503,9,1,5,3,11
18101504,11,4,1,9,6
18101505,6,9,8,1,11
18101506,9,8,6,7,1
18101507,10,9,5,7,4
18101508,5,10,2,1,11
18101509,3,7,5,1,9
18101510,11,4,8,1,5
18101511,1,10,6,9,5
18101512,5,6,7,2,10
18101513,8,2,10,7,3
18101514,3,6,1,5,10
18101515,2,3,6,4,1
18101516,6,8,9,4,5
18101517,4,2,10,11,1
18101518,2,4,6,9,1
18101519,2,8,1,6,10
18101520,4,6,1,9,8
18101521,2,3,1,4,9
18101522,9,7,5,2,8
18101523,5,6,8,11,1
18101524,2,6,3,9,11
18101525,11,4,6,3,10
18101526,10,1,5,11,9
18101527,7,6,11,5,3
18101528,9,3,2,1,5
18101529,2,4,7,8,3
18101530,4,11,5,7,8
18101531,3,4,1,9,11
18101532,1,8,5,11,2
18101533,5,7,8,2,11
18101534,6,9,5,3,4
18101535,6,11,4,1,7
18101536,10,1,2,9,3
18101537,8,10,3,7,6
18101538,9,8,6,4,11
18101539,8,6,2,5,9
18101540,9,3,11,4,7
18101541,4,3,1,7,6
18101542,10,5,9,4,6
18101543,2,1,3,9,11
18101544,1,3,2,9,10
18101545,5,4,8,6,1
18101546,5,6,9,8,10
18101547,7,9,3,6,11
18101548,10,2,9,4,6
18101549,4,3,9,11,6
18101550,7,10,2,4,1
18101551,3,11,2,10,5
18101552,1,4,3,6,11
18101553,10,5,6,1,9
18101554,5,3,9,1,7
18101555,3,2,4,9,11
18101556,4,9,5,8,10
18101557,8,1,11,10,9
18101558,7,10,3,9,1
18101559,11,9,2,3,8
18101560,11,8,5,10,6
18101561,2,10,7,6,5
18101562,7,8,2,11,10
18101563,8,7,1,11,5
18101564,10,2,9,8,11
18101565,9,2,1,5,11
18101566,11,9,10,2,4
18101567,4,1,9,3,11
18101568,3,11,5,9,2
18101569,1,3,11,10,4
18101570,8,3,9,4,6
18101571,4,5,9,1,7
18101572,9,2,6,10,7
18101573,5,10,8,9,2
18101574,3,11,5,6,4
18101575,9,2,8,5,4
18101576,5,7,9,6,1
18101577,1,10,6,11,9
18101578,3,10,5,9,1
18101579,8,2,5,6,11
18101580,3,10,2,11,7
18101581,5,9,2,8,10
18101582,3,1,7,4,8
18101583,2,11,7,1,9
18101584,5,1,11,7,8
18101585,3,8,7,4,5
18101586,7,5,8,10,9
18101587,3,11,5,4,1
18101588,3,8,2,9,7
18101589,4,7,3,2,1
18101590,11,6,5,9,3
18101601,3,8,9,5,4
18101602,4,6,5,11,3
18101603,4,7,2,9,11
18101604,10,5,9,6,11
18101605,11,1,8,7,5
18101606,5,10,11,2,6
18101607,1,6,3,2,7
18101608,9,11,4,3,8
18101609,11,10,9,6,5
18101610,3,7,4,9,2
18101611,2,1,4,5,6
18101612,7,8,1,5,6
18101613,3,2,4,5,8
18101614,1,8,5,9,7
18101615,4,7,3,8,1
18101616,10,8,1,7,5
18101617,6,10,7,3,5
18101618,5,8,11,7,1
18101619,3,10,6,7,2
18101620,10,8,7,9,11
18101621,10,1,2,4,9
18101622,6,7,1,4,8
18101623,3,9,7,6,8
18101624,11,8,6,1,4
18101625,8,10,5,6,9
18101626,5,8,7,6,1
18101627,1,9,7,8,3
18101628,3,4,9,1,6
18101629,2,1,5,10,11
18101630,5,10,2,4,9
18101631,5,6,4,10,8
18101632,7,1,3,2,10
18101633,2,10,3,8,7
18101634,2,6,1,10,7
18101635,3,9,5,2,10
18101636,6,11,9,8,1
18101637,7,6,11,3,1
18101638,3,5,8,2,9
18101639,6,9,11,10,4
18101640,3,5,4,6,8
18101641,7,3,10,6,2
18101642,6,9,7,3,4
18101643,2,3,6,9,4
18101644,7,8,5,1,10
18101645,9,8,11,5,7
18101646,5,4,3,11,2
18101647,8,9,6,10,2
18101648,7,2,4,10,8
18101649,5,7,3,2,9
18101650,10,1,5,7,11
18101651,11,6,9,8,1
18101652,11,5,9,6,10
18101653,7,8,11,4,9
18101654,7,3,5,9,10
18101655,5,11,3,9,10
18101656,6,10,4,5,9
18101657,3,11,2,7,4
18101658,11,7,8,3,9
18101659,5,7,11,10,3
18101660,4,10,3,7,2
18101661,5,8,3,1,9
18101662,2,9,10,6,1
18101663,5,9,10,4,8
18101664,8,7,5,11,4
18101665,1,4,7,3,5
18101666,5,7,2,4,3
18101667,4,2,7,8,1
18101668,6,3,11,9,5
18101669,1,6,10,8,5
18101670,10,3,2,6,9
18101671,11,6,7,5,1
18101672,7,6,1,8,10
18101673,9,2,5,8,4
18101674,8,2,1,10,5
18101675,9,4,10,6,8
18101676,5,10,7,2,8
18101677,9,10,7,4,8
18101678,6,7,5,11,4
18101679,6,11,8,10,9
18101680,10,11,1,6,8
18101681,2,3,4,6,11
18101682,6,2,7,4,8
18101683,11,9,6,2,7
18101684,10,4,3,7,6
18101685,2,3,8,1,11
18101686,11,3,4,1,9
18101687,6,4,8,11,1
18101688,6,9,11,2,1
18101689,5,7,8,3,2
18101690,3,1,9,10,8
18101701,4,2,3,11,9
18101702,10,6,7,5,2
18101703,4,8,10,5,1
18101704,2,6,10,5,7
18101705,11,2,5,8,9
18101706,3,9,11,8,1
18101707,7,9,10,11,6
18101708,1,4,6,9,2
18101709,8,9,11,10,5
18101710,4,1,8,2,3
18101711,9,3,2,5,1
18101712,10,8,6,1,4
18101713,7,5,8,1,6
18101714,1,9,8,3,6
18101715,11,9,4,1,2
18101716,9,4,8,1,11
18101717,11,5,6,9,7
18101718,5,3,9,1,6
18101719,10,11,5,3,6
18101720,6,11,7,4,9
18101721,2,3,11,10,4
18101722,10,2,7,5,3
18101723,6,8,4,5,11
18101724,11,8,7,4,6
18101725,1,2,10,6,4
18101726,7,6,8,4,5
18101727,8,2,3,7,1
18101728,6,5,4,11,3
18101729,11,2,4,3,10
18101730,10,6,2,1,7
18101731,2,3,6,9,11
18101732,8,6,5,4,2
18101733,10,11,8,2,7
18101734,6,9,1,3,5
18101735,4,3,10,7,2
18101736,2,7,6,11,4
18101737,4,1,3,11,9
18101738,10,9,7,2,1
18101739,5,4,11,8,2
18101740,6,10,4,9,7
18101741,6,3,5,10,9
18101742,11,4,1,10,6
18101743,1,5,9,10,6
18101744,3,5,7,11,6
18101745,1,10,4,2,3
18101746,4,2,8,1,7
18101747,8,3,6,9,10
18101748,6,1,2,7,10
18101749,6,8,1,11,3
18101750,9,7,11,1,8
18101751,2,7,10,1,6
18101752,6,8,4,1,5
18101753,5,4,1,3,10
18101754,8,1,5,9,2
18101755,9,10,6,11,2
18101756,10,6,2,4,9
18101757,1,9,11,5,7
18101758,6,5,3,4,10
18101759,7,8,6,11,3
18101760,6,9,11,8,1
18101761,10,6,1,7,8
18101762,10,11,4,7,9
18101763,10,7,5,8,4
18101764,2,4,11,10,9
18101765,3,6,1,2,7
18101766,6,10,1,4,9
18101767,7,11,9,5,10
18101768,3,8,2,10,5
18101769,1,7,10,6,4
18101770,10,11,2,3,7
18101771,2,1,10,6,4
18101772,1,8,2,11,5
18101773,11,2,4,3,1
18101774,5,10,1,8,6
18101775,11,6,9,3,8
18101776,3,6,4,10,5
18101777,4,7,3,2,1
18101778,8,10,9,1,6
18101779,5,8,10,4,3
18101780,9,11,7,8,4
18101781,10,6,4,1,2
18101782,4,5,1,11,10
18101783,7,3,8,1,5
18101784,5,10,9,8,11
18101785,5,6,2,8,3
18101786,4,7,3,6,11
18101787,2,5,3,9,4
18101788,3,1,7,6,5
18101789,6,4,1,2,5
18101790,4,9,10,3,7
18101801,1,2,3,9,7
18101802,7,9,8,2,6
18101803,10,9,2,8,4
18101804,10,5,7,3,4
18101805,8,10,4,2,6
18101806,9,1,3,11,10
18101807,9,1,2,10,11
18101808,11,5,9,8,1
18101809,2,3,5,6,4
18101810,5,2,3,7,8
18101811,2,9,6,8,11
18101812,2,1,4,5,9
18101813,7,11,6,8,5
18101814,7,5,8,1,3
18101815,2,5,1,3,8
18101816,8,1,5,9,6
18101817,6,5,4,2,11
18101818,1,4,7,2,9
18101819,5,3,9,2,8
18101820,4,8,10,6,3
18101821,2,5,10,4,11
18101822,1,5,9,3,10
18101823,5,7,3,8,9
18101824,7,3,10,2,9
18101825,8,9,10,5,4
18101826,10,3,6,1,5
18101827,2,6,11,3,5
18101828,9,2,3,5,8
18101829,4,3,10,1,8
18101830,6,2,9,4,11
18101831,3,5,9,2,1
18101832,8,1,10,6,5
18101833,3,10,7,9,11
18101834,2,7,9,5,11
18101835,2,7,11,3,1
18101836,11,8,2,3,1
18101837,8,9,1,4,11
18101838,5,3,7,9,10
18101839,5,10,9,11,2
18101840,10,3,7,11,6
18101841,10,7,2,8,5
18101842,4,9,10,3,11
18101843,6,8,3,7,1
18101844,3,4,2,9,5
18101845,11,2,1,9,7
18101846,11,2,6,7,3
18101847,6,8,4,7,5
18101848,10,7,1,8,3
18101849,8,6,10,9,4
18101850,4,1,8,2,7
18101851,9,7,4,3,5
18101852,10,6,11,9,4
18101853,7,4,8,9,3
18101854,6,7,2,8,10
18101855,9,7,6,8,2
18101856,4,5,10,3,9
18101857,3,9,8,2,11
18101858,4,5,10,7,8
18101859,9,11,3,1,7
18101860,10,7,8,11,3
18101861,9,1,10,4,3
18101862,9,8,11,2,10
18101863,9,4,7,11,10
18101864,1,8,5,9,3
18101865,1,10,2,5,6
18101866,4,1,2,6,10
18101867,4,7,9,5,6
18101868,4,6,9,5,8
18101869,6,4,1,3,8
18101870,5,11,1,10,6
18101871,5,2,10,7,11
18101872,8,11,7,5,1
18101873,2,10,9,11,5
18101874,8,1,9,10,5
18101875,5,11,4,8,10
18101876,1,5,3,10,2
18101877,8,3,2,7,11
18101878,5,11,4,7,8
18101879,2,4,1,8,9
18101880,1,11,5,3,2
18101881,1,11,3,6,5
18101882,2,4,5,3,11
18101883,1,7,5,3,6
18101884,2,1,8,6,9
18101885,6,7,2,3,1
18101886,11,3,10,1,7
18101887,3,9,2,11,8
18101888,1,10,8,7,9
18101889,9,5,6,11,10
18101890,7,2,8,1,6
18101901,3,7,2,1,9
18101902,1,11,10,6,2
18101903,1,2,11,9,5
18101904,11,10,4,5,3
18101905,7,10,2,6,11
18101906,1,6,8,10,5
18101907,6,7,5,9,11
18101908,8,5,9,4,11
18101909,4,8,3,11,6
18101910,6,4,8,10,9
18101911,9,2,8,5,10
18101912,5,8,2,3,4
18101913,11,3,7,6,4
18101914,2,7,8,5,10
18101915,9,1,7,4,2
18101916,6,4,9,7,3
18101917,6,2,8,5,4
18101918,11,2,6,10,8
18101919,3,11,1,6,4
18101920,4,2,10,1,5
18101921,8,6,3,2,10
18101922,11,5,10,6,9
18101923,6,7,4,8,10
18101924,11,4,3,10,6
18101925,9,3,4,6,7
18101926,1,9,8,3,7
18101927,6,9,7,11,1
18101928,8,3,9,11,10
18101929,5,10,7,1,11
18101930,11,1,9,3,10
18101931,9,10,7,3,1
18101932,2,6,9,8,11
18101933,7,6,9,4,11
18101934,4,11,7,2,1
18101935,8,1,10,3,4
18101936,5,10,6,3,1
18101937,7,9,2,5,8
18101938,2,10,11,7,4
18101939,1,2,8,7,10
18101940,4,8,9,2,1
18101941,11,4,10,1,5
18101942,7,10,8,1,3
18101943,2,11,1,4,6
18101944,10,4,8,3,7
18101945,8,3,4,7,10
18101946,11,2,1,5,10
18101947,7,10,8,2,6
18101948,7,9,6,11,3
18101949,5,10,2,4,3
18101950,9,8,5,7,1
18101951,9,5,10,11,7
18101952,6,9,7,1,4
18101953,10,6,1,7,5
18101954,10,4,7,9,8
18101955,9,4,6,1,2
18101956,8,1,9,11,2
18101957,3,10,1,7,4
18101958,4,7,3,11,9
18101959,8,5,3,4,11
18101960,7,1,4,6,11
18101961,3,9,7,1,4
18101962,9,8,4,3,7
18101963,4,1,11,10,8
18101964,7,9,10,4,3
18101965,2,5,11,4,9
18101966,9,4,10,7,1
18101967,10,4,11,9,5
18101968,4,8,3,10,9
18101969,9,8,11,10,6
18101970,3,10,1,5,7
18101971,9,11,2,5,10
18101972,8,4,1,9,10
18101973,11,2,7,10,6
18101974,10,7,2,4,6
18101975,4,1,10,2,6
18101976,10,8,7,4,11
18101977,11,8,6,5,10
18101978,7,4,3,1,8
18101979,4,1,2,9,5
18101980,5,11,6,3,7
18101981,7,1,8,2,10
18101982,7,9,2,5,3
18101983,2,7,5,11,4
18101984,5,9,7,8,3
18101985,6,5,2,4,8
18101986,8,1,10,6,2
18101987,6,1,8,3,2
18101988,4,8,1,5,3
18101989,10,8,2,3,4
18101990,4,9,11,8,2
18102001,1,4,7,6,5
18102002,7,1,11,2,3
18102003,5,4,1,7,3
18102004,4,5,8,9,2
18102005,9,1,3,6,8
18102006,2,5,1,7,11
18102007,10,3,6,8,9
18102008,4,10,3,11,8
18102009,5,3,2,8,9
18102010,10,8,6,11,3
18102011,6,4,1,9,3
18102012,1,6,9,4,7
18102013,5,3,8,7,9
18102014,7,9,5,2,1
18102015,1,8,5,11,4
18102016,4,9,7,1,2
18102017,3,1,8,9,5
18102018,7,11,8,3,2
18102019,2,11,1,4,3
18102020,9,6,1,5,11
18102021,10,2,9,1,5
18102022,9,7,1,3,2
18102023,9,2,11,6,7
18102024,10,4,5,8,3
18102025,10,8,3,4,1
18102026,8,7,1,3,4
18102027,3,9,11,8,5
18102028,9,2,10,6,11
18102029,4,8,2,5,1
18102030,2,1,8,5,4
18102031,2,5,4,3,11
18102032,5,10,3,7,9
18102033,8,1,2,11,9
18102034,2,4,5,9,3
18102035,4,5,11,3,1
18102036,11,1,3,5,7
18102037,8,7,9,11,5
18102038,7,11,2,3,6
18102039,10,4,5,8,2
18102040,11,2,10,8,6
18102041,5,3,6,7,11
18102042,2,4,10,3,11
18102043,11,8,7,10,5
18102044,2,4,1,7,11
18102045,3,4,7,6,5
18102046,1,8,7,9,4
18102047,9,6,11,7,2
18102048,7,3,6,1,2
18102049,2,3,9,11,6
18102050,9,2,7,10,3
18102051,8,9,7,1,3
18102052,10,9,11,2,1
18102053,2,4,9,1,7
18102054,3,1,9,6,8
18102055,4,3,6,1,10
18102056,8,11,5,7,4
18102057,3,9,2,1,5
18102058,5,11,2,9,6
18102059,6,11,7,9,1
18102060,11,1,10,5,2
18102061,4,2,8,3,6
18102062,11,5,8,6,10
18102063,1,10,7,4,5
18102064,4,2,9,10,5
18102065,5,8,4,3,9
18102066,6,8,9,4,7
18102067,4,6,5,10,1
18102068,2,1,5,10,7
18102069,2,8,9,11,10
18102070,2,10,8,6,11
18102071,10,11,3,7,9
18102072,1,4,11,10,7
18102073,10,9,1,5,11
18102074,8,1,10,11,9
18102075,4,2,1,6,10
18102076,5,10,3,7,11
18102077,6,1,3,11,8
18102078,10,6,2,11,7
18102079,10,5,2,9,6
18102080,6,10,3,8,11
18102081,4,7,1,2,11
18102082,1,11,7,3,4
18102083,5,1,9,2,4
18102084,1,6,8,3,11
18102085,6,11,7,9,4
18102086,9,4,8,2,3
18102087,2,4,1,3,5
18102088,6,2,10,1,9
18102089,4,2,10,3,9
18102090,5,6,11,8,4
18102101,2,6,4,11,8
18102102,4,6,10,7,5
18102103,5,11,7,2,10
18102104,10,6,11,8,5
18102105,4,1,5,6,3
18102106,5,9,11,1,4
18102107,1,5,11,3,10
18102108,5,9,7,4,2
18102109,10,11,9,2,4
18102110,8,7,4,6,1
18102111,2,3,1,6,8
18102112,11,8,3,6,2
18102113,9,2,1,7,5
18102114,11,7,5,1,8
18102115,7,3,9,8,1
18102116,2,3,5,10,11
18102117,5,10,3,1,2
18102118,5,9,7,10,4
18102119,10,11,3,7,8
18102120,1,10,2,9,3
18102121,10,8,7,9,5
18102122,6,9,10,7,8
18102123,5,8,1,7,10
18102124,11,10,5,2,9
18102125,7,3,5,6,2
18102126,3,4,8,1,2
18102127,11,9,5,6,2
18102128,5,11,3,1,10
18102129,3,2,9,1,10
18102130,11,6,8,7,10
18102131,10,11,9,1,3
18102132,7,9,11,2,3
18102133,9,7,1,10,5
18102134,6,8,7,10,11
18102135,11,10,5,6,7
18102136,2,7,11,10,6
18102137,10,9,1,3,5
18102138,7,2,5,9,11
18102139,9,1,4,3,10
18102140,10,6,1,9,11
18102141,11,4,7,3,5
18102142,6,5,9,2,11
18102143,2,4,5,9,1
18102144,1,4,10,6,7
18102145,4,5,3,9,1
18102146,3,1,11,6,7
18102147,5,6,2,7,4
18102148,2,10,9,7,4
18102149,2,5,4,8,11
18102150,10,7,9,4,8
18102151,6,9,1,5,11
18102152,10,3,1,2,11
18102153,6,5,2,11,10
18102154,5,1,6,8,2
18102155,8,5,11,6,9
18102156,8,9,10,2,3
18102157,7,5,10,3,6
18102158,6,10,3,7,2
18102159,2,6,8,5,1
18102160,9,7,10,3,4
18102161,7,3,10,2,11
18102162,3,4,5,1,8
18102163,11,5,4,9,6
18102164,4,2,7,11,3
18102165,11,5,9,10,6
18102166,6,2,8,3,9
18102167,7,2,8,10,5
18102168,5,6,11,4,3
18102169,1,4,9,7,6
18102170,7,8,1,6,10
18102171,8,4,6,1,11
18102172,4,2,1,11,10
18102173,3,5,9,2,4
18102174,9,4,11,8,10
18102175,9,2,4,8,7
18102176,10,8,11,4,1
18102177,1,9,4,7,5
18102178,8,7,11,6,2
18102179,10,4,6,7,9
18102180,7,5,9,2,10
18102181,5,4,3,9,11
18102182,6,8,9,10,7
18102183,10,9,5,4,2
18102184,10,9,6,11,3
18102185,9,7,5,4,1
18102186,9,6,10,1,3
18102187,9,1,3,5,2
18102188,8,11,5,1,7
18102189,8,9,5,7,11
18102190,8,3,6,1,10
18102201,11,5,6,1,4
18102202,2,8,7,1,6
18102203,1,10,11,8,3
18102204,11,3,10,7,2
18102205,8,10,7,2,6
18102206,1,5,9,2,8
18102207,9,8,10,2,3
18102208,1,5,8,4,7
18102209,5,4,9,7,3
18102210,3,5,6,7,9
18102211,11,8,5,7,4
18102212,10,3,9,6,2
18102213,7,3,8,6,1
18102214,9,2,1,11,5
18102215,11,9,8,7,4
18102216,6,3,2,4,5
18102217,2,4,5,8,1
18102218,3,10,6,9,8
18102219,5,9,11,10,4
18102220,6,7,5,8,10
18102221,8,10,1,7,5
18102222,8,11,10,9,7
18102223,1,4,10,6,8
18102224,8,5,6,2,9
18102225,10,2,8,1,11
18102226,3,8,1,9,4
18102227,3,9,1,2,4
18102228,1,7,2,6,4
18102229,4,1,6,5,7
18102230,8,10,2,4,6
18102231,10,6,5,9,2
18102232,2,9,10,11,1
18102233,11,4,1,3,8
18102234,7,10,3,2,1
18102235,9,4,5,1,2
18102236,6,8,9,3,4
18102237,1,10,6,8,7
18102238,4,3,11,7,10
18102239,6,7,10,11,5
18102240,1,10,7,4,6
18102241,4,11,8,9,3
18102242,5,8,4,11,7
18102243,7,1,4,10,2
18102244,10,6,5,2,3
18102245,10,2,5,9,4
18102246,8,9,7,3,6
18102247,11,4,7,9,3
18102248,10,7,2,1,8
18102249,7,2,6,9,10
18102250,4,7,11,1,10
18102251,3,5,1,11,4
18102252,7,9,6,3,5
18102253,10,3,8,11,7
18102254,1,10,8,4,11
18102255,5,10,7,11,1
18102256,10,7,5,2,9
18102257,8,1,3,9,6
18102258,4,6,9,1,11
18102259,3,4,5,2,6
18102260,6,1,5,8,4
18102261,3,11,10,2,7
18102262,10,1,11,9,4
18102263,1,4,8,5,9
18102264,10,9,2,6,11
18102265,8,2,9,3,1
18102266,5,7,4,10,3
18102267,5,4,9,8,7
18102268,9,10,5,1,4
18102269,1,2,9,6,5
18102270,3,8,2,7,10
18102271,5,3,10,11,2
18102272,7,6,8,11,2
18102273,8,9,11,3,6
18102274,7,1,5,4,2
18102275,2,6,4,9,5
18102276,6,3,4,1,5
18102277,2,10,1,4,9
18102278,3,5,1,2,7
18102279,2,3,9,10,5
18102280,4,1,6,3,11
18102281,2,4,11,7,1
18102282,7,2,1,9,11
18102283,8,11,6,5,10
18102284,8,10,4,1,6
18102285,7,8,9,6,5
18102286,9,1,5,4,7
18102287,3,9,10,2,11
18102288,2,4,10,8,6
18102289,9,1,8,6,2
18102290,9,7,1,8,5
18102301,11,9,10,7,6
18102302,6,9,3,1,7
18102303,6,8,2,9,7
18102304,11,10,1,6,2
18102305,3,2,5,11,7
18102306,7,2,10,8,9
18102307,10,8,7,2,6
18102308,8,5,11,10,7
18102309,11,6,8,5,7
18102310,10,4,7,2,5
18102311,11,6,9,8,4
18102312,7,10,4,3,1
18102313,2,9,8,5,7
18102314,6,3,10,9,4
18102315,10,9,4,5,7
18102316,3,8,6,10,7
18102317,5,1,8,7,10
18102318,4,5,3,10,2
18102319,2,3,9,8,7
18102320,7,9,11,5,1
18102321,8,1,5,4,6
18102322,10,2,11,8,9
18102323,11,9,3,7,10
18102324,8,9,11,6,2
18102325,8,5,1,7,10
18102326,11,1,10,9,4
18102327,5,7,8,1,10
18102328,9,7,2,5,3
18102329,8,3,7,2,9
18102330,3,10,1,2,9
18102331,1,10,7,8,5
18102332,3,1,5,9,10
18102333,1,9,2,3,11
18102334,9,11,8,6,3
18102335,11,7,9,2,6
18102336,6,11,4,3,8
18102337,10,1,11,9,8
18102338,5,6,4,7,1
18102339,5,1,4,2,6
18102340,4,11,10,8,6
18102341,6,5,8,1,10
18102342,8,3,6,10,2
18102343,7,3,9,6,5
18102344,1,7,5,2,10
18102345,5,2,11,9,4
18102346,10,1,7,6,3
18102347,2,4,8,1,7
18102348,11,1,4,8,3
18102349,3,5,7,4,6
18102350,9,10,4,2,6
18102351,6,11,5,3,9
18102352,3,5,11,8,6
18102353,6,1,4,10,3
18102354,1,7,11,3,2
18102355,4,3,2,1,6
18102356,8,10,9,2,11
18102357,9,11,6,1,3
18102358,3,6,5,2,4
18102359,4,7,2,8,11
18102360,2,4,6,11,5
18102361,9,11,5,2,7
18102362,3,4,11,5,9
18102363,6,2,3,4,9
18102364,11,10,1,7,5
18102365,11,5,10,2,8
18102366,2,6,10,4,11
18102367,6,10,4,11,3
18102368,2,5,4,1,11
18102369,11,4,1,5,3
18102370,8,9,5,10,11
18102371,10,8,1,6,5
18102372,5,7,6,1,9
18102373,4,5,10,1,9
18102374,7,1,3,9,4
18102375,2,6,5,4,7
18102376,11,1,3,2,7
18102377,10,3,5,11,6
18102378,7,10,4,2,3
18102379,5,1,3,10,6
18102380,1,8,2,7,9
18102381,10,8,7,4,6
18102382,10,1,4,6,3
18102383,10,11,6,5,8
18102384,8,10,5,1,11
18102385,9,5,11,4,3
18102386,11,7,9,8,1
18102387,6,1,9,4,5
18102388,8,4,5,2,1
18102389,10,5,4,1,11
18102390,6,7,9,11,8
18102401,4,3,8,5,7
18102402,4,1,9,2,11
18102403,4,9,5,8,3
18102404,7,10,3,9,2
18102405,1,7,2,6,9
18102406,1,8,4,5,10
18102407,5,4,6,11,7
18102408,8,1,2,9,7
18102409,5,7,6,1,9
18102410,5,11,1,3,6
18102411,2,6,1,9,10
18102412,3,6,11,8,10
18102413,10,6,4,3,8
18102414,11,6,7,3,10
18102415,4,3,6,10,7
18102416,10,6,5,8,11
18102417,11,5,10,1,7
18102418,4,10,1,6,7
18102419,2,6,11,9,7
18102420,4,1,3,8,11
18102421,11,4,7,1,2
18102422,7,6,11,9,8
18102423,7,6,3,8,10
18102424,6,9,3,11,2
18102425,7,9,4,8,3
18102426,7,8,11,3,9
18102427,9,4,7,6,10
18102428,1,5,10,7,8
18102429,8,5,1,6,9
18102430,2,11,9,7,3
18102431,5,3,9,2,8
18102432,6,8,5,3,4
18102433,6,5,1,3,9
18102434,10,3,5,1,7
18102435,4,2,8,6,3
18102436,11,4,6,2,3
18102437,2,10,5,9,3
18102438,6,10,4,1,5
18102439,2,8,3,11,6
18102440,9,6,11,7,10
18102441,3,5,1,6,8
18102442,5,3,11,1,10
18102443,6,2,1,4,10
18102444,8,4,2,10,1
18102445,9,7,6,8,2
18102446,11,4,8,6,7
18102447,6,3,11,2,4
18102448,8,3,4,9,10
18102449,1,3,7,4,6
18102450,9,10,8,4,2
18102451,1,11,10,9,7
18102452,9,6,4,3,7
18102453,3,7,9,5,11
18102454,3,5,2,10,6
18102455,6,10,8,9,7
18102456,10,11,4,5,3
18102457,5,6,11,7,2
18102458,10,4,1,6,8
18102459,11,4,6,2,10
18102460,9,11,4,6,3
18102461,6,7,4,5,8
18102462,10,9,8,11,2
18102463,5,7,2,3,10
18102464,11,7,3,1,10
18102465,8,10,3,6,11
18102466,2,9,7,11,1
18102467,4,8,7,6,5
18102468,8,10,2,11,6
18102469,9,2,3,5,11
18102470,1,11,10,5,6
18102471,7,11,8,9,4
18102472,8,6,1,4,10
18102473,1,9,6,7,11
18102474,10,5,6,9,3
18102475,5,4,3,1,9
18102476,5,9,4,10,2
18102477,9,10,11,1,6
18102478,9,1,3,5,11
18102479,7,1,11,10,4
18102480,6,2,10,1,3
18102481,4,9,10,7,6
18102482,5,8,3,1,9
18102483,8,5,7,10,3
18102484,1,5,8,3,7
18102485,1,4,6,2,9
18102486,1,2,10,11,4
18102487,7,1,5,11,8
18102488,9,5,7,6,4
18102489,9,6,1,7,5
18102490,8,1,5,11,2
18102501,11,8,2,3,7
18102502,7,11,10,4,6
18102503,2,6,4,3,7
18102504,10,5,7,4,3
18102505,8,1,6,2,9
18102506,11,5,8,3,6
18102507,11,5,8,10,2
18102508,5,4,10,1,8
18102509,1,7,10,2,6
18102510,3,7,10,9,5
18102511,8,9,6,5,4
18102512,7,9,4,10,11
18102513,5,2,11,6,9
18102514,5,9,4,8,10
18102515,11,7,10,1,8
18102516,3,9,8,1,7
18102517,2,3,8,9,6
18102518,6,2,7,8,10
18102519,4,7,8,11,6
18102520,1,4,7,8,2
18102521,10,4,3,1,6
18102522,11,2,6,8,1
18102523,10,5,11,3,7
18102524,5,9,7,1,10
18102525,7,3,9,2,11
18102526,6,4,3,1,10
18102527,11,2,5,10,3
18102528,2,7,9,4,11
18102529,4,2,7,8,5
18102530,1,2,5,10,4
18102531,7,6,4,3,8
18102532,7,1,10,5,6
18102533,5,6,8,9,7
18102534,10,1,4,8,6
18102535,2,3,10,11,5
18102536,5,3,4,10,2
18102537,2,5,6,11,7
18102538,10,5,1,11,6
18102539,3,5,9,1,8
18102540,11,7,9,1,5
18102541,2,7,9,6,11
18102542,2,7,10,6,3
18102543,10,9,6,3,7
18102544,9,1,6,8,11
18102545,7,1,6,5,9
18102546,2,10,11,6,9
18102547,8,2,9,11,5
18102548,2,5,11,8,7
18102549,3,4,10,8,1
18102550,3,5,10,9,8
18102551,8,10,3,5,1
18102552,1,2,5,11,10
18102553,3,1,7,4,8
18102554,10,5,2,6,4
18102555,6,3,4,11,5
18102556,9,5,3,7,4
18102557,1,7,11,5,4
18102558,6,7,8,9,1
18102559,9,1,6,10,5
18102560,11,4,5,8,2
18102561,1,4,2,8,6
18102562,7,5,10,11,2
18102563,5,3,7,4,1
18102564,7,8,10,6,9
18102565,9,6,3,10,2
18102566,5,2,4,3,8
18102567,1,11,7,10,9
18102568,7,1,6,10,3
18102569,6,1,2,10,7
18102570,8,3,7,2,11
18102571,9,3,8,4,1
18102572,10,5,9,7,1
18102573,1,9,10,8,6
18102574,4,9,1,5,3
18102575,1,9,3,8,11
18102576,10,7,3,6,9
18102577,8,6,9,7,3
18102578,6,9,8,5,4
18102579,2,9,8,5,3
18102580,6,8,11,4,1
18102581,9,7,4,3,11
18102582,3,4,8,6,11
18102583,6,5,11,3,10
18102584,11,9,7,8,5
18102585,7,3,1,2,8
18102586,5,2,7,10,8
18102587,2,1,11,5,6
18102588,2,1,5,3,8
18102589,10,2,3,5,7
18102590,3,11,10,1,8
18102601,10,4,5,9,11
18102602,7,6,11,4,5
18102603,8,1,4,9,7
18102604,9,1,5,2,4
18102605,5,8,4,11,2
18102606,6,7,4,3,2
18102607,7,3,9,10,4
18102608,8,9,4,6,5
18102609,11,7,8,2,6
18102610,1,10,7,5,8
18102611,8,11,7,2,5
18102612,11,8,7,6,5
18102613,3,11,8,4,2
18102614,1,6,9,3,7
18102615,6,9,8,5,10
18102616,3,8,10,5,11
18102617,8,4,10,11,3
18102618,9,3,6,5,10
18102619,3,8,1,7,11
18102620,6,2,9,11,8
18102621,5,1,2,11,8
18102622,2,4,9,7,6
18102623,4,1,9,7,2
18102624,10,7,5,4,1
18102625,11,10,7,6,8
18102626,8,2,5,10,11
18102627,2,10,11,1,9
18102628,2,3,5,4,1
18102629,1,3,4,7,9
18102630,7,3,10,1,4
18102631,4,11,10,8,7
18102632,9,5,1,2,3
18102633,7,1,6,5,10
18102634,1,11,2,9,4
18102635,10,11,6,1,4
18102636,5,3,7,6,11
18102637,2,3,5,7,1
18102638,3,8,11,2,5
18102639,7,8,3,10,2
18102640,10,9,7,6,8
18102641,5,4,3,6,2
18102642,2,4,9,1,6
18102643,2,1,7,9,8
18102644,10,6,8,2,5
18102645,6,8,11,4,10
18102646,7,3,6,10,8
18102647,10,3,2,6,4
18102648,1,5,6,7,4
18102649,9,8,10,4,3
18102650,3,2,11,9,1
18102651,2,9,11,3,1
18102652,7,8,6,10,11
18102653,9,3,11,8,5
18102654,7,4,2,6,1
18102655,10,9,3,5,2
18102656,2,3,8,10,6
18102657,5,2,6,11,8
18102658,7,10,5,9,3
18102659,8,11,2,4,7
18102660,2,11,5,6,10
18102661,10,7,2,4,11
18102662,3,7,6,2,11
18102663,7,6,1,9,8
18102664,6,7,2,5,3
18102665,11,2,3,5,1
18102666,1,10,3,7,5
18102667,4,6,3,9,7
18102668,3,10,5,2,8
18102669,8,2,7,5,11
18102670,6,5,8,7,2
18102671,9,8,11,6,5
18102672,7,9,2,5,4
18102673,7,1,9,4,3
18102674,8,3,9,6,5
18102675,4,2,9,6,10
18102676,7,11,5,9,4
18102677,3,10,5,6,11
18102678,11,3,7,9,4
18102679,1,10,6,9,2
18102680,11,2,7,4,8
18102681,1,8,7,11,9
18102682,9,11,2,3,4
18102683,10,1,5,11,6
18102684,6,3,5,11,7
18102685,5,7,1,2,4
18102686,10,6,11,3,8
18102687,3,5,10,9,7
18102688,8,2,4,9,5
18102689,6,5,9,8,11
18102690,7,3,2,8,1
18102701,6,2,7,11,3
18102702,4,1,8,5,2
18102703,5,2,9,6,4
18102704,1,5,7,2,11
18102705,10,9,1,5,4
18102706,10,5,8,6,7
18102707,3,10,2,11,1
18102708,7,11,6,1,10
18102709,10,8,5,2,11
18102710,1,2,11,3,9
18102711,11,10,5,6,4
18102712,5,11,3,9,2
18102713,3,4,6,9,11
18102714,2,7,11,4,3
18102715,5,11,1,9,2
18102716,10,1,5,11,9
18102717,6,1,5,11,3
18102718,9,8,11,2,10
18102719,1,8,11,3,6
18102720,2,6,8,10,9
18102721,5,4,6,11,1
18102722,10,9,1,2,11
18102723,1,2,6,11,7
18102724,10,8,9,11,1
18102725,6,2,8,1,9
18102726,5,10,6,11,1
18102727,2,5,7,6,10
18102728,1,8,11,9,3
18102729,7,6,5,3,10
18102730,2,9,10,8,4
18102731,9,5,7,2,8
18102732,1,7,3,2,8
18102733,2,4,1,3,5
18102734,11,1,8,6,4
18102735,3,8,1,5,7
18102736,1,7,6,9,11
18102737,7,4,6,11,9
18102738,9,2,6,1,7
18102739,8,5,2,1,10
18102740,4,6,3,10,9
18102741,1,3,5,6,10
18102742,8,1,2,10,9
18102743,7,9,11,4,1
18102744,1,11,4,5,9
18102745,9,10,6,4,11
18102746,9,3,4,8,5
18102747,4,11,5,1,6
18102748,10,4,11,7,6
18102749,9,8,5,11,2
18102750,3,11,2,6,1
18102751,5,8,9,10,11
18102752,3,1,10,7,11
18102753,4,10,7,2,6
18102754,1,3,6,4,10
18102755,4,8,10,11,7
18102756,5,2,3,9,4
18102757,4,11,10,5,6
18102758,9,6,11,10,7
18102759,11,7,10,2,8
18102760,10,11,4,7,9
18102761,10,4,11,5,6
18102762,9,1,3,6,10
18102763,11,2,10,3,7
18102764,9,7,11,4,6
18102765,2,5,10,3,4
18102766,1,6,4,10,7
18102767,11,7,4,1,2
18102768,3,11,8,9,7
18102769,3,4,5,8,6
18102770,10,2,3,9,8
18102771,7,11,5,2,1
18102772,8,11,9,6,1
18102773,3,6,4,1,2
18102774,4,3,11,7,9
18102775,11,10,2,7,6
18102776,1,10,6,8,7
18102777,9,7,5,6,8
18102778,2,8,6,9,1
18102779,11,6,8,4,7
18102780,4,5,1,9,2
18102781,3,8,9,11,6
18102782,6,4,8,9,1
18102783,3,9,1,4,10
18102784,9,5,1,6,3
18102785,10,8,7,9,3
18102786,8,2,9,3,10
18102787,8,3,7,2,11
18102788,1,9,8,7,10
18102789,10,1,2,11,3
18102790,9,5,8,2,1
18102801,7,4,8,11,10
18102802,11,3,6,8,10
18102803,11,2,3,1,7
18102804,11,1,5,8,6
18102805,9,4,7,11,10
18102806,8,7,3,5,6
18102807,3,10,1,6,2
18102808,6,4,7,8,11
18102809,8,7,1,9,3
18102810,6,2,5,11,3
18102811,10,11,7,3,1
18102812,1,9,3,6,5
18102813,3,11,1,6,7
18102814,5,9,6,4,11
18102815,3,2,5,9,4
18102816,9,7,1,5,2
18102817,8,6,5,11,2
18102818,5,8,9,3,7
18102819,3,2,4,5,1
18102820,10,4,7,8,6
18102821,4,7,5,11,3
18102822,2,5,11,6,4
18102823,5,10,11,4,2
18102824,2,3,6,8,4
18102825,6,4,5,1,9
18102826,6,4,8,11,3
18102827,2,3,9,11,1
18102828,9,5,1,7,8
18102829,8,7,4,1,11
18102830,3,5,2,4,1
18102831,4,8,10,6,9
18102832,5,7,8,4,6
18102833,11,4,2,7,3
18102834,4,5,6,2,7
18102835,3,4,1,11,9
18102836,7,8,10,2,4
18102837,1,3,8,9,6
18102838,9,8,7,3,2
18102839,6,5,9,7,2
18102840,3,9,2,8,11
18102841,2,8,10,6,4
18102842,4,6,2,1,3
18102843,5,1,9,8,2
18102844,11,7,3,10,6
18102845,6,9,10,8,2
18102846,6,5,10,11,2
18102847,7,6,1,2,11
18102848,4,11,8,10,7
18102849,9,6,2,7,11
18102850,2,1,6,7,11
18102851,3,6,8,9,11
18102852,5,9,7,8,3
18102853,2,7,11,9,4
18102854,3,6,11,2,5
18102855,11,10,4,2,7
18102856,9,7,11,8,1
18102857,11,4,5,10,1
18102858,9,7,8,6,2
18102859,10,3,6,1,9
18102860,9,3,5,4,11
18102861,8,10,11,3,4
18102862,1,6,3,4,10
18102863,2,3,9,4,6
18102864,9,10,7,1,5
18102865,7,4,3,9,2
18102866,8,10,11,9,1
18102867,8,3,1,7,5
18102868,1,4,5,7,2
18102869,2,8,7,6,9
18102870,3,6,1,9,2
18102871,3,6,11,5,8
18102872,8,3,4,9,1
18102873,2,8,7,6,1
18102874,11,9,5,6,4
18102875,3,6,8,1,4
18102876,7,5,1,9,4
18102877,8,1,2,6,7
18102878,10,4,8,1,5
18102879,10,6,11,2,4
18102880,2,1,9,4,8
18102881,5,11,6,4,2
18102882,1,11,9,6,7
18102883,6,9,7,4,10
18102884,10,11,7,4,6
18102885,11,7,1,2,8
18102886,8,4,11,3,5
18102887,11,3,2,9,8
18102888,8,6,7,9,11
18102889,2,7,1,5,11
18102890,8,2,3,5,1
18102901,3,2,8,7,9
18102902,9,2,4,10,7
18102903,5,10,2,3,7
18102904,10,2,8,5,1
18102905,10,6,1,3,8
18102906,4,7,2,10,6
18102907,11,2,9,4,5
18102908,7,8,4,2,3
18102909,2,11,1,9,4
18102910,4,6,9,2,1
18102911,4,10,5,3,8
18102912,11,8,6,7,2
18102913,10,11,6,5,9
18102914,3,8,10,7,5
18102915,8,2,4,10,11
18102916,7,10,8,6,11
18102917,10,3,2,1,6
18102918,4,10,1,7,2
18102919,7,10,5,9,4
18102920,4,7,9,8,6
18102921,5,10,4,8,11
18102922,5,1,3,9,11
18102923,1,7,5,8,6
18102924,6,2,5,10,11
18102925,11,8,1,7,10
18102926,8,5,11,4,1
18102927,2,8,6,11,1
18102928,5,11,6,1,7
18102929,6,5,9,3,10
18102930,9,5,6,4,3
18102931,5,11,4,3,8
18102932,11,10,5,8,9
18102933,3,6,8,10,9
18102934,3,10,2,11,4
18102935,5,10,11,7,1
18102936,11,7,8,3,4
18102937,2,6,11,4,9
18102938,3,7,9,4,5
18102939,9,3,5,10,7
18102940,6,3,2,7,1
18102941,3,4,5,8,9
18102942,11,5,9,7,10
18102943,2,4,7,6,11
18102944,9,6,3,10,11
18102945,3,1,7,10,5
18102946,10,4,2,1,7
18102947,1,4,3,2,8
18102948,9,10,7,6,1
18102949,1,5,10,6,7
18102950,10,3,6,1,5
18102951,5,10,6,8,11
18102952,5,4,2,10,1
18102953,10,5,4,6,7
18102954,8,7,10,1,2
18102955,5,1,4,10,2
18102956,1,3,5,9,2
18102957,2,3,4,11,9
18102958,4,8,3,11,2
18102959,4,2,9,6,11
18102960,8,4,6,5,9
18102961,11,10,2,6,9
18102962,1,10,9,2,4
18102963,5,4,6,7,11
18102964,6,7,11,9,3
18102965,4,3,10,8,9
18102966,10,5,3,9,11
18102967,5,3,1,6,11
18102968,10,2,9,1,5
18102969,1,10,8,11,2
18102970,2,7,10,4,8
18102971,9,1,3,8,5
18102972,8,4,6,7,5
18102973,6,1,10,2,4
18102974,5,6,8,2,11
18102975,1,7,5,11,8
18102976,1,8,7,9,10
18102977,8,9,3,5,1
18102978,3,4,6,10,1
18102979,6,9,10,2,4
18102980,10,8,1,2,11
18102981,5,3,10,11,6
18102982,8,7,9,1,2
18102983,6,7,2,1,11
18102984,3,7,1,5,6
18102985,2,10,5,3,9
18102986,2,11,10,6,4
18102987,7,1,5,8,11
18102988,7,11,10,1,4
18102989,9,6,2,11,3
18102990,8,4,9,1,7
18103001,5,3,11,4,7
18103002,8,3,10,7,1
18103003,10,2,4,9,7
18103004,9,1,8,11,4
18103005,4,3,6,5,2
18103006,2,6,1,10,7
18103007,3,11,7,5,1
18103008,6,2,3,10,4
18103009,3,4,11,10,9
18103010,10,11,3,5,7
18103011,6,5,10,8,9
18103012,7,5,4,6,11
18103013,4,6,5,10,2
18103014,4,9,2,7,8
18103015,7,10,9,4,3
18103016,8,1,6,3,11
18103017,8,6,1,11,9
18103018,7,2,9,5,8
18103019,7,1,2,11,8
18103020,11,9,7,1,3
18103021,9,5,3,1,6
18103022,5,1,3,4,7
18103023,5,7,4,9,6
18103024,7,1,4,9,10
18103025,1,9,5,11,8
18103026,9,1,4,11,5
18103027,3,10,9,5,2
18103028,4,1,8,9,6
18103029,11,9,7,8,10
18103030,5,1,7,11,4
18103031,7,2,5,1,8
18103032,5,2,7,8,1
18103033,3,1,4,9,5
18103034,2,6,9,11,8
18103035,11,8,10,9,6
18103036,9,4,3,5,10
18103037,5,4,1,3,9
18103038,3,7,1,10,11
18103039,8,11,9,7,4
18103040,1,11,5,3,7
18103041,8,11,6,7,4
18103042,7,1,11,9,5
18103043,6,4,9,5,11
18103044,2,8,7,6,4
18103045,6,3,2,11,5
18103046,11,3,8,10,9
18103047,4,11,10,7,2
18103048,11,9,1,8,7
18103049,7,9,4,2,6
18103050,3,9,8,1,4
18103051,1,3,5,8,4
18103052,2,5,7,6,3
18103053,8,11,1,6,4
18103054,9,5,1,10,8
18103055,2,9,7,11,3
18103056,11,4,1,5,3
18103057,1,11,5,6,10
18103058,2,5,6,7,3
18103059,11,2,4,8,6
18103060,7,4,3,9,5
18103061,6,3,9,7,1
18103062,9,4,8,2,1
18103063,4,7,8,6,2
18103064,6,7,5,8,4
18103065,9,5,11,2,10
18103066,7,5,1,9,4
18103067,11,9,5,2,10
18103068,6,3,10,11,4
18103069,7,1,10,4,3
18103070,1,5,3,8,9
18103071,7,11,2,4,9
18103072,11,5,7,8,3
18103073,11,2,4,9,6
18103074,7,10,8,4,1
18103075,7,10,1,9,8
18103076,8,5,3,1,6
18103077,4,11,2,7,6
18103078,2,3,4,1,6
18103079,9,11,8,4,5
18103080,7,10,6,1,3
18103081,2,4,8,5,9
18103082,1,9,7,8,4
18103083,2,11,6,8,10
18103084,7,1,6,4,8
18103085,10,2,9,7,1
18103086,1,10,11,6,4
18103087,6,9,5,8,7
18103088,3,5,9,7,6
18103089,1,6,11,4,2
18103090,1,11,6,5,9
18103101,9,11,5,7,2
18103102,10,8,9,7,11
18103103,6,5,7,11,3
18103104,10,4,7,5,11
18103105,2,4,6,1,7
18103106,5,11,7,1,9
18103107,7,8,2,1,3
18103108,7,5,4,3,8
18103109,4,9,7,5,6
18103110,6,10,9,4,11
18103111,9,2,6,1,5
18103112,7,9,10,1,3
18103113,5,9,7,2,8
18103114,8,6,1,5,3
18103115,7,10,8,5,1
18103116,11,3,9,2,10
18103117,9,2,5,6,3
18103118,9,10,4,11,7
18103119,11,7,1,3,5
18103120,10,5,11,6,2
18103121,2,9,4,1,11
18103122,1,8,10,4,11
18103123,4,1,3,11,5
18103124,1,11,3,4,10
18103125,1,7,9,5,8
18103126,10,5,9,11,7
18103127,10,3,7,8,2
18103128,7,1,8,3,10
18103129,4,6,7,2,8
18103130,5,10,7,9,8
18103131,2,6,7,5,3
18103132,2,7,3,1,4
18103133,10,9,11,1,2
18103134,4,6,1,7,10
18103135,5,3,2,9,6
18103136,1,11,6,4,8
18103137,2,11,3,9,4
18103138,8,9,4,6,11
18103139,7,5,9,1,6
18103140,6,5,11,8,1
18103141,8,9,1,4,2
18103142,9,8,4,1,10
18103143,4,11,1,5,10
18103144,10,9,1,5,4
18103145,9,11,8,10,3
18103146,8,6,7,2,10
18103147,5,2,7,10,9
18103148,11,4,6,10,5
18103149,10,4,7,11,2
18103150,9,10,11,4,3
18103151,9,4,11,7,6
18103152,9,5,11,6,8
18103153,7,11,8,4,10
18103154,7,4,6,11,9
18103155,8,10,4,7,6
18103156,5,7,1,2,8
18103157,10,4,2,11,6
18103158,11,7,1,8,2
18103159,4,7,2,6,1
18103160,9,10,5,7,3
18103161,1,4,3,5,11
18103162,10,1,6,7,5
18103163,5,3,2,10,11
18103164,3,5,7,11,8
18103165,7,9,2,11,4
18103166,4,5,2,1,9
18103167,8,1,5,3,11
18103168,2,7,5,9,6
18103169,1,8,9,4,11
18103170,4,8,6,5,10
18103171,8,4,2,9,5
18103172,7,1,2,9,11
18103173,8,3,9,7,5
18103174,2,6,11,9,1
18103175,11,7,6,3,10
18103176,1,9,7,5,10
18103177,10,8,1,4,5
18103178,2,5,4,11,7
18103179,6,9,4,3,11
18103180,3,10,1,4,8
18103181,8,10,7,6,9
18103182,3,2,10,4,8
18103183,7,6,9,5,2
18103184,8,10,1,9,11
18103185,10,7,5,3,6
18103186,8,11,6,2,7
18103187,2,9,4,6,3
18103188,2,5,7,9,11
18103189,3,9,11,8,10
18103190,9,4,7,2,3
