18030101,10,1,2,3,8
18030102,8,11,3,4,7
18030103,3,7,6,10,5
18030104,7,1,8,4,9
18030105,5,7,9,2,10
18030106,2,10,6,8,3
18030107,5,4,2,8,10
18030108,1,6,11,7,4
18030109,8,6,5,7,11
18030110,11,8,4,6,3
18030111,1,2,4,9,3
18030112,1,7,4,2,10
18030113,2,5,1,7,9
18030114,10,5,11,1,9
18030115,1,9,8,5,10
18030116,9,10,4,8,2
18030117,6,8,5,10,2
18030118,11,7,9,2,4
18030119,3,10,4,8,11
18030120,5,1,4,6,9
18030121,11,1,5,4,9
18030122,7,3,5,4,11
18030123,10,7,6,11,1
18030124,11,3,8,9,6
18030125,10,7,2,8,3
18030126,4,9,10,5,1
18030127,3,2,8,5,7
18030128,9,4,8,7,3
18030129,10,8,11,6,7
18030130,10,11,6,9,8
18030131,10,3,6,9,8
18030132,3,4,5,6,10
18030133,1,8,10,6,4
18030134,2,7,1,6,4
18030135,3,9,4,8,10
18030136,4,7,1,11,5
18030137,9,3,4,2,11
18030138,11,10,6,7,5
18030139,7,5,8,11,2
18030140,5,7,10,11,3
18030141,8,7,6,1,4
18030142,6,4,11,3,7
18030143,5,11,4,8,10
18030144,5,3,4,8,11
18030145,10,8,5,9,6
18030146,8,2,6,10,4
18030147,8,10,6,4,5
18030148,6,10,3,7,9
18030149,5,3,6,9,11
18030150,3,9,5,1,7
18030151,6,11,5,9,1
18030152,10,5,11,7,2
18030153,11,5,6,4,8
18030154,8,3,1,4,9
18030155,10,6,5,11,4
18030156,5,7,11,9,3
18030157,1,6,9,11,8
18030158,8,2,6,7,11
18030159,1,8,6,5,4
18030160,1,11,5,10,4
18030161,5,10,3,1,4
18030162,1,8,3,9,2
18030163,7,5,1,3,2
18030164,3,5,10,1,9
18030165,2,9,5,1,10
18030166,3,7,10,8,4
18030167,4,7,10,3,2
18030168,3,4,11,1,5
18030169,11,1,6,7,5
18030170,3,11,6,9,8
18030171,1,4,10,7,8
18030172,6,9,4,10,1
18030173,2,4,9,5,3
18030174,4,1,11,9,7
18030175,9,1,3,2,6
18030176,9,1,11,4,2
18030177,6,5,9,8,4
18030178,5,3,1,11,4
18030179,10,8,9,7,2
18030180,4,10,3,2,7
18030181,7,5,1,2,4
18030182,6,8,9,1,7
18030183,2,6,1,4,8
18030184,6,1,5,7,10
18030185,2,1,6,11,7
18030186,11,10,7,6,5
18030187,10,4,5,9,2
18030188,4,1,11,7,3
18030189,11,2,6,3,1
18030190,9,3,6,2,7
18030201,11,4,1,2,5
18030202,6,8,9,1,3
18030203,6,4,10,2,7
18030204,10,7,8,5,11
18030205,1,7,4,6,3
18030206,9,5,7,1,6
18030207,1,6,9,8,11
18030208,9,11,8,6,10
18030209,11,7,9,5,1
18030210,2,11,3,1,9
18030211,9,11,3,7,10
18030212,10,5,4,7,1
18030213,8,10,9,7,1
18030214,7,10,8,4,9
18030215,8,5,11,4,3
18030216,5,7,3,1,10
18030217,5,6,4,1,11
18030218,11,6,7,3,9
18030219,10,7,6,3,4
18030220,9,11,2,10,5
18030221,4,7,10,1,9
18030222,9,3,11,8,2
18030223,9,5,2,4,3
18030224,4,10,11,8,6
18030225,1,8,3,2,6
18030226,6,1,9,4,5
18030227,2,3,1,7,6
18030228,1,8,6,3,10
18030229,4,2,5,1,9
18030230,9,2,6,3,4
18030231,6,9,11,7,2
18030232,7,4,8,2,5
18030233,2,8,6,9,11
18030234,9,8,11,3,5
18030235,7,6,5,8,3
18030236,4,9,7,3,11
18030237,6,9,10,11,8
18030238,9,2,7,6,4
18030239,4,6,1,8,9
18030240,5,8,9,4,2
18030241,6,4,8,5,1
18030242,3,11,9,5,7
18030243,1,2,11,9,3
18030244,6,5,10,8,4
18030245,7,3,11,10,6
18030246,10,11,3,1,7
18030247,4,5,11,8,7
18030248,7,5,3,8,6
18030249,8,4,2,9,11
18030250,5,2,6,8,11
18030251,1,4,8,10,11
18030252,5,10,9,4,2
18030253,11,8,7,6,1
18030254,7,1,11,6,2
18030255,3,7,1,5,10
18030256,6,9,10,2,11
18030257,8,2,4,6,11
18030258,9,11,6,8,1
18030259,9,11,7,2,1
18030260,2,4,7,1,11
18030261,10,4,5,7,9
18030262,8,11,10,7,9
18030263,5,8,1,3,9
18030264,4,9,3,8,5
18030265,7,5,6,8,2
18030266,10,3,2,1,6
18030267,3,8,1,9,7
18030268,6,3,5,10,7
18030269,8,2,7,10,11
18030270,7,8,1,4,5
18030271,10,11,2,1,3
18030272,3,2,11,8,7
18030273,8,11,9,2,5
18030274,11,1,10,2,9
18030275,7,1,4,9,6
18030276,8,4,9,7,10
18030277,10,2,7,3,9
18030278,9,5,6,8,3
18030279,10,4,5,6,9
18030280,9,3,5,2,7
18030281,8,1,5,6,11
18030282,3,10,7,8,5
18030283,2,3,9,11,7
18030284,11,6,4,1,9
18030285,8,2,4,7,9
18030286,2,3,10,5,9
18030287,9,8,10,11,1
18030288,6,7,11,9,2
18030289,5,7,1,2,9
18030290,8,5,1,11,4
18030301,6,10,4,7,11
18030302,9,1,11,4,3
18030303,6,2,8,1,3
18030304,7,1,11,6,5
18030305,6,2,5,4,1
18030306,5,10,9,4,11
18030307,11,3,8,10,4
18030308,6,3,4,9,1
18030309,9,6,3,10,1
18030310,4,9,5,10,1
18030311,8,7,9,4,11
18030312,8,3,5,6,9
18030313,10,5,4,2,7
18030314,3,8,10,1,4
18030315,11,2,8,3,4
18030316,10,5,1,6,7
18030317,9,2,11,7,6
18030318,6,5,9,11,1
18030319,2,7,5,3,4
18030320,1,9,8,4,5
18030321,5,2,10,11,3
18030322,8,7,11,9,10
18030323,2,5,3,6,7
18030324,8,5,6,2,10
18030325,5,8,3,2,7
18030326,6,5,2,11,3
18030327,10,1,2,5,3
18030328,8,1,10,2,7
18030329,4,3,1,5,10
18030330,11,9,8,5,3
18030331,8,9,7,11,6
18030332,1,2,6,10,5
18030333,4,6,11,5,10
18030334,5,8,2,10,1
18030335,5,1,7,6,10
18030336,11,6,2,3,1
18030337,8,5,7,11,9
18030338,5,4,10,8,7
18030339,1,8,7,9,6
18030340,8,1,3,10,7
18030341,10,11,7,1,5
18030342,11,5,4,8,1
18030343,11,10,8,3,6
18030344,4,7,9,11,10
18030345,5,4,1,2,6
18030346,10,9,2,7,1
18030347,11,6,4,2,7
18030348,3,8,7,11,1
18030349,4,2,10,6,11
18030350,4,1,11,9,7
18030351,4,9,6,8,1
18030352,4,6,3,8,9
18030353,3,6,5,1,2
18030354,5,1,7,4,3
18030355,7,6,3,2,4
18030356,2,3,10,7,1
18030357,3,1,6,7,9
18030358,5,8,10,4,2
18030359,11,7,5,10,4
18030360,3,7,1,9,2
18030361,1,4,2,5,10
18030362,1,7,11,10,8
18030363,8,2,5,3,4
18030364,6,7,11,5,2
18030365,6,1,8,11,3
18030366,1,2,8,6,7
18030367,1,3,8,7,2
18030368,3,8,5,9,11
18030369,8,5,9,11,10
18030370,9,3,10,8,4
18030371,9,1,5,4,3
18030372,7,1,9,5,6
18030373,4,10,3,8,9
18030374,9,8,10,7,2
18030375,9,2,10,5,11
18030376,11,8,9,7,6
18030377,10,2,3,6,1
18030378,1,5,10,3,6
18030379,9,7,1,10,11
18030380,11,3,10,7,6
18030381,7,1,10,8,9
18030382,8,5,4,7,11
18030383,8,11,7,6,9
18030384,9,8,2,7,1
18030385,8,9,10,5,3
18030386,5,1,7,11,2
18030387,7,9,2,11,6
18030388,4,10,3,7,9
18030389,10,1,3,7,6
18030390,7,6,4,3,9
18030401,7,4,1,2,5
18030402,2,5,3,7,6
18030403,1,6,10,9,3
18030404,6,10,3,7,1
18030405,5,7,1,9,4
18030406,3,5,1,8,6
18030407,9,11,4,10,2
18030408,8,2,10,4,7
18030409,6,7,5,1,8
18030410,8,6,11,5,2
18030411,5,11,2,6,10
18030412,9,2,6,4,5
18030413,7,9,6,8,2
18030414,1,6,8,4,5
18030415,8,3,10,7,11
18030416,7,2,6,4,9
18030417,6,11,2,9,1
18030418,6,1,11,3,7
18030419,6,11,2,4,1
18030420,1,4,10,7,5
18030421,10,1,11,3,8
18030422,5,1,6,10,2
18030423,8,9,1,4,5
18030424,7,4,1,5,2
18030425,3,10,6,7,8
18030426,1,4,7,10,3
18030427,7,3,8,6,9
18030428,9,2,6,7,5
18030429,3,11,5,8,1
18030430,10,7,6,8,5
18030431,8,7,10,5,2
18030432,4,9,5,6,3
18030433,11,9,5,8,3
18030434,7,11,9,8,4
18030435,2,5,7,4,1
18030436,8,1,4,2,3
18030437,7,9,10,5,6
18030438,10,8,1,2,7
18030439,7,11,5,2,1
18030440,1,11,5,8,10
18030441,11,4,3,5,9
18030442,4,1,10,9,5
18030443,3,2,5,6,7
18030444,8,4,1,7,6
18030445,9,2,11,7,6
18030446,5,7,2,1,8
18030447,6,5,11,3,7
18030448,11,5,1,4,3
18030449,1,6,9,7,11
18030450,1,3,4,6,2
18030451,8,11,5,6,1
18030452,8,4,9,2,6
18030453,11,8,10,2,9
18030454,5,2,7,4,11
18030455,6,1,8,5,10
18030456,6,11,1,7,2
18030457,4,8,10,9,5
18030458,8,1,9,10,7
18030459,8,6,7,2,3
18030460,3,10,5,11,9
18030461,2,5,10,8,4
18030462,5,2,11,3,7
18030463,1,11,7,10,3
18030464,2,5,7,11,6
18030465,5,7,4,3,9
18030466,3,8,4,5,2
18030467,7,2,9,4,5
18030468,2,6,11,9,4
18030469,8,4,2,11,1
18030470,2,1,4,6,8
18030471,8,11,4,2,5
18030472,2,6,8,11,4
18030473,6,2,8,11,7
18030474,10,8,3,5,7
18030475,8,9,11,10,2
18030476,10,2,6,5,9
18030477,6,1,10,5,8
18030478,5,2,4,3,1
18030479,10,11,5,2,4
18030480,2,3,1,7,6
18030481,10,5,2,3,8
18030482,1,2,5,9,11
18030483,8,10,11,4,3
18030484,1,5,6,9,11
18030485,10,5,11,6,9
18030486,10,8,7,9,4
18030487,8,5,1,11,10
18030488,5,2,3,1,8
18030489,3,8,7,4,10
18030490,6,9,7,1,4
18030501,7,10,6,8,1
18030502,10,4,5,1,7
18030503,2,8,1,3,6
18030504,8,7,1,2,3
18030505,7,11,4,8,6
18030506,10,1,11,7,6
18030507,3,10,4,2,7
18030508,8,4,5,11,10
18030509,8,9,7,1,3
18030510,1,6,3,8,11
18030511,6,8,11,2,5
18030512,7,4,9,11,6
18030513,5,4,8,9,7
18030514,7,6,10,9,2
18030515,7,5,3,4,1
18030516,11,8,5,3,1
18030517,11,2,3,9,8
18030518,11,2,10,4,3
18030519,8,9,10,7,1
18030520,9,1,10,4,8
18030521,3,5,7,8,2
18030522,4,7,10,5,11
18030523,4,5,10,3,9
18030524,11,8,7,10,3
18030525,7,4,10,3,6
18030526,10,5,11,2,3
18030527,8,5,3,4,6
18030528,4,3,1,8,9
18030529,11,3,6,8,5
18030530,7,4,5,1,10
18030531,2,9,8,4,5
18030532,7,4,9,2,1
18030533,5,8,11,6,7
18030534,2,8,9,4,1
18030535,1,2,4,3,5
18030536,3,9,5,2,6
18030537,4,8,11,2,6
18030538,6,3,1,9,2
18030539,3,6,11,2,8
18030540,1,3,2,5,7
18030541,4,8,6,1,7
18030542,8,7,5,11,3
18030543,1,3,4,8,7
18030544,6,2,10,11,4
18030545,7,4,9,6,10
18030546,2,4,6,11,9
18030547,11,8,7,4,2
18030548,3,6,1,10,8
18030549,8,4,11,6,1
18030550,1,9,5,4,3
18030551,4,8,6,3,11
18030552,6,7,5,10,8
18030553,10,7,9,6,8
18030554,11,10,3,9,5
18030555,11,1,9,3,5
18030556,9,6,2,7,4
18030557,11,6,3,2,1
18030558,10,6,8,2,1
18030559,1,5,4,8,3
18030560,2,3,7,4,1
18030561,4,10,9,6,8
18030562,8,5,2,9,3
18030563,9,5,4,10,2
18030564,6,4,11,9,8
18030565,6,8,11,3,5
18030566,3,4,1,8,7
18030567,2,6,7,1,5
18030568,7,9,6,5,4
18030569,7,11,4,6,3
18030570,10,4,1,3,2
18030571,1,9,4,11,8
18030572,2,3,6,5,11
18030573,9,11,1,7,5
18030574,10,7,11,8,4
18030575,6,2,4,3,10
18030576,2,4,8,7,6
18030577,1,5,2,11,10
18030578,7,4,9,3,6
18030579,3,2,1,7,8
18030580,4,2,6,11,1
18030581,3,2,7,11,4
18030582,2,5,8,6,1
18030583,4,6,5,10,2
18030584,9,8,7,1,6
18030585,2,1,8,9,5
18030586,9,11,6,7,4
18030587,9,1,5,7,11
18030588,6,5,10,3,1
18030589,8,3,2,1,7
18030590,2,10,1,7,8
18030601,2,7,10,1,6
18030602,10,1,9,8,7
18030603,4,7,10,8,5
18030604,10,8,1,3,5
18030605,9,11,2,8,10
18030606,6,8,2,9,3
18030607,9,4,5,8,6
18030608,7,1,10,8,5
18030609,9,6,11,4,10
18030610,3,4,7,5,6
18030611,11,5,6,7,10
18030612,10,4,7,1,6
18030613,5,1,2,6,9
18030614,11,4,8,2,1
18030615,5,10,9,6,7
18030616,9,2,3,5,7
18030617,9,11,3,6,10
18030618,3,10,7,5,11
18030619,4,6,8,1,5
18030620,2,9,5,1,4
18030621,1,9,3,8,2
18030622,3,7,8,5,9
18030623,9,8,5,6,11
18030624,4,7,3,5,11
18030625,5,11,9,7,3
18030626,10,2,3,1,9
18030627,7,6,1,3,2
18030628,10,5,8,11,2
18030629,5,2,11,9,3
18030630,7,9,4,1,3
18030631,10,4,3,11,6
18030632,8,9,5,1,4
18030633,3,5,6,10,1
18030634,6,8,2,11,9
18030635,3,1,10,5,7
18030636,2,7,1,10,5
18030637,10,1,8,5,11
18030638,3,10,4,9,2
18030639,5,3,1,8,7
18030640,2,7,9,1,6
18030641,11,6,8,10,5
18030642,9,6,7,10,1
18030643,8,6,7,1,3
18030644,8,5,9,10,11
18030645,1,10,3,11,5
18030646,11,1,3,4,7
18030647,11,5,9,8,1
18030648,6,10,3,2,9
18030649,5,9,1,7,6
18030650,1,2,11,4,7
18030651,3,10,4,5,8
18030652,11,7,10,3,1
18030653,7,3,2,9,11
18030654,7,3,5,2,6
18030655,6,9,3,7,1
18030656,3,11,10,8,6
18030657,1,8,10,5,9
18030658,2,4,9,3,8
18030659,10,2,6,11,1
18030660,8,1,4,5,11
18030661,11,10,9,3,7
18030662,7,8,1,3,9
18030663,5,7,8,11,3
18030664,5,3,10,6,8
18030665,7,8,3,4,5
18030666,9,4,2,11,6
18030667,9,5,2,8,6
18030668,7,11,6,10,3
18030669,3,10,7,5,9
18030670,8,1,9,5,3
18030671,2,5,8,4,3
18030672,2,6,7,1,11
18030673,9,11,10,6,5
18030674,3,7,4,6,9
18030675,2,9,1,6,10
18030676,7,5,8,3,11
18030677,4,11,8,2,9
18030678,9,3,1,7,2
18030679,8,3,7,10,11
18030680,6,11,9,8,2
18030681,8,5,4,10,11
18030682,2,5,7,1,11
18030683,3,4,10,5,11
18030684,5,9,2,3,1
18030685,3,11,10,7,5
18030686,1,11,7,5,9
18030687,3,5,9,11,10
18030688,6,3,8,1,4
18030689,8,9,4,7,6
18030690,7,9,11,10,6
18030701,2,8,7,10,6
18030702,6,8,4,7,3
18030703,4,1,8,11,2
18030704,4,1,8,2,6
18030705,11,10,3,5,9
18030706,11,3,8,9,4
18030707,6,3,10,2,11
18030708,1,3,9,7,4
18030709,10,9,3,4,6
18030710,11,8,9,2,4
18030711,10,1,11,6,7
18030712,2,5,4,10,8
18030713,7,6,9,5,11
18030714,2,8,9,4,1
18030715,9,10,3,5,1
18030716,10,3,6,5,1
18030717,8,5,6,4,9
18030718,11,5,10,4,6
18030719,2,8,4,3,9
18030720,8,5,11,9,4
18030721,8,4,7,1,9
18030722,6,5,4,1,8
18030723,11,4,6,2,10
18030724,2,11,8,9,10
18030725,8,9,2,7,6
18030726,4,11,6,3,9
18030727,11,6,3,10,2
18030728,10,4,6,9,8
18030729,9,7,10,5,4
18030730,8,1,3,4,5
18030731,7,8,5,1,9
18030732,8,4,7,10,1
18030733,3,10,9,1,6
18030734,8,11,10,3,2
18030735,5,4,3,9,7
18030736,2,7,4,6,1
18030737,4,7,3,11,6
18030738,7,11,8,10,4
18030739,7,9,10,6,8
18030740,3,9,2,11,8
18030741,7,9,5,1,2
18030742,6,5,1,4,3
18030743,10,11,7,1,8
18030744,4,3,11,9,5
18030745,2,5,11,9,8
18030746,6,5,3,10,2
18030747,9,11,2,3,8
18030748,4,6,11,9,5
18030749,6,7,2,11,3
18030750,8,2,3,7,10
18030751,2,7,10,8,1
18030752,2,6,3,10,7
18030753,10,11,1,2,5
18030754,5,6,11,2,9
18030755,6,8,3,10,7
18030756,5,11,8,6,2
18030757,3,8,7,11,10
18030758,11,4,6,10,1
18030759,10,9,7,5,6
18030760,11,4,1,2,6
18030761,6,9,4,7,2
18030762,8,9,3,1,7
18030763,10,3,5,8,9
18030764,11,2,10,3,7
18030765,5,11,7,3,6
18030766,10,7,3,8,5
18030767,11,2,1,7,8
18030768,1,3,9,5,2
18030769,6,9,8,10,5
18030770,3,2,4,1,6
18030771,10,2,6,7,9
18030772,10,8,4,6,2
18030773,11,9,3,1,8
18030774,9,6,2,8,4
18030775,11,3,4,8,1
18030776,11,1,3,7,6
18030777,4,8,11,7,2
18030778,10,9,11,1,8
18030779,9,2,7,6,5
18030780,5,2,8,6,4
18030781,6,9,10,4,2
18030782,6,5,1,10,2
18030783,5,3,2,11,10
18030784,2,3,6,7,5
18030785,1,9,11,3,4
18030786,5,6,3,8,9
18030787,7,10,8,6,4
18030788,10,7,2,4,5
18030789,11,10,4,8,6
18030790,9,8,6,4,11
18030801,7,6,9,2,10
18030802,5,8,3,4,10
18030803,1,10,6,11,3
18030804,6,8,9,2,4
18030805,2,4,7,8,11
18030806,2,4,11,3,6
18030807,1,5,6,2,3
18030808,4,2,3,5,10
18030809,1,9,5,7,6
18030810,10,9,2,1,8
18030811,6,1,7,4,9
18030812,11,1,4,8,9
18030813,5,2,11,8,6
18030814,4,3,1,6,9
18030815,5,8,10,4,11
18030816,10,1,6,9,8
18030817,5,9,3,7,8
18030818,2,10,7,6,1
18030819,9,2,11,8,3
18030820,10,8,7,2,3
18030821,2,3,6,7,10
18030822,5,4,8,9,3
18030823,7,3,8,6,5
18030824,9,2,5,6,1
18030825,8,5,3,11,10
18030826,4,7,2,9,1
18030827,4,7,6,1,8
18030828,8,1,4,2,11
18030829,2,9,5,3,7
18030830,10,11,1,7,2
18030831,2,1,4,9,6
18030832,4,11,10,7,1
18030833,4,9,8,10,5
18030834,7,6,4,8,1
18030835,5,2,6,11,9
18030836,3,10,5,7,4
18030837,8,3,6,2,10
18030838,9,4,1,7,3
18030839,4,9,7,11,1
18030840,6,3,10,7,8
18030841,4,6,10,9,5
18030842,11,10,6,9,8
18030843,11,2,4,8,9
18030844,2,3,6,4,7
18030845,7,4,1,11,3
18030846,7,4,6,1,2
18030847,5,11,7,9,2
18030848,1,8,2,7,11
18030849,4,1,10,8,9
18030850,2,9,7,10,6
18030851,9,5,10,11,2
18030852,11,7,8,4,5
18030853,8,9,6,10,4
18030854,8,7,11,5,2
18030855,6,4,8,3,10
18030856,9,11,10,3,7
18030857,9,1,4,3,10
18030858,11,2,1,9,10
18030859,9,5,4,10,8
18030860,11,9,2,3,6
18030861,5,7,1,11,6
18030862,7,11,1,6,2
18030863,2,7,5,8,11
18030864,11,7,5,9,6
18030865,1,9,11,8,6
18030866,11,10,7,3,6
18030867,6,8,7,4,2
18030868,5,8,9,3,1
18030869,6,1,7,3,2
18030870,9,1,7,4,3
18030871,4,2,8,6,3
18030872,3,7,5,1,11
18030873,4,8,11,9,6
18030874,2,3,11,6,7
18030875,4,3,8,1,6
18030876,1,3,9,8,2
18030877,10,8,5,11,6
18030878,3,8,5,7,4
18030879,1,11,2,6,9
18030880,9,11,7,8,6
18030881,1,3,9,10,5
18030882,2,6,9,11,3
18030883,5,6,4,7,9
18030884,1,5,2,4,11
18030885,9,7,10,8,3
18030886,11,5,7,3,2
18030887,4,10,2,7,5
18030888,7,6,11,1,3
18030889,7,6,2,1,8
18030890,7,10,3,9,11
18030901,6,10,5,4,11
18030902,6,10,1,2,8
18030903,8,2,7,6,11
18030904,1,7,11,6,5
18030905,11,2,10,4,5
18030906,2,9,7,6,8
18030907,3,4,1,6,5
18030908,5,10,8,9,4
18030909,4,5,9,2,11
18030910,10,2,11,4,1
18030911,5,6,2,3,9
18030912,6,9,1,10,7
18030913,11,2,6,5,7
18030914,6,3,11,9,2
18030915,1,5,6,7,8
18030916,10,8,5,9,11
18030917,9,4,1,6,5
18030918,7,10,4,1,2
18030919,9,8,11,3,6
18030920,1,9,10,11,2
18030921,7,10,3,9,4
18030922,3,8,4,2,7
18030923,1,10,4,6,7
18030924,8,6,9,2,3
18030925,3,4,6,7,1
18030926,2,5,6,3,7
18030927,3,5,11,6,2
18030928,1,7,2,11,10
18030929,9,7,1,11,5
18030930,11,3,1,7,6
18030931,6,1,4,10,9
18030932,9,2,4,5,11
18030933,10,4,2,7,11
18030934,2,6,8,9,5
18030935,7,2,3,9,1
18030936,10,7,11,1,3
18030937,3,5,9,2,8
18030938,1,7,6,3,4
18030939,10,4,6,11,1
18030940,6,8,4,2,1
18030941,11,3,7,10,9
18030942,1,10,8,7,9
18030943,7,2,4,1,8
18030944,10,4,2,5,1
18030945,5,10,9,2,8
18030946,10,5,6,3,1
18030947,1,11,9,5,3
18030948,8,7,1,2,6
18030949,2,10,11,9,8
18030950,2,9,11,6,1
18030951,2,4,3,1,5
18030952,10,6,1,9,2
18030953,1,4,9,11,8
18030954,4,1,2,8,9
18030955,8,4,11,9,6
18030956,7,8,3,4,6
18030957,5,1,2,3,11
18030958,10,4,11,6,1
18030959,1,3,6,10,11
18030960,6,8,4,11,3
18030961,9,8,7,6,10
18030962,11,2,1,7,3
18030963,1,7,2,5,3
18030964,5,10,9,4,3
18030965,10,3,2,1,6
18030966,2,7,5,3,10
18030967,5,8,10,1,9
18030968,3,1,11,6,7
18030969,5,11,3,10,9
18030970,10,9,2,7,6
18030971,5,9,1,8,6
18030972,3,2,10,11,9
18030973,2,7,5,6,11
18030974,11,6,1,10,2
18030975,1,7,4,3,11
18030976,1,4,10,2,7
18030977,5,3,1,2,8
18030978,8,6,10,3,7
18030979,3,4,8,10,11
18030980,11,2,5,6,1
18030981,10,8,2,9,6
18030982,10,7,5,11,6
18030983,1,7,6,8,2
18030984,6,1,8,9,11
18030985,3,2,10,8,1
18030986,11,8,2,9,10
18030987,4,11,5,3,6
18030988,7,1,5,3,11
18030989,11,7,9,6,1
18030990,10,1,4,7,8
18031001,5,9,7,8,11
18031002,10,6,5,4,1
18031003,8,2,1,7,5
18031004,8,4,1,3,7
18031005,9,11,3,4,7
18031006,4,11,10,9,2
18031007,1,5,10,6,7
18031008,6,1,10,11,3
18031009,1,7,11,10,9
18031010,9,4,5,10,8
18031011,6,9,10,8,4
18031012,7,9,4,3,2
18031013,3,2,4,5,7
18031014,5,10,7,3,8
18031015,11,7,1,3,8
18031016,4,6,2,3,1
18031017,4,1,3,6,11
18031018,1,6,5,9,4
18031019,7,2,6,9,11
18031020,8,9,6,10,1
18031021,7,3,9,8,2
18031022,4,3,9,1,2
18031023,7,10,5,1,9
18031024,6,9,5,8,7
18031025,10,6,1,5,9
18031026,6,10,9,7,4
18031027,8,4,2,9,1
18031028,10,4,7,5,9
18031029,7,3,11,9,1
18031030,3,2,4,7,10
18031031,9,6,5,7,1
18031032,10,1,6,11,5
18031033,3,4,11,5,6
18031034,6,7,1,4,3
18031035,11,5,8,3,1
18031036,10,7,8,5,6
18031037,6,8,10,1,3
18031038,1,2,4,3,8
18031039,2,6,3,1,5
18031040,7,2,10,11,9
18031041,9,7,3,10,8
18031042,5,9,8,7,6
18031043,2,11,8,6,5
18031044,3,10,6,9,11
18031045,3,4,5,9,6
18031046,1,6,3,7,10
18031047,8,7,6,4,3
18031048,10,5,6,11,4
18031049,3,2,6,4,5
18031050,2,8,5,7,6
18031051,7,9,1,10,3
18031052,7,2,3,11,5
18031053,8,5,4,2,9
18031054,4,8,11,1,3
18031055,5,3,6,10,2
18031056,3,5,10,7,9
18031057,11,9,10,6,2
18031058,11,10,7,2,3
18031059,2,3,10,6,9
18031060,11,9,8,4,2
18031061,6,5,8,2,10
18031062,7,6,1,4,3
18031063,9,6,3,11,1
18031064,2,6,9,7,10
18031065,6,4,7,5,9
18031066,5,6,9,2,4
18031067,9,11,6,1,7
18031068,3,5,8,11,10
18031069,7,3,5,2,10
18031070,11,5,6,7,8
18031071,8,7,2,10,4
18031072,2,1,10,9,6
18031073,4,10,2,8,9
18031074,7,10,2,6,9
18031075,2,10,4,7,11
18031076,8,11,3,6,10
18031077,8,9,10,4,11
18031078,10,8,3,11,7
18031079,3,4,11,7,9
18031080,6,10,9,7,11
18031081,1,10,5,11,3
18031082,11,6,7,2,4
18031083,7,1,2,11,8
18031084,4,5,1,3,11
18031085,10,4,5,3,8
18031086,1,11,7,8,10
18031087,5,9,4,8,6
18031088,7,10,1,8,4
18031089,9,11,1,5,3
18031090,1,2,10,4,11
18031101,8,7,6,4,3
18031102,4,2,11,10,6
18031103,3,5,9,2,8
18031104,7,6,10,9,8
18031105,11,7,6,10,3
18031106,9,5,3,7,10
18031107,1,7,5,2,6
18031108,3,7,6,4,1
18031109,10,8,3,5,7
18031110,5,7,6,3,9
18031111,6,1,11,10,3
18031112,4,1,9,10,2
18031113,2,6,5,11,8
18031114,6,2,10,3,8
18031115,8,7,2,5,9
18031116,2,1,3,11,6
18031117,6,5,2,8,1
18031118,10,5,2,6,9
18031119,8,5,11,6,1
18031120,5,10,2,4,8
18031121,2,8,9,6,10
18031122,1,9,5,2,6
18031123,1,5,4,9,8
18031124,5,9,4,3,7
18031125,4,2,3,6,7
18031126,8,4,6,11,9
18031127,2,3,11,6,9
18031128,5,10,2,8,1
18031129,10,7,3,2,8
18031130,3,5,1,6,9
18031131,3,1,6,2,10
18031132,11,7,3,1,8
18031133,3,9,8,6,11
18031134,10,4,8,3,2
18031135,8,3,7,9,4
18031136,8,1,4,2,5
18031137,8,3,9,4,5
18031138,8,1,3,2,6
18031139,5,3,10,4,1
18031140,2,3,7,5,4
18031141,10,4,6,9,7
18031142,6,9,3,2,11
18031143,10,7,2,8,11
18031144,9,1,7,2,5
18031145,2,6,10,11,3
18031146,5,2,1,11,4
18031147,1,8,7,11,4
18031148,3,2,4,9,1
18031149,3,5,11,9,2
18031150,10,7,3,1,8
18031151,2,4,1,5,8
18031152,2,10,1,4,8
18031153,5,9,11,4,10
18031154,7,9,10,5,8
18031155,3,5,9,4,2
18031156,6,8,3,9,4
18031157,11,5,2,7,1
18031158,5,4,7,2,6
18031159,5,2,8,7,1
18031160,4,5,10,8,11
18031161,1,10,2,6,3
18031162,9,8,10,2,1
18031163,10,2,3,1,4
18031164,6,5,7,9,2
18031165,11,9,3,6,1
18031166,1,9,5,3,8
18031167,3,5,10,11,4
18031168,9,11,1,6,10
18031169,8,3,4,7,11
18031170,6,7,3,9,8
18031171,7,6,5,1,10
18031172,5,9,10,6,2
18031173,10,9,3,4,8
18031174,6,11,9,4,7
18031175,4,7,5,3,6
18031176,8,6,4,1,5
18031177,11,4,8,6,7
18031178,3,2,7,8,6
18031179,3,5,4,7,2
18031180,8,3,6,11,1
18031181,6,10,8,11,5
18031182,3,11,9,7,1
18031183,7,9,6,8,2
18031184,4,11,8,6,9
18031185,10,4,2,1,3
18031186,9,4,10,7,1
18031187,10,9,1,4,5
18031188,3,8,9,5,6
18031189,2,8,7,10,5
18031190,1,6,5,9,7
18031201,4,2,3,5,8
18031202,8,3,9,6,7
18031203,7,1,10,6,11
18031204,1,10,9,11,5
18031205,2,10,8,4,1
18031206,7,9,1,10,3
18031207,9,3,8,5,11
18031208,5,2,3,10,1
18031209,8,9,2,7,5
18031210,9,4,5,10,1
18031211,10,2,7,9,8
18031212,4,10,8,2,1
18031213,9,4,2,3,6
18031214,6,8,1,3,10
18031215,6,5,1,3,10
18031216,9,11,8,2,6
18031217,11,7,5,6,4
18031218,9,6,1,8,11
18031219,8,11,10,6,4
18031220,9,11,5,8,3
18031221,1,3,8,7,11
18031222,5,3,1,9,10
18031223,9,3,7,5,10
18031224,11,9,3,5,10
18031225,8,1,4,5,3
18031226,4,6,7,5,8
18031227,2,1,3,7,10
18031228,5,4,3,9,2
18031229,1,2,7,3,8
18031230,8,6,9,7,3
18031231,7,9,1,4,5
18031232,8,7,9,10,3
18031233,2,11,4,9,8
18031234,4,9,8,2,5
18031235,2,7,3,1,4
18031236,6,5,4,1,10
18031237,11,4,1,5,6
18031238,8,4,10,6,1
18031239,5,2,9,10,11
18031240,7,5,6,3,4
18031241,1,8,4,9,7
18031242,10,1,8,6,7
18031243,2,1,6,9,3
18031244,11,7,1,6,4
18031245,11,3,1,8,4
18031246,5,1,6,7,4
18031247,10,7,3,11,5
18031248,11,5,9,6,10
18031249,11,1,9,4,7
18031250,2,8,10,11,3
18031251,8,11,1,7,5
18031252,2,9,1,3,7
18031253,2,10,6,1,8
18031254,7,11,2,6,1
18031255,5,2,6,8,10
18031256,6,4,9,1,5
18031257,9,11,4,10,2
18031258,2,7,4,5,6
18031259,11,7,4,6,8
18031260,8,3,9,10,11
18031261,10,7,8,5,6
18031262,3,9,4,2,11
18031263,5,9,7,11,4
18031264,7,10,1,4,8
18031265,9,11,10,4,2
18031266,10,9,2,5,7
18031267,11,8,10,6,9
18031268,11,10,4,5,8
18031269,5,1,9,11,6
18031270,9,4,7,2,1
18031271,4,6,11,2,10
18031272,1,9,11,7,10
18031273,11,9,3,6,8
18031274,4,1,11,10,6
18031275,8,10,7,2,4
18031276,8,5,6,4,10
18031277,4,8,3,6,9
18031278,11,9,4,3,7
18031279,6,7,3,5,1
18031280,7,1,9,6,4
18031281,3,9,7,11,4
18031282,3,5,7,2,8
18031283,4,9,5,6,1
18031284,5,9,1,10,2
18031285,11,5,4,6,10
18031286,6,5,1,10,2
18031287,6,4,10,2,11
18031288,3,11,9,5,6
18031289,9,7,10,11,6
18031290,2,8,3,6,5
18031301,11,6,9,5,8
18031302,9,1,8,11,6
18031303,5,3,7,2,1
18031304,1,11,7,6,10
18031305,9,4,7,10,6
18031306,3,11,5,4,8
18031307,8,3,10,9,11
18031308,7,6,11,10,4
18031309,2,4,9,1,6
18031310,3,5,9,8,4
18031311,9,11,2,1,4
18031312,1,3,6,10,9
18031313,5,11,2,1,6
18031314,10,6,8,3,11
18031315,1,6,10,4,9
18031316,7,1,11,8,9
18031317,10,3,11,9,8
18031318,10,7,1,11,8
18031319,8,7,10,1,5
18031320,5,3,6,7,10
18031321,6,2,5,9,8
18031322,11,6,8,3,7
18031323,10,5,8,9,4
18031324,5,7,10,2,3
18031325,3,8,7,5,6
18031326,6,8,2,9,10
18031327,11,1,9,2,8
18031328,1,4,8,5,7
18031329,8,5,11,4,9
18031330,3,7,9,6,2
18031331,2,1,9,11,4
18031332,6,5,11,3,1
18031333,9,1,7,11,10
18031334,3,2,11,4,7
18031335,3,2,5,8,6
18031336,2,11,3,4,9
18031337,4,9,7,10,6
18031338,11,9,5,8,1
18031339,1,3,2,4,9
18031340,4,5,10,7,3
18031341,4,6,9,10,8
18031342,8,1,7,9,6
18031343,2,8,11,3,6
18031344,8,1,4,10,7
18031345,7,9,6,8,5
18031346,1,6,7,2,5
18031347,10,5,2,1,7
18031348,9,7,1,8,3
18031349,1,8,6,10,9
18031350,4,3,6,1,2
18031351,8,7,9,10,11
18031352,11,8,9,4,10
18031353,2,8,4,9,5
18031354,8,9,1,2,3
18031355,9,3,11,7,1
18031356,3,1,11,4,6
18031357,9,3,5,2,11
18031358,3,2,4,7,1
18031359,7,4,11,3,6
18031360,4,6,1,2,3
18031361,8,9,6,1,4
18031362,2,6,1,4,10
18031363,11,10,1,7,9
18031364,8,7,10,2,4
18031365,10,4,8,11,9
18031366,7,1,6,9,8
18031367,2,5,8,3,4
18031368,1,7,11,3,9
18031369,6,2,1,9,10
18031370,7,3,11,8,10
18031371,8,9,5,6,2
18031372,10,9,6,3,4
18031373,8,9,2,5,11
18031374,7,2,9,11,8
18031375,4,6,2,9,7
18031376,1,9,2,8,6
18031377,6,9,5,3,1
18031378,11,8,1,4,3
18031379,6,5,4,8,11
18031380,1,11,7,5,8
18031381,9,10,5,11,7
18031382,6,2,11,8,5
18031383,11,2,9,8,5
18031384,6,4,9,3,8
18031385,6,1,11,3,9
18031386,4,2,8,6,5
18031387,4,7,8,5,6
18031388,9,2,1,6,10
18031389,9,8,4,7,6
18031390,4,6,2,10,7
18031401,3,1,9,7,10
18031402,2,9,4,11,7
18031403,3,4,2,7,6
18031404,11,4,8,7,10
18031405,3,9,5,2,6
18031406,8,3,4,1,5
18031407,6,11,10,4,7
18031408,8,3,5,7,6
18031409,7,9,4,2,6
18031410,9,4,5,2,11
18031411,7,4,10,8,9
18031412,9,6,1,11,2
18031413,6,8,10,1,7
18031414,4,6,10,9,1
18031415,11,2,3,10,1
18031416,6,3,10,5,8
18031417,7,9,4,8,3
18031418,8,5,1,3,10
18031419,5,9,7,2,6
18031420,8,1,10,11,4
18031421,6,10,11,9,4
18031422,5,4,8,3,10
18031423,1,4,5,2,8
18031424,10,3,9,7,5
18031425,10,5,3,2,1
18031426,10,7,3,11,1
18031427,3,2,10,5,1
18031428,8,4,1,9,10
18031429,11,6,8,9,3
18031430,9,7,6,1,5
18031431,11,3,6,5,10
18031432,1,2,8,6,4
18031433,9,3,8,2,6
18031434,6,1,4,11,7
18031435,1,8,6,4,5
18031436,11,2,7,5,3
18031437,8,2,9,6,7
18031438,4,8,1,11,5
18031439,9,10,3,5,2
18031440,4,10,5,9,2
18031441,6,8,2,7,5
18031442,10,7,9,1,11
18031443,3,4,2,11,6
18031444,1,3,8,2,4
18031445,3,5,2,8,11
18031446,10,1,9,5,8
18031447,4,5,8,11,6
18031448,2,11,8,7,3
18031449,4,1,11,2,6
18031450,5,4,8,6,3
18031451,9,1,3,6,8
18031452,1,5,3,8,9
18031453,11,5,8,3,2
18031454,11,6,10,5,8
18031455,6,10,7,5,9
18031456,11,5,3,8,4
18031457,7,10,8,6,4
18031458,9,6,8,7,4
18031459,11,1,5,2,8
18031460,9,7,6,2,5
18031461,6,7,3,5,9
18031462,4,11,8,2,1
18031463,5,9,3,11,7
18031464,3,6,7,10,4
18031465,4,10,11,3,9
18031466,9,5,4,1,7
18031467,6,1,7,5,8
18031468,8,10,7,6,11
18031469,2,10,5,1,8
18031470,5,11,10,1,8
18031471,9,7,8,2,11
18031472,2,10,11,3,6
18031473,8,5,6,10,2
18031474,7,1,5,10,6
18031475,5,3,2,6,4
18031476,3,9,8,5,2
18031477,11,2,1,4,6
18031478,10,11,3,1,7
18031479,8,6,9,7,1
18031480,4,2,8,7,6
18031481,2,3,8,7,11
18031482,5,11,8,3,7
18031483,5,2,7,8,6
18031484,3,11,9,7,5
18031485,1,5,9,2,3
18031486,8,10,9,2,6
18031487,1,2,11,3,10
18031488,7,9,4,3,8
18031489,9,8,3,4,1
18031490,11,8,3,7,1
18031501,7,6,9,8,4
18031502,10,4,11,5,8
18031503,11,4,8,10,6
18031504,3,10,2,6,9
18031505,7,4,5,11,1
18031506,11,4,2,8,6
18031507,10,2,8,1,9
18031508,6,10,8,7,1
18031509,5,1,7,6,3
18031510,3,5,8,11,6
18031511,6,8,11,4,10
18031512,11,2,9,7,6
18031513,10,11,1,3,9
18031514,3,4,11,1,5
18031515,1,11,5,9,2
18031516,6,3,9,10,8
18031517,5,10,2,4,3
18031518,3,8,6,11,4
18031519,1,7,9,2,8
18031520,10,3,6,4,5
18031521,8,10,11,1,2
18031522,10,3,5,7,9
18031523,8,2,4,5,9
18031524,4,5,7,1,8
18031525,5,6,2,4,3
18031526,1,5,7,11,8
18031527,2,6,9,11,1
18031528,6,10,3,4,7
18031529,2,6,4,9,10
18031530,8,4,6,3,7
18031531,11,5,4,7,1
18031532,8,4,5,7,2
18031533,7,2,8,6,9
18031534,1,8,10,7,3
18031535,10,4,7,11,3
18031536,8,4,10,2,6
18031537,7,1,6,3,11
18031538,10,8,1,9,3
18031539,10,2,7,5,3
18031540,11,3,10,8,1
18031541,9,10,2,6,5
18031542,7,5,9,10,8
18031543,1,9,11,7,2
18031544,10,1,7,2,9
18031545,3,1,9,2,6
18031546,10,6,8,1,2
18031547,10,1,9,6,11
18031548,6,8,3,10,9
18031549,7,11,2,9,6
18031550,7,11,1,8,5
18031551,5,11,10,6,4
18031552,3,10,4,2,9
18031553,6,1,3,8,10
18031554,4,6,8,9,5
18031555,4,5,6,8,7
18031556,2,5,1,6,9
18031557,9,8,11,2,1
18031558,3,11,8,10,4
18031559,10,5,8,2,6
18031560,11,8,2,5,4
18031561,3,1,8,7,11
18031562,9,8,11,3,1
18031563,5,4,2,3,9
18031564,7,11,5,9,6
18031565,5,7,6,1,10
18031566,8,6,5,4,7
18031567,7,11,3,5,9
18031568,4,9,7,8,3
18031569,6,7,11,2,1
18031570,6,9,2,11,8
18031571,11,9,6,8,4
18031572,1,3,10,7,8
18031573,11,7,1,10,5
18031574,8,3,11,7,4
18031575,11,3,1,10,2
18031576,9,10,5,11,8
18031577,2,9,5,6,1
18031578,11,9,2,10,8
18031579,7,6,1,10,3
18031580,6,8,1,10,5
18031581,2,9,10,1,6
18031582,4,9,8,5,2
18031583,1,4,10,6,3
18031584,9,10,3,11,1
18031585,6,7,2,8,1
18031586,2,1,10,11,4
18031587,11,9,8,4,7
18031588,11,9,2,3,4
18031589,2,4,5,9,11
18031590,8,4,1,5,6
18031601,2,5,6,8,9
18031602,2,5,1,8,3
18031603,10,11,5,4,1
18031604,11,5,4,9,10
18031605,8,9,1,7,3
18031606,9,2,11,5,6
18031607,4,7,3,9,2
18031608,8,1,6,9,5
18031609,4,5,6,1,7
18031610,9,4,7,1,5
18031611,5,7,11,3,1
18031612,4,11,8,6,2
18031613,11,9,2,1,10
18031614,7,5,10,3,6
18031615,1,6,11,8,3
18031616,11,3,8,9,7
18031617,6,11,4,5,10
18031618,8,5,3,9,2
18031619,6,3,8,11,7
18031620,5,8,3,2,9
18031621,11,1,7,6,5
18031622,2,11,6,7,9
18031623,8,3,11,9,1
18031624,5,1,10,4,3
18031625,1,5,7,8,6
18031626,4,3,11,1,9
18031627,3,6,10,9,2
18031628,5,4,7,10,6
18031629,6,8,4,10,5
18031630,1,10,2,4,11
18031631,7,9,5,10,3
18031632,11,5,2,1,7
18031633,10,3,11,4,6
18031634,11,7,10,4,1
18031635,4,3,2,5,6
18031636,3,11,7,8,10
18031637,4,1,5,10,11
18031638,5,3,7,4,9
18031639,3,1,8,5,11
18031640,7,9,1,5,3
18031641,1,8,5,2,10
18031642,6,2,7,1,10
18031643,9,8,2,7,3
18031644,7,8,1,5,6
18031645,5,1,7,2,8
18031646,5,9,6,11,7
18031647,5,9,11,6,3
18031648,11,6,9,2,10
18031649,6,5,3,8,4
18031650,9,8,3,2,7
18031651,7,2,3,11,8
18031652,2,6,10,7,5
18031653,1,3,7,5,11
18031654,4,2,7,1,11
18031655,10,3,4,11,5
18031656,4,3,10,5,7
18031657,8,11,4,6,7
18031658,4,9,5,10,7
18031659,1,9,3,6,4
18031660,4,2,11,3,6
18031661,4,7,3,5,11
18031662,5,8,4,9,3
18031663,9,1,10,2,8
18031664,7,6,3,4,1
18031665,1,5,3,6,9
18031666,1,6,11,5,10
18031667,10,5,8,1,11
18031668,5,8,10,9,6
18031669,4,7,10,3,5
18031670,5,8,2,9,11
18031671,2,5,11,6,3
18031672,3,7,1,2,5
18031673,2,7,8,1,6
18031674,2,10,9,4,11
18031675,7,9,3,2,1
18031676,10,4,11,8,9
18031677,3,1,2,10,6
18031678,3,1,8,10,11
18031679,11,6,9,5,3
18031680,11,3,4,1,6
18031681,10,7,8,11,9
18031682,9,7,3,5,10
18031683,3,9,11,4,5
18031684,4,3,11,2,10
18031685,9,5,11,3,4
18031686,8,4,3,5,7
18031687,4,2,9,1,3
18031688,1,8,11,6,9
18031689,4,3,5,9,2
18031690,2,10,7,4,1
18031701,5,6,3,8,1
18031702,5,10,1,11,6
18031703,11,3,4,6,10
18031704,3,5,10,1,11
18031705,10,3,2,6,9
18031706,4,8,10,11,9
18031707,4,6,2,8,11
18031708,3,11,7,6,5
18031709,11,7,4,2,8
18031710,10,9,1,11,2
18031711,10,1,7,6,8
18031712,2,9,4,10,1
18031713,11,8,1,7,4
18031714,11,8,5,7,3
18031715,5,7,6,9,11
18031716,5,3,8,10,6
18031717,10,3,6,2,4
18031718,9,2,10,5,8
18031719,8,11,9,10,3
18031720,7,5,1,10,9
18031721,9,3,2,6,4
18031722,11,7,5,3,4
18031723,1,9,7,10,3
18031724,10,11,6,3,4
18031725,7,3,2,6,1
18031726,5,2,6,3,4
18031727,7,3,1,11,5
18031728,8,6,4,7,2
18031729,11,3,6,10,4
18031730,4,3,9,7,1
18031731,1,4,11,6,9
18031732,11,8,6,9,1
18031733,4,5,3,10,2
18031734,3,9,11,2,10
18031735,3,4,10,1,6
18031736,3,10,9,8,1
18031737,11,6,1,5,10
18031738,11,2,1,8,9
18031739,4,6,5,9,7
18031740,10,1,8,4,7
18031741,9,10,5,7,1
18031742,9,7,2,6,5
18031743,6,11,5,4,8
18031744,4,8,6,9,5
18031745,11,1,3,7,8
18031746,8,5,4,11,9
18031747,3,9,4,2,1
18031748,7,5,2,3,11
18031749,6,1,9,2,5
18031750,8,3,7,9,11
18031751,9,6,2,4,1
18031752,8,1,4,11,6
18031753,8,3,2,7,1
18031754,5,6,1,7,11
18031755,9,8,3,4,11
18031756,7,10,3,5,9
18031757,10,3,2,5,8
18031758,10,3,2,1,6
18031759,9,10,8,6,4
18031760,8,6,10,7,2
18031761,1,11,2,6,9
18031762,10,4,8,1,5
18031763,1,11,10,2,4
18031764,3,4,11,8,7
18031765,7,3,6,8,5
18031766,9,8,1,10,7
18031767,8,10,9,5,4
18031768,5,3,4,10,7
18031769,6,11,10,9,5
18031770,10,2,5,1,11
18031771,9,1,11,7,5
18031772,3,6,4,11,2
18031773,9,6,10,1,3
18031774,3,7,11,1,10
18031775,5,3,2,10,6
18031776,3,1,9,4,5
18031777,6,5,9,3,1
18031778,6,1,9,2,10
18031779,4,1,9,2,11
18031780,10,3,2,7,11
18031781,7,11,3,10,5
18031782,1,2,8,11,3
18031783,3,11,4,2,5
18031784,8,3,2,11,9
18031785,1,2,3,10,5
18031786,10,3,5,1,4
18031787,3,2,8,4,11
18031788,7,4,11,3,8
18031789,6,8,5,4,11
18031790,9,2,5,10,4
18031801,9,1,11,8,2
18031802,8,9,7,2,4
18031803,4,5,6,11,7
18031804,2,1,11,10,6
18031805,1,9,2,6,8
18031806,5,9,10,2,1
18031807,6,8,11,3,7
18031808,8,10,11,2,5
18031809,7,2,8,5,6
18031810,3,10,1,2,5
18031811,8,11,7,4,10
18031812,3,9,11,6,10
18031813,11,6,1,4,5
18031814,8,9,3,5,1
18031815,11,8,6,1,3
18031816,10,2,5,9,1
18031817,9,8,7,3,6
18031818,3,7,6,5,1
18031819,9,10,8,1,4
18031820,3,6,9,2,8
18031821,11,9,8,10,3
18031822,1,10,8,2,3
18031823,6,3,1,9,8
18031824,10,5,1,7,2
18031825,9,2,4,8,5
18031826,1,8,2,11,9
18031827,6,9,11,2,8
18031828,5,4,9,1,6
18031829,3,10,5,7,9
18031830,6,1,5,2,8
18031831,5,1,2,9,10
18031832,7,6,5,4,3
18031833,5,8,9,4,6
18031834,4,8,2,6,10
18031835,1,3,5,11,2
18031836,2,4,3,8,5
18031837,5,3,1,2,10
18031838,4,8,11,7,10
18031839,10,1,6,4,2
18031840,9,10,11,8,1
18031841,1,3,5,11,2
18031842,2,7,9,10,1
18031843,1,5,2,8,9
18031844,4,8,3,1,9
18031845,6,4,2,3,9
18031846,5,10,11,8,4
18031847,6,2,4,7,1
18031848,3,7,8,11,2
18031849,6,3,7,4,5
18031850,7,2,1,11,9
18031851,11,8,4,10,2
18031852,11,1,3,5,4
18031853,4,1,8,11,2
18031854,5,10,7,1,8
18031855,3,9,5,7,8
18031856,7,3,2,4,5
18031857,6,5,2,11,1
18031858,9,10,8,2,5
18031859,8,3,7,10,4
18031860,1,6,7,5,10
18031861,10,9,5,7,6
18031862,5,6,4,11,8
18031863,5,7,3,8,11
18031864,2,7,9,11,5
18031865,4,5,2,3,8
18031866,3,1,8,7,5
18031867,9,1,11,2,6
18031868,6,1,11,10,3
18031869,9,4,11,6,1
18031870,7,9,6,1,5
18031871,4,1,10,6,9
18031872,1,6,11,3,9
18031873,3,2,9,6,10
18031874,10,2,5,7,9
18031875,6,10,5,11,7
18031876,6,1,8,4,11
18031877,3,6,10,8,5
18031878,6,3,9,8,11
18031879,5,3,7,11,6
18031880,11,6,10,7,8
18031881,4,10,5,11,2
18031882,5,3,1,9,4
18031883,3,2,8,5,10
18031884,9,4,5,1,2
18031885,2,8,10,5,11
18031886,2,3,1,11,6
18031887,5,11,9,6,8
18031888,6,2,9,10,5
18031889,11,9,8,2,7
18031890,10,5,7,8,11
18031901,7,10,4,6,11
18031902,4,3,1,9,10
18031903,8,4,6,10,7
18031904,3,9,4,7,6
18031905,5,6,7,2,9
18031906,6,4,10,11,9
18031907,2,1,10,7,6
18031908,1,10,2,3,7
18031909,1,9,7,11,2
18031910,9,3,7,1,2
18031911,4,11,7,2,1
18031912,2,7,4,11,5
18031913,1,4,9,3,10
18031914,5,1,10,3,9
18031915,11,2,6,5,4
18031916,3,9,5,6,1
18031917,4,7,2,5,11
18031918,6,10,9,5,11
18031919,8,2,7,10,11
18031920,2,7,10,4,9
18031921,4,1,8,2,3
18031922,1,7,11,2,9
18031923,7,3,11,8,10
18031924,9,8,4,3,2
18031925,5,4,8,7,3
18031926,8,1,10,11,4
18031927,11,10,4,3,7
18031928,9,5,2,3,11
18031929,8,6,2,7,4
18031930,4,2,3,9,11
18031931,4,1,10,8,5
18031932,10,7,5,8,4
18031933,7,4,9,1,5
18031934,6,3,8,1,5
18031935,1,4,2,5,9
18031936,6,7,1,10,11
18031937,2,5,9,4,6
18031938,3,9,5,6,8
18031939,9,3,1,2,5
18031940,3,1,7,5,8
18031941,4,1,2,7,10
18031942,9,6,10,8,4
18031943,1,8,10,3,6
18031944,5,11,2,8,1
18031945,9,11,8,6,2
18031946,1,7,11,2,6
18031947,4,5,11,3,10
18031948,4,7,6,8,11
18031949,4,9,5,11,8
18031950,10,6,11,4,3
18031951,10,11,8,5,9
18031952,11,9,6,3,8
18031953,5,3,8,9,1
18031954,3,6,10,7,5
18031955,8,1,7,11,10
18031956,10,2,4,8,11
18031957,1,6,9,4,7
18031958,2,4,11,5,6
18031959,8,7,1,10,3
18031960,1,3,11,7,6
18031961,6,1,11,3,9
18031962,11,5,7,3,9
18031963,2,4,5,7,10
18031964,3,1,11,4,8
18031965,2,10,6,7,9
18031966,9,1,5,6,10
18031967,7,6,11,5,3
18031968,4,9,5,10,1
18031969,4,9,3,5,2
18031970,3,8,11,2,1
18031971,2,3,5,4,11
18031972,2,11,1,5,7
18031973,4,2,6,9,3
18031974,10,8,7,1,6
18031975,4,2,3,9,7
18031976,4,10,9,11,5
18031977,2,5,11,10,1
18031978,9,1,11,4,5
18031979,4,9,3,2,6
18031980,2,4,10,5,7
18031981,11,1,5,6,8
18031982,8,3,6,7,9
18031983,4,1,8,10,5
18031984,2,10,5,3,7
18031985,11,8,6,4,1
18031986,5,3,7,4,9
18031987,3,10,2,7,5
18031988,1,5,9,11,3
18031989,8,3,1,6,9
18031990,4,1,2,5,9
18032001,10,5,6,3,2
18032002,9,3,5,10,7
18032003,6,11,8,7,2
18032004,6,9,2,3,10
18032005,6,2,3,11,5
18032006,10,5,7,3,2
18032007,10,3,4,1,2
18032008,11,5,1,6,4
18032009,3,6,7,2,9
18032010,4,10,8,11,6
18032011,9,8,5,7,10
18032012,7,8,10,4,1
18032013,4,5,1,6,7
18032014,1,5,11,6,9
18032015,10,7,2,3,11
18032016,6,11,7,10,4
18032017,11,1,4,5,6
18032018,3,8,9,2,11
18032019,4,11,5,8,9
18032020,9,1,7,3,4
18032021,10,8,7,4,6
18032022,6,8,7,3,1
18032023,7,3,8,2,6
18032024,8,5,2,3,9
18032025,9,10,7,4,11
18032026,1,8,11,10,6
18032027,4,6,11,3,1
18032028,5,1,3,6,2
18032029,4,6,11,8,7
18032030,4,2,9,11,1
18032031,2,3,7,4,11
18032032,7,10,8,4,11
18032033,9,1,2,4,6
18032034,11,9,8,10,3
18032035,10,9,11,1,7
18032036,11,7,2,10,6
18032037,5,6,9,2,1
18032038,10,7,11,6,8
18032039,3,5,9,1,8
18032040,1,11,2,5,9
18032041,1,5,10,8,3
18032042,4,2,3,10,5
18032043,11,6,8,4,3
18032044,7,3,6,2,10
18032045,10,3,8,2,6
18032046,6,11,9,5,3
18032047,1,2,5,7,3
18032048,8,7,1,11,9
18032049,9,10,8,11,6
18032050,5,2,7,1,11
18032051,7,8,11,3,4
18032052,1,4,3,5,6
18032053,8,2,3,1,11
18032054,6,1,5,2,7
18032055,2,7,6,3,1
18032056,1,7,11,2,4
18032057,5,11,6,9,2
18032058,3,9,2,5,6
18032059,10,5,3,6,11
18032060,8,11,10,9,1
18032061,2,6,1,3,8
18032062,4,2,5,10,7
18032063,3,9,6,4,1
18032064,5,7,4,11,8
18032065,6,1,5,8,10
18032066,7,5,6,3,4
18032067,11,1,2,4,3
18032068,8,3,2,6,1
18032069,2,4,6,11,9
18032070,4,8,9,6,1
18032071,11,8,9,2,6
18032072,3,6,2,5,1
18032073,10,11,9,4,6
18032074,3,2,8,6,4
18032075,9,11,6,3,7
18032076,9,7,6,2,5
18032077,8,7,9,5,11
18032078,3,5,6,8,4
18032079,3,5,6,7,10
18032080,8,9,5,10,4
18032081,9,3,5,11,10
18032082,9,10,7,11,4
18032083,1,4,6,7,10
18032084,10,6,9,2,1
18032085,9,11,6,10,1
18032086,3,8,5,7,6
18032087,6,3,9,7,1
18032088,3,5,11,9,4
18032089,4,10,3,5,8
18032090,6,8,1,3,10
18032101,4,10,9,11,2
18032102,11,10,5,1,8
18032103,6,11,2,3,7
18032104,1,3,4,7,8
18032105,10,6,8,2,9
18032106,4,9,11,5,7
18032107,5,11,2,8,6
18032108,4,7,1,5,6
18032109,4,11,1,7,2
18032110,2,8,6,7,4
18032111,3,2,9,4,11
18032112,7,4,2,6,1
18032113,10,9,1,4,7
18032114,9,8,11,7,3
18032115,5,8,11,3,4
18032116,9,1,4,10,2
18032117,7,4,3,1,10
18032118,7,3,4,10,5
18032119,8,7,4,10,2
18032120,9,6,7,10,3
18032121,10,5,6,9,7
18032122,2,6,5,1,3
18032123,7,5,11,2,1
18032124,3,2,7,5,10
18032125,9,7,2,4,10
18032126,10,8,4,2,11
18032127,7,6,8,5,2
18032128,8,9,10,3,5
18032129,11,2,6,8,3
18032130,7,4,2,5,3
18032131,2,7,9,4,1
18032132,11,3,7,4,8
18032133,4,3,5,6,10
18032134,1,3,5,7,6
18032135,1,11,2,8,5
18032136,7,3,4,5,2
18032137,7,6,8,9,3
18032138,6,3,7,5,9
18032139,11,4,10,9,5
18032140,9,4,1,2,11
18032141,7,10,5,9,8
18032142,9,10,4,5,3
18032143,7,9,1,3,2
18032144,8,1,3,9,4
18032145,4,11,6,8,7
18032146,6,5,3,2,10
18032147,5,10,7,2,11
18032148,6,8,10,7,3
18032149,9,7,10,4,8
18032150,9,3,4,8,10
18032151,9,11,7,8,2
18032152,9,2,1,10,6
18032153,5,1,4,7,2
18032154,3,2,1,6,9
18032155,4,6,5,9,8
18032156,7,4,11,5,1
18032157,7,9,1,11,10
18032158,4,8,1,9,3
18032159,5,8,9,4,7
18032160,5,10,8,3,11
18032161,9,4,8,7,6
18032162,7,6,10,2,5
18032163,6,7,1,9,11
18032164,6,5,7,1,2
18032165,3,5,11,7,10
18032166,2,5,9,11,1
18032167,6,10,4,9,11
18032168,1,10,3,2,11
18032169,5,11,3,7,8
18032170,3,11,6,2,1
18032171,8,2,10,1,3
18032172,3,5,4,10,2
18032173,9,10,5,3,2
18032174,3,10,4,8,5
18032175,2,5,1,9,11
18032176,2,10,8,4,1
18032177,8,5,4,10,7
18032178,8,6,4,9,10
18032179,2,5,3,10,1
18032180,8,7,3,9,11
18032181,4,11,3,6,2
18032182,8,11,4,7,6
18032183,9,1,5,7,6
18032184,5,10,9,8,4
18032185,8,7,4,3,10
18032186,3,7,8,1,6
18032187,10,5,8,6,11
18032188,8,9,3,5,7
18032189,3,5,9,7,10
18032190,6,9,4,1,3
18032201,11,2,1,5,7
18032202,1,5,4,7,11
18032203,7,2,1,3,5
18032204,4,6,2,11,1
18032205,2,5,7,11,8
18032206,11,3,1,2,5
18032207,2,1,10,5,3
18032208,2,6,7,8,9
18032209,8,6,2,9,4
18032210,10,1,3,6,7
18032211,8,9,11,6,1
18032212,5,11,9,4,6
18032213,1,10,4,7,2
18032214,11,3,1,5,10
18032215,3,5,10,4,6
18032216,5,3,7,10,2
18032217,8,4,3,7,6
18032218,3,2,7,11,1
18032219,7,2,8,3,10
18032220,9,6,4,3,5
18032221,1,4,11,3,7
18032222,9,11,6,5,2
18032223,8,4,1,6,11
18032224,9,11,8,6,7
18032225,9,6,1,3,11
18032226,11,8,7,1,9
18032227,8,10,1,9,7
18032228,8,5,2,4,9
18032229,8,9,7,10,11
18032230,1,9,5,4,3
18032231,11,1,7,4,3
18032232,9,10,3,6,2
18032233,2,7,11,10,9
18032234,4,6,11,9,3
18032235,6,2,11,1,5
18032236,8,10,6,1,11
18032237,6,3,8,7,10
18032238,8,4,7,1,9
18032239,8,3,9,2,10
18032240,4,1,5,11,3
18032241,3,2,7,6,1
18032242,2,9,6,1,8
18032243,9,8,4,2,7
18032244,10,6,2,4,8
18032245,8,1,2,5,3
18032246,8,5,2,3,11
18032247,11,3,5,9,7
18032248,6,2,3,1,10
18032249,4,1,2,5,7
18032250,2,9,5,11,10
18032251,8,4,1,6,10
18032252,11,8,6,7,5
18032253,9,6,7,5,2
18032254,5,4,7,11,10
18032255,2,7,9,5,8
18032256,11,9,3,8,5
18032257,9,4,2,8,6
18032258,3,4,1,5,11
18032259,6,8,7,10,2
18032260,9,11,1,7,3
18032261,8,7,11,9,1
18032262,8,2,7,10,1
18032263,10,6,1,4,5
18032264,5,2,10,11,8
18032265,8,2,11,10,7
18032266,11,5,6,4,3
18032267,6,9,4,10,5
18032268,4,3,2,7,8
18032269,10,1,4,5,8
18032270,5,8,3,4,11
18032271,9,6,3,5,2
18032272,5,8,2,11,10
18032273,7,3,11,1,4
18032274,6,5,2,3,4
18032275,6,4,9,3,11
18032276,7,2,9,6,10
18032277,1,6,11,4,3
18032278,5,6,10,1,8
18032279,1,9,11,8,4
18032280,5,8,3,6,2
18032281,3,6,5,8,1
18032282,5,9,4,7,11
18032283,3,6,11,7,8
18032284,7,2,9,4,11
18032285,4,6,3,8,7
18032286,7,4,2,5,8
18032287,4,5,9,7,3
18032288,8,9,1,11,3
18032289,2,8,11,3,6
18032290,7,2,11,3,1
18032301,1,10,5,11,2
18032302,10,8,5,11,4
18032303,11,9,6,4,5
18032304,7,3,10,5,8
18032305,4,1,8,10,5
18032306,11,1,4,6,2
18032307,9,11,1,6,2
18032308,10,4,2,7,1
18032309,6,5,2,10,11
18032310,3,10,9,7,4
18032311,5,11,6,3,4
18032312,2,6,3,10,8
18032313,8,11,9,3,7
18032314,7,11,3,10,8
18032315,10,9,7,5,11
18032316,11,7,2,6,4
18032317,6,7,2,5,11
18032318,3,2,9,4,8
18032319,1,9,11,10,6
18032320,7,8,5,9,3
18032321,6,3,4,11,8
18032322,11,1,10,6,3
18032323,2,4,5,1,10
18032324,6,3,7,5,10
18032325,5,2,11,4,1
18032326,6,4,11,9,10
18032327,6,2,11,8,5
18032328,3,6,11,9,1
18032329,6,10,2,3,11
18032330,8,2,6,1,3
18032331,1,10,7,5,4
18032332,9,7,3,5,10
18032333,7,10,2,4,3
18032334,8,11,9,7,4
18032335,1,4,11,8,5
18032336,7,2,4,9,6
18032337,2,5,9,4,8
18032338,8,11,6,7,10
18032339,9,10,11,3,1
18032340,2,6,11,3,9
18032341,2,11,9,6,7
18032342,4,6,2,10,5
18032343,6,7,5,10,11
18032344,4,6,3,5,10
18032345,3,11,10,7,1
18032346,11,2,9,7,8
18032347,1,2,10,8,6
18032348,8,1,3,4,5
18032349,1,8,10,4,2
18032350,2,4,9,3,11
18032351,5,1,4,6,7
18032352,3,1,9,11,5
18032353,11,4,9,6,10
18032354,2,1,11,8,9
18032355,10,4,9,11,8
18032356,6,11,4,1,9
18032357,3,2,6,8,11
18032358,3,11,10,5,1
18032359,8,10,2,11,1
18032360,6,2,9,4,1
18032361,10,6,9,3,11
18032362,4,7,1,2,9
18032363,3,9,7,5,4
18032364,7,10,4,2,1
18032365,4,9,8,6,5
18032366,8,10,9,6,11
18032367,1,4,8,11,9
18032368,2,11,10,5,4
18032369,9,7,3,8,6
18032370,7,3,11,1,10
18032371,9,1,2,8,4
18032372,1,2,11,3,9
18032373,1,4,2,8,5
18032374,10,8,6,4,5
18032375,11,1,10,9,6
18032376,10,11,4,2,5
18032377,5,3,11,2,1
18032378,7,1,2,4,11
18032379,9,7,1,6,2
18032380,4,1,2,6,5
18032381,2,1,7,4,6
18032382,6,4,8,9,7
18032383,6,4,8,5,1
18032384,3,1,9,2,10
18032385,3,2,9,6,5
18032386,2,3,8,11,5
18032387,5,8,11,7,3
18032388,9,11,10,4,8
18032389,11,3,1,10,4
18032390,2,8,6,7,10
18032401,7,2,4,10,11
18032402,7,6,2,9,11
18032403,8,1,11,10,4
18032404,7,10,11,9,1
18032405,7,2,10,4,3
18032406,8,2,9,10,11
18032407,5,7,9,3,10
18032408,1,10,7,9,3
18032409,11,2,5,3,9
18032410,6,10,7,4,1
18032411,9,5,7,4,10
18032412,2,1,10,3,11
18032413,6,8,7,11,5
18032414,3,1,5,6,2
18032415,3,8,10,7,6
18032416,6,1,3,2,10
18032417,9,6,11,2,10
18032418,2,6,11,9,4
18032419,6,11,4,9,7
18032420,1,11,3,2,10
18032421,11,5,2,10,1
18032422,9,3,5,7,11
18032423,8,9,11,6,3
18032424,2,9,10,8,7
18032425,1,5,3,7,11
18032426,6,10,7,9,2
18032427,7,8,10,11,1
18032428,1,4,5,7,3
18032429,10,5,8,3,1
18032430,7,3,2,11,9
18032431,10,2,1,7,8
18032432,4,11,3,6,10
18032433,8,2,5,11,3
18032434,9,11,3,7,1
18032435,7,1,3,2,4
18032436,1,4,6,11,8
18032437,6,7,11,2,10
18032438,11,3,5,9,7
18032439,10,1,7,6,11
18032440,4,9,7,10,3
18032441,6,5,10,9,4
18032442,7,9,6,2,5
18032443,10,6,2,1,4
18032444,1,3,5,11,6
18032445,3,11,1,6,4
18032446,7,3,1,2,6
18032447,2,10,1,4,7
18032448,7,5,11,2,1
18032449,8,11,1,5,7
18032450,6,5,7,2,10
18032451,3,2,8,7,4
18032452,5,6,9,3,7
18032453,8,5,1,3,10
18032454,5,4,10,1,9
18032455,11,10,2,7,3
18032456,2,4,3,11,8
18032457,2,8,10,11,7
18032458,8,6,3,1,9
18032459,6,5,2,7,1
18032460,10,4,1,8,3
18032461,3,8,2,4,11
18032462,1,6,8,7,4
18032463,2,1,10,7,11
18032464,2,9,3,11,5
18032465,9,6,2,3,4
18032466,5,7,9,3,8
18032467,5,11,6,10,3
18032468,3,7,10,1,4
18032469,10,9,5,11,6
18032470,4,1,9,6,10
18032471,2,11,1,6,9
18032472,3,10,7,9,1
18032473,11,9,6,8,1
18032474,9,7,3,5,4
18032475,6,7,11,2,1
18032476,5,7,9,3,1
18032477,6,5,9,11,7
18032478,7,3,1,9,11
18032479,6,3,8,9,2
18032480,7,11,3,9,5
18032481,4,8,6,10,7
18032482,3,5,11,6,1
18032483,3,4,8,5,10
18032484,8,9,2,5,3
18032485,2,10,1,6,5
18032486,3,7,10,4,9
18032487,7,3,4,10,9
18032488,2,11,1,6,8
18032489,8,11,10,9,2
18032490,4,3,5,7,6
18032501,11,6,9,7,3
18032502,6,2,9,10,7
18032503,4,11,10,3,1
18032504,3,9,8,4,2
18032505,6,4,7,1,5
18032506,9,10,1,8,3
18032507,5,4,11,9,10
18032508,4,8,3,5,11
18032509,3,6,2,4,8
18032510,9,7,4,11,6
18032511,11,2,1,10,4
18032512,5,1,8,4,10
18032513,2,5,11,1,8
18032514,3,6,11,8,9
18032515,7,6,10,3,1
18032516,3,2,11,1,5
18032517,8,5,11,6,10
18032518,10,7,5,3,4
18032519,9,2,1,4,7
18032520,11,8,4,2,6
18032521,1,9,3,11,10
18032522,7,9,2,6,5
18032523,6,1,2,5,4
18032524,5,9,6,7,8
18032525,2,11,1,8,6
18032526,6,9,8,10,11
18032527,11,7,3,6,4
18032528,5,10,1,2,11
18032529,9,4,11,3,5
18032530,7,1,11,5,9
18032531,8,2,10,5,7
18032532,11,5,7,6,4
18032533,6,1,2,7,8
18032534,5,1,9,8,10
18032535,7,6,3,8,2
18032536,10,6,7,4,8
18032537,11,8,3,5,9
18032538,10,9,4,2,7
18032539,3,2,1,5,6
18032540,11,2,6,9,4
18032541,11,6,3,10,2
18032542,7,9,3,6,11
18032543,8,10,4,2,3
18032544,7,6,10,3,1
18032545,3,7,8,10,5
18032546,11,2,7,6,1
18032547,11,9,2,8,7
18032548,5,3,9,4,8
18032549,10,8,7,2,3
18032550,6,5,4,3,8
18032551,4,10,9,7,1
18032552,10,6,5,1,4
18032553,10,11,6,5,9
18032554,7,4,2,5,1
18032555,8,6,9,10,7
18032556,5,10,2,11,1
18032557,11,3,2,4,9
18032558,9,8,6,2,4
18032559,8,11,1,5,7
18032560,9,11,2,8,3
18032561,6,7,3,8,2
18032562,11,7,3,6,5
18032563,7,9,11,4,5
18032564,4,6,5,3,11
18032565,4,11,10,7,8
18032566,1,11,5,6,4
18032567,7,9,10,1,6
18032568,7,1,11,6,4
18032569,2,1,11,9,10
18032570,7,1,3,11,4
18032571,4,10,9,6,2
18032572,4,5,3,7,10
18032573,7,11,10,8,6
18032574,2,7,3,5,1
18032575,2,8,11,5,3
18032576,5,9,10,2,4
18032577,9,4,11,7,10
18032578,5,1,3,11,9
18032579,10,11,5,2,9
18032580,2,11,7,8,3
18032581,2,8,10,7,9
18032582,5,7,8,9,10
18032583,11,6,2,3,1
18032584,4,11,2,8,6
18032585,8,7,2,6,9
18032586,2,4,7,5,9
18032587,1,5,8,3,2
18032588,3,4,8,9,10
18032589,2,11,8,4,6
18032590,5,6,7,4,10
18032601,2,6,8,11,3
18032602,7,3,6,5,10
18032603,5,7,10,11,4
18032604,1,3,7,9,10
18032605,7,3,5,6,1
18032606,1,3,4,5,8
18032607,2,9,5,10,1
18032608,10,4,3,1,8
18032609,5,3,2,9,7
18032610,4,10,11,2,1
18032611,11,7,10,9,4
18032612,10,2,9,5,7
18032613,5,9,11,7,6
18032614,4,2,5,8,10
18032615,9,3,10,1,5
18032616,2,10,1,11,4
18032617,7,5,10,9,8
18032618,2,1,11,4,9
18032619,10,1,4,5,2
18032620,10,11,4,9,8
18032621,10,8,6,3,2
18032622,10,3,4,9,8
18032623,6,11,3,1,5
18032624,4,3,2,1,10
18032625,3,1,7,2,5
18032626,1,7,8,4,2
18032627,3,2,8,9,10
18032628,4,1,8,2,6
18032629,4,2,11,8,10
18032630,5,10,3,11,1
18032631,8,5,4,7,1
18032632,4,11,3,1,7
18032633,6,3,5,1,11
18032634,7,10,8,9,2
18032635,6,1,4,9,3
18032636,2,3,9,7,8
18032637,4,2,3,1,9
18032638,1,9,7,3,4
18032639,7,1,11,8,4
18032640,10,7,5,9,3
18032641,8,6,1,9,3
18032642,4,9,8,3,2
18032643,2,1,11,3,10
18032644,9,5,4,8,6
18032645,11,4,2,3,6
18032646,10,7,3,1,11
18032647,1,3,11,10,5
18032648,1,9,7,5,3
18032649,5,3,9,2,7
18032650,3,8,1,9,7
18032651,2,6,11,4,3
18032652,10,3,8,6,2
18032653,5,7,6,10,4
18032654,7,8,4,11,10
18032655,7,1,9,10,5
18032656,1,5,9,3,6
18032657,3,1,9,6,2
18032658,9,6,4,7,3
18032659,10,5,9,3,2
18032660,3,2,10,1,7
18032661,2,6,3,7,9
18032662,7,2,9,6,10
18032663,1,7,9,4,10
18032664,2,7,8,11,9
18032665,5,9,8,6,4
18032666,2,11,4,5,10
18032667,5,10,7,6,4
18032668,2,8,5,10,7
18032669,8,1,2,4,10
18032670,5,10,8,6,1
18032671,9,11,1,5,4
18032672,3,8,1,4,10
18032673,6,1,10,9,3
18032674,7,1,8,3,5
18032675,4,10,9,6,5
18032676,2,8,4,1,11
18032677,7,10,3,9,11
18032678,4,11,5,8,9
18032679,9,7,4,1,8
18032680,9,2,3,6,10
18032681,4,6,1,3,2
18032682,2,8,7,6,10
18032683,9,6,2,1,3
18032684,4,10,11,6,5
18032685,7,2,8,3,5
18032686,5,10,7,8,1
18032687,6,9,3,1,7
18032688,7,9,8,4,3
18032689,1,11,4,2,3
18032690,2,9,1,5,3
18032701,11,7,1,5,9
18032702,2,7,9,3,11
18032703,1,9,3,6,8
18032704,2,11,8,3,9
18032705,4,3,11,7,2
18032706,4,11,3,6,8
18032707,3,8,4,7,6
18032708,1,2,10,7,9
18032709,7,2,5,10,4
18032710,7,3,10,11,6
18032711,6,1,5,11,8
18032712,5,1,2,4,3
18032713,7,6,10,2,8
18032714,1,10,9,6,8
18032715,4,2,5,1,9
18032716,10,8,9,1,11
18032717,7,3,5,10,9
18032718,7,1,2,10,4
18032719,7,2,3,6,4
18032720,7,4,5,8,9
18032721,2,8,1,4,11
18032722,8,10,1,6,2
18032723,2,3,11,4,1
18032724,8,10,7,5,3
18032725,9,7,6,4,1
18032726,6,2,3,7,9
18032727,2,9,5,1,6
18032728,11,8,5,10,4
18032729,9,6,7,8,1
18032730,8,9,10,2,1
18032731,11,1,3,7,9
18032732,6,4,10,1,9
18032733,5,7,1,6,4
18032734,11,4,8,10,9
18032735,3,11,9,7,6
18032736,11,4,2,9,8
18032737,11,9,1,5,6
18032738,5,11,6,1,2
18032739,3,8,6,11,7
18032740,8,5,4,9,6
18032741,5,6,1,8,2
18032742,4,10,2,11,3
18032743,9,10,6,5,4
18032744,5,2,9,3,11
18032745,1,8,3,2,4
18032746,11,5,8,3,1
18032747,11,3,8,10,9
18032748,1,3,5,9,11
18032749,8,7,10,3,2
18032750,5,2,4,3,9
18032751,10,4,2,8,7
18032752,1,11,6,2,4
18032753,5,7,3,6,10
18032754,11,6,8,4,10
18032755,6,9,11,5,7
18032756,8,10,5,1,3
18032757,5,3,8,7,10
18032758,3,5,9,8,6
18032759,2,4,5,7,10
18032760,8,7,5,3,4
18032761,6,5,9,10,11
18032762,5,9,4,3,2
18032763,8,11,2,9,1
18032764,9,2,4,5,3
18032765,9,4,8,3,7
18032766,11,8,10,9,1
18032767,8,4,9,1,6
18032768,7,5,3,8,4
18032769,5,1,6,10,11
18032770,1,7,2,10,9
18032771,7,2,4,6,5
18032772,9,5,1,2,10
18032773,6,4,10,3,7
18032774,11,3,9,5,8
18032775,3,1,2,9,5
18032776,10,4,9,3,11
18032777,11,2,10,1,4
18032778,1,10,4,7,9
18032779,3,1,4,7,10
18032780,5,6,1,9,8
18032781,10,5,4,2,3
18032782,8,1,10,9,4
18032783,7,6,3,11,9
18032784,11,3,6,4,2
18032785,10,1,2,7,6
18032786,6,7,3,4,9
18032787,11,9,2,10,4
18032788,4,5,7,11,8
18032789,5,1,3,10,6
18032790,6,1,11,4,2
18032801,6,1,5,10,4
18032802,6,8,3,9,11
18032803,1,7,4,2,10
18032804,1,3,4,10,7
18032805,9,5,1,2,7
18032806,9,10,6,7,1
18032807,6,9,8,5,11
18032808,6,5,1,7,8
18032809,10,9,1,6,5
18032810,2,8,7,10,11
18032811,9,3,11,5,4
18032812,10,8,9,6,11
18032813,4,9,3,7,8
18032814,3,5,2,7,6
18032815,8,5,3,1,2
18032816,2,4,6,10,5
18032817,11,9,6,7,3
18032818,1,11,10,9,7
18032819,9,10,2,8,5
18032820,7,10,5,2,3
18032821,7,8,1,11,9
18032822,8,6,7,11,2
18032823,2,3,1,11,7
18032824,5,4,7,6,3
18032825,7,8,9,1,5
18032826,7,6,10,9,5
18032827,6,9,4,10,1
18032828,3,9,2,4,5
18032829,10,8,4,3,9
18032830,6,4,11,3,8
18032831,6,5,8,1,2
18032832,4,3,11,1,9
18032833,8,11,5,2,6
18032834,10,6,3,2,7
18032835,7,8,3,10,5
18032836,5,9,6,10,4
18032837,2,11,6,4,7
18032838,10,8,3,6,1
18032839,2,10,9,1,8
18032840,7,1,3,4,5
18032841,5,10,9,7,4
18032842,3,10,11,8,1
18032843,6,7,9,5,8
18032844,4,8,9,6,5
18032845,2,3,5,6,7
18032846,7,8,11,5,2
18032847,5,6,4,8,2
18032848,1,6,10,2,11
18032849,6,5,11,2,10
18032850,5,2,6,4,1
18032851,6,4,2,8,1
18032852,8,3,7,1,6
18032853,4,8,2,11,10
18032854,8,10,11,3,1
18032855,9,8,3,4,6
18032856,7,1,11,4,10
18032857,4,11,9,6,8
18032858,9,7,1,2,4
18032859,8,5,9,6,2
18032860,8,10,6,5,4
18032861,10,5,2,6,8
18032862,7,9,3,4,11
18032863,8,11,4,3,1
18032864,6,3,7,10,5
18032865,6,7,2,4,1
18032866,5,11,2,3,7
18032867,6,5,7,10,3
18032868,5,3,2,4,7
18032869,8,2,5,9,3
18032870,2,9,11,8,3
18032871,9,4,2,3,7
18032872,10,5,2,6,1
18032873,9,7,3,10,6
18032874,2,8,10,3,9
18032875,7,11,2,5,1
18032876,8,5,2,3,9
18032877,6,11,8,7,2
18032878,4,3,10,5,7
18032879,4,2,3,10,9
18032880,2,3,11,5,7
18032881,11,5,2,4,9
18032882,3,2,5,6,10
18032883,5,6,3,11,8
18032884,8,1,5,2,10
18032885,3,4,11,5,2
18032886,11,10,2,6,1
18032887,11,5,7,8,1
18032888,6,7,8,5,3
18032889,2,11,10,6,3
18032890,7,6,10,11,2
18032901,5,8,2,4,9
18032902,5,3,6,2,10
18032903,1,8,2,10,3
18032904,11,1,7,6,8
18032905,6,7,11,2,5
18032906,5,10,7,4,3
18032907,8,3,6,7,4
18032908,1,9,7,2,11
18032909,9,8,5,6,11
18032910,9,10,1,6,5
18032911,10,3,11,8,1
18032912,6,5,7,4,2
18032913,2,7,11,1,8
18032914,9,4,10,7,6
18032915,4,9,10,1,2
18032916,7,6,8,11,10
18032917,10,7,11,1,2
18032918,4,5,6,8,7
18032919,4,7,9,1,5
18032920,8,4,9,5,11
18032921,8,7,1,10,5
18032922,6,11,2,1,4
18032923,11,4,9,1,8
18032924,3,1,4,10,11
18032925,7,9,10,11,3
18032926,1,9,3,8,5
18032927,2,5,9,8,3
18032928,5,2,4,3,6
18032929,3,4,8,10,2
18032930,4,10,6,1,2
18032931,10,3,8,6,5
18032932,10,1,11,6,3
18032933,10,9,7,11,3
18032934,5,6,7,9,2
18032935,8,1,7,11,2
18032936,2,8,10,9,7
18032937,9,10,1,8,2
18032938,10,4,2,6,1
18032939,6,5,4,10,1
18032940,4,5,10,6,8
18032941,11,6,3,2,8
18032942,3,6,1,9,2
18032943,10,4,3,5,7
18032944,4,2,7,8,11
18032945,5,3,11,2,10
18032946,1,2,3,10,7
18032947,2,7,5,4,3
18032948,7,4,11,5,1
18032949,6,1,11,2,3
18032950,5,6,8,10,11
18032951,8,2,10,7,1
18032952,2,1,11,8,6
18032953,10,5,7,6,9
18032954,1,7,5,11,2
18032955,5,7,6,4,8
18032956,8,9,3,6,10
18032957,6,9,8,2,1
18032958,10,2,11,3,1
18032959,5,3,1,8,2
18032960,9,7,2,3,11
18032961,9,8,1,3,7
18032962,7,5,3,2,4
18032963,2,10,9,1,3
18032964,4,8,6,9,7
18032965,5,1,6,10,9
18032966,1,5,6,7,9
18032967,4,5,9,6,2
18032968,8,3,4,2,11
18032969,10,1,3,6,9
18032970,3,7,1,5,9
18032971,6,4,10,2,11
18032972,4,11,2,8,1
18032973,7,1,6,10,8
18032974,2,6,8,7,1
18032975,2,6,11,7,5
18032976,3,8,4,6,5
18032977,9,11,1,7,8
18032978,5,10,7,2,4
18032979,8,5,1,6,11
18032980,4,8,10,11,7
18032981,2,6,4,9,1
18032982,3,7,1,8,10
18032983,2,10,7,9,6
18032984,5,8,10,1,11
18032985,1,9,3,2,4
18032986,2,5,7,6,3
18032987,8,10,5,1,7
18032988,6,9,11,1,2
18032989,5,3,9,6,2
18032990,10,8,1,2,3
18033001,9,5,7,11,2
18033002,4,11,1,2,7
18033003,11,7,4,9,5
18033004,2,8,10,7,1
18033005,1,4,7,6,3
18033006,10,1,9,11,3
18033007,3,7,4,10,11
18033008,6,4,8,3,5
18033009,1,9,3,7,5
18033010,10,1,4,5,6
18033011,1,4,6,11,8
18033012,5,6,2,10,7
18033013,10,8,4,1,11
18033014,10,5,6,9,2
18033015,4,3,9,1,6
18033016,10,3,6,9,4
18033017,3,5,8,1,11
18033018,5,4,10,3,11
18033019,9,11,7,2,8
18033020,1,7,8,10,6
18033021,2,11,8,4,3
18033022,6,5,2,4,9
18033023,5,7,4,6,3
18033024,11,1,10,2,8
18033025,3,5,1,7,8
18033026,1,10,4,2,3
18033027,1,11,6,3,2
18033028,8,1,11,10,4
18033029,6,11,7,8,10
18033030,8,11,5,6,2
18033031,4,1,7,2,5
18033032,9,3,4,2,7
18033033,8,11,10,9,3
18033034,1,7,5,2,11
18033035,2,9,1,4,8
18033036,10,9,5,7,11
18033037,9,3,8,4,6
18033038,1,7,3,4,2
18033039,7,11,2,9,10
18033040,2,10,1,3,7
18033041,11,9,4,1,10
18033042,4,8,3,9,11
18033043,5,4,8,9,2
18033044,8,4,5,3,9
18033045,5,3,7,2,10
18033046,7,10,3,5,2
18033047,9,3,5,7,11
18033048,7,10,2,1,5
18033049,6,7,10,3,2
18033050,1,7,8,3,6
18033051,10,5,8,6,11
18033052,4,3,6,5,9
18033053,10,8,6,3,11
18033054,9,7,5,1,6
18033055,6,3,1,9,4
18033056,4,10,8,1,11
18033057,9,2,8,1,7
18033058,4,6,11,8,5
18033059,9,4,8,1,5
18033060,1,4,7,6,3
18033061,8,11,1,10,6
18033062,9,7,11,8,10
18033063,10,8,1,11,6
18033064,5,7,8,10,6
18033065,8,3,2,5,10
18033066,6,2,8,7,11
18033067,6,5,7,10,1
18033068,10,1,8,9,3
18033069,1,8,11,5,4
18033070,6,4,1,9,8
18033071,7,11,5,2,8
18033072,9,1,7,6,5
18033073,2,1,6,7,8
18033074,5,9,6,1,8
18033075,2,1,11,6,4
18033076,6,1,4,3,11
18033077,10,3,2,5,1
18033078,4,1,7,9,3
18033079,3,10,8,2,6
18033080,3,8,7,6,1
18033081,8,6,1,7,2
18033082,11,6,4,1,8
18033083,10,7,4,11,3
18033084,5,9,2,10,6
18033085,11,2,5,1,3
18033086,11,10,9,3,8
18033087,4,6,11,10,3
18033088,10,4,9,2,11
18033089,9,4,10,8,3
18033090,1,8,10,2,9
18033101,6,9,5,10,2
18033102,6,1,8,2,11
18033103,3,6,2,7,9
18033104,5,2,7,11,6
18033105,10,1,5,9,7
18033106,9,8,5,10,11
18033107,1,11,3,2,8
18033108,10,4,7,9,3
18033109,1,2,8,11,9
18033110,4,6,2,8,1
18033111,5,3,9,10,7
18033112,6,7,3,9,8
18033113,10,2,11,5,4
18033114,5,3,6,8,11
18033115,8,7,2,3,11
18033116,1,10,3,2,7
18033117,1,9,6,5,10
18033118,4,11,8,3,2
18033119,8,7,10,4,2
18033120,4,6,5,1,7
18033121,10,1,4,7,6
18033122,10,2,3,8,7
18033123,6,4,7,2,9
18033124,10,5,6,1,3
18033125,9,8,3,6,4
18033126,8,2,7,4,5
18033127,1,11,4,6,8
18033128,5,3,11,7,8
18033129,9,10,1,2,3
18033130,11,5,7,4,2
18033131,11,8,6,3,2
18033132,2,9,11,1,5
18033133,3,2,1,7,8
18033134,2,1,10,5,9
18033135,2,4,3,1,8
18033136,2,4,1,9,10
18033137,1,5,3,10,4
18033138,10,1,8,11,6
18033139,7,9,6,10,3
18033140,7,4,3,1,2
18033141,2,11,7,8,6
18033142,6,4,2,5,9
18033143,5,7,11,1,9
18033144,6,2,3,5,7
18033145,2,5,6,8,1
18033146,10,1,8,9,3
18033147,3,9,10,5,8
18033148,6,5,9,4,1
18033149,1,8,3,11,7
18033150,5,6,8,1,7
18033151,5,9,10,2,3
18033152,5,10,3,1,11
18033153,10,9,4,5,7
18033154,4,7,3,9,2
18033155,5,3,4,1,10
18033156,7,10,11,2,8
18033157,7,2,9,4,5
18033158,4,8,2,9,3
18033159,6,8,1,10,4
18033160,5,7,4,3,9
18033161,7,8,5,6,1
18033162,11,2,6,5,1
18033163,5,3,7,11,10
18033164,3,2,8,5,4
18033165,7,6,8,11,5
18033166,6,10,11,1,9
18033167,4,1,2,8,6
18033168,4,8,9,3,2
18033169,5,7,4,3,9
18033170,10,7,9,2,5
18033171,7,8,10,3,6
18033172,6,11,1,3,9
18033173,7,6,8,5,1
18033174,3,8,7,10,6
18033175,3,11,1,5,9
18033176,3,9,6,7,10
18033177,2,6,3,1,4
18033178,1,6,10,9,3
18033179,1,8,7,10,4
18033180,7,2,1,11,9
18033181,8,11,6,10,5
18033182,2,5,1,8,3
18033183,2,7,9,1,6
18033184,7,8,6,2,10
18033185,6,8,7,3,4
18033186,3,7,8,5,9
18033187,5,1,7,8,11
18033188,5,11,2,1,6
18033189,4,2,10,11,8
18033190,4,5,9,1,2
