20090101,8,3,2,11,1
20090102,2,10,9,6,1
20090103,7,3,6,2,11
20090104,3,8,5,6,11
20090105,6,4,5,3,8
20090106,1,6,10,4,5
20090107,10,3,6,2,9
20090108,10,2,11,1,4
20090109,5,10,11,7,8
20090110,4,3,8,6,10
20090111,1,6,3,2,9
20090112,7,3,1,8,9
20090113,2,5,10,6,7
20090114,11,9,2,3,8
20090115,6,11,3,1,9
20090116,11,7,9,3,6
20090117,5,10,3,4,7
20090118,6,11,3,10,8
20090119,6,5,2,9,11
20090120,6,9,8,7,11
20090121,1,6,5,4,2
20090122,3,2,5,11,9
20090123,4,1,5,7,11
20090124,3,4,8,11,5
20090125,9,4,11,7,6
20090126,4,3,11,6,8
20090127,8,4,2,6,10
20090128,10,2,8,3,6
20090129,11,1,5,2,6
20090130,7,10,6,3,8
20090131,4,9,2,3,6
20090132,5,2,4,9,11
20090133,10,9,7,3,1
20090134,9,5,6,10,4
20090135,9,8,10,7,5
20090136,2,1,3,5,9
20090137,1,5,9,11,4
20090138,1,10,3,4,2
20090139,6,7,10,9,3
20090140,3,5,10,2,9
20090141,11,8,9,10,6
20090142,4,1,2,6,5
20090143,3,7,10,1,4
20090144,2,10,3,5,8
