19100801,4,10,5,3,7
19100802,3,1,2,10,11
19100803,4,11,5,9,7
19100804,5,9,4,7,11
19100805,11,3,1,5,2
19100806,10,1,6,8,9
19100807,5,4,7,3,2
19100808,11,8,2,6,4
19100809,6,7,10,9,4
19100810,5,6,7,10,1
19100811,6,9,11,5,7
19100812,11,5,2,10,1
19100813,3,2,7,8,6
19100814,3,2,8,9,1
19100815,7,1,11,5,9
19100816,4,10,9,11,1
19100817,5,7,9,8,11
19100818,7,8,11,3,10
19100819,10,9,2,3,7
19100820,6,4,8,2,11
19100821,1,7,6,5,2
19100822,2,5,3,6,11
19100823,1,11,5,7,4
19100824,10,3,8,4,1
19100825,4,2,1,5,6
19100826,8,10,1,3,7
19100827,1,11,10,5,4
19100828,10,4,7,5,2
19100829,7,1,4,9,11
19100830,8,7,11,5,2
19100831,8,9,2,10,5
19100832,3,10,1,2,8
19100833,2,5,1,3,4
19100834,10,1,9,6,2
19100835,5,8,9,10,1
