18110101,11,9,7,5,6
18110102,4,10,3,2,8
18110103,5,6,10,2,11
18110104,10,5,2,7,6
18110105,4,9,2,11,5
18110106,2,3,10,7,6
18110107,6,11,3,4,2
18110108,9,10,3,8,5
18110109,8,1,10,7,4
18110110,10,11,3,2,8
18110111,11,7,9,6,4
18110112,3,9,6,5,4
18110113,3,11,4,7,6
18110114,7,2,1,9,11
18110115,10,5,9,7,11
18110116,4,9,2,7,5
18110117,9,6,5,7,1
18110118,3,10,7,2,5
18110119,6,10,7,3,11
18110120,4,3,9,1,5
18110121,8,4,1,5,11
18110122,9,11,3,10,2
18110123,5,6,8,7,1
18110124,9,7,5,6,3
18110125,3,5,10,1,6
18110126,7,4,2,11,8
18110127,9,1,7,6,11
18110128,9,4,11,7,6
18110129,11,1,4,5,9
18110130,5,10,7,9,4
18110131,9,5,7,2,4
18110132,8,9,6,5,2
18110133,5,11,9,3,2
18110134,4,8,2,9,1
18110135,5,2,11,3,10
18110136,1,9,10,7,5
18110137,5,1,7,4,10
18110138,7,2,4,6,1
18110139,5,9,11,7,4
18110140,8,4,9,10,11
18110141,1,11,9,7,8
18110142,10,5,3,7,6
18110143,11,8,2,3,6
18110144,6,3,1,2,7
18110145,2,4,1,11,9
18110146,7,4,10,11,3
18110147,6,4,7,2,10
18110148,1,6,7,8,5
18110149,5,8,6,10,7
18110150,8,7,11,2,4
18110151,2,8,6,1,4
18110152,6,2,8,7,3
18110153,6,4,8,2,7
18110154,3,5,10,11,4
18110155,10,9,11,6,3
18110156,2,4,3,10,6
18110157,7,10,4,5,6
18110158,1,4,10,2,9
18110159,9,10,7,4,1
18110160,5,6,1,11,3
18110161,10,9,5,7,2
18110162,7,2,11,8,3
18110163,7,8,10,2,11
18110164,1,4,2,5,7
18110165,1,9,6,8,3
18110166,4,6,7,11,3
18110167,6,11,5,9,4
18110168,3,9,8,2,7
18110169,5,8,4,3,6
18110170,8,3,10,4,2
18110171,5,11,4,6,7
18110172,10,3,4,1,6
18110173,3,1,10,11,5
18110174,4,10,1,6,5
18110175,10,2,6,1,11
18110176,2,9,11,8,10
18110177,4,3,8,11,1
18110178,8,10,2,6,5
18110179,9,1,10,4,6
18110180,1,4,10,2,7
18110181,1,2,7,9,3
18110182,3,9,11,2,5
18110183,4,2,10,7,3
18110184,6,8,9,11,3
18110185,6,11,3,5,2
18110186,7,2,10,1,9
18110187,9,6,1,2,10
18110188,10,7,9,5,1
18110189,10,9,6,3,5
18110190,2,11,6,7,4
18110201,9,10,5,11,1
18110202,4,9,3,11,1
18110203,6,4,7,5,9
18110204,3,6,5,7,4
18110205,7,5,9,2,11
18110206,8,1,7,3,10
18110207,10,5,8,4,3
18110208,7,10,1,2,4
18110209,1,8,9,3,6
18110210,2,1,4,3,8
18110211,9,5,11,3,7
18110212,10,1,6,4,11
18110213,7,9,6,3,10
18110214,9,10,1,11,3
18110215,1,3,6,5,4
18110216,9,10,3,2,8
18110217,6,8,3,2,5
18110218,4,2,7,10,6
18110219,6,5,11,10,2
18110220,3,2,8,6,9
18110221,3,1,7,11,2
18110222,10,5,7,6,9
18110223,10,11,6,9,4
18110224,8,5,9,10,4
18110225,10,11,8,1,9
18110226,4,3,2,1,8
18110227,8,7,2,11,4
18110228,8,3,1,5,10
18110229,2,9,7,3,11
18110230,2,7,11,1,9
18110231,7,11,4,8,9
18110232,8,10,1,9,6
18110233,11,4,8,2,1
18110234,11,4,8,9,6
18110235,11,6,3,1,9
18110236,5,7,1,6,3
18110237,10,2,9,1,5
18110238,2,11,4,8,5
18110239,4,5,2,6,9
18110240,5,3,11,6,1
18110241,3,4,11,10,8
18110242,3,9,8,10,5
18110243,10,1,3,8,5
18110244,10,11,2,3,6
18110245,1,11,9,10,4
18110246,9,10,1,5,2
18110247,2,3,9,6,8
18110248,3,10,6,4,2
18110249,11,1,7,2,9
18110250,10,4,11,2,5
18110251,6,7,1,5,8
18110252,7,5,10,11,4
18110253,4,1,2,6,3
18110254,8,6,2,11,10
18110255,7,2,1,3,6
18110256,4,1,9,5,3
18110257,9,1,7,3,6
18110258,11,4,6,3,1
18110259,2,10,9,6,7
18110260,6,8,5,1,10
18110261,8,2,7,1,10
18110262,6,11,5,2,10
18110263,10,9,4,2,11
18110264,6,4,10,5,3
18110265,8,5,10,11,2
18110266,11,8,3,6,9
18110267,4,9,11,5,3
18110268,8,2,7,6,4
18110269,4,9,1,3,11
18110270,7,6,3,11,2
18110271,5,2,9,4,10
18110272,8,10,7,3,1
18110273,11,1,5,2,10
18110274,6,7,1,4,2
18110275,4,7,10,11,1
18110276,1,5,9,2,3
18110277,1,7,2,3,6
18110278,5,9,10,4,7
18110279,2,3,5,8,11
18110280,7,4,3,1,10
18110281,7,10,2,1,4
18110282,2,10,11,6,9
18110283,9,8,6,7,1
18110284,2,5,4,6,10
18110285,5,6,2,4,9
18110286,9,8,7,3,5
18110287,1,6,3,9,8
18110288,4,6,8,10,1
18110289,2,7,9,4,10
18110290,9,6,3,2,4
18110301,6,1,7,11,5
18110302,10,6,5,11,2
18110303,2,9,3,5,11
18110304,7,1,2,11,9
18110305,5,9,6,8,10
18110306,10,2,9,5,4
18110307,9,2,3,5,10
18110308,4,3,5,11,6
18110309,9,7,11,4,3
18110310,5,8,9,10,4
18110311,11,1,9,7,10
18110312,8,3,2,4,1
18110313,11,1,2,3,9
18110314,5,1,2,9,11
18110315,5,4,6,2,7
18110316,10,9,5,8,2
18110317,4,9,2,10,11
18110318,6,1,11,2,8
18110319,6,8,5,2,9
18110320,1,5,2,11,7
18110321,11,9,6,1,7
18110322,6,3,11,10,4
18110323,9,1,11,4,2
18110324,5,2,11,9,3
18110325,7,5,9,6,8
18110326,6,10,1,4,3
18110327,4,7,5,11,3
18110328,4,10,9,1,3
18110329,1,3,5,9,2
18110330,4,2,10,7,5
18110331,6,5,1,7,9
18110332,3,10,7,2,9
18110333,5,10,4,6,2
18110334,5,4,7,11,8
18110335,6,2,1,9,4
18110336,1,11,3,2,9
18110337,8,6,3,1,2
18110338,7,5,10,2,11
18110339,10,3,9,8,5
18110340,7,6,1,8,5
18110341,5,1,6,11,4
18110342,8,5,6,9,11
18110343,8,3,5,11,2
18110344,5,1,8,2,4
18110345,11,7,5,9,3
18110346,9,7,11,5,3
18110347,6,11,3,2,4
18110348,1,8,10,7,5
18110349,6,2,7,1,8
18110350,11,2,10,4,9
18110351,4,11,2,6,3
18110352,1,5,3,9,8
18110353,3,5,4,9,11
18110354,10,2,4,5,9
18110355,1,10,3,7,8
18110356,3,5,11,8,2
18110357,2,5,4,10,7
18110358,10,11,7,1,5
18110359,2,8,9,3,4
18110360,3,8,6,9,1
18110361,1,10,6,3,5
18110362,2,4,6,8,10
18110363,10,1,11,4,9
18110364,5,10,6,11,7
18110365,6,5,9,3,1
18110366,8,2,4,11,3
18110367,11,7,5,9,10
18110368,11,6,4,8,3
18110369,1,9,5,6,2
18110370,6,8,5,1,11
18110371,8,5,3,1,7
18110372,8,6,9,5,2
18110373,7,8,1,3,2
18110374,4,8,10,5,1
18110375,11,4,3,2,5
18110376,7,10,2,6,9
18110377,11,6,7,2,10
18110378,8,9,3,1,2
18110379,5,3,1,2,10
18110380,4,8,3,7,9
18110381,5,11,6,1,10
18110382,1,6,2,7,9
18110383,4,11,2,6,9
18110384,11,8,3,5,6
18110385,10,2,1,4,7
18110386,8,9,2,4,5
18110387,2,10,3,1,5
18110388,1,10,4,11,3
18110389,7,8,3,10,9
18110390,6,4,7,5,9
18110401,4,1,6,10,3
18110402,2,9,8,7,4
18110403,9,4,8,3,5
18110404,6,7,11,4,2
18110405,7,10,5,8,4
18110406,9,3,10,11,4
18110407,3,8,5,10,4
18110408,4,5,3,11,2
18110409,2,7,5,11,6
18110410,9,11,5,7,6
18110411,8,1,4,11,10
18110412,4,9,1,2,10
18110413,3,4,11,6,1
18110414,6,7,2,9,8
18110415,8,11,9,4,5
18110416,9,7,6,3,2
18110417,9,1,8,4,7
18110418,3,8,1,7,2
18110419,8,5,6,2,7
18110420,8,5,10,9,6
18110421,4,5,10,7,8
18110422,11,4,1,2,9
18110423,4,6,11,7,3
18110424,3,4,1,5,11
18110425,6,5,11,2,3
18110426,11,7,10,9,4
18110427,3,4,1,11,6
18110428,9,10,6,4,1
18110429,2,8,7,10,6
18110430,11,4,8,6,3
18110431,1,4,6,3,8
18110432,5,11,1,8,7
18110433,7,11,8,1,2
18110434,1,11,3,4,8
18110435,11,8,7,10,3
18110436,6,7,5,9,11
18110437,10,8,3,7,1
18110438,11,2,6,7,10
18110439,4,5,6,9,1
18110440,4,3,8,2,6
18110441,3,1,5,2,7
18110442,11,6,10,8,2
18110443,10,7,8,1,6
18110444,2,11,8,7,5
18110445,10,7,8,2,11
18110446,10,1,3,4,5
18110447,5,8,4,7,10
18110448,6,5,3,2,8
18110449,2,9,10,3,11
18110450,5,3,1,7,4
18110451,2,11,4,5,8
18110452,7,6,4,11,9
18110453,8,5,3,2,10
18110454,4,11,2,10,8
18110455,3,8,6,5,9
18110456,9,1,10,6,2
18110457,3,5,4,8,9
18110458,8,7,5,1,11
18110459,9,2,4,6,3
18110460,6,10,11,1,5
18110461,3,2,7,4,5
18110462,9,11,8,10,4
18110463,9,1,2,7,8
18110464,10,1,5,7,8
18110465,5,4,1,9,11
18110466,9,3,2,6,5
18110467,5,2,8,4,3
18110468,9,3,11,6,8
18110469,2,6,9,10,8
18110470,6,2,7,4,3
18110471,11,10,7,5,8
18110472,1,3,10,11,6
18110473,10,6,5,4,7
18110474,6,7,11,1,2
18110475,10,1,9,3,7
18110476,1,2,4,3,6
18110477,10,2,4,6,5
18110478,9,3,8,5,7
18110479,8,2,3,11,1
18110480,11,9,2,10,8
18110481,6,8,1,4,11
18110482,6,10,9,3,11
18110483,9,6,8,5,3
18110484,6,9,10,4,3
18110485,4,11,7,3,9
18110486,6,1,11,9,7
18110487,11,7,2,1,6
18110488,10,1,9,2,3
18110489,7,5,1,8,11
18110490,11,4,8,2,10
18110501,5,7,6,4,3
18110502,6,11,10,5,9
18110503,2,3,10,6,4
18110504,6,7,4,11,2
18110505,9,6,3,7,4
18110506,1,2,10,4,11
18110507,3,8,9,10,2
18110508,10,11,5,2,6
18110509,4,10,8,9,1
18110510,2,7,3,4,9
18110511,2,10,4,5,1
18110512,6,4,3,10,2
18110513,4,7,9,8,5
18110514,10,11,1,2,9
18110515,6,7,9,2,8
18110516,5,4,3,1,8
18110517,5,7,1,8,9
18110518,6,2,9,5,1
18110519,6,7,9,4,10
18110520,1,4,6,5,9
18110521,3,11,1,9,2
18110522,1,7,8,10,5
18110523,7,11,1,5,3
18110524,11,4,6,5,8
18110525,4,3,5,7,11
18110526,2,3,11,10,7
18110527,3,2,4,6,8
18110528,7,5,9,10,8
18110529,7,9,3,8,4
18110530,1,10,3,11,9
18110531,5,4,6,9,11
18110532,10,5,2,1,3
18110533,10,8,11,4,3
18110534,4,7,5,11,6
18110535,4,11,9,3,8
18110536,7,8,10,11,1
18110537,5,8,4,11,7
18110538,1,4,9,10,8
18110539,1,9,5,7,2
18110540,1,6,4,11,7
18110541,8,9,6,1,5
18110542,5,4,11,9,3
18110543,6,7,3,4,9
18110544,2,10,5,7,1
18110545,8,2,1,6,7
18110546,10,7,11,6,2
18110547,5,2,9,3,10
18110548,5,3,4,9,11
18110549,2,5,11,6,9
18110550,6,4,9,11,7
18110551,5,9,10,4,2
18110552,3,5,11,10,4
18110553,11,10,9,8,5
18110554,1,6,10,5,8
18110555,1,11,3,9,6
18110556,9,3,6,8,5
18110557,4,8,7,5,2
18110558,4,3,9,5,11
18110559,5,7,10,9,8
18110560,1,6,9,2,8
18110561,7,1,4,5,9
18110562,3,2,9,6,4
18110563,9,3,4,8,2
18110564,2,4,5,3,6
18110565,11,3,2,8,7
18110566,11,2,6,10,8
18110567,2,9,10,7,11
18110568,10,8,5,1,11
18110569,3,2,11,8,1
18110570,8,1,10,11,3
18110571,7,5,2,1,3
18110572,9,3,1,6,5
18110573,9,10,6,3,7
18110574,10,8,11,6,2
18110575,11,6,8,2,5
18110576,11,2,6,3,10
18110577,8,9,10,7,3
18110578,1,7,10,6,2
18110579,1,8,6,3,4
18110580,8,7,10,4,5
18110581,8,2,10,1,3
18110582,7,8,9,10,3
18110583,4,1,2,5,9
18110584,5,1,8,3,4
18110585,1,6,8,5,9
18110586,9,4,1,7,5
18110587,8,7,9,4,2
18110588,9,2,4,7,5
18110589,2,9,5,6,8
18110590,3,1,9,7,8
18110601,2,7,3,4,9
18110602,5,6,10,8,3
18110603,3,11,1,8,4
18110604,1,3,9,10,2
18110605,5,1,3,8,4
18110606,8,11,7,5,3
18110607,1,10,8,2,7
18110608,4,7,9,1,2
18110609,11,8,2,1,4
18110610,10,9,1,6,2
18110611,5,4,6,2,7
18110612,1,6,7,4,11
18110613,3,7,4,2,10
18110614,11,7,9,10,6
18110615,3,9,1,10,5
18110616,6,3,10,7,4
18110617,10,2,4,5,1
18110618,4,9,11,7,1
18110619,7,8,1,5,10
18110620,2,11,8,10,1
18110621,1,2,11,4,9
18110622,7,1,6,2,11
18110623,7,10,2,4,5
18110624,9,7,6,8,10
18110625,2,4,7,6,3
18110626,9,6,2,4,8
18110627,7,4,6,1,10
18110628,3,11,6,10,4
18110629,5,3,8,4,1
18110630,10,2,9,6,8
18110631,9,4,6,5,1
18110632,5,3,8,11,10
18110633,6,5,7,1,9
18110634,1,6,5,7,8
18110635,9,3,10,8,5
18110636,8,4,3,5,1
18110637,8,6,10,11,1
18110638,3,6,4,5,9
18110639,6,2,7,8,11
18110640,3,4,1,8,5
18110641,11,2,9,6,1
18110642,11,1,2,7,9
18110643,3,10,1,9,2
18110644,3,6,5,9,11
18110645,11,9,5,6,3
18110646,6,9,2,8,7
18110647,5,8,6,10,4
18110648,5,4,11,8,7
18110649,8,6,4,5,3
18110650,8,4,2,1,5
18110651,9,2,8,7,3
18110652,6,5,3,4,9
18110653,2,8,1,9,10
18110654,4,3,2,11,7
18110655,11,3,7,8,6
18110656,11,1,7,10,5
18110657,6,4,3,7,10
18110658,9,5,8,4,7
18110659,9,5,2,10,6
18110660,1,3,5,11,10
18110661,2,9,3,7,4
18110662,6,1,10,8,11
18110663,6,5,8,9,3
18110664,2,3,1,11,4
18110665,5,4,10,8,6
18110666,7,2,3,11,1
18110667,10,8,4,1,7
18110668,5,9,8,7,6
18110669,4,2,7,5,11
18110670,7,8,5,3,6
18110671,10,8,11,9,6
18110672,5,8,2,4,1
18110673,9,11,2,4,6
18110674,7,10,1,3,9
18110675,11,6,3,5,1
18110676,5,8,4,2,11
18110677,11,8,7,1,5
18110678,3,8,7,6,11
18110679,8,10,1,7,9
18110680,5,2,4,1,7
18110681,10,11,6,8,7
18110682,11,7,3,2,5
18110683,1,7,3,6,5
18110684,3,5,2,1,11
18110685,1,10,7,2,4
18110686,9,6,10,4,7
18110687,5,7,10,11,9
18110688,3,4,11,6,5
18110689,3,7,1,4,2
18110690,3,4,8,11,7
18110701,2,9,8,11,7
18110702,7,3,9,5,6
18110703,6,4,11,5,7
18110704,4,1,6,5,8
18110705,8,11,4,5,2
18110706,7,8,11,10,3
18110707,1,10,4,8,3
18110708,11,3,8,9,7
18110709,9,8,3,7,6
18110710,2,5,8,7,4
18110711,3,4,5,2,1
18110712,10,9,8,11,7
18110713,1,7,10,9,4
18110714,3,1,4,6,7
18110715,5,8,2,9,1
18110716,8,3,11,7,6
18110717,7,1,3,6,8
18110718,10,9,6,8,1
18110719,5,6,1,8,10
18110720,10,3,5,6,8
18110721,1,2,4,5,9
18110722,3,9,5,7,6
18110723,5,2,4,8,3
18110724,7,4,8,6,10
18110725,6,5,9,1,8
18110726,11,1,3,10,9
18110727,3,9,5,11,10
18110728,8,5,3,10,7
18110729,2,4,7,8,6
18110730,3,5,9,11,4
18110731,5,4,7,10,3
18110732,10,8,2,4,7
18110733,8,9,10,3,5
18110734,7,5,10,6,2
18110735,10,9,7,2,5
18110736,3,4,10,6,7
18110737,9,11,1,10,3
18110738,5,7,8,4,1
18110739,10,7,11,9,6
18110740,3,7,1,9,8
18110741,9,6,7,4,5
18110742,3,5,2,10,1
18110743,6,4,9,11,5
18110744,5,10,3,9,1
18110745,7,9,3,10,1
18110746,4,5,9,3,11
18110747,9,4,7,6,11
18110748,11,7,8,1,10
18110749,1,5,7,2,3
18110750,3,7,11,8,5
18110751,1,7,2,3,10
18110752,6,4,5,9,11
18110753,5,1,7,10,4
18110754,7,10,9,5,6
18110755,6,7,5,3,11
18110756,5,4,9,2,6
18110757,5,8,9,4,6
18110758,11,2,6,5,7
18110759,2,4,6,1,11
18110760,8,1,4,5,9
18110761,8,9,1,11,4
18110762,2,1,7,3,10
18110763,1,2,11,3,10
18110764,4,3,10,11,8
18110765,1,10,8,3,7
18110766,11,2,1,8,5
18110767,1,6,3,5,9
18110768,7,8,6,11,5
18110769,3,11,7,4,1
18110770,3,11,10,2,9
18110771,11,4,2,10,6
18110772,3,1,9,10,11
18110773,1,7,6,3,2
18110774,11,7,2,8,4
18110775,7,6,3,8,1
18110776,3,9,2,1,7
18110777,3,10,8,9,2
18110778,6,8,9,2,5
18110779,7,10,9,11,8
18110780,1,6,3,8,7
18110781,5,7,3,6,8
18110782,7,11,9,10,4
18110783,7,4,5,8,1
18110784,8,7,9,10,11
18110785,10,1,5,11,7
18110786,7,4,3,5,1
18110787,8,3,7,5,10
18110788,9,2,7,3,8
18110789,6,4,10,1,5
18110790,1,3,10,9,2
18110801,1,8,9,10,6
18110802,1,3,5,4,8
18110803,1,4,10,8,3
18110804,11,8,4,9,5
18110805,4,7,2,10,1
18110806,1,6,11,10,8
18110807,3,1,10,7,4
18110808,3,10,7,2,9
18110809,4,11,10,1,3
18110810,8,4,5,7,6
18110811,8,5,3,7,6
18110812,10,8,1,9,11
18110813,1,4,8,6,2
18110814,10,5,7,11,3
18110815,4,7,2,10,5
18110816,8,6,7,3,10
18110817,4,9,2,8,1
18110818,5,9,7,10,2
18110819,4,5,7,3,1
18110820,10,4,2,9,8
18110821,5,2,3,7,1
18110822,5,4,10,9,2
18110823,11,1,2,4,3
18110824,8,6,4,1,5
18110825,4,6,2,9,1
18110826,11,9,2,7,8
18110827,5,4,3,11,2
18110828,11,8,5,2,6
18110829,10,8,3,5,2
18110830,6,9,11,3,7
18110831,10,5,9,1,2
18110832,11,4,5,1,10
18110833,2,6,9,5,10
18110834,10,6,3,11,2
18110835,3,2,4,8,7
18110836,8,6,1,2,11
18110837,6,11,2,3,10
18110838,3,5,9,1,2
18110839,6,8,1,7,5
18110840,6,8,7,3,4
18110841,9,7,11,5,1
18110842,6,2,5,1,7
18110843,4,2,7,11,3
18110844,4,2,5,7,11
18110845,7,8,5,3,9
18110846,10,1,8,11,6
18110847,11,1,6,4,7
18110848,3,2,11,5,7
18110849,4,10,7,1,9
18110850,2,10,4,6,9
18110851,4,9,1,2,10
18110852,9,6,11,4,7
18110853,11,9,2,6,10
18110854,5,6,10,2,9
18110855,7,3,1,10,6
18110856,10,8,4,3,5
18110857,8,2,9,4,11
18110858,6,4,11,10,8
18110859,4,10,3,8,6
18110860,4,1,5,2,6
18110861,10,11,5,9,6
18110862,2,10,7,1,5
18110863,9,4,11,1,3
18110864,1,2,7,11,4
18110865,5,2,7,3,11
18110866,8,1,2,4,9
18110867,9,10,1,3,2
18110868,7,9,1,2,10
18110869,5,9,8,10,1
18110870,9,4,3,10,1
18110871,1,5,4,10,2
18110872,11,3,7,9,4
18110873,8,6,3,2,9
18110874,1,8,11,7,5
18110875,6,2,11,8,4
18110876,1,8,2,3,6
18110877,8,6,1,4,2
18110878,10,6,3,5,2
18110879,1,7,11,6,4
18110880,10,9,11,7,4
18110881,9,2,5,4,10
18110882,2,1,7,5,4
18110883,1,11,3,6,8
18110884,8,4,10,11,9
18110885,2,3,4,7,10
18110886,10,4,3,2,7
18110887,4,3,9,6,8
18110888,10,4,2,9,6
18110889,9,11,2,4,10
18110890,7,6,3,5,2
18110901,8,3,10,4,9
18110902,11,2,6,10,7
18110903,1,5,6,10,9
18110904,7,1,8,5,2
18110905,10,6,8,7,1
18110906,9,1,3,11,7
18110907,10,4,6,5,9
18110908,11,5,1,7,2
18110909,5,7,10,9,11
18110910,7,3,6,1,9
18110911,1,4,9,10,2
18110912,5,3,8,6,11
18110913,10,8,11,9,1
18110914,9,1,2,3,7
18110915,6,9,5,11,10
18110916,11,4,2,1,9
18110917,1,2,4,6,7
18110918,4,8,11,6,5
18110919,3,4,11,9,7
18110920,5,1,10,6,9
18110921,2,8,11,7,3
18110922,6,8,4,5,2
18110923,3,11,10,4,1
18110924,7,5,4,6,8
18110925,4,11,10,6,9
18110926,7,8,6,1,5
18110927,2,8,5,1,10
18110928,8,6,2,3,4
18110929,7,11,9,5,6
18110930,1,4,8,10,6
18110931,5,9,4,6,8
18110932,5,1,11,6,7
18110933,11,2,8,6,1
18110934,9,11,10,1,7
18110935,4,2,1,5,10
18110936,5,1,2,8,6
18110937,8,9,3,10,11
18110938,4,8,9,5,6
18110939,3,1,7,6,5
18110940,7,1,3,10,9
18110941,9,7,5,6,3
18110942,7,9,8,4,10
18110943,11,9,3,6,5
18110944,4,2,9,7,8
18110945,5,7,10,4,3
18110946,9,5,4,7,6
18110947,3,4,5,1,10
18110948,5,3,7,6,9
18110949,8,5,9,1,6
18110950,5,8,6,9,4
18110951,5,8,9,10,3
18110952,10,5,9,1,3
18110953,3,11,4,6,2
18110954,5,7,1,3,8
18110955,5,2,10,7,1
18110956,7,9,3,5,8
18110957,6,2,9,3,1
18110958,1,5,11,7,10
18110959,10,11,9,3,2
18110960,1,5,7,2,11
18110961,3,7,11,1,5
18110962,5,6,3,10,2
18110963,6,9,10,3,8
18110964,9,7,8,2,5
18110965,8,10,4,9,6
18110966,8,6,9,1,3
18110967,6,5,9,7,3
18110968,3,6,2,7,5
18110969,7,4,2,6,9
18110970,8,9,7,10,11
18110971,10,4,8,9,1
18110972,3,4,10,8,7
18110973,11,6,3,4,5
18110974,9,1,5,3,8
18110975,6,9,10,4,1
18110976,1,10,5,7,9
18110977,1,9,3,7,6
18110978,9,1,5,3,7
18110979,10,9,8,3,5
18110980,6,3,1,2,11
18110981,8,4,1,3,9
18110982,3,11,8,4,5
18110983,3,11,10,1,5
18110984,8,6,2,4,3
18110985,1,8,6,10,2
18110986,3,11,10,1,4
18110987,8,11,5,3,7
18110988,8,1,4,9,6
18110989,11,5,10,3,2
18110990,9,3,1,10,7
18111001,5,4,10,7,11
18111002,2,3,11,5,4
18111003,1,4,10,5,2
18111004,5,8,9,10,11
18111005,8,3,7,2,5
18111006,6,7,10,11,9
18111007,5,11,4,1,9
18111008,5,8,2,6,9
18111009,4,8,1,6,10
18111010,9,10,1,6,4
18111011,7,4,2,11,1
18111012,2,10,4,7,5
18111013,8,1,9,2,5
18111014,10,2,8,1,6
18111015,1,8,3,9,4
18111016,1,3,7,9,5
18111017,3,11,7,2,8
18111018,2,4,10,8,6
18111019,6,8,10,7,4
18111020,10,11,1,7,6
18111021,4,7,8,1,5
18111022,4,11,2,9,5
18111023,7,4,8,10,11
18111024,9,7,11,8,3
18111025,2,7,4,10,1
18111026,3,7,2,1,5
18111027,9,4,6,1,8
18111028,6,10,2,1,5
18111029,10,9,1,2,6
18111030,3,6,4,8,2
18111031,7,11,1,3,10
18111032,10,5,3,8,11
18111033,8,2,6,11,4
18111034,2,9,4,1,11
18111035,8,5,10,4,9
18111036,2,7,9,1,5
18111037,9,6,3,10,11
18111038,1,9,8,6,11
18111039,5,11,3,9,4
18111040,4,8,2,7,5
18111041,10,6,3,4,8
18111042,6,11,7,4,2
18111043,1,5,8,3,2
18111044,9,10,7,1,8
18111045,1,3,2,9,4
18111046,9,11,10,8,7
18111047,1,7,9,6,4
18111048,4,2,7,10,11
18111049,8,7,9,6,5
18111050,6,1,3,9,7
18111051,3,4,9,1,6
18111052,3,2,1,8,5
18111053,3,6,2,7,4
18111054,2,10,11,3,9
18111055,9,3,2,5,10
18111056,6,2,7,3,5
18111057,4,8,9,7,10
18111058,8,1,5,9,6
18111059,9,3,11,4,5
18111060,10,8,9,5,2
18111061,3,10,11,9,1
18111062,1,5,2,9,6
18111063,8,6,7,3,11
18111064,3,1,5,8,4
18111065,9,4,2,7,10
18111066,4,5,9,2,1
18111067,5,2,9,1,11
18111068,4,5,6,1,11
18111069,1,4,6,10,11
18111070,3,2,5,9,8
18111071,4,3,11,5,9
18111072,2,6,8,4,5
18111073,8,5,7,2,4
18111074,11,2,6,1,5
18111075,5,9,7,4,3
18111076,6,10,8,1,4
18111077,5,6,3,7,1
18111078,3,11,10,7,5
18111079,7,2,11,8,3
18111080,5,10,4,9,3
18111081,4,10,3,6,8
18111082,4,10,3,11,7
18111083,3,10,6,4,2
18111084,3,1,10,4,11
18111085,9,10,1,8,2
18111086,9,8,6,1,10
18111087,9,4,1,5,3
18111088,9,6,7,8,3
18111089,8,4,3,7,5
18111090,4,10,9,8,2
18111101,6,5,1,9,3
18111102,8,2,3,1,11
18111103,7,8,9,10,1
18111104,8,1,9,7,2
18111105,6,11,1,10,3
18111106,6,9,5,4,11
18111107,9,5,7,11,1
18111108,11,7,10,9,3
18111109,2,5,11,1,7
18111110,11,9,7,6,1
18111111,1,5,11,8,7
18111112,9,8,10,4,3
18111113,9,7,11,2,8
18111114,4,6,9,10,3
18111115,4,6,10,11,2
18111116,10,7,6,9,5
18111117,6,4,5,7,2
18111118,11,2,4,3,8
18111119,7,6,10,11,2
18111120,8,9,11,10,3
18111121,1,9,10,5,2
18111122,11,2,8,6,5
18111123,11,9,1,7,5
18111124,4,10,5,9,8
18111125,3,6,8,5,9
18111126,2,10,7,5,6
18111127,5,8,1,4,2
18111128,8,1,4,11,2
18111129,11,3,4,5,7
18111130,3,7,9,8,6
18111131,7,10,3,5,11
18111132,3,9,6,2,4
18111133,7,9,10,4,1
18111134,8,9,6,7,4
18111135,6,4,10,8,1
18111136,3,4,9,5,11
18111137,6,8,3,11,9
18111138,1,2,8,10,7
18111139,7,5,1,11,2
18111140,11,5,7,3,1
18111141,8,11,4,7,3
18111142,6,10,5,2,3
18111143,9,4,11,1,3
18111144,11,2,9,10,1
18111145,8,2,5,7,4
18111146,6,4,11,2,3
18111147,7,8,9,6,2
18111148,8,3,1,4,5
18111149,5,9,3,8,6
18111150,1,2,8,11,7
18111151,10,5,8,2,1
18111152,4,1,5,9,3
18111153,10,5,1,3,6
18111154,7,5,10,1,9
18111155,5,3,1,8,9
18111156,3,8,5,4,6
18111157,8,11,7,6,4
18111158,7,10,5,2,8
18111159,2,7,4,11,8
18111160,2,10,9,4,5
18111161,9,2,1,7,4
18111162,7,4,10,6,3
18111163,5,8,6,7,2
18111164,6,2,11,4,1
18111165,8,6,7,1,4
18111166,9,10,5,6,7
18111167,6,1,5,3,2
18111168,4,3,2,5,8
18111169,3,2,6,8,11
18111170,4,7,2,3,9
18111171,5,4,11,10,2
18111172,3,8,1,4,2
18111173,3,6,4,11,7
18111174,9,6,11,10,5
18111175,11,9,3,6,2
18111176,8,6,4,1,3
18111177,7,2,6,5,8
18111178,1,5,11,7,2
18111179,3,11,10,5,2
18111180,4,10,11,8,2
18111181,10,9,8,4,5
18111182,3,5,6,9,8
18111183,6,1,11,5,3
18111184,1,8,9,4,2
18111185,3,5,6,7,1
18111186,11,10,4,7,8
18111187,7,9,2,3,1
18111188,6,4,5,11,1
18111189,7,10,5,4,11
18111190,10,2,4,6,5
18111201,11,2,6,4,7
18111202,3,9,11,4,8
18111203,2,6,10,9,5
18111204,3,6,2,8,10
18111205,4,2,10,8,6
18111206,10,2,8,4,3
18111207,8,2,6,7,1
18111208,9,7,5,1,10
18111209,10,8,9,1,2
18111210,11,1,6,10,4
18111211,8,9,4,6,10
18111212,6,5,2,4,3
18111213,3,6,1,9,7
18111214,5,7,1,9,10
18111215,1,4,6,11,9
18111216,5,8,1,11,7
18111217,11,8,7,2,5
18111218,5,8,1,10,9
18111219,6,10,1,11,9
18111220,11,10,8,7,4
18111221,8,1,9,4,2
18111222,8,6,5,2,4
18111223,5,7,6,4,10
18111224,5,1,11,9,4
18111225,2,11,4,5,1
18111226,11,6,5,4,3
18111227,9,11,5,1,8
18111228,11,7,5,3,1
18111229,9,4,1,6,3
18111230,11,5,9,1,2
18111231,2,5,3,1,4
18111232,6,7,5,11,8
18111233,8,11,7,4,2
18111234,8,10,5,6,9
18111235,2,5,7,9,1
18111236,9,3,4,11,2
18111237,6,2,1,5,4
18111238,1,4,5,11,3
18111239,5,10,2,7,3
18111240,6,11,2,7,10
18111241,4,2,9,7,6
18111242,2,9,6,11,1
18111243,4,6,10,11,8
18111244,9,8,2,1,10
18111245,2,10,6,4,7
18111246,7,2,5,8,4
18111247,11,8,4,10,3
18111248,8,7,1,11,4
18111249,10,4,11,6,9
18111250,1,7,3,9,8
18111251,5,11,8,7,4
18111252,11,2,8,9,10
18111253,5,2,3,1,6
18111254,10,5,8,3,7
18111255,3,1,11,6,2
18111256,7,8,2,10,3
18111257,7,3,1,9,6
18111258,10,7,11,2,3
18111259,2,1,8,3,9
18111260,3,10,8,4,2
18111261,1,2,8,11,4
18111262,10,7,1,3,6
18111263,7,2,9,11,4
18111264,10,6,5,3,11
18111265,4,11,8,7,10
18111266,1,3,5,11,10
18111267,2,11,3,1,8
18111268,6,5,2,4,9
18111269,1,5,8,7,6
18111270,11,10,7,8,2
18111271,7,4,6,8,11
18111272,9,5,8,1,4
18111273,1,11,10,7,5
18111274,2,8,10,9,11
18111275,11,10,9,5,6
18111276,2,5,11,9,7
18111277,8,11,6,2,4
18111278,6,1,8,2,7
18111279,2,6,3,9,8
18111280,3,2,9,11,8
18111281,4,7,9,2,11
18111282,2,9,10,1,6
18111283,7,1,3,10,2
18111284,2,3,5,7,1
18111285,2,5,4,10,6
18111286,3,7,9,10,8
18111287,3,11,2,6,7
18111288,9,1,4,8,10
18111289,8,11,2,4,7
18111290,10,7,9,4,5
18111301,3,2,1,9,4
18111302,8,3,9,6,5
18111303,9,10,1,8,6
18111304,3,1,11,9,7
18111305,4,10,1,6,2
18111306,9,8,3,11,7
18111307,3,7,10,4,1
18111308,5,8,10,11,1
18111309,3,2,1,4,9
18111310,11,7,3,6,1
18111311,7,1,9,2,5
18111312,2,8,1,4,9
18111313,1,6,9,10,4
18111314,1,11,2,3,8
18111315,8,9,3,5,6
18111316,1,7,8,3,2
18111317,9,2,8,7,11
18111318,2,11,3,4,1
18111319,6,9,3,4,2
18111320,2,6,11,5,4
18111321,3,9,6,8,2
18111322,8,10,9,11,6
18111323,8,6,10,2,5
18111324,11,8,6,5,2
18111325,3,10,4,7,6
18111326,7,6,9,5,8
18111327,3,6,7,4,8
18111328,11,9,4,8,6
18111329,6,5,2,9,3
18111330,7,5,11,3,1
18111331,2,8,4,3,7
18111332,7,8,10,11,3
18111333,3,2,6,9,7
18111334,10,8,9,7,5
18111335,1,3,2,10,11
18111336,9,6,1,4,5
18111337,9,3,6,11,7
18111338,10,3,5,9,1
18111339,7,4,5,3,1
18111340,2,7,4,6,11
18111341,8,4,1,3,10
18111342,9,11,8,5,10
18111343,2,7,9,1,11
18111344,8,1,11,3,5
18111345,5,4,7,1,9
18111346,5,7,1,6,9
18111347,11,1,8,5,4
18111348,11,2,1,5,10
18111349,3,9,11,10,4
18111350,5,2,7,8,10
18111351,5,9,8,11,1
18111352,11,7,4,5,3
18111353,4,2,3,9,6
18111354,3,8,10,7,5
18111355,11,2,4,3,9
18111356,2,3,1,11,4
18111357,11,9,6,10,8
18111358,5,6,7,9,2
18111359,10,4,3,11,8
18111360,5,9,6,4,2
18111361,2,11,4,10,5
18111362,7,8,5,6,10
18111363,2,10,1,6,9
18111364,10,1,2,4,11
18111365,4,11,9,6,1
18111366,3,7,5,8,1
18111367,4,3,9,1,2
18111368,7,8,3,9,4
18111369,8,10,5,11,4
18111370,10,2,1,11,7
18111371,5,8,3,2,1
18111372,7,5,8,11,10
18111373,7,5,6,11,8
18111374,2,6,4,8,11
18111375,2,11,6,3,5
18111376,5,3,6,4,11
18111377,5,1,7,9,8
18111378,5,8,11,3,10
18111379,3,9,4,2,5
18111380,4,6,9,11,3
18111381,1,2,11,6,5
18111382,1,4,11,5,3
18111383,4,10,11,1,9
18111384,2,3,11,7,1
18111385,9,5,6,8,7
18111386,7,10,9,1,4
18111387,4,1,5,3,2
18111388,6,2,8,1,4
18111389,1,6,5,9,4
18111390,7,9,4,8,5
18111401,2,11,9,8,10
18111402,1,8,3,11,2
18111403,10,5,1,9,4
18111404,4,1,7,3,6
18111405,1,10,11,8,4
18111406,5,10,9,7,8
18111407,10,11,9,5,4
18111408,5,4,9,6,3
18111409,1,9,10,6,11
18111410,5,3,10,8,4
18111411,11,9,1,5,4
18111412,10,8,6,3,7
18111413,2,3,10,7,11
18111414,9,5,11,7,6
18111415,7,11,5,3,8
18111416,5,3,6,1,8
18111417,1,3,2,11,5
18111418,7,8,1,5,2
18111419,1,4,6,10,9
18111420,9,1,10,3,11
18111421,5,7,3,11,2
18111422,1,5,9,11,6
18111423,5,7,11,8,1
18111424,6,9,3,7,11
18111425,11,9,3,5,8
18111426,9,2,5,11,6
18111427,6,4,1,8,2
18111428,8,9,6,5,10
18111429,7,8,4,1,10
18111430,3,6,11,5,4
18111431,2,10,5,7,11
18111432,4,11,6,5,3
18111433,11,7,8,1,9
18111434,6,4,9,1,10
18111435,5,11,10,6,4
18111436,3,8,1,11,10
18111437,11,9,5,7,1
18111438,10,4,9,8,5
18111439,9,11,10,3,6
18111440,8,1,10,7,4
18111441,3,9,5,8,6
18111442,7,10,1,4,3
18111443,10,9,7,4,6
18111444,1,8,11,4,5
18111445,9,4,11,6,2
18111446,2,6,1,7,3
18111447,2,7,9,11,10
18111448,5,3,7,9,1
18111449,3,2,8,10,4
18111450,4,8,10,11,2
18111451,4,11,7,2,9
18111452,1,9,10,4,8
18111453,7,2,1,9,10
18111454,1,2,5,10,7
18111455,9,2,3,7,10
18111456,4,7,9,8,6
18111457,7,9,10,6,5
18111458,8,3,11,4,7
18111459,4,3,6,7,11
18111460,9,3,11,7,2
18111461,4,7,3,10,8
18111462,6,8,3,1,9
18111463,3,1,9,2,8
18111464,5,6,10,9,2
18111465,3,11,9,5,10
18111466,2,1,6,3,5
18111467,4,5,11,3,10
18111468,4,8,6,10,2
18111469,10,3,5,6,4
18111470,2,3,4,1,5
18111471,7,3,6,10,5
18111472,2,10,1,9,8
18111473,11,3,4,2,1
18111474,5,11,6,2,4
18111475,5,9,4,1,11
18111476,5,3,2,7,4
18111477,1,2,9,4,6
18111478,4,3,2,10,9
18111479,4,8,7,3,2
18111480,6,5,9,8,11
18111481,7,8,5,1,4
18111482,4,2,9,6,11
18111483,5,8,1,9,2
18111484,10,5,8,4,3
18111485,5,2,9,6,1
18111486,3,5,4,7,6
18111487,6,1,8,7,9
18111488,11,3,5,8,2
18111489,11,2,1,3,4
18111490,3,8,6,9,2
18111501,6,9,3,10,8
18111502,5,7,3,6,4
18111503,11,10,7,1,9
18111504,10,11,1,5,4
18111505,11,7,9,1,6
18111506,7,10,9,3,8
18111507,7,8,6,1,3
18111508,2,9,6,10,5
18111509,6,11,5,8,10
18111510,4,5,10,2,3
18111511,7,6,10,2,3
18111512,2,9,4,1,7
18111513,4,1,2,6,10
18111514,11,2,3,6,4
18111515,7,5,4,6,8
18111516,11,10,7,1,3
18111517,7,1,5,10,9
18111518,10,9,1,2,11
18111519,1,4,10,5,3
18111520,5,9,1,8,7
18111521,4,2,1,6,3
18111522,8,6,2,7,3
18111523,1,5,8,4,11
18111524,2,4,11,7,3
18111525,2,8,7,1,9
18111526,7,3,6,4,2
18111527,6,3,11,7,8
18111528,3,11,6,10,1
18111529,5,7,1,11,4
18111530,11,7,1,8,4
18111531,7,10,6,11,1
18111532,1,3,9,6,11
18111533,9,6,1,11,2
18111534,7,10,8,3,2
18111535,11,4,10,7,3
18111536,1,6,2,8,11
18111537,8,1,11,5,10
18111538,11,9,8,5,7
18111539,3,11,8,2,6
18111540,3,9,2,11,7
18111541,2,11,4,5,3
18111542,10,6,4,2,11
18111543,10,3,9,11,8
18111544,3,5,1,10,7
18111545,10,2,8,9,1
18111546,11,4,6,10,2
18111547,11,3,5,4,8
18111548,1,6,7,8,9
18111549,5,4,6,3,1
18111550,7,10,3,11,5
18111551,11,3,1,4,9
18111552,4,3,6,10,2
18111553,7,3,11,4,5
18111554,3,5,4,9,7
18111555,4,6,7,1,11
18111556,4,6,7,10,9
18111557,5,9,10,7,1
18111558,5,7,1,3,9
18111559,9,7,11,8,6
18111560,11,4,10,5,2
18111561,5,7,6,10,9
18111562,8,1,7,11,2
18111563,4,5,2,6,10
18111564,6,9,1,2,4
18111565,5,6,4,10,8
18111566,4,3,10,11,9
18111567,2,6,10,8,11
18111568,7,10,6,1,3
18111569,6,4,10,1,8
18111570,1,5,3,6,10
18111571,3,6,10,2,11
18111572,11,5,1,7,10
18111573,1,3,7,8,9
18111574,5,9,7,10,8
18111575,2,5,10,1,11
18111576,8,4,7,9,5
18111577,3,4,2,10,5
18111578,7,5,1,9,2
18111579,6,9,3,2,5
18111580,9,4,5,7,10
18111581,3,11,2,7,8
18111582,11,5,2,7,8
18111583,3,11,10,8,4
18111584,7,8,9,5,1
18111585,3,2,4,8,10
18111586,4,10,2,8,3
18111587,9,11,8,6,7
18111588,11,5,10,1,4
18111589,11,5,10,2,6
18111590,7,3,10,9,5
18111601,1,5,3,2,8
18111602,9,5,7,1,4
18111603,9,8,5,7,10
18111604,9,7,5,2,8
18111605,7,6,3,5,2
18111606,6,11,3,5,8
18111607,1,5,4,2,6
18111608,9,1,5,3,11
18111609,7,4,9,5,11
18111610,4,9,6,5,10
18111611,1,8,3,11,5
18111612,8,6,1,11,7
18111613,11,2,7,8,1
18111614,2,5,11,10,4
18111615,6,1,7,3,8
18111616,1,10,5,2,8
18111617,4,6,7,3,2
18111618,9,4,10,3,2
18111619,7,11,6,5,10
18111620,8,11,1,10,5
18111621,2,6,4,8,11
18111622,9,5,8,7,2
18111623,3,7,2,6,5
18111624,10,5,2,3,9
18111625,11,1,4,5,6
18111626,6,8,4,10,2
18111627,3,8,2,11,9
18111628,4,3,10,6,11
18111629,6,10,9,5,1
18111630,7,10,3,11,9
18111631,3,5,10,4,11
18111632,8,9,6,5,3
18111633,10,2,6,1,4
18111634,10,1,2,11,8
18111635,3,4,6,1,2
18111636,1,11,6,10,9
18111637,1,6,8,4,10
18111638,9,1,3,8,4
18111639,1,11,6,8,2
18111640,9,7,1,3,2
18111641,2,3,5,10,6
18111642,4,2,8,7,5
18111643,8,11,10,2,4
18111644,3,8,10,9,5
18111645,6,9,2,5,11
18111646,2,8,6,5,3
18111647,10,1,4,6,3
18111648,9,8,4,2,1
18111649,9,11,3,7,10
18111650,8,7,5,9,4
18111651,1,4,9,11,6
18111652,11,3,5,6,7
18111653,1,2,5,7,8
18111654,9,4,8,10,2
18111655,6,5,11,3,9
18111656,1,2,11,10,9
18111657,8,6,3,2,1
18111658,6,3,5,7,2
18111659,1,3,9,10,8
18111660,2,5,9,8,3
18111661,2,10,11,3,8
18111662,7,1,2,3,5
18111663,5,6,10,2,11
18111664,8,3,5,11,1
18111665,7,3,6,9,11
18111666,1,2,11,4,8
18111667,1,8,3,6,7
18111668,1,3,9,10,8
18111669,1,9,7,4,11
18111670,10,6,2,7,3
18111671,1,3,5,9,10
18111672,1,4,6,2,3
18111673,3,4,8,11,2
18111674,9,11,3,2,8
18111675,8,10,9,3,1
18111676,1,8,6,7,3
18111677,9,2,6,3,5
18111678,2,5,11,10,3
18111679,6,1,3,2,7
18111680,4,2,11,1,9
18111681,6,9,7,3,5
18111682,11,1,3,9,10
18111683,6,4,1,8,2
18111684,5,10,7,6,4
18111685,6,7,9,10,3
18111686,9,4,10,6,8
18111687,7,3,8,9,11
18111688,9,5,10,4,8
18111689,3,4,6,8,10
18111690,7,10,4,1,8
18111701,5,7,9,3,10
18111702,11,6,1,2,3
18111703,8,3,2,1,11
18111704,10,11,5,8,6
18111705,4,1,6,3,9
18111706,5,2,6,9,4
18111707,3,10,2,6,1
18111708,10,7,6,11,9
18111709,11,7,10,6,8
18111710,11,9,10,8,1
18111711,3,11,9,7,4
18111712,3,9,11,1,2
18111713,4,5,9,2,1
18111714,2,10,8,3,1
18111715,3,6,9,2,4
18111716,9,4,7,11,10
18111717,2,11,7,4,1
18111718,8,6,4,10,7
18111719,6,4,10,11,5
18111720,9,11,10,1,6
18111721,6,11,7,3,2
18111722,3,1,8,9,11
18111723,5,10,9,6,4
18111724,9,11,2,6,3
18111725,8,4,2,9,5
18111726,11,8,5,2,1
18111727,3,11,9,7,2
18111728,7,11,8,5,2
18111729,7,1,6,4,8
18111730,8,6,4,9,10
18111731,7,10,11,9,8
18111732,6,10,11,7,4
18111733,5,8,7,9,3
18111734,3,11,7,5,10
18111735,9,1,3,10,11
18111736,7,11,10,1,4
18111737,4,11,2,5,6
18111738,2,1,4,9,6
18111739,7,4,11,10,9
18111740,9,3,2,4,1
18111741,2,1,4,3,10
18111742,2,4,8,3,10
18111743,3,5,4,11,7
18111744,10,4,8,3,2
18111745,10,5,1,9,7
18111746,5,7,6,3,9
18111747,6,9,7,3,2
18111748,11,3,7,9,5
18111749,5,1,4,3,2
18111750,1,11,6,5,9
18111751,2,10,7,5,6
18111752,7,4,11,5,6
18111753,7,1,3,8,9
18111754,8,4,5,1,6
18111755,8,11,2,6,5
18111756,5,3,2,7,8
18111757,9,10,3,2,11
18111758,8,4,2,11,5
18111759,11,4,2,8,9
18111760,9,5,10,2,7
18111761,11,9,6,4,2
18111762,11,9,3,2,4
18111763,11,5,10,6,4
18111764,2,9,5,8,10
18111765,2,1,7,4,6
18111766,3,1,6,10,8
18111767,6,4,7,3,8
18111768,11,8,9,10,5
18111769,7,3,11,6,4
18111770,4,8,10,9,7
18111771,8,10,11,9,7
18111772,11,6,7,5,4
18111773,3,11,10,6,2
18111774,8,6,2,10,5
18111775,5,8,4,9,7
18111776,10,3,9,1,5
18111777,10,5,6,3,11
18111778,8,5,1,9,6
18111779,2,3,5,9,7
18111780,1,9,10,11,7
18111781,3,7,4,5,2
18111782,5,3,8,7,10
18111783,8,7,6,10,9
18111784,9,11,2,1,7
18111785,4,11,5,2,6
18111786,7,3,6,11,1
18111787,7,6,9,3,2
18111788,3,2,10,4,9
18111789,1,10,5,4,9
18111790,11,7,6,2,4
18111801,1,8,7,2,11
18111802,1,4,7,10,2
18111803,10,6,8,4,2
18111804,11,9,2,10,6
18111805,11,3,1,7,5
18111806,2,1,8,9,5
18111807,7,2,6,11,1
18111808,1,11,8,10,3
18111809,1,9,6,7,11
18111810,11,7,5,4,3
18111811,1,10,9,4,7
18111812,6,1,9,7,2
18111813,5,8,7,4,2
18111814,11,10,5,4,1
18111815,5,8,9,4,6
18111816,9,8,4,5,10
18111817,7,4,8,10,1
18111818,6,8,9,11,1
18111819,6,7,1,5,9
18111820,9,10,3,2,1
18111821,4,5,2,3,11
18111822,2,3,5,1,10
18111823,1,4,2,5,10
18111824,3,10,4,2,9
18111825,1,10,9,7,5
18111826,5,6,11,1,3
18111827,11,8,9,3,7
18111828,10,11,2,3,4
18111829,3,1,5,8,2
18111830,6,11,5,10,9
18111831,3,5,8,1,7
18111832,5,2,9,11,4
18111833,9,7,1,10,8
18111834,5,9,7,10,6
18111835,3,9,1,4,5
18111836,1,3,2,10,5
18111837,9,6,3,8,7
18111838,11,5,8,9,4
18111839,10,4,1,5,7
18111840,7,2,5,8,9
18111841,7,3,9,2,8
18111842,5,7,2,11,10
18111843,3,6,8,1,2
18111844,3,2,10,7,1
18111845,11,7,10,9,8
18111846,10,5,11,9,7
18111847,8,11,3,1,9
18111848,2,5,10,6,4
18111849,8,4,5,11,1
18111850,7,8,4,9,2
18111851,6,8,7,1,11
18111852,5,9,3,2,8
18111853,4,8,5,10,2
18111854,5,2,9,7,11
18111855,4,3,11,7,10
18111856,7,3,10,2,5
18111857,1,11,3,8,2
18111858,8,6,9,7,1
18111859,9,3,4,1,2
18111860,10,1,5,6,7
18111861,5,4,7,1,9
18111862,11,1,4,3,8
18111863,6,10,11,7,2
18111864,5,4,11,7,3
18111865,7,11,6,2,4
18111866,10,11,8,4,9
18111867,5,9,3,4,11
18111868,10,6,1,8,11
18111869,9,7,6,1,5
18111870,7,5,10,6,9
18111871,9,10,8,3,11
18111872,5,10,3,11,8
18111873,4,9,7,8,11
18111874,5,10,9,1,3
18111875,11,2,1,5,4
18111876,6,9,11,7,4
18111877,8,10,1,7,6
18111878,2,5,10,1,7
18111879,6,8,2,9,3
18111880,5,9,8,7,4
18111881,3,2,11,6,10
18111882,11,1,8,3,7
18111883,11,5,3,10,9
18111884,5,8,4,10,1
18111885,7,5,4,2,8
18111886,1,7,8,3,9
18111887,3,7,10,2,8
18111888,4,9,8,10,7
18111889,7,2,5,1,10
18111890,5,7,6,10,1
18111901,10,8,11,5,2
18111902,9,4,5,8,2
18111903,9,8,3,6,1
18111904,3,4,8,2,6
18111905,10,5,7,1,3
18111906,2,11,10,1,3
18111907,7,2,8,6,11
18111908,3,7,9,10,2
18111909,10,9,2,3,6
18111910,9,2,5,6,11
18111911,11,4,7,8,1
18111912,10,2,11,9,6
18111913,3,6,7,10,9
18111914,10,8,11,9,4
18111915,9,1,2,10,6
18111916,3,11,10,1,5
18111917,5,4,11,1,3
18111918,9,4,2,11,1
18111919,1,10,2,11,9
18111920,4,7,5,6,1
18111921,2,3,6,1,9
18111922,4,6,9,1,5
18111923,9,6,11,2,8
18111924,3,7,8,6,5
18111925,4,9,5,6,7
18111926,6,7,3,8,2
18111927,6,8,10,7,9
18111928,4,3,1,9,8
18111929,10,6,9,2,7
18111930,7,8,9,2,1
18111931,3,6,8,11,10
18111932,4,6,11,1,8
18111933,4,9,6,3,1
18111934,2,11,5,3,6
18111935,5,4,2,10,9
18111936,10,1,6,7,4
18111937,1,8,9,7,10
18111938,10,7,3,8,1
18111939,8,6,2,10,1
18111940,10,11,8,6,3
18111941,6,8,11,1,7
18111942,8,4,5,3,11
18111943,8,5,11,4,7
18111944,7,4,10,3,11
18111945,1,5,8,4,9
18111946,3,9,5,7,11
18111947,7,2,9,8,1
18111948,10,7,4,11,9
18111949,4,1,9,11,8
18111950,4,6,5,2,9
18111951,8,11,6,1,2
18111952,8,3,4,6,10
18111953,4,6,9,1,11
18111954,2,5,11,9,6
18111955,3,2,1,10,7
18111956,9,11,6,4,1
18111957,5,4,2,8,9
18111958,7,5,3,1,6
18111959,1,7,8,4,9
18111960,4,1,10,8,6
18111961,9,10,5,11,4
18111962,3,6,11,1,9
18111963,6,9,11,5,10
18111964,6,7,9,3,1
18111965,4,5,6,10,7
18111966,2,5,6,7,9
18111967,2,7,10,4,5
18111968,10,11,9,8,5
18111969,9,7,2,6,3
18111970,9,11,10,8,5
18111971,1,3,2,11,6
18111972,3,5,4,7,10
18111973,4,9,8,2,10
18111974,5,7,6,1,8
18111975,7,3,6,5,9
18111976,1,10,7,5,11
18111977,5,2,6,4,8
18111978,11,1,2,6,5
18111979,3,7,11,5,9
18111980,5,10,3,1,6
18111981,2,8,5,10,4
18111982,5,1,6,3,7
18111983,8,5,11,9,10
18111984,6,2,1,4,8
18111985,7,10,2,11,5
18111986,7,9,8,6,3
18111987,5,8,10,9,3
18111988,2,11,5,8,6
18111989,3,6,8,7,4
18111990,11,1,9,5,6
18112001,11,8,2,9,7
18112002,11,4,9,6,3
18112003,5,1,10,6,7
18112004,4,9,8,1,2
18112005,10,1,3,6,9
18112006,7,3,6,2,11
18112007,2,8,10,6,5
18112008,5,3,2,7,1
18112009,5,7,9,1,8
18112010,10,7,5,9,2
18112011,9,5,2,3,6
18112012,1,10,4,11,7
18112013,10,1,8,9,4
18112014,2,7,3,4,5
18112015,2,11,7,9,6
18112016,8,5,6,1,10
18112017,10,1,6,7,3
18112018,7,4,1,11,5
18112019,3,10,5,2,7
18112020,10,4,1,6,2
18112021,8,7,11,10,9
18112022,7,1,5,11,4
18112023,8,3,1,6,7
18112024,4,2,6,11,1
18112025,5,4,1,2,10
18112026,1,3,11,5,9
18112027,9,2,5,6,8
18112028,8,2,3,4,1
18112029,1,3,10,9,2
18112030,11,2,7,1,9
18112031,5,2,9,4,6
18112032,11,8,5,6,10
18112033,11,3,10,1,9
18112034,4,2,7,11,6
18112035,10,4,7,8,6
18112036,5,4,3,2,11
18112037,8,6,4,11,10
18112038,7,9,10,4,3
18112039,8,2,6,1,5
18112040,8,3,2,6,5
18112041,1,2,5,6,11
18112042,4,3,1,11,2
18112043,5,6,8,2,9
18112044,6,5,7,2,3
18112045,5,6,10,1,2
18112046,5,3,9,6,1
18112047,8,1,6,10,5
18112048,2,1,9,6,8
18112049,1,4,11,9,7
18112050,7,2,6,11,3
18112051,1,4,6,5,2
18112052,6,5,9,8,2
18112053,5,9,2,6,10
18112054,1,10,5,2,7
18112055,1,7,10,3,4
18112056,7,8,11,9,1
18112057,2,5,4,9,11
18112058,7,6,1,10,4
18112059,8,11,3,7,5
18112060,7,5,4,2,11
18112061,1,9,6,7,3
18112062,8,11,1,3,7
18112063,9,5,3,8,1
18112064,6,2,1,5,7
18112065,1,9,3,8,2
18112066,3,4,9,11,1
18112067,11,3,4,8,2
18112068,5,4,10,11,7
18112069,3,5,8,10,2
18112070,6,1,7,3,10
18112071,9,11,1,3,6
18112072,11,1,6,8,7
18112073,7,9,1,6,4
18112074,4,11,3,10,5
18112075,4,8,7,5,1
18112076,10,11,2,7,3
18112077,4,11,1,9,3
18112078,9,10,3,4,11
18112079,9,6,7,4,5
18112080,11,7,2,8,1
18112081,1,10,3,4,6
18112082,7,5,11,9,1
18112083,3,10,8,2,5
18112084,8,10,11,1,4
18112085,2,4,1,5,11
18112086,8,9,1,7,2
18112087,3,5,11,2,6
18112088,2,11,7,9,5
18112089,3,11,4,9,7
18112090,2,9,4,6,7
18112101,10,7,3,11,4
18112102,7,9,2,8,3
18112103,9,1,4,10,6
18112104,5,6,3,1,7
18112105,8,4,5,11,7
18112106,5,10,2,1,9
18112107,11,7,3,8,9
18112108,5,11,10,1,8
18112109,1,11,4,9,6
18112110,9,2,10,4,7
18112111,10,2,11,3,9
18112112,4,5,6,9,3
18112113,8,7,4,1,6
18112114,1,3,4,5,10
18112115,2,9,5,11,6
18112116,8,5,7,1,4
18112117,1,7,9,11,10
18112118,2,1,4,8,9
18112119,5,3,6,10,4
18112120,5,3,2,7,1
18112121,10,6,5,4,11
18112122,11,10,3,6,9
18112123,8,5,2,4,6
18112124,8,10,7,1,3
18112125,5,7,3,6,10
18112126,8,7,6,3,9
18112127,3,5,11,2,1
18112128,7,10,4,9,1
18112129,11,4,6,2,9
18112130,1,11,9,3,7
18112131,8,1,10,3,5
18112132,5,7,4,6,9
18112133,11,5,2,6,3
18112134,5,1,2,7,3
18112135,9,4,3,10,6
18112136,3,10,6,8,9
18112137,9,6,2,8,4
18112138,10,6,3,2,5
18112139,10,5,9,3,6
18112140,3,8,9,5,10
18112141,5,6,11,9,7
18112142,5,9,3,8,7
18112143,8,5,10,11,1
18112144,8,11,5,9,2
18112145,2,4,1,3,11
18112146,10,5,8,1,11
18112147,9,4,8,3,11
18112148,3,11,7,1,5
18112149,8,11,6,5,7
18112150,1,3,2,5,9
18112151,3,1,9,2,8
18112152,1,7,5,3,9
18112153,3,1,10,4,2
18112154,10,7,8,9,5
18112155,5,7,1,6,9
18112156,1,6,3,8,9
18112157,5,3,9,1,2
18112158,6,5,8,11,2
18112159,11,3,1,4,10
18112160,5,10,9,1,3
18112161,7,10,11,6,4
18112162,9,3,7,4,2
18112163,6,2,1,9,5
18112164,3,10,7,9,5
18112165,2,10,5,1,6
18112166,7,3,6,9,1
18112167,9,3,4,5,10
18112168,8,3,2,10,9
18112169,6,3,10,4,11
18112170,8,5,6,7,3
18112171,2,4,6,8,9
18112172,3,1,9,10,4
18112173,10,2,6,11,9
18112174,3,9,4,2,5
18112175,4,2,1,10,11
18112176,10,9,7,4,5
18112177,4,9,6,5,3
18112178,1,9,11,10,6
18112179,8,7,1,6,9
18112180,10,1,8,5,11
18112181,11,4,7,1,6
18112182,3,4,11,2,1
18112183,6,5,1,4,2
18112184,3,1,7,10,4
18112185,4,7,6,9,5
18112186,9,2,3,1,7
18112187,2,9,1,5,10
18112188,5,10,3,11,7
18112189,4,8,11,9,2
18112190,8,7,9,5,3
18112201,3,2,7,1,6
18112202,9,3,2,1,11
18112203,3,9,4,5,6
18112204,9,6,5,3,7
18112205,8,5,6,4,9
18112206,10,2,9,7,1
18112207,9,4,5,1,2
18112208,11,9,8,1,4
18112209,8,9,5,1,3
18112210,10,9,4,1,7
18112211,3,1,7,2,11
18112212,8,3,5,9,1
18112213,7,5,3,9,10
18112214,4,2,11,10,9
18112215,11,3,5,1,6
18112216,5,9,6,11,7
18112217,1,7,10,5,8
18112218,10,9,6,3,1
18112219,7,8,4,6,2
18112220,7,11,10,2,9
18112221,4,5,11,7,3
18112222,4,1,6,9,11
18112223,3,11,10,1,7
18112224,6,5,2,10,4
18112225,10,11,5,3,8
18112226,1,6,5,11,3
18112227,10,9,2,3,5
18112228,1,11,8,7,4
18112229,5,1,3,7,8
18112230,2,7,3,4,9
18112231,6,3,8,5,1
18112232,7,10,6,2,5
18112233,2,11,1,7,3
18112234,2,9,4,5,6
18112235,11,3,7,8,2
18112236,3,1,11,8,6
18112237,11,2,4,6,9
18112238,10,7,9,3,11
18112239,8,3,4,10,5
18112240,9,11,7,6,10
18112241,9,7,1,10,2
18112242,4,7,5,1,9
18112243,9,7,2,5,1
18112244,4,8,9,6,2
18112245,10,3,2,8,7
18112246,10,6,9,7,8
18112247,1,5,11,2,8
18112248,10,2,5,8,4
18112249,9,7,6,10,2
18112250,3,2,10,6,4
18112251,8,3,11,1,10
18112252,4,2,6,1,11
18112253,3,10,9,1,4
18112254,8,5,10,2,6
18112255,11,10,8,2,6
18112256,10,2,3,6,1
18112257,4,1,3,8,7
18112258,4,1,8,5,7
18112259,4,11,3,2,8
18112260,5,9,2,1,8
18112261,5,4,11,3,10
18112262,2,6,3,7,10
18112263,11,9,10,8,1
18112264,7,11,4,10,1
18112265,5,1,10,6,9
18112266,7,1,9,4,6
18112267,6,9,2,3,5
18112268,1,10,3,2,7
18112269,4,7,8,2,10
18112270,6,11,10,5,9
18112271,7,1,2,8,10
18112272,11,10,3,4,6
18112273,10,7,11,4,8
18112274,8,5,7,1,6
18112275,7,11,8,9,3
18112276,4,2,11,5,6
18112277,11,7,3,5,10
18112278,10,1,5,11,4
18112279,6,2,7,9,5
18112280,11,9,7,10,4
18112281,6,4,2,9,8
18112282,11,2,7,4,5
18112283,1,5,11,2,7
18112284,2,8,6,11,9
18112285,7,1,10,5,4
18112286,8,11,2,7,5
18112287,4,5,11,10,6
18112288,11,7,4,2,3
18112289,11,3,1,7,4
18112290,2,4,9,11,8
18112301,9,8,11,7,6
18112302,6,3,4,9,8
18112303,7,5,11,2,1
18112304,7,8,3,9,5
18112305,6,7,3,11,5
18112306,3,4,11,8,5
18112307,4,6,3,9,7
18112308,1,4,9,2,5
18112309,10,11,5,2,9
18112310,7,2,10,8,4
18112311,9,3,10,1,4
18112312,11,4,6,3,7
18112313,1,8,5,7,9
18112314,7,10,1,8,3
18112315,2,8,3,11,1
18112316,1,11,10,3,5
18112317,7,8,1,2,4
18112318,5,2,6,9,1
18112319,1,3,11,6,9
18112320,6,7,10,5,2
18112321,10,7,2,1,5
18112322,11,1,6,4,5
18112323,7,11,6,4,1
18112324,11,1,10,5,7
18112325,11,5,7,9,8
18112326,8,1,10,2,4
18112327,7,10,1,3,6
18112328,6,3,9,7,10
18112329,6,3,8,4,7
18112330,4,9,6,5,7
18112331,1,10,11,2,5
18112332,9,10,2,1,3
18112333,9,10,1,8,4
18112334,8,7,3,4,5
18112335,11,5,3,6,9
18112336,8,5,1,10,6
18112337,3,9,11,5,8
18112338,11,4,7,10,3
18112339,9,2,11,3,1
18112340,10,7,9,1,2
18112341,8,10,3,9,2
18112342,4,6,5,2,9
18112343,1,7,11,8,2
18112344,11,7,9,5,10
18112345,9,8,11,6,10
18112346,11,8,3,4,9
18112347,4,11,1,2,9
18112348,3,1,6,4,11
18112349,6,2,10,3,9
18112350,7,8,3,4,5
18112351,11,3,9,5,4
18112352,11,6,10,7,1
18112353,8,4,1,2,5
18112354,2,7,6,5,3
18112355,2,11,1,10,9
18112356,2,9,8,7,4
18112357,2,8,3,7,6
18112358,5,8,2,11,1
18112359,4,11,1,5,6
18112360,5,9,7,3,8
18112361,6,9,1,3,8
18112362,3,10,7,4,9
18112363,9,4,5,10,7
18112364,8,11,6,10,7
18112365,9,4,3,8,6
18112366,7,9,5,3,4
18112367,1,6,4,10,2
18112368,3,9,1,6,11
18112369,2,5,4,7,8
18112370,10,1,4,6,8
18112371,1,5,2,10,6
18112372,6,10,7,2,3
18112373,9,4,1,10,8
18112374,6,5,7,8,9
18112375,5,9,2,4,3
18112376,8,11,9,5,3
18112377,9,2,11,7,4
18112378,5,10,9,2,8
18112379,7,5,6,10,3
18112380,5,8,4,7,10
18112381,7,6,4,3,10
18112382,8,2,5,10,7
18112383,1,7,5,6,10
18112384,10,2,5,11,3
18112385,11,8,2,5,3
18112386,8,9,5,6,2
18112387,9,8,10,11,6
18112388,11,1,7,5,6
18112389,2,7,10,4,8
18112390,8,3,1,4,11
18112401,8,6,9,5,3
18112402,10,2,9,6,7
18112403,8,3,10,1,7
18112404,1,4,3,9,10
18112405,9,4,10,3,2
18112406,5,3,6,11,7
18112407,6,10,4,11,1
18112408,10,7,3,9,8
18112409,9,4,10,6,7
18112410,10,5,4,11,2
18112411,8,10,4,9,7
18112412,6,4,3,2,9
18112413,4,10,8,2,3
18112414,11,3,9,10,4
18112415,5,10,2,11,1
18112416,1,6,9,11,7
18112417,2,11,10,1,8
18112418,6,10,4,7,2
18112419,4,3,7,11,5
18112420,4,1,11,9,10
18112421,3,6,1,9,8
18112422,11,2,1,7,5
18112423,5,9,8,10,4
18112424,10,11,7,8,6
18112425,4,6,10,7,9
18112426,1,9,5,7,3
18112427,9,8,4,2,6
18112428,8,10,7,5,9
18112429,2,10,5,6,4
18112430,5,9,6,2,1
18112431,4,10,9,7,5
18112432,3,1,10,4,7
18112433,6,4,1,9,8
18112434,1,3,6,4,10
18112435,5,2,8,11,1
18112436,6,2,11,5,9
18112437,11,9,1,3,5
18112438,5,3,9,10,1
18112439,8,10,7,1,3
18112440,1,3,10,2,8
18112441,5,11,3,6,10
18112442,3,11,2,4,9
18112443,3,4,10,7,6
18112444,8,10,6,4,1
18112445,10,4,1,5,8
18112446,6,10,11,4,8
18112447,11,8,10,3,6
18112448,4,8,6,9,11
18112449,1,5,9,7,8
18112450,2,3,7,9,11
18112451,8,10,1,3,2
18112452,8,9,3,11,1
18112453,11,4,8,3,7
18112454,3,1,9,8,7
18112455,1,11,8,5,6
18112456,11,4,9,10,3
18112457,6,8,10,11,7
18112458,4,9,1,6,8
18112459,9,3,1,6,4
18112460,6,10,9,3,5
18112461,7,8,4,1,9
18112462,6,1,3,11,5
18112463,11,4,8,6,2
18112464,3,4,1,10,8
18112465,8,5,6,10,3
18112466,9,1,8,10,7
18112467,1,10,5,8,6
18112468,7,1,5,8,10
18112469,6,9,5,4,2
18112470,4,11,9,8,5
18112471,4,8,7,9,11
18112472,3,10,9,11,4
18112473,7,3,10,6,5
18112474,3,1,2,10,4
18112475,1,3,10,5,6
18112476,4,7,3,6,11
18112477,2,4,6,9,3
18112478,11,9,4,8,5
18112479,10,9,8,7,1
18112480,6,11,8,4,9
18112481,10,9,11,4,3
18112482,6,10,7,1,3
18112483,10,3,5,8,11
18112484,3,6,11,8,5
18112485,2,10,3,1,6
18112486,3,4,7,10,6
18112487,6,10,5,2,4
18112488,11,1,6,7,2
18112489,8,4,7,3,6
18112490,1,8,6,7,4
18112501,6,3,9,10,4
18112502,8,7,4,6,2
18112503,3,8,7,11,6
18112504,5,4,9,1,8
18112505,1,9,10,5,11
18112506,10,7,6,4,11
18112507,5,10,3,2,4
18112508,4,7,1,8,10
18112509,1,7,6,4,11
18112510,9,11,10,6,3
18112511,6,10,4,3,8
18112512,6,2,11,8,3
18112513,5,11,1,3,10
18112514,9,7,11,1,8
18112515,7,5,3,6,9
18112516,5,11,10,1,4
18112517,1,7,2,6,11
18112518,8,11,2,10,3
18112519,5,3,8,4,7
18112520,2,4,1,9,7
18112521,6,9,3,7,5
18112522,1,4,3,5,6
18112523,11,2,8,9,10
18112524,1,4,2,9,10
18112525,7,4,11,8,10
18112526,2,5,9,10,3
18112527,5,2,9,4,10
18112528,5,6,2,10,9
18112529,8,7,10,2,5
18112530,5,10,2,7,6
18112531,6,3,2,8,1
18112532,5,9,11,7,4
18112533,8,4,10,6,11
18112534,10,4,5,7,8
18112535,10,8,7,4,2
18112536,6,10,5,3,9
18112537,10,1,3,5,11
18112538,11,3,6,4,8
18112539,8,9,4,3,1
18112540,3,1,11,4,10
18112541,10,6,4,9,1
18112542,8,7,10,6,1
18112543,3,7,11,8,9
18112544,3,8,4,6,10
18112545,10,5,7,6,11
18112546,5,2,1,9,6
18112547,9,1,5,8,2
18112548,3,2,9,4,5
18112549,7,9,11,1,3
18112550,3,8,10,2,1
18112551,9,4,11,2,8
18112552,6,9,1,3,2
18112553,10,8,7,1,9
18112554,2,10,9,5,3
18112555,10,11,1,8,2
18112556,1,8,11,10,9
18112557,3,5,11,1,6
18112558,6,4,11,3,7
18112559,6,4,3,8,7
18112560,5,10,1,3,8
18112561,9,3,10,5,7
18112562,10,3,5,7,8
18112563,10,2,4,8,7
18112564,3,5,4,1,10
18112565,2,1,3,10,11
18112566,1,4,8,10,11
18112567,5,4,10,9,7
18112568,7,1,3,9,10
18112569,4,9,6,2,1
18112570,4,11,7,3,5
18112571,1,7,10,3,11
18112572,11,8,5,3,2
18112573,7,2,5,10,8
18112574,2,10,11,6,8
18112575,2,4,11,8,5
18112576,3,9,11,6,2
18112577,2,3,7,11,5
18112578,5,3,1,8,7
18112579,11,6,3,9,5
18112580,10,9,1,8,6
18112581,11,10,5,6,3
18112582,4,7,3,11,6
18112583,5,7,6,2,10
18112584,2,5,3,11,1
18112585,10,1,5,7,3
18112586,5,10,7,8,3
18112587,7,6,1,10,9
18112588,3,6,9,10,5
18112589,4,10,1,11,9
18112590,6,8,2,4,7
18112601,2,1,7,9,11
18112602,6,5,4,8,3
18112603,7,5,8,10,1
18112604,10,4,1,11,7
18112605,5,6,3,8,11
18112606,8,7,4,5,9
18112607,11,5,10,8,7
18112608,2,4,10,11,5
18112609,7,4,2,5,6
18112610,4,8,5,6,2
18112611,4,7,2,11,6
18112612,5,9,6,4,2
18112613,5,9,10,7,11
18112614,2,7,6,11,5
18112615,1,7,5,11,2
18112616,4,7,2,1,10
18112617,4,3,10,5,11
18112618,5,3,8,6,1
18112619,11,9,7,2,1
18112620,3,11,9,4,8
18112621,7,11,6,1,3
18112622,8,10,11,9,6
18112623,1,4,3,11,8
18112624,7,3,2,4,1
18112625,4,9,2,3,11
18112626,5,11,1,2,7
18112627,10,6,7,2,8
18112628,5,3,9,6,2
18112629,6,1,8,7,9
18112630,7,6,8,3,10
18112631,7,10,11,4,9
18112632,6,11,4,9,3
18112633,8,5,1,3,11
18112634,1,3,11,2,10
18112635,10,7,1,8,3
18112636,10,8,3,4,11
18112637,9,7,8,3,11
18112638,11,5,1,4,2
18112639,10,2,8,7,1
18112640,11,3,5,1,6
18112641,7,10,5,3,6
18112642,4,6,10,3,7
18112643,10,9,5,7,1
18112644,2,5,8,10,9
18112645,10,3,2,6,5
18112646,10,6,5,9,1
18112647,4,3,2,10,9
18112648,8,4,2,3,7
18112649,8,7,4,10,2
18112650,9,7,11,6,5
18112651,7,8,2,11,3
18112652,2,10,11,9,7
18112653,4,3,5,7,9
18112654,11,1,3,6,7
18112655,5,6,4,9,7
18112656,8,7,2,9,1
18112657,5,8,6,4,3
18112658,2,5,11,8,6
18112659,9,5,3,1,10
18112660,3,4,7,6,11
18112661,2,4,6,10,1
18112662,1,6,10,9,11
18112663,11,8,4,1,10
18112664,5,7,3,8,11
18112665,8,1,5,7,11
18112666,8,1,7,3,11
18112667,1,2,11,5,7
18112668,8,10,5,1,9
18112669,8,4,2,3,10
18112670,8,2,10,7,4
18112671,8,7,4,3,10
18112672,6,10,1,7,2
18112673,10,9,6,11,1
18112674,7,10,9,2,6
18112675,7,9,8,3,2
18112676,1,5,10,6,9
18112677,11,4,3,5,2
18112678,8,2,5,10,11
18112679,10,5,3,8,11
18112680,7,3,4,10,8
18112681,5,2,4,3,11
18112682,4,10,5,2,7
18112683,2,10,1,9,7
18112684,5,8,2,7,10
18112685,7,8,10,9,3
18112686,2,1,8,10,5
18112687,5,7,11,2,4
18112688,5,11,1,6,9
18112689,7,8,6,9,5
18112690,6,5,2,4,10
18112701,7,5,11,1,8
18112702,3,11,10,7,1
18112703,6,1,4,3,2
18112704,1,11,3,4,10
18112705,2,5,8,1,6
18112706,4,10,9,8,2
18112707,6,9,3,4,7
18112708,6,4,11,1,3
18112709,4,10,3,1,11
18112710,11,5,9,2,8
18112711,8,2,9,5,1
18112712,5,11,8,9,7
18112713,3,8,5,10,11
18112714,1,6,11,10,7
18112715,7,4,3,5,8
18112716,8,7,1,5,9
18112717,7,11,9,3,8
18112718,5,7,4,6,11
18112719,10,8,4,5,6
18112720,7,1,5,2,11
18112721,5,11,4,6,7
18112722,3,10,4,6,9
18112723,6,2,1,7,3
18112724,3,1,10,8,2
18112725,9,11,5,10,1
18112726,3,10,5,2,8
18112727,4,1,5,9,3
18112728,3,11,8,2,1
18112729,8,10,1,6,9
18112730,3,5,10,9,6
18112731,1,11,5,3,9
18112732,7,6,2,3,4
18112733,1,10,11,2,8
18112734,6,5,1,7,10
18112735,11,8,4,10,5
18112736,10,2,9,6,5
18112737,6,1,4,8,5
18112738,2,1,10,7,11
18112739,3,7,9,1,6
18112740,7,8,3,2,6
18112741,1,4,10,11,6
18112742,9,3,11,7,10
18112743,7,9,6,2,4
18112744,6,4,1,11,10
18112745,8,1,11,6,10
18112746,5,1,9,7,10
18112747,7,4,10,5,1
18112748,1,11,5,4,9
18112749,10,11,7,3,5
18112750,2,10,4,9,7
18112751,3,5,2,7,10
18112752,10,7,2,5,11
18112753,3,6,8,7,10
18112754,8,11,7,4,5
18112755,11,8,3,7,1
18112756,10,1,5,11,8
18112757,2,8,11,5,7
18112758,8,4,11,6,3
18112759,1,6,7,5,4
18112760,3,10,4,2,7
18112761,5,7,2,4,10
18112762,8,6,9,10,7
18112763,5,10,2,9,3
18112764,1,3,8,10,11
18112765,9,11,1,8,7
18112766,1,6,10,2,11
18112767,2,7,1,3,10
18112768,11,5,2,1,4
18112769,10,6,5,2,4
18112770,8,6,5,2,4
18112771,8,2,1,10,6
18112772,1,5,7,6,2
18112773,6,7,1,9,5
18112774,8,11,6,10,2
18112775,8,7,11,6,2
18112776,6,3,9,4,1
18112777,6,5,11,9,8
18112778,6,9,2,7,4
18112779,11,4,7,8,3
18112780,3,10,9,4,8
18112781,6,7,5,8,2
18112782,8,7,5,3,10
18112783,1,7,4,5,3
18112784,10,1,7,6,11
18112785,1,4,3,10,2
18112786,9,8,5,3,11
18112787,11,10,3,1,9
18112788,9,10,3,11,1
18112789,4,9,5,7,3
18112790,1,4,5,6,2
18112801,6,3,10,5,11
18112802,6,4,9,7,5
18112803,4,9,7,10,8
18112804,9,10,11,7,6
18112805,10,11,8,3,1
18112806,11,1,3,9,5
18112807,10,11,6,3,1
18112808,8,6,9,10,3
18112809,1,4,3,9,11
18112810,1,9,3,6,7
18112811,11,5,9,4,3
18112812,7,10,1,6,11
18112813,10,6,7,2,5
18112814,10,3,7,11,5
18112815,9,6,5,8,4
18112816,3,4,8,1,11
18112817,6,9,5,4,1
18112818,9,2,1,8,6
18112819,8,2,6,11,9
18112820,4,7,2,8,10
18112821,3,8,6,4,5
18112822,3,1,4,9,8
18112823,1,6,3,9,5
18112824,1,4,3,9,2
18112825,8,11,1,9,2
18112826,5,11,4,2,3
18112827,4,1,9,3,5
18112828,4,9,5,2,3
18112829,5,9,3,8,4
18112830,7,1,8,5,9
18112831,10,2,1,4,9
18112832,5,2,4,11,1
18112833,9,11,7,2,10
18112834,1,2,10,3,7
18112835,9,11,4,2,5
18112836,4,2,9,7,5
18112837,10,8,11,3,5
18112838,4,9,3,10,2
18112839,10,5,9,11,4
18112840,6,4,7,1,10
18112841,2,10,7,11,4
18112842,8,2,7,3,5
18112843,1,10,4,5,9
18112844,9,4,7,1,6
18112845,9,1,11,3,6
18112846,1,9,2,11,8
18112847,8,9,5,4,1
18112848,10,9,6,3,1
18112849,11,5,6,4,9
18112850,5,11,10,9,7
18112851,2,11,5,7,4
18112852,6,4,11,10,3
18112853,3,10,11,5,1
18112854,9,10,3,1,6
18112855,11,8,1,9,7
18112856,1,4,11,7,3
18112857,1,9,3,5,4
18112858,5,10,6,8,9
18112859,9,3,7,6,2
18112860,4,5,11,2,7
18112861,6,3,5,2,4
18112862,11,8,5,10,2
18112863,6,9,7,3,10
18112864,7,11,5,2,3
18112865,7,10,9,6,11
18112866,3,10,4,2,11
18112867,5,8,2,3,4
18112868,9,5,3,10,11
18112869,2,1,6,8,5
18112870,3,10,7,5,2
18112871,7,2,6,1,3
18112872,5,7,9,11,4
18112873,6,8,4,5,10
18112874,10,11,1,7,9
18112875,3,8,2,9,11
18112876,2,9,11,5,4
18112877,6,10,4,11,2
18112878,7,3,4,8,10
18112879,1,9,3,5,6
18112880,9,4,11,8,10
18112881,1,7,11,2,8
18112882,4,1,6,8,11
18112883,10,9,7,1,11
18112884,7,10,2,9,11
18112885,6,4,3,8,2
18112886,10,5,3,11,6
18112887,4,9,2,6,1
18112888,11,6,3,4,5
18112889,1,3,5,2,8
18112890,5,10,7,8,2
18112901,3,8,1,6,4
18112902,11,4,6,5,2
18112903,5,2,10,11,6
18112904,8,3,6,1,7
18112905,7,6,2,8,4
18112906,7,5,4,9,6
18112907,1,7,3,4,5
18112908,6,11,4,5,3
18112909,9,8,1,7,5
18112910,10,5,2,7,11
18112911,5,11,7,4,2
18112912,4,8,2,7,1
18112913,9,11,8,1,5
18112914,3,1,7,10,6
18112915,4,10,1,6,11
18112916,2,3,10,9,5
18112917,4,6,7,5,9
18112918,4,2,6,11,7
18112919,11,4,6,8,5
18112920,9,8,11,7,5
18112921,2,4,5,3,9
18112922,1,9,2,10,6
18112923,3,7,1,6,2
18112924,5,1,9,8,7
18112925,10,2,7,3,8
18112926,11,3,7,4,6
18112927,5,8,11,2,3
18112928,11,8,10,1,3
18112929,8,6,10,11,5
18112930,6,10,4,7,2
18112931,4,10,6,8,1
18112932,7,9,11,10,3
18112933,11,7,3,10,1
18112934,1,8,9,3,4
18112935,9,2,5,6,7
18112936,2,5,7,9,8
18112937,11,9,7,2,4
18112938,8,5,10,9,4
18112939,2,5,1,6,11
18112940,2,5,8,1,11
18112941,6,3,5,9,2
18112942,7,4,3,10,5
18112943,4,2,3,5,8
18112944,3,10,8,1,9
18112945,8,10,4,2,3
18112946,5,2,6,9,8
18112947,9,5,6,11,10
18112948,7,5,2,6,9
18112949,8,1,11,9,2
18112950,4,9,3,8,7
18112951,5,1,10,6,3
18112952,3,11,1,2,7
18112953,4,2,5,10,8
18112954,6,9,8,4,2
18112955,10,5,4,3,6
18112956,7,9,10,4,1
18112957,9,10,5,11,3
18112958,2,3,8,7,11
18112959,3,11,7,9,1
18112960,1,2,5,8,11
18112961,6,11,9,4,3
18112962,10,5,11,8,7
18112963,5,7,8,1,10
18112964,3,5,11,4,9
18112965,1,4,10,3,11
18112966,7,8,6,1,5
18112967,6,4,10,11,2
18112968,10,8,6,9,4
18112969,3,6,9,8,1
18112970,8,10,1,2,11
18112971,1,8,6,5,9
18112972,11,8,6,10,9
18112973,3,9,7,8,4
18112974,4,5,11,7,9
18112975,7,6,5,10,11
18112976,3,7,10,8,1
18112977,3,10,8,1,5
18112978,11,6,5,2,10
18112979,10,11,3,6,9
18112980,5,3,6,7,10
18112981,2,1,6,9,10
18112982,1,8,11,4,10
18112983,6,2,9,3,1
18112984,4,8,10,11,6
18112985,7,9,4,1,2
18112986,3,10,9,5,8
18112987,4,11,3,10,9
18112988,8,1,3,10,5
18112989,2,10,4,5,9
18112990,7,1,2,5,6
18113001,7,3,8,4,11
18113002,5,4,1,3,2
18113003,10,6,8,7,4
18113004,11,10,3,2,7
18113005,7,5,8,1,6
18113006,4,7,5,8,6
18113007,3,5,4,10,9
18113008,4,6,8,7,9
18113009,8,5,6,10,2
18113010,6,4,10,7,1
18113011,7,9,2,8,5
18113012,5,9,6,8,10
18113013,10,9,5,1,8
18113014,4,2,6,8,3
18113015,6,7,10,11,8
18113016,7,2,6,5,9
18113017,8,4,6,7,2
18113018,8,2,4,5,3
18113019,6,4,10,1,3
18113020,1,4,8,3,7
18113021,5,3,1,2,9
18113022,9,3,8,2,7
18113023,6,10,2,7,1
18113024,4,9,6,11,5
18113025,1,8,9,4,7
18113026,5,4,1,8,10
18113027,5,7,6,10,8
18113028,9,8,5,4,3
18113029,9,2,3,10,11
18113030,9,1,2,5,6
18113031,6,3,2,5,7
18113032,3,2,6,8,5
18113033,7,10,9,8,3
18113034,5,2,9,1,7
18113035,4,9,8,2,5
18113036,1,4,6,2,7
18113037,7,2,6,1,3
18113038,10,11,8,7,1
18113039,5,6,10,3,9
18113040,2,3,10,7,1
18113041,4,2,9,5,1
18113042,6,10,11,1,5
18113043,10,8,6,7,9
18113044,6,9,5,4,3
18113045,5,3,8,1,10
18113046,9,5,2,8,1
18113047,5,3,11,4,2
18113048,11,7,9,5,3
18113049,10,3,8,5,11
18113050,3,1,2,7,9
18113051,5,3,7,6,9
18113052,11,5,2,9,8
18113053,2,6,3,9,10
18113054,8,11,2,1,6
18113055,11,4,10,2,6
18113056,9,1,2,8,7
18113057,10,2,1,8,3
18113058,1,3,6,5,9
18113059,2,8,4,3,7
18113060,8,4,7,5,11
18113061,7,11,5,4,10
18113062,10,2,3,4,5
18113063,2,5,10,7,6
18113064,2,3,6,1,9
18113065,10,7,2,6,4
18113066,3,11,5,7,6
18113067,5,3,10,1,9
18113068,3,7,2,4,9
18113069,9,6,10,2,5
18113070,7,4,9,3,2
18113071,9,4,5,8,11
18113072,11,9,4,7,1
18113073,1,3,2,8,5
18113074,7,10,9,8,11
18113075,6,10,1,2,5
18113076,11,7,1,4,9
18113077,9,3,2,4,5
18113078,7,8,10,2,1
18113079,5,4,8,7,9
18113080,11,3,9,4,2
18113081,4,7,9,6,8
18113082,6,11,8,5,7
18113083,8,6,2,1,5
18113084,10,3,6,4,11
18113085,1,10,4,8,9
18113086,8,10,7,11,1
18113087,7,10,9,8,1
18113088,2,9,6,8,3
18113089,8,5,4,2,1
18113090,7,1,9,5,2
