18070101,9,4,10,7,1
18070102,7,3,9,8,1
18070103,2,10,6,5,11
18070104,1,4,2,6,5
18070105,9,3,1,5,10
18070106,6,10,9,4,2
18070107,3,7,8,2,9
18070108,7,1,9,5,4
18070109,7,5,10,8,6
18070110,4,5,11,8,3
18070111,5,6,10,2,1
18070112,8,5,1,6,7
18070113,7,5,4,2,3
18070114,6,8,2,9,11
18070115,10,8,3,1,2
18070116,2,9,8,11,5
18070117,3,9,5,7,1
18070118,2,7,4,6,5
18070119,5,6,8,7,2
18070120,6,8,1,5,7
18070121,5,3,2,9,7
18070122,7,9,6,3,1
18070123,11,8,10,2,7
18070124,10,3,6,9,4
18070125,7,8,4,3,10
18070126,9,7,8,3,4
18070127,11,10,9,7,5
18070128,3,10,7,11,6
18070129,7,11,9,8,1
18070130,10,7,5,6,11
18070131,9,5,10,8,7
18070132,1,2,5,7,3
18070133,3,2,11,5,4
18070134,3,5,8,11,7
18070135,11,7,1,8,9
18070136,4,11,9,10,8
18070137,11,8,4,6,5
18070138,1,11,5,7,6
18070139,4,2,7,9,3
18070140,8,4,3,6,11
18070141,1,3,5,6,10
18070142,7,3,8,10,9
18070143,8,7,5,1,11
18070144,2,6,10,5,8
18070145,6,7,10,4,9
18070146,9,3,2,1,6
18070147,10,1,11,6,5
18070148,1,5,10,2,11
18070149,10,2,7,1,3
18070150,5,7,4,3,8
18070151,7,8,1,9,2
18070152,11,2,5,8,6
18070153,11,3,7,2,5
18070154,5,8,9,4,7
18070155,1,11,10,7,9
18070156,10,8,1,3,4
18070157,3,4,6,5,8
18070158,8,3,5,1,9
18070159,6,2,4,8,7
18070160,6,2,5,10,3
18070161,7,6,9,1,3
18070162,10,7,6,9,1
18070163,9,7,6,2,10
18070164,4,5,2,11,10
18070165,3,11,6,4,9
18070166,3,5,1,2,11
18070167,2,1,6,5,8
18070168,9,7,11,8,1
18070169,3,1,7,5,6
18070170,2,11,7,10,9
18070171,9,5,8,11,1
18070172,8,6,5,11,4
18070173,2,5,8,11,10
18070174,10,4,11,1,3
18070175,7,1,10,6,11
18070176,1,7,2,5,8
18070177,9,6,3,5,8
18070178,3,11,2,5,1
18070179,1,4,11,5,7
18070180,5,6,7,4,8
18070181,2,9,8,10,3
18070182,5,9,8,3,7
18070183,1,4,7,2,11
18070184,3,4,8,9,6
18070185,3,6,2,11,5
18070186,4,11,10,8,2
18070187,3,1,6,8,10
18070188,5,11,2,7,4
18070189,10,9,6,3,2
18070190,11,5,3,7,9
18070201,8,11,2,6,1
18070202,4,6,1,11,3
18070203,7,2,5,9,1
18070204,1,6,8,2,7
18070205,4,7,8,9,1
18070206,1,9,7,10,5
18070207,2,11,9,4,10
18070208,9,8,3,5,6
18070209,9,2,3,7,4
18070210,6,5,1,2,7
18070211,7,2,6,9,3
18070212,4,11,1,10,9
18070213,2,5,10,7,1
18070214,4,6,10,5,8
18070215,2,7,1,11,9
18070216,6,3,7,9,11
18070217,8,9,10,7,1
18070218,3,9,1,5,6
18070219,5,8,9,3,2
18070220,6,10,3,7,4
18070221,8,2,7,5,4
18070222,8,9,10,3,4
18070223,10,4,11,7,6
18070224,5,7,11,10,1
18070225,2,10,11,3,6
18070226,6,3,4,2,1
18070227,10,11,8,9,3
18070228,1,3,2,10,4
18070229,8,10,3,1,9
18070230,1,8,11,3,9
18070231,10,5,8,6,1
18070232,1,8,2,9,4
18070233,10,2,1,7,8
18070234,4,11,2,1,6
18070235,4,2,10,3,7
18070236,5,11,4,6,1
18070237,3,5,1,11,4
18070238,2,8,7,1,4
18070239,5,8,7,1,3
18070240,3,7,6,2,4
18070241,5,2,3,6,7
18070242,1,11,9,7,10
18070243,2,6,1,4,9
18070244,4,9,10,5,3
18070245,6,5,8,11,9
18070246,7,6,2,11,5
18070247,5,10,1,7,3
18070248,7,8,4,6,2
18070249,3,9,6,1,4
18070250,4,2,3,11,8
18070251,3,2,9,6,1
18070252,2,3,11,6,10
18070253,10,8,2,3,6
18070254,9,10,1,3,11
18070255,5,7,2,11,10
18070256,10,6,3,9,1
18070257,2,1,10,3,8
18070258,8,7,6,5,3
18070259,5,9,10,8,7
18070260,8,11,3,7,4
18070261,7,11,1,5,4
18070262,7,11,9,10,2
18070263,3,10,6,11,9
18070264,4,11,7,8,10
18070265,9,8,10,6,4
18070266,5,11,1,4,6
18070267,4,2,6,5,11
18070268,6,5,2,3,11
18070269,1,9,6,8,4
18070270,7,9,11,8,6
18070271,5,11,10,2,1
18070272,5,11,10,7,4
18070273,11,6,7,2,1
18070274,6,5,11,4,7
18070275,1,7,10,8,6
18070276,6,10,2,5,1
18070277,11,6,4,1,3
18070278,4,10,9,5,8
18070279,7,9,1,6,5
18070280,6,3,11,1,7
18070281,7,6,11,8,3
18070282,2,3,9,4,5
18070283,11,5,1,2,8
18070284,11,5,1,2,8
18070285,11,5,1,2,8
18070286,11,5,1,2,8
18070287,11,5,1,2,8
18070288,11,5,1,2,8
18070289,11,5,1,2,8
18070290,11,5,1,2,8
18070357,6,2,10,7,4
18070358,6,2,10,7,4
18070359,6,2,10,7,4
18070360,6,2,10,7,4
18070361,6,2,10,7,4
18070362,6,2,10,7,4
18070363,6,2,10,7,4
18070364,6,2,10,7,4
18070365,6,2,10,7,4
18070366,6,2,10,7,4
18070367,6,2,10,7,4
18070368,6,2,10,7,4
18070369,6,2,10,7,4
18070370,1,3,9,5,8
18070371,3,6,10,4,11
18070372,6,9,2,11,10
18070373,1,5,7,9,4
18070374,3,11,4,10,8
18070375,11,3,8,2,1
18070376,6,3,8,11,5
18070377,5,6,1,3,11
18070378,5,11,1,7,9
18070379,1,9,10,4,5
18070380,5,2,6,7,9
18070381,9,4,2,8,1
18070382,6,10,1,7,9
18070383,9,5,8,6,11
18070384,2,6,9,4,11
18070385,2,11,10,3,7
18070386,4,6,3,1,7
18070387,11,1,2,8,9
18070388,4,9,6,8,5
18070389,9,2,6,5,4
18070390,1,2,7,10,3
18070401,2,9,6,8,3
18070402,10,4,1,5,11
18070403,5,8,10,9,1
18070404,4,9,10,2,6
18070405,11,5,8,10,1
18070406,9,2,8,4,3
18070407,1,9,7,6,8
18070408,3,8,1,6,9
18070409,5,1,8,4,6
18070410,5,6,8,7,10
18070411,6,10,4,8,2
18070412,8,4,9,1,6
18070413,10,9,3,2,6
18070414,6,4,1,10,3
18070415,9,10,11,1,6
18070416,10,1,11,8,7
18070417,6,2,5,7,8
18070418,11,3,5,10,9
18070419,2,7,8,4,3
18070420,10,1,7,9,3
18070421,3,9,6,4,8
18070422,6,4,1,5,9
18070423,5,7,11,4,3
18070424,3,9,5,1,8
18070425,2,3,4,5,7
18070426,3,2,11,6,4
18070427,5,10,11,1,3
18070428,3,6,10,1,5
18070429,5,3,6,8,4
18070430,10,8,2,1,5
18070431,5,7,4,10,1
18070432,2,8,3,7,11
18070433,4,1,7,10,9
18070434,8,6,1,10,5
18070435,9,7,10,8,5
18070436,6,9,5,7,4
18070437,9,3,7,1,6
18070438,7,3,1,11,8
18070439,4,11,1,8,7
18070440,9,11,2,7,6
18070441,11,2,9,7,10
18070442,9,3,6,1,10
18070443,4,7,3,1,10
18070444,8,2,11,5,6
18070445,5,11,8,10,7
18070446,11,1,8,10,2
18070447,8,6,3,9,7
18070448,11,3,2,9,5
18070449,2,4,1,8,6
18070450,10,5,11,3,6
18070451,1,10,3,7,2
18070452,11,1,5,8,9
18070453,3,9,11,10,8
18070454,7,6,1,9,2
18070455,5,10,6,1,7
18070456,1,10,5,8,7
18070457,6,5,10,7,4
18070458,4,1,11,8,5
18070459,5,11,7,2,10
18070460,6,5,2,7,10
18070461,4,9,2,6,10
18070462,1,2,5,11,7
18070463,7,4,8,6,5
18070464,4,9,1,2,8
18070465,3,10,11,5,2
18070466,9,6,2,10,7
18070467,7,9,11,8,3
18070468,2,8,7,1,6
18070469,9,8,2,3,11
18070470,8,2,10,5,4
18070471,4,9,10,3,1
18070472,3,8,9,5,11
18070473,2,3,11,6,4
18070474,9,7,8,11,3
18070475,5,2,4,10,9
18070476,10,5,11,2,9
18070477,4,2,5,6,11
18070478,10,7,2,3,1
18070479,4,3,5,6,8
18070480,5,6,3,7,9
18070481,1,9,5,10,4
18070482,8,9,5,6,3
18070483,4,1,6,5,2
18070484,9,11,7,2,4
18070485,4,5,6,7,8
18070486,2,6,8,3,1
18070487,7,1,3,6,5
18070488,9,2,3,7,4
18070489,2,10,8,9,1
18070490,8,2,3,6,5
18070501,2,7,6,9,10
18070502,3,11,7,8,9
18070503,3,11,6,2,10
18070504,2,7,4,1,8
18070505,2,5,11,10,4
18070506,3,5,11,8,9
18070507,2,9,3,5,1
18070508,4,3,5,6,9
18070509,7,1,8,10,5
18070510,7,2,4,3,5
18070511,2,7,6,9,5
18070512,11,6,9,2,4
18070513,1,4,3,9,7
18070514,3,5,7,2,6
18070515,9,10,2,8,6
18070516,3,11,7,2,4
18070517,7,1,11,4,2
18070518,5,2,11,9,7
18070519,10,4,8,9,11
18070520,11,5,7,2,6
18070521,9,6,10,1,11
18070522,11,9,10,4,2
18070523,8,3,4,7,6
18070524,2,8,3,9,10
18070525,1,7,5,6,8
18070526,11,8,9,10,7
18070527,4,9,10,1,2
18070528,5,1,8,6,10
18070529,3,7,9,4,11
18070530,4,1,2,3,5
18070531,3,7,1,6,2
18070532,1,6,9,3,4
18070533,11,8,2,9,4
18070534,7,1,3,2,8
18070535,8,3,5,9,10
18070536,7,9,4,10,8
18070537,11,4,6,5,3
18070538,7,1,5,9,8
18070539,8,3,5,7,9
18070540,4,3,7,1,6
18070541,3,10,7,9,4
18070542,1,2,3,10,4
18070543,1,4,10,2,9
18070544,10,2,7,9,4
18070545,3,5,4,11,2
18070546,2,1,11,10,5
18070547,7,11,3,10,6
18070548,2,9,8,3,10
18070549,5,4,2,3,6
18070550,3,4,1,9,10
18070551,2,1,7,6,11
18070552,10,5,9,7,1
18070553,11,7,9,1,8
18070554,5,10,7,8,11
18070555,4,1,3,5,10
18070556,6,11,10,5,2
18070557,2,6,7,4,9
18070558,6,7,1,10,9
18070559,11,10,7,4,8
18070560,9,2,8,5,10
18070561,3,1,9,8,7
18070562,5,1,4,6,9
18070563,5,4,7,1,11
18070564,4,1,2,5,8
18070565,4,11,6,3,5
18070566,8,11,1,4,7
18070567,8,11,7,6,4
18070568,9,10,5,11,3
18070569,8,1,6,10,4
18070570,8,10,11,6,2
18070571,4,2,6,5,3
18070572,5,4,8,7,10
18070573,7,1,10,8,9
18070574,8,5,6,11,4
18070575,11,7,1,8,4
18070576,1,7,8,4,10
18070577,2,4,7,1,6
18070578,9,10,3,5,1
18070579,2,8,9,7,11
18070580,4,3,10,6,8
18070581,10,6,1,9,7
18070582,1,10,8,6,11
18070583,4,9,6,1,5
18070584,1,6,3,7,11
18070585,8,9,10,3,7
18070586,8,1,11,4,2
18070587,6,3,9,5,10
18070588,3,8,10,11,2
18070589,3,10,2,8,11
18070590,11,7,6,5,8
18070601,6,10,4,1,9
18070602,11,8,6,5,2
18070603,9,8,5,7,3
18070604,10,2,5,7,1
18070605,2,7,8,1,11
18070606,7,1,9,11,5
18070607,10,8,6,9,4
18070608,1,5,10,6,11
18070609,6,5,9,2,8
18070610,5,11,1,3,8
18070611,1,2,7,11,5
18070612,8,4,2,7,6
18070613,4,3,2,11,6
18070614,3,10,11,5,4
18070615,7,4,5,11,6
18070616,7,4,1,10,5
18070617,10,5,2,1,8
18070618,8,10,5,3,4
18070619,10,2,3,6,7
18070620,3,8,11,2,6
18070621,8,10,2,4,6
18070622,2,1,9,11,6
18070623,1,5,3,11,9
18070624,4,3,2,6,10
18070625,11,4,3,10,7
18070626,6,1,4,7,5
18070627,2,6,9,8,4
18070628,4,9,6,7,1
18070629,1,9,6,7,2
18070630,9,6,2,5,4
18070631,9,11,5,8,10
18070632,3,10,4,1,5
18070633,8,1,6,4,11
18070634,11,9,1,3,5
18070635,1,2,3,9,8
18070636,4,2,6,3,8
18070637,4,11,8,1,6
18070638,11,9,10,6,7
18070639,6,5,1,9,4
18070640,8,1,3,11,9
18070641,5,8,2,6,10
18070642,8,3,11,10,7
18070643,11,10,7,9,3
18070644,1,6,5,2,3
18070645,4,6,10,9,3
18070646,6,7,2,10,3
18070647,5,6,3,4,2
18070648,1,6,2,8,4
18070649,2,8,11,9,3
18070650,4,11,8,7,9
18070651,8,9,11,10,4
18070652,1,7,6,9,5
18070653,8,3,11,2,9
18070654,6,2,7,3,1
18070655,10,4,9,11,5
18070656,1,6,8,2,7
18070657,6,5,1,8,9
18070658,10,11,7,8,3
18070659,8,1,9,4,11
18070660,7,10,8,5,1
18070661,4,3,7,9,11
18070662,4,1,6,7,2
18070663,9,2,4,3,11
18070664,7,2,11,8,10
18070665,9,4,3,7,2
18070666,1,3,2,8,11
18070667,11,2,7,8,6
18070668,10,6,1,5,11
18070669,8,4,11,5,9
18070670,3,10,5,11,2
18070671,1,7,6,8,2
18070672,6,2,10,5,7
18070673,3,4,11,8,1
18070674,3,2,1,7,9
18070675,1,7,4,2,10
18070676,3,4,11,2,10
18070677,9,11,6,2,7
18070678,11,1,8,10,3
18070679,9,7,11,1,2
18070680,3,5,11,6,4
18070681,10,4,7,9,5
18070682,9,3,7,2,4
18070683,8,1,2,11,4
18070684,2,10,8,5,6
18070685,7,3,9,5,4
18070686,9,5,7,6,3
18070687,5,8,7,4,3
18070688,9,3,5,11,6
18070689,2,1,6,8,11
18070690,10,8,9,3,2
18070701,3,2,6,7,10
18070702,2,11,9,6,7
18070703,7,5,6,3,2
18070704,3,8,2,6,10
18070705,8,7,3,9,10
18070706,3,4,10,9,1
18070707,4,6,2,11,7
18070708,6,2,8,11,7
18070709,8,5,10,7,11
18070710,8,7,4,10,2
18070711,11,3,2,7,4
18070712,9,10,1,7,2
18070713,2,8,7,11,1
18070714,10,2,11,3,6
18070715,6,4,9,8,2
18070716,3,2,11,10,1
18070717,2,6,9,11,1
18070718,7,6,11,1,9
18070719,2,10,1,3,11
18070720,7,6,9,11,3
18070721,1,4,5,8,10
18070722,5,7,1,2,4
18070723,7,8,11,3,6
18070724,3,7,9,10,5
18070725,9,4,11,1,3
18070726,2,8,1,11,5
18070727,2,7,1,6,8
18070728,1,11,8,9,6
18070729,9,7,10,4,11
18070730,6,3,2,9,7
18070731,2,7,10,8,5
18070732,7,2,6,9,3
18070733,4,1,8,3,6
18070734,5,11,1,2,6
18070735,7,8,2,3,1
18070736,11,10,4,6,9
18070737,4,2,10,7,8
18070738,10,5,8,1,6
18070739,6,2,10,1,9
18070740,6,4,5,9,3
18070741,1,2,3,6,7
18070742,10,11,1,5,3
18070743,7,11,6,1,3
18070744,9,7,4,10,1
18070745,2,8,7,11,4
18070746,8,7,3,4,10
18070747,5,11,2,9,10
18070748,3,4,7,1,9
18070749,11,9,7,4,3
18070750,7,3,8,2,6
18070768,8,10,2,6,5
18070769,8,10,2,6,5
18070770,8,10,2,6,5
18070771,8,10,2,6,5
18070772,8,10,2,6,5
18070773,8,10,2,6,5
18070774,8,10,2,6,5
18070775,8,10,2,6,5
18070776,8,10,2,6,5
18070777,8,10,2,6,5
18070778,8,10,2,6,5
18070779,8,10,2,6,5
18070780,8,10,2,6,5
18070781,7,3,5,2,8
18070782,2,3,11,10,1
18070783,3,10,9,6,2
18070784,2,7,5,4,6
18070785,9,7,4,3,2
18070786,1,10,4,6,3
18070787,8,4,3,2,5
18070788,2,5,7,4,6
18070789,1,11,9,7,5
18070790,3,2,7,6,8
18070868,8,3,10,5,9
18070869,8,3,10,5,9
18070870,8,3,10,5,9
18070871,8,3,10,5,9
18070872,8,3,10,5,9
18070873,8,3,10,5,9
18070874,8,3,10,5,9
18070875,8,3,10,5,9
18070876,8,3,10,5,9
18070877,8,3,10,5,9
18070878,8,3,10,5,9
18070879,8,3,10,5,9
18070880,8,3,10,5,9
18070881,7,1,10,9,11
18070882,9,4,2,3,1
18070883,1,2,10,6,3
18070884,2,3,4,8,9
18070885,9,2,7,10,3
18070886,5,8,7,4,2
18070887,9,6,7,8,2
18070888,2,3,7,10,6
18070889,6,1,5,7,9
18070890,4,9,7,2,3
18070901,10,7,3,2,8
18070902,10,11,6,7,3
18070903,7,4,2,10,3
18070904,8,7,4,11,3
18070905,7,4,5,1,6
18070906,8,7,3,6,1
18070907,6,2,5,4,1
18070908,1,4,7,10,6
18070909,4,10,6,8,5
18070910,4,7,2,5,1
18070911,7,6,2,5,8
18070912,6,3,9,4,8
18070913,8,11,4,3,7
18070914,5,6,10,8,7
18070915,6,1,3,4,8
18070916,10,7,2,9,8
18070917,9,1,11,6,4
18070918,11,2,3,9,6
18070919,10,6,1,11,5
18070920,2,7,11,1,3
18070921,6,1,9,10,2
18070922,7,8,9,2,10
18070923,2,1,11,6,7
18070924,2,1,9,10,5
18070925,2,8,3,5,11
18070926,7,8,2,5,3
18070927,10,8,3,7,11
18070928,3,4,1,6,2
18070929,5,9,7,10,3
18070930,3,5,11,8,6
18070931,1,2,8,6,9
18070932,7,9,6,8,10
18070933,9,6,7,10,1
18070934,10,11,5,7,4
18070935,5,10,9,3,8
18070936,7,6,4,3,5
18070937,11,6,7,10,5
18070938,5,4,8,7,11
18070939,8,2,10,9,3
18070940,7,4,8,6,1
18070941,1,10,2,5,11
18070942,5,9,8,10,4
18070943,1,3,9,10,8
18070944,6,4,7,5,9
18070945,3,10,7,6,11
18070946,5,2,10,6,1
18070947,7,4,10,5,2
18070948,6,2,3,8,7
18070949,6,1,5,3,8
18070950,11,8,10,1,2
18070951,3,8,5,10,1
18070952,8,7,3,6,5
18070953,10,5,2,8,3
18070954,10,2,5,1,3
18070955,2,6,4,9,1
18070956,8,1,5,3,6
18070957,5,1,4,8,7
18070958,6,3,8,5,11
18070959,4,6,1,7,9
18070960,9,10,7,3,8
18070961,5,9,8,2,11
18070962,10,1,4,5,11
18070963,10,9,6,11,2
18070964,9,8,2,6,4
18070965,10,3,6,4,1
18070966,9,5,2,3,7
18070967,7,2,11,6,8
18070968,3,11,4,5,1
18070969,4,1,11,6,2
18070970,7,9,1,11,2
18070971,1,5,10,11,6
18070972,2,7,9,1,4
18070973,10,7,8,1,9
18070974,6,5,11,9,8
18070975,1,7,9,5,6
18070976,9,7,4,1,2
18070977,6,9,7,1,2
18070978,6,10,3,8,7
18070979,8,3,2,10,11
18070980,2,5,9,1,11
18070981,2,10,5,1,9
18070982,3,7,11,4,5
18070983,10,2,5,11,7
18070984,7,2,6,10,4
18070985,5,3,8,10,1
18070986,9,5,8,7,11
18070987,8,7,6,4,11
18070988,7,3,9,8,2
18070989,11,2,3,7,1
18070990,3,11,8,1,4
18071001,11,1,3,7,2
18071002,7,3,10,1,5
18071003,5,9,10,7,6
18071004,2,11,4,7,6
18071005,10,5,1,3,6
18071006,10,3,11,8,4
18071007,9,5,10,4,6
18071008,5,7,4,3,11
18071009,3,10,11,4,1
18071010,10,6,7,9,5
18071011,10,11,9,4,8
18071012,9,2,4,7,5
18071013,9,7,5,3,1
18071014,3,2,7,9,1
18071015,10,4,6,1,7
18071016,1,10,6,2,8
18071017,5,10,11,2,8
18071018,9,6,10,4,7
18071019,6,5,7,3,2
18071020,10,4,1,11,6
18071021,9,2,11,10,8
18071022,9,6,11,8,2
18071023,9,6,10,11,2
18071024,4,1,6,11,2
18071025,7,4,1,8,11
18071026,5,2,4,9,7
18071027,11,2,1,9,10
18071028,3,6,4,7,10
18071029,5,9,11,6,1
18071030,1,9,4,7,11
18071031,4,5,6,3,8
18071032,6,1,4,7,3
18071033,10,4,5,11,9
18071034,5,3,10,11,7
18071035,4,9,2,8,5
18071036,9,6,4,2,5
18071037,1,3,4,7,2
18071038,6,1,5,3,4
18071039,8,3,5,2,11
18071040,4,11,6,8,7
18071041,11,10,5,6,2
18071042,11,5,8,3,1
18071043,1,4,8,10,9
18071044,1,3,4,9,11
18071045,6,7,11,1,10
18071046,6,2,3,8,10
18071047,1,6,11,9,3
18071048,7,3,11,4,2
18071049,4,1,7,5,9
18071050,8,9,11,2,10
18071051,8,11,5,4,9
18071052,1,5,2,11,8
18071053,7,2,9,3,4
18071054,11,8,6,10,1
18071055,8,6,5,11,9
18071056,2,11,5,3,9
18071057,9,2,11,7,10
18071058,6,8,5,7,3
18071059,11,4,2,1,8
18071060,11,7,6,9,10
18071061,3,10,7,9,1
18071062,11,2,5,7,8
18071063,10,7,4,11,8
18071064,3,6,5,1,2
18071065,2,11,10,5,9
18071066,10,5,6,1,9
18071067,6,1,2,9,7
18071068,7,1,2,5,9
18071069,3,11,10,4,1
18071070,11,10,2,7,3
18071071,4,9,6,5,10
18071072,5,3,7,4,2
18071073,1,4,2,6,3
18071074,5,11,1,8,3
18071075,2,6,3,5,1
18071076,9,6,8,3,10
18071077,11,7,5,8,2
18071078,11,4,6,7,1
18071079,6,2,10,1,5
18071080,8,11,10,4,6
18071081,5,9,7,11,4
18071082,11,4,8,7,5
18071083,10,9,2,11,4
18071084,1,4,9,10,8
18071085,5,9,8,7,11
18071086,5,1,3,6,9
18071087,6,10,4,5,1
18071088,2,8,11,9,1
18071089,5,3,9,1,6
18071090,4,8,1,5,9
18071101,10,2,3,9,11
18071102,4,5,11,10,2
18071103,5,2,4,7,1
18071104,7,6,11,5,1
18071105,9,3,10,1,7
18071106,7,3,8,2,11
18071107,3,9,7,1,2
18071108,1,2,6,7,11
18071109,9,8,2,5,1
18071110,5,9,8,3,7
18071111,3,6,9,1,2
18071112,7,1,5,9,10
18071113,4,5,7,10,8
18071114,5,11,3,8,1
18071115,3,7,5,10,4
18071116,5,2,9,11,7
18071117,2,9,3,1,4
18071118,9,4,2,1,10
18071119,8,10,9,2,1
18071120,11,9,1,7,3
18071121,2,3,8,9,4
18071122,4,7,11,3,8
18071123,6,9,7,10,8
18071124,5,1,2,6,4
18071125,10,2,9,5,6
18071126,5,10,2,3,1
18071127,6,11,3,1,10
18071128,11,2,5,7,9
18071129,7,1,3,11,4
18071130,11,5,10,2,6
18071131,1,11,10,4,8
18071132,10,4,2,1,5
18071133,9,1,8,10,7
18071134,2,7,9,4,5
18071135,7,5,2,4,8
18071136,11,5,4,6,2
18071137,3,4,7,5,6
18071138,6,3,1,7,10
18071139,3,7,10,2,6
18071140,2,10,4,5,1
18071141,11,9,5,4,7
18071142,7,1,3,10,6
18071143,8,10,2,4,9
18071144,3,6,4,10,9
18071145,2,4,3,8,7
18071146,4,7,5,3,6
18071147,10,6,7,2,3
18071148,11,6,2,7,5
18071149,6,2,4,7,10
18071150,2,6,11,1,4
18071151,8,7,3,10,9
18071152,2,6,10,1,11
18071153,11,8,7,4,1
18071154,11,1,9,8,10
18071155,10,4,7,11,2
18071156,10,8,6,7,3
18071157,6,10,7,3,11
18071158,6,9,11,8,4
18071159,4,6,11,5,8
18071160,4,9,3,5,11
18071161,10,5,3,2,9
18071162,9,3,6,8,1
18071163,3,9,2,6,11
18071164,11,3,7,2,4
18071165,1,10,8,11,6
18071166,5,8,10,2,11
18071167,6,2,8,1,3
18071168,1,3,8,9,11
18071169,11,10,4,1,2
18071170,4,6,11,8,3
18071171,1,8,5,11,3
18071172,2,7,10,6,11
18071173,6,11,8,5,9
18071174,9,7,10,11,1
18071175,6,4,10,7,1
18071176,4,6,8,3,10
18071177,7,2,10,11,8
18071178,10,5,11,6,1
18071179,5,1,2,4,8
18071180,11,8,1,6,3
18071181,8,11,4,9,7
18071182,6,5,4,3,10
18071183,1,9,5,8,4
18071184,3,8,6,4,7
18071185,10,8,4,2,1
18071186,4,7,8,10,2
18071187,7,6,8,4,5
18071188,10,1,5,6,8
18071189,7,10,1,8,6
18071190,6,10,3,4,8
18071201,2,4,1,8,11
18071202,5,3,2,4,10
18071203,5,1,4,2,6
18071204,9,7,1,10,2
18071205,1,5,3,6,11
18071206,2,5,6,10,4
18071207,8,4,10,3,11
18071208,1,7,5,9,10
18071209,8,9,6,11,10
18071210,7,6,9,1,4
18071211,7,5,10,1,4
18071212,8,5,3,1,6
18071213,9,11,3,6,8
18071214,7,4,5,8,9
18071215,5,9,7,6,10
18071216,1,11,8,10,6
18071217,7,4,2,9,11
18071218,6,8,7,3,2
18071219,8,11,6,10,5
18071220,2,1,11,4,10
18071221,7,6,3,1,10
18071222,2,3,5,7,11
18071223,7,3,6,4,8
18071224,6,11,4,8,1
18071225,8,2,5,1,9
18071226,5,2,3,11,7
18071227,10,7,4,8,3
18071228,2,8,3,1,10
18071229,7,11,6,9,2
18071230,5,6,8,2,3
18071231,6,7,9,4,5
18071232,11,6,7,1,5
18071233,5,2,6,10,11
18071234,11,1,2,7,5
18071235,4,9,5,3,1
18071236,10,8,3,9,1
18071237,7,2,3,11,1
18071238,7,4,10,8,6
18071239,1,7,2,3,9
18071240,1,2,8,11,5
18071241,5,11,6,7,4
18071242,10,2,8,3,11
18071243,6,2,1,4,7
18071244,3,4,11,8,5
18071245,3,1,10,4,8
18071246,4,3,1,7,10
18071247,7,1,6,9,5
18071248,5,3,4,9,7
18071249,6,10,7,3,9
18071250,5,3,1,10,4
18071251,1,6,2,8,11
18071252,3,2,6,1,8
18071253,8,4,10,2,6
18071254,4,9,11,5,1
18071255,5,1,2,9,4
18071256,8,1,11,3,5
18071257,9,7,11,3,8
18071258,3,6,8,10,4
18071259,1,10,9,6,2
18071260,7,8,2,1,3
18071261,3,10,2,11,5
18071262,7,2,9,10,11
18071263,4,9,7,3,8
18071264,8,7,3,4,1
18071265,10,6,1,3,9
18071266,1,3,4,8,7
18071267,4,7,8,1,3
18071268,3,1,6,8,10
18071269,3,9,10,8,4
18071270,3,6,2,4,5
18071271,9,5,8,11,7
18071272,1,8,6,10,9
18071273,6,8,5,10,3
18071274,2,10,5,7,3
18071275,1,5,6,2,11
18071276,6,4,8,9,7
18071277,9,1,8,2,3
18071278,9,11,4,5,6
18071279,4,5,7,11,1
18071280,1,7,6,4,9
18071281,7,9,1,8,5
18071282,8,5,10,9,11
18071283,7,5,4,11,10
18071284,11,8,6,4,1
18071285,11,6,7,9,5
18071286,3,8,4,2,11
18071287,11,7,2,1,9
18071288,7,5,3,2,10
18071289,4,2,7,3,11
18071290,9,7,11,6,5
18071301,4,1,11,2,8
18071302,5,2,8,1,9
18071303,8,2,11,4,5
18071304,6,9,5,2,7
18071305,3,7,6,4,10
18071306,5,2,6,11,4
18071307,2,8,9,3,6
18071308,10,6,7,9,3
18071309,11,8,9,1,2
18071310,3,11,4,1,9
18071311,2,3,8,7,4
18071312,3,2,8,1,11
18071313,6,5,7,3,11
18071314,10,3,9,1,4
18071315,11,8,2,3,6
18071316,8,4,5,11,7
18071317,1,8,11,3,10
18071318,9,1,11,10,7
18071319,3,11,5,6,7
18071320,2,4,5,10,6
18071321,1,11,6,4,5
18071322,9,10,1,6,7
18071323,6,11,8,5,9
18071324,1,10,9,6,8
18071325,11,5,10,2,8
18071326,5,9,2,7,3
18071327,5,8,10,6,7
18071328,2,10,7,1,11
18071329,3,6,8,1,11
18071330,2,4,10,6,8
18071331,3,4,1,11,5
18071332,3,10,1,2,5
18071333,9,11,5,10,4
18071334,11,3,4,6,5
18071335,4,1,2,6,10
18071336,7,8,9,10,5
18071337,9,2,4,11,10
18071338,2,6,1,5,7
18071339,9,3,4,1,10
18071340,8,9,11,4,2
18071341,2,6,11,10,9
18071342,10,1,9,6,8
18071343,1,10,7,3,9
18071344,7,3,10,1,2
18071345,1,2,4,5,9
18071346,8,9,6,10,7
18071347,9,11,10,8,4
18071348,7,3,1,10,8
18071349,8,2,5,6,4
18071350,5,6,2,10,11
18071351,3,1,7,10,11
18071352,2,11,7,3,1
18071353,4,6,5,2,3
18071354,11,7,1,4,9
18071355,7,9,5,3,6
18071356,7,3,10,2,11
18071357,3,8,1,4,2
18071358,1,2,5,7,4
18071359,8,11,1,2,10
18071360,2,4,9,6,10
18071361,4,3,6,9,5
18071362,5,2,7,4,9
18071363,4,10,1,11,7
18071364,10,1,2,4,3
18071365,8,1,7,5,11
18071366,2,7,10,4,8
18071367,2,1,9,10,8
18071368,8,7,2,6,10
18071369,3,11,6,2,10
18071370,1,11,2,6,9
18071371,10,5,11,9,6
18071372,1,11,7,5,2
18071373,7,8,9,4,2
18071374,9,8,4,6,7
18071375,11,8,10,2,9
18071376,8,7,2,9,1
18071377,5,4,6,11,10
18071378,9,5,11,3,4
18071379,3,10,5,4,8
18071380,2,7,5,9,11
18071381,6,2,11,9,1
18071382,7,10,5,9,2
18071383,2,8,5,7,6
18071384,4,8,11,5,6
18071385,1,7,11,10,8
18071386,8,9,10,3,11
18071387,5,4,9,10,2
18071388,9,1,10,4,8
18071389,5,10,11,7,4
18071390,8,1,6,11,3
18071401,10,1,11,4,5
18071402,8,4,7,10,9
18071403,2,4,5,8,9
18071404,8,2,10,11,6
18071405,4,1,7,3,5
18071406,6,10,5,2,11
18071407,8,9,4,3,10
18071408,2,3,10,5,11
18071409,10,7,11,2,1
18071410,8,10,4,3,1
18071411,2,11,7,1,9
18071412,3,10,6,7,1
18071413,6,1,8,11,10
18071414,6,1,4,8,5
18071415,8,5,2,4,7
18071416,5,1,11,8,7
18071417,8,6,3,7,1
18071418,9,8,3,5,1
18071419,5,3,9,10,4
18071420,8,11,9,5,7
18071421,10,6,1,3,5
18071422,11,1,8,4,6
18071423,5,1,11,7,3
18071424,7,8,2,6,4
18071425,5,9,4,6,11
18071426,1,6,11,9,10
18071427,10,7,6,9,2
18071428,1,9,4,11,10
18071429,7,9,2,6,3
18071430,11,7,5,10,6
18071431,6,4,9,10,5
18071432,6,1,4,8,10
18071433,1,3,7,6,4
18071434,11,2,1,8,5
18071435,4,11,7,6,2
18071436,10,6,4,11,9
18071437,8,1,9,6,2
18071438,10,3,8,9,11
18071439,3,2,5,7,4
18071440,5,7,8,2,4
18071441,9,8,3,7,6
18071442,4,8,10,7,11
18071443,4,11,10,1,3
18071444,9,7,2,10,3
18071445,5,6,7,4,2
18071446,3,1,6,2,9
18071447,7,10,11,2,3
18071448,8,7,6,4,11
18071449,9,2,3,8,11
18071450,2,11,1,10,9
18071451,6,10,4,3,9
18071452,6,11,3,4,2
18071453,1,3,2,11,8
18071454,6,5,4,7,2
18071455,1,5,4,9,11
18071456,10,9,6,8,11
18071457,8,1,6,11,4
18071458,1,3,11,8,9
18071459,3,2,9,4,11
18071460,10,5,8,4,9
18071461,2,1,8,9,4
18071462,5,1,6,7,8
18071463,10,3,8,11,2
18071464,10,6,3,2,4
18071465,1,6,2,8,10
18071466,1,3,6,5,9
18071467,7,5,3,10,11
18071468,8,3,7,5,10
18071469,10,6,1,11,4
18071470,6,2,1,8,3
18071471,3,7,1,9,4
18071472,3,8,2,1,11
18071473,11,9,7,8,1
18071474,7,9,5,2,4
18071475,11,7,9,1,3
18071476,10,6,8,2,4
18071477,3,9,10,11,8
18071478,5,8,11,6,7
18071479,7,5,2,6,11
18071480,11,5,7,1,8
18071481,6,4,9,11,10
18071482,1,7,6,3,5
18071483,2,9,8,6,5
18071484,6,10,5,1,3
18071485,2,5,9,1,10
18071486,5,2,4,10,11
18071487,4,6,8,3,9
18071488,4,10,1,3,8
18071489,4,3,7,6,10
18071490,5,7,11,1,10
18071501,5,2,4,10,9
18071502,9,6,8,5,7
18071503,9,5,3,6,2
18071504,11,3,5,4,8
18071505,10,1,5,11,8
18071506,5,2,7,4,1
18071507,6,5,3,2,10
18071508,11,4,8,10,1
18071509,8,9,7,10,5
18071510,1,9,11,4,6
18071511,8,11,6,1,7
18071512,7,1,2,4,6
18071513,5,4,3,10,11
18071514,3,8,6,9,4
18071515,3,5,8,11,10
18071516,8,4,11,10,7
18071517,11,1,6,9,7
18071518,6,4,10,11,2
18071519,1,8,4,9,7
18071520,4,6,11,5,3
18071521,8,9,6,11,1
18071522,1,2,6,8,9
18071523,3,7,2,11,4
18071524,3,4,2,1,8
18071525,1,8,6,4,9
18071526,2,6,1,10,3
18071527,3,10,7,11,2
18071528,2,9,7,1,6
18071529,11,1,5,3,8
18071530,7,6,8,2,9
18071531,8,5,6,2,1
18071532,7,8,5,4,2
18071533,6,1,8,7,3
18071534,4,10,1,3,9
18071535,1,5,6,11,10
18071536,1,6,11,2,9
18071537,5,1,7,10,9
18071538,1,6,7,2,8
18071539,7,1,5,10,4
18071540,4,3,5,6,10
18071541,2,11,8,3,1
18071542,9,10,1,2,5
18071543,6,7,10,11,2
18071544,6,7,10,4,2
18071545,11,7,10,2,3
18071546,7,8,1,11,5
18071547,8,2,3,11,10
18071548,11,6,9,5,3
18071549,11,6,2,5,3
18071550,5,2,4,10,3
18071551,9,4,5,3,1
18071552,11,5,8,1,7
18071553,11,4,8,5,10
18071554,2,10,6,9,4
18071555,8,9,6,11,10
18071556,4,1,3,10,8
18071557,10,7,5,6,8
18071558,8,1,2,5,9
18071559,5,1,7,2,11
18071560,10,2,4,3,7
18071561,8,11,4,3,5
18071562,3,10,5,7,4
18071563,7,10,8,3,11
18071564,9,2,11,1,8
18071565,9,11,5,10,2
18071566,3,11,4,2,9
18071567,3,1,6,10,4
18071568,11,7,3,4,2
18071569,2,11,5,9,6
18071570,11,2,7,9,5
18071571,8,4,11,10,5
18071572,9,11,10,5,8
18071573,8,10,7,2,3
18071574,1,11,10,2,6
18071575,9,1,5,3,11
18071576,2,1,10,3,6
18071577,8,5,7,1,6
18071578,5,6,3,11,8
18071579,4,8,7,9,1
18071580,9,4,1,8,11
18071581,7,6,3,4,9
18071582,9,7,3,4,8
18071583,5,4,10,9,7
18071584,10,1,5,3,11
18071585,1,2,5,10,3
18071586,5,7,10,3,2
18071587,11,4,1,5,7
18071588,6,5,7,10,1
18071589,3,11,10,7,5
18071590,4,6,5,9,3
18071601,8,6,7,4,5
18071602,11,1,6,7,9
18071603,4,3,2,10,11
18071604,2,9,1,11,4
18071605,8,9,11,1,7
18071606,8,6,5,7,11
18071607,10,1,6,9,7
18071608,8,1,6,9,10
18071609,7,1,9,3,2
18071610,3,4,1,8,10
18071611,5,6,7,11,9
18071612,2,4,6,3,8
18071613,3,4,5,11,1
18071614,10,1,4,6,7
18071615,11,2,1,9,3
18071616,10,9,11,1,5
18071617,9,6,11,10,2
18071618,4,6,8,3,7
18071619,6,3,2,9,8
18071620,3,5,2,4,6
18071621,10,5,7,9,4
18071622,2,7,5,3,6
18071623,4,11,7,1,6
18071624,7,8,9,10,4
18071625,9,4,3,11,10
18071626,4,3,8,5,1
18071627,9,10,5,4,8
18071628,4,5,7,10,8
18071629,2,6,7,3,5
18071630,5,2,7,10,4
18071631,3,4,1,2,9
18071632,9,10,1,5,4
18071633,3,9,4,11,2
18071634,3,8,2,6,9
18071635,5,9,11,4,6
18071636,11,8,5,7,3
18071637,8,1,4,10,2
18071638,5,7,10,9,8
18071639,6,11,10,1,5
18071640,6,4,9,2,3
18071641,1,5,2,10,11
18071642,7,9,4,11,6
18071643,7,2,4,10,6
18071644,3,8,4,9,7
18071645,8,11,6,2,3
18071646,1,4,11,8,7
18071647,6,5,3,7,9
18071648,9,8,2,11,3
18071649,9,11,2,10,8
18071650,10,5,4,3,7
18071651,2,1,7,3,9
18071652,9,10,11,1,3
18071653,7,1,2,6,3
18071654,2,4,10,3,8
18071655,1,3,8,5,9
18071656,6,5,11,10,8
18071657,9,5,4,3,7
18071658,3,6,11,1,5
18071659,4,6,9,7,10
18071660,5,3,6,8,10
18071661,3,10,9,6,7
18071662,8,3,4,7,11
18071663,5,2,7,6,9
18071664,2,4,6,11,3
18071665,10,8,11,3,7
18071666,5,10,2,3,11
18071667,10,7,9,4,8
18071668,8,6,1,10,2
18071669,5,2,8,11,7
18071670,9,6,2,8,3
18071671,11,6,5,9,1
18071672,10,11,6,5,1
18071673,1,2,10,6,9
18071674,6,8,9,3,2
18071675,10,5,7,8,3
18071676,11,7,9,1,8
18071677,5,6,3,10,4
18071678,6,11,7,2,9
18071679,9,10,1,4,2
18071680,9,10,4,6,3
18071681,8,2,3,9,7
18071682,5,3,4,10,6
18071683,11,1,9,7,3
18071684,9,10,3,1,11
18071685,3,5,1,10,2
18071686,9,5,4,1,2
18071687,10,1,6,5,8
18071688,2,5,7,6,10
18071689,6,7,9,5,3
18071690,9,7,1,6,4
18071701,7,11,1,3,4
18071702,7,2,4,5,11
18071703,5,3,6,1,8
18071704,5,4,6,8,2
18071705,6,10,1,8,7
18071706,2,9,1,7,6
18071707,11,6,9,1,3
18071708,1,2,5,4,11
18071709,8,7,11,10,5
18071710,5,9,3,7,11
18071711,1,7,6,9,11
18071712,1,4,2,10,11
18071713,2,8,1,11,7
18071714,1,2,6,4,3
18071715,4,1,7,8,9
18071716,6,3,5,7,11
18071717,10,2,3,11,7
18071718,6,10,9,1,3
18071719,3,8,11,2,1
18071720,8,4,1,9,7
18071721,5,6,10,3,9
18071722,2,6,1,5,3
18071723,5,9,8,1,11
18071724,8,5,4,9,3
18071725,7,6,11,1,8
18071726,9,4,1,2,11
18071727,2,5,10,11,4
18071728,6,2,3,7,9
18071729,4,8,10,11,1
18071730,3,6,8,2,5
18071731,7,8,1,4,5
18071732,2,8,5,1,11
18071733,11,6,4,10,1
18071734,9,7,10,11,6
18071735,8,2,1,7,6
18071736,11,10,4,8,2
18071737,11,9,6,8,5
18071738,8,11,2,4,3
18071739,10,6,9,2,1
18071740,1,11,5,3,10
18071741,2,8,3,7,10
18071742,4,1,5,9,6
18071743,9,4,3,7,1
18071744,8,2,11,1,5
18071745,4,8,1,10,9
18071746,4,10,6,2,8
18071747,9,3,8,10,1
18071748,8,6,5,10,9
18071749,8,6,5,10,9
18071750,9,6,1,3,11
18071751,5,4,10,2,1
18071752,11,2,9,3,4
18071753,9,8,11,1,5
18071754,10,6,2,9,8
18071755,11,9,1,3,10
18071756,1,8,11,3,7
18071757,3,11,2,9,7
18071758,11,1,9,5,2
18071759,8,2,5,1,10
18071760,6,4,1,8,2
18071761,6,1,11,5,3
18071762,9,3,7,2,11
18071763,6,1,11,8,5
18071764,11,1,8,9,2
18071765,4,5,9,1,3
18071766,2,10,8,7,9
18071767,1,3,2,4,6
18071768,8,7,6,3,5
18071769,2,3,6,4,10
18071770,9,4,10,3,1
18071771,8,6,5,3,1
18071772,10,5,1,8,4
18071773,10,6,11,7,5
18071774,3,8,1,6,11
18071775,11,3,2,6,1
18071776,5,3,4,1,6
18071777,1,3,7,4,5
18071778,5,4,11,9,10
18071779,3,5,8,10,9
18071780,11,8,10,2,1
18071781,3,11,4,8,7
18071782,8,5,9,1,6
18071783,7,6,10,4,1
18071784,8,1,3,4,6
18071785,3,8,9,6,7
18071786,10,6,9,5,1
18071787,1,5,3,10,2
18071788,8,7,9,1,6
18071789,10,1,11,6,9
18071790,4,10,6,2,5
18071801,11,5,9,3,1
18071802,9,10,4,6,1
18071803,5,2,8,3,7
18071804,8,6,4,3,11
18071805,1,9,4,5,7
18071806,1,10,6,11,9
18071807,2,5,9,6,10
18071808,6,7,3,5,1
18071809,5,1,3,10,8
18071810,7,5,6,2,1
18071811,8,1,10,9,11
18071812,10,9,11,2,5
18071813,3,5,7,10,2
18071814,2,6,10,11,3
18071815,3,9,6,8,1
18071816,7,11,2,8,1
18071817,7,6,11,9,1
18071818,9,3,7,4,11
18071819,11,1,6,7,2
18071820,8,5,10,7,2
18071821,3,11,4,2,7
18071822,11,5,1,3,10
18071823,1,2,7,3,11
18071824,5,7,10,4,11
18071825,7,2,9,1,11
18071826,11,1,2,6,7
18071827,1,2,11,4,6
18071828,5,8,4,3,2
18071829,2,1,3,5,4
18071830,4,10,2,1,11
18071831,5,1,7,8,9
18071832,5,8,10,7,1
18071833,10,1,3,8,9
18071834,2,6,5,1,8
18071835,10,1,11,6,8
18071836,9,4,1,3,11
18071837,2,11,7,9,8
18071838,7,9,1,10,6
18071839,9,7,2,5,3
18071840,9,11,3,2,4
18071841,9,10,4,5,1
18071842,9,5,2,8,3
18071843,8,1,9,7,11
18071844,9,2,8,4,1
18071845,2,5,1,11,3
18071846,9,3,7,5,8
18071847,11,3,8,6,9
18071848,3,1,9,10,4
18071849,7,3,4,5,6
18071850,5,6,7,10,11
18071851,9,10,5,7,4
18071852,2,5,6,10,11
18071853,1,2,4,10,8
18071854,6,5,4,1,9
18071855,3,1,2,9,7
18071856,1,7,11,3,8
18071857,9,4,8,3,6
18071858,5,8,6,7,2
18071859,9,11,4,8,10
18071860,4,11,5,9,8
18071861,2,6,10,4,11
18071862,4,6,8,1,3
18071863,2,4,9,8,10
18071864,7,1,3,11,10
18071865,7,2,5,4,10
18071866,4,11,9,6,3
18071867,8,11,9,5,3
18071868,4,6,2,11,8
18071869,11,1,2,7,5
18071870,6,2,10,5,11
18071871,11,10,7,4,3
18071872,11,9,10,6,5
18071873,3,4,8,9,2
18071874,11,4,8,6,10
18071875,1,5,4,11,2
18071876,1,2,10,4,5
18071877,11,8,3,1,4
18071878,5,7,2,6,8
18071879,9,5,8,11,2
18071880,2,1,4,5,8
18071881,9,6,4,1,10
18071882,5,1,4,11,7
18071883,6,3,10,11,7
18071884,11,3,9,5,6
18071885,10,3,4,9,1
18071886,8,11,3,6,4
18071887,3,5,6,2,9
18071888,2,5,11,8,10
18071889,3,8,2,9,10
18071890,8,1,5,10,4
18071901,7,3,2,6,5
18071902,4,7,8,9,2
18071903,2,7,9,1,5
18071904,2,4,11,8,5
18071905,11,2,5,3,7
18071906,7,2,1,8,10
18071907,8,6,4,7,5
18071908,10,9,5,11,8
18071909,11,10,8,4,2
18071910,9,2,11,4,7
18071911,8,10,5,1,7
18071912,9,4,10,8,1
18071913,11,7,2,3,6
18071914,4,11,9,3,6
18071915,1,8,9,7,4
18071916,5,4,3,2,7
18071917,5,8,4,10,1
18071918,6,7,3,10,8
18071919,1,9,3,4,10
18071920,10,7,9,11,3
18071921,6,2,3,1,8
18071922,8,2,1,9,11
18071923,5,3,2,6,9
18071924,10,1,7,5,3
18071925,9,2,3,1,10
18071926,4,11,10,5,8
18071927,3,9,4,2,10
18071928,5,3,2,1,10
18071929,5,3,9,7,11
18071930,8,11,10,5,7
18071931,1,2,9,6,7
18071932,8,3,1,10,6
18071933,10,4,3,9,2
18071934,7,10,11,3,9
18071935,4,7,5,3,10
18071936,11,5,4,10,2
18071937,6,11,3,1,5
18071938,7,11,9,5,4
18071939,4,5,1,3,11
18071940,3,10,11,6,7
18071941,5,4,3,7,6
18071942,4,5,8,1,6
18071943,5,1,3,11,4
18071944,11,9,7,8,6
18071945,9,8,3,11,5
18071946,11,6,8,2,7
18071947,5,9,6,1,3
18071948,8,9,4,1,10
18071949,4,10,1,8,2
18071950,3,6,5,11,1
18071951,3,8,11,6,5
18071952,1,7,2,8,9
18071953,6,4,8,1,9
18071954,2,1,9,8,6
18071955,3,9,7,1,10
18071956,10,2,7,3,8
18071957,2,5,6,10,7
18071958,5,4,6,11,1
18071959,8,6,11,4,10
18071960,2,5,6,7,10
18071961,3,5,10,1,4
18071962,8,2,3,5,11
18071963,4,10,3,8,1
18071964,7,10,6,2,1
18071965,2,9,3,10,5
18071966,2,4,3,7,11
18071967,1,3,9,5,2
18071968,1,5,9,4,3
18071969,8,3,4,7,9
18071970,10,6,9,2,1
18071971,11,1,6,5,7
18071972,11,7,3,8,6
18071973,7,3,4,10,11
18071974,10,3,11,8,9
18071975,9,8,5,11,1
18071976,2,5,10,9,6
18071977,7,11,6,5,10
18071978,10,1,5,6,11
18071979,4,10,9,3,11
18071980,7,3,1,10,5
18071981,5,9,4,11,6
18071982,10,5,1,9,3
18071983,4,7,2,6,9
18071984,10,6,11,1,9
18071985,1,2,3,5,9
18071986,8,4,3,7,11
18071987,4,2,7,6,5
18071988,2,8,6,11,7
18071989,5,1,6,11,10
18071990,7,1,9,6,5
18072001,11,1,9,10,2
18072002,2,3,7,1,4
18072003,10,11,3,7,4
18072004,5,3,8,7,11
18072005,9,3,8,2,7
18072006,11,9,3,7,8
18072007,6,3,10,4,7
18072008,5,9,6,2,11
18072009,11,4,10,6,9
18072010,4,10,1,5,2
18072011,8,10,3,2,4
18072012,10,8,9,6,3
18072013,8,7,10,6,3
18072014,7,3,10,2,6
18072015,3,10,9,6,5
18072016,3,8,10,6,11
18072017,2,3,1,11,4
18072018,9,5,6,1,10
18072019,6,11,9,7,3
18072020,2,11,9,7,8
18072021,1,7,2,10,8
18072022,1,3,5,10,7
18072023,2,10,1,7,5
18072024,10,5,8,1,6
18072025,8,2,6,5,4
18072026,7,4,10,6,9
18072027,9,5,10,6,3
18072028,7,5,2,10,8
18072029,5,2,8,9,10
18072030,3,6,8,7,4
18072031,2,11,7,5,4
18072032,5,3,8,9,6
18072033,9,3,5,1,2
18072034,3,2,4,9,11
18072035,9,8,7,3,1
18072036,10,8,7,9,5
18072037,8,1,11,2,6
18072038,3,2,5,9,11
18072039,4,1,9,11,3
18072040,7,2,3,10,1
18072041,11,1,8,6,3
18072042,5,7,3,8,9
18072043,5,11,7,10,4
18072044,9,2,4,10,6
18072045,9,7,10,8,11
18072046,9,6,8,11,1
18072047,6,4,8,10,1
18072048,11,2,3,9,1
18072049,8,6,11,2,7
18072050,8,5,4,11,6
18072051,3,6,7,9,4
18072052,2,11,5,9,4
18072053,9,10,7,4,8
18072054,11,8,4,1,7
18072055,4,11,7,2,10
18072056,11,5,10,1,3
18072057,8,7,3,4,9
18072058,9,6,5,11,1
18072059,4,7,5,6,2
18072060,9,6,11,3,5
18072061,9,1,2,4,10
18072062,9,8,10,1,5
18072063,1,4,2,8,11
18072064,5,2,10,6,11
18072065,6,7,4,10,3
18072066,5,9,8,3,2
18072067,2,1,10,7,6
18072068,1,6,2,10,8
18072069,5,7,9,6,1
18072070,1,5,9,7,10
18072071,5,4,1,9,6
18072072,1,2,8,3,11
18072073,9,7,4,11,6
18072074,6,4,1,9,11
18072075,2,1,9,11,3
18072076,1,9,11,2,10
18072077,10,2,3,9,1
18072078,10,1,9,7,11
18072079,2,9,11,5,6
18072080,2,11,5,1,4
18072081,2,6,4,10,8
18072082,6,4,3,8,2
18072083,1,2,11,6,7
18072084,10,9,3,1,7
18072085,2,8,10,6,11
18072086,3,4,5,10,2
18072087,4,2,3,10,9
18072088,3,4,8,2,5
18072089,3,5,1,8,6
18072090,4,9,1,5,11
18072101,3,1,10,8,4
18072102,3,4,8,6,9
18072103,5,9,2,8,1
18072104,7,2,11,4,5
18072105,8,5,3,9,2
18072106,3,2,5,8,7
18072107,2,10,8,6,1
18072108,7,5,4,1,10
18072109,4,9,3,2,1
18072110,10,6,9,7,3
18072111,11,2,6,1,9
18072112,4,7,8,10,1
18072113,4,6,9,8,7
18072114,9,10,7,4,6
18072115,2,11,3,1,7
18072116,8,4,2,1,9
18072117,10,8,7,1,5
18072118,7,6,9,11,1
18072119,4,10,2,9,11
18072120,10,6,8,1,2
18072121,8,6,3,10,2
18072122,3,5,9,2,8
18072123,4,5,1,7,2
18072124,1,6,5,8,4
18072125,4,7,11,8,5
18072126,1,2,3,5,7
18072127,2,5,7,10,6
18072128,7,4,1,11,10
18072129,6,9,10,7,1
18072130,11,2,1,4,3
18072131,8,6,9,2,4
18072132,6,10,2,1,9
18072133,1,3,4,7,11
18072134,5,10,11,1,3
18072135,2,8,3,4,1
18072136,1,5,7,3,4
18072137,3,4,7,9,5
18072138,2,11,10,7,5
18072139,8,3,4,1,7
18072140,5,10,3,1,11
18072141,8,3,6,5,11
18072142,3,5,6,11,7
18072143,7,5,8,3,1
18072144,11,2,4,9,6
18072145,3,6,11,4,8
18072146,10,3,4,8,7
18072147,1,7,8,3,2
18072148,1,8,11,10,4
18072149,3,2,7,11,9
18072150,7,8,4,5,9
18072151,6,7,11,5,9
18072152,10,9,8,3,1
18072153,8,5,4,2,7
18072154,5,6,1,4,7
18072155,5,9,3,1,11
18072156,1,11,6,10,5
18072157,10,4,2,5,3
18072158,11,2,1,6,7
18072159,7,9,3,2,11
18072160,4,11,8,7,5
18072161,7,10,6,1,5
18072162,11,5,8,4,7
18072163,7,10,1,3,6
18072164,7,10,9,8,1
18072165,8,5,2,6,11
18072166,2,10,6,8,11
18072167,1,4,9,11,2
18072168,9,2,7,6,1
18072169,2,4,1,8,10
18072170,10,8,3,2,5
18072171,10,5,2,6,1
18072172,11,6,8,4,5
18072173,3,11,10,2,9
18072174,4,6,9,7,10
18072175,8,11,1,6,3
18072176,4,11,3,9,5
18072177,1,8,10,3,11
18072178,6,11,10,3,7
18072179,5,2,7,9,1
18072180,5,10,8,7,3
18072181,9,10,11,8,3
18072182,4,10,8,1,5
18072183,9,2,10,3,1
18072184,4,5,6,10,8
18072185,7,11,6,8,4
18072186,1,3,8,5,7
18072187,9,3,8,11,6
18072188,9,5,2,10,4
18072189,2,10,11,6,9
18072190,2,1,5,9,3
18072201,3,1,6,7,10
18072202,3,4,7,8,1
18072203,3,2,7,9,8
18072204,2,11,4,9,1
18072205,6,5,2,4,7
18072206,2,11,7,4,8
18072207,8,5,3,2,1
18072208,2,1,9,3,11
18072209,6,1,11,5,7
18072210,7,8,5,10,2
18072211,4,11,2,7,1
18072212,11,1,5,3,10
18072213,3,11,6,1,2
18072214,2,1,8,4,11
18072215,4,9,2,8,10
18072216,3,5,9,7,10
18072217,3,5,6,1,2
18072218,3,1,7,8,6
18072219,8,10,9,5,3
18072220,3,6,8,11,5
18072221,5,1,4,2,7
18072222,2,11,1,4,5
18072223,3,4,8,9,5
18072224,2,10,5,6,7
18072225,1,10,4,7,9
18072226,9,4,10,2,5
18072227,2,9,3,11,5
18072228,3,11,1,10,9
18072229,1,5,10,4,3
18072230,1,8,3,7,4
18072231,4,11,1,7,6
18072232,4,1,3,2,5
18072233,6,2,7,10,5
18072234,7,1,8,6,4
18072235,8,2,6,11,1
18072236,5,2,3,8,10
18072237,5,4,1,7,6
18072238,1,11,2,8,9
18072239,3,1,4,2,7
18072240,9,4,11,7,3
18072241,1,10,11,3,7
18072242,9,5,6,10,7
18072243,10,9,6,1,11
18072244,9,4,8,5,7
18072245,6,11,4,2,7
18072246,10,5,11,3,7
18072247,5,3,10,8,4
18072248,7,3,11,4,1
18072249,2,7,6,11,1
18072250,7,5,10,9,3
18072251,7,2,5,6,1
18072252,7,3,6,11,10
18072253,3,1,11,9,8
18072254,4,11,7,8,5
18072255,2,9,11,4,6
18072256,2,1,3,5,7
18072257,11,6,5,9,2
18072258,9,8,11,4,6
18072259,11,5,8,6,2
18072260,10,2,3,7,1
18072261,10,6,7,2,9
18072262,2,9,11,10,1
18072263,7,10,11,6,5
18072264,5,4,10,3,8
18072265,4,5,6,1,11
18072266,6,7,11,8,1
18072267,4,3,7,1,11
18072268,5,1,9,6,7
18072269,2,8,10,6,4
18072270,8,4,10,6,5
18072271,3,9,7,10,5
18072272,4,3,5,2,9
18072273,6,5,3,2,8
18072274,5,2,11,8,10
18072275,6,3,10,1,9
18072276,1,2,7,9,6
18072277,11,10,7,9,1
18072278,11,2,1,7,6
18072279,3,5,6,11,7
18072280,5,3,4,6,8
18072281,7,2,8,1,10
18072282,3,1,8,7,10
18072283,5,2,8,4,10
18072284,6,2,11,10,8
18072285,10,2,4,6,9
18072286,1,7,8,4,11
18072287,5,7,8,2,10
18072288,4,10,2,11,7
18072289,3,6,9,2,7
18072290,4,8,3,1,9
18072301,9,11,7,2,4
18072302,1,9,8,10,6
18072303,9,5,8,6,4
18072304,10,1,11,4,7
18072305,10,5,9,1,8
18072306,9,10,5,1,2
18072307,1,2,5,8,10
18072308,6,4,8,2,7
18072309,3,5,1,8,10
18072310,7,10,11,8,6
18072311,9,1,7,5,10
18072312,7,6,9,11,10
18072313,7,2,8,1,5
18072314,8,11,3,6,1
18072315,4,2,7,5,10
18072316,7,1,9,10,4
18072317,11,5,8,1,3
18072318,9,2,10,1,11
18072319,9,4,5,6,1
18072320,5,11,6,10,7
18072321,5,1,4,10,8
18072322,11,2,1,8,9
18072323,11,5,1,9,8
18072324,6,10,11,9,1
18072325,4,5,7,9,6
18072326,5,11,8,3,1
18072327,7,3,1,8,4
18072328,10,11,7,6,2
18072329,11,5,2,3,10
18072330,1,3,2,9,11
18072331,10,2,11,3,6
18072332,8,4,3,2,10
18072333,5,8,3,10,2
18072334,3,4,1,10,9
18072335,8,9,11,7,6
18072336,2,8,4,5,7
18072337,11,4,7,3,1
18072338,8,10,2,3,7
18072339,7,6,8,1,11
18072340,8,4,3,10,11
18072341,8,6,2,3,11
18072342,4,2,6,7,10
18072343,5,3,7,1,11
18072344,2,5,10,3,6
18072345,1,7,4,10,9
18072346,9,6,5,11,8
18072347,7,8,11,5,3
18072348,6,8,7,4,9
18072349,11,7,6,1,8
18072350,1,4,8,10,3
18072351,2,3,5,7,6
18072352,2,3,5,8,4
18072353,3,2,8,1,7
18072354,10,2,1,6,9
18072355,8,7,6,10,3
18072356,5,6,4,2,9
18072357,10,2,5,4,1
18072358,2,4,10,11,5
18072359,7,6,3,9,10
18072360,7,5,10,9,4
18072361,1,4,6,2,5
18072362,6,8,1,2,11
18072363,7,4,8,5,11
18072364,7,6,11,2,10
18072365,7,10,5,4,1
18072366,3,11,4,5,10
18072367,9,1,5,8,6
18072368,2,6,7,4,1
18072369,5,8,6,10,3
18072370,5,8,7,11,4
18072371,6,8,2,3,7
18072372,9,2,7,8,1
18072373,5,1,3,4,10
18072374,6,10,2,7,8
18072375,4,6,9,2,11
18072376,7,10,4,6,3
18072377,11,6,8,1,9
18072378,3,11,10,1,9
18072379,8,4,1,5,10
18072380,9,3,7,10,2
18072381,1,4,9,10,5
18072382,7,9,2,8,3
18072383,1,4,11,8,3
18072384,3,8,2,5,4
18072385,4,7,8,9,1
18072386,4,1,3,9,10
18072387,2,3,7,8,10
18072388,3,8,10,2,9
18072389,7,4,6,5,9
18072390,4,3,1,9,10
18072401,7,9,1,6,11
18072402,5,1,10,8,4
18072403,10,11,3,6,1
18072404,7,11,6,10,9
18072405,11,3,7,1,6
18072406,6,9,10,7,11
18072407,1,10,3,11,6
18072408,2,4,3,1,8
18072409,9,1,6,2,11
18072410,11,6,4,10,2
18072411,4,7,2,3,5
18072412,3,7,5,8,2
18072413,2,6,10,11,5
18072414,4,3,8,11,5
18072415,10,5,4,1,6
18072416,1,10,8,11,6
18072417,8,10,6,5,11
18072418,1,5,8,3,7
18072419,5,7,4,2,11
18072420,1,8,3,2,10
18072421,11,8,4,9,2
18072422,4,5,9,8,6
18072423,10,9,7,11,3
18072424,5,11,3,4,7
18072425,6,8,9,1,10
18072426,6,8,5,7,3
18072427,6,7,3,1,2
18072428,8,3,6,11,7
18072429,2,1,9,7,4
18072430,5,10,7,3,6
18072431,2,10,1,7,4
18072432,7,6,10,9,5
18072433,3,9,6,4,1
18072434,4,2,7,11,3
18072435,1,5,8,9,6
18072436,2,10,11,3,1
18072437,6,7,8,10,9
18072438,6,4,1,9,11
18072439,6,4,5,11,8
18072440,1,4,7,5,8
18072441,9,5,3,4,7
18072442,5,3,10,6,8
18072443,5,1,11,3,10
18072444,7,1,4,9,11
18072445,11,2,6,3,4
18072446,8,7,4,5,2
18072447,8,11,9,10,5
18072448,6,4,9,1,11
18072449,6,7,4,9,3
18072450,8,1,2,10,4
18072451,2,6,8,11,9
18072452,11,8,5,2,3
18072453,7,10,11,3,5
18072454,3,5,7,11,9
18072455,5,8,4,3,11
18072456,6,11,4,2,3
18072457,6,8,9,1,7
18072458,7,4,5,6,1
18072459,4,6,2,10,11
18072460,9,2,7,11,4
18072461,2,7,3,1,5
18072462,3,4,5,8,9
18072463,11,6,4,1,5
18072464,6,5,7,11,2
18072465,1,3,5,4,8
18072466,10,2,1,5,3
18072467,4,11,3,7,8
18072468,10,4,8,1,3
18072469,5,2,9,3,1
18072470,7,8,3,2,11
18072471,4,11,2,7,6
18072472,5,11,9,4,10
18072473,2,1,6,7,3
18072474,7,8,6,5,11
18072475,1,4,6,2,10
18072476,9,2,10,5,7
18072477,11,10,8,7,3
18072478,5,7,3,9,1
18072479,3,9,8,2,10
18072480,8,5,9,6,10
18072481,2,9,4,3,6
18072482,6,8,9,1,10
18072483,2,5,7,11,10
18072484,8,2,6,1,3
18072485,11,9,8,1,7
18072486,7,3,5,2,10
18072487,5,6,2,9,3
18072488,11,3,10,4,2
18072489,4,10,3,7,2
18072490,7,6,8,11,4
18072501,1,6,8,10,3
18072502,6,7,3,5,4
18072503,11,4,2,7,1
18072504,6,3,7,4,10
18072505,2,5,6,10,1
18072506,11,2,8,6,4
18072507,6,3,5,7,9
18072508,1,3,10,8,2
18072509,2,8,4,6,10
18072510,8,7,3,2,9
18072511,6,5,11,9,1
18072512,10,8,6,2,11
18072513,5,10,11,9,2
18072514,8,9,5,4,3
18072515,2,7,9,4,11
18072516,1,4,6,7,10
18072517,9,2,4,8,7
18072518,9,1,5,11,2
18072519,11,8,9,10,5
18072520,7,2,4,9,3
18072521,3,2,6,8,7
18072522,3,2,10,4,1
18072523,6,2,3,9,5
18072524,6,11,4,10,5
18072525,11,7,2,6,8
18072526,11,3,9,7,6
18072527,2,8,6,9,10
18072528,6,11,9,10,4
18072529,11,3,8,6,5
18072530,9,4,8,3,11
18072531,3,4,1,7,10
18072532,10,2,9,11,4
18072533,7,3,8,9,10
18072534,8,7,5,4,9
18072535,10,2,1,5,6
18072536,1,3,8,2,10
18072537,11,8,9,3,10
18072538,9,2,6,4,7
18072539,9,6,3,1,4
18072540,1,7,5,3,4
18072541,1,5,7,2,3
18072542,2,4,6,5,7
18072543,9,1,7,8,11
18072544,5,6,9,10,2
18072545,6,7,10,4,5
18072546,7,10,1,6,11
18072547,11,3,7,1,9
18072548,11,10,7,6,4
18072549,11,6,7,1,8
18072550,2,4,6,5,1
18072551,7,10,8,2,4
18072552,8,3,6,1,10
18072553,8,6,2,5,11
18072554,5,6,1,11,10
18072555,10,7,8,11,2
18072556,3,5,9,8,2
18072557,8,3,4,9,1
18072558,5,4,2,3,8
18072559,11,4,3,9,6
18072560,3,11,10,9,4
18072561,9,10,11,3,5
18072562,11,9,3,1,7
18072563,8,6,4,5,1
18072564,3,1,9,10,4
18072565,6,5,8,3,10
18072566,8,10,2,4,3
18072567,3,5,10,8,9
18072568,11,8,6,4,2
18072569,8,1,6,11,10
18072570,4,7,3,6,1
18072571,1,3,2,9,11
18072572,3,7,11,8,2
18072573,1,5,6,10,7
18072574,2,3,10,11,9
18072575,3,5,10,7,4
18072576,5,3,6,11,7
18072577,4,9,10,7,3
18072578,5,4,3,9,10
18072579,8,9,10,7,6
18072580,11,7,1,5,4
18072581,2,1,4,3,9
18072582,1,8,6,9,5
18072583,8,10,5,4,9
18072584,11,7,4,3,1
18072585,7,4,11,2,10
18072586,9,6,2,8,7
18072587,2,5,1,10,3
18072588,10,9,8,6,3
18072589,9,3,1,7,4
18072590,9,2,11,4,5
18072601,1,7,11,5,8
18072602,3,9,4,10,1
18072603,6,1,9,7,4
18072604,2,11,8,6,7
18072605,8,6,7,11,3
18072606,7,11,10,8,1
18072607,1,10,5,7,4
18072608,11,10,1,9,5
18072609,3,2,6,1,7
18072610,9,6,8,10,7
18072611,6,5,10,9,7
18072612,10,11,6,3,4
18072613,8,5,4,11,9
18072614,10,4,2,11,8
18072615,9,6,10,11,1
18072616,9,2,6,4,5
18072617,8,10,9,1,6
18072618,2,10,7,1,11
18072619,9,5,1,10,2
18072620,3,2,7,1,4
18072621,6,4,9,1,7
18072622,4,2,9,6,3
18072623,1,8,2,11,10
18072624,11,9,3,5,10
18072625,1,10,6,8,9
18072626,11,7,1,5,10
18072627,11,7,3,9,1
18072628,8,11,5,7,3
18072629,5,3,4,8,10
18072630,6,10,11,4,1
18072631,4,1,10,8,2
18072632,11,3,8,7,9
18072633,10,5,9,8,2
18072634,6,4,11,5,3
18072635,10,7,3,5,6
18072636,3,11,7,6,2
18072637,10,1,9,11,8
18072638,7,10,3,1,11
18072639,7,4,8,11,10
18072640,3,10,4,9,5
18072641,4,9,2,7,1
18072642,10,5,6,2,3
18072643,8,11,2,3,7
18072644,10,6,3,9,5
18072645,3,11,4,8,2
18072646,8,9,6,1,2
18072647,3,11,1,8,5
18072648,10,5,3,8,6
18072649,8,7,6,9,2
18072650,3,2,10,7,9
18072651,3,9,8,10,11
18072652,10,11,9,7,4
18072653,10,3,8,6,9
18072654,4,11,3,10,5
18072655,11,1,4,6,3
18072656,8,4,6,3,5
18072657,8,11,3,1,5
18072658,10,8,9,5,11
18072659,5,2,11,3,8
18072660,3,5,4,1,10
18072661,9,4,6,2,5
18072662,8,7,1,9,4
18072663,6,4,5,7,9
18072664,6,9,11,5,7
18072665,11,8,1,10,5
18072666,7,10,3,8,1
18072667,3,5,1,9,2
18072668,3,5,8,7,6
18072669,6,8,2,5,11
18072670,6,1,2,3,5
18072671,2,5,9,6,10
18072672,11,9,8,5,3
18072673,9,4,3,8,7
18072674,9,10,1,6,4
18072675,10,1,2,3,7
18072676,6,9,10,1,4
18072677,8,7,1,10,5
18072678,9,3,7,6,5
18072679,11,3,2,10,8
18072680,1,3,4,9,5
18072681,2,8,7,4,3
18072682,5,2,3,6,9
18072683,5,4,9,11,2
18072684,7,1,5,8,10
18072685,1,5,9,3,7
18072686,8,5,1,9,10
18072687,5,11,2,8,3
18072688,3,10,6,9,5
18072689,5,11,9,3,2
18072690,3,10,2,6,9
18072701,11,10,4,3,9
18072702,5,6,8,7,9
18072703,3,2,7,11,4
18072704,11,2,4,5,6
18072705,9,7,4,1,3
18072706,2,9,7,5,1
18072707,7,10,5,8,3
18072708,11,10,5,3,6
18072709,10,5,7,11,6
18072710,8,7,6,9,2
18072711,2,10,11,3,7
18072712,7,8,2,1,9
18072713,8,3,2,10,5
18072714,3,4,8,2,5
18072715,3,6,4,11,8
18072716,2,9,5,3,7
18072717,10,9,6,7,8
18072718,8,11,2,10,4
18072719,5,6,8,4,11
18072720,10,2,1,8,9
18072721,9,7,6,5,2
18072722,8,7,1,6,9
18072723,6,10,9,4,8
18072724,5,11,9,1,7
18072725,4,11,1,5,10
18072726,10,2,5,3,11
18072727,5,9,4,8,7
18072728,1,11,9,4,6
18072729,3,7,10,6,2
18072730,8,4,10,9,11
18072731,3,1,7,8,10
18072732,10,6,2,3,9
18072733,7,9,6,10,1
18072734,6,10,2,11,9
18072735,7,1,10,9,3
18072736,2,8,5,11,7
18072737,11,7,10,6,1
18072738,1,7,2,9,3
18072739,8,10,2,5,11
18072740,7,9,11,3,2
18072741,9,8,11,6,7
18072742,5,8,9,10,1
18072743,8,10,4,1,9
18072744,2,5,7,8,9
18072745,4,2,6,8,11
18072746,1,9,11,7,4
18072747,9,1,8,3,4
18072748,7,9,6,10,5
18072749,1,7,4,2,8
18072750,11,2,9,1,7
18072751,8,10,9,2,4
18072752,10,8,4,1,3
18072753,1,2,4,8,3
18072754,8,11,1,5,6
18072755,8,11,10,4,9
18072756,6,5,8,9,10
18072757,11,9,1,6,2
18072758,11,3,9,8,10
18072759,5,6,7,4,9
18072760,3,4,11,1,9
18072761,8,11,7,2,4
18072762,8,1,6,2,7
18072763,3,10,7,5,2
18072764,7,8,4,9,3
18072765,10,8,9,3,6
18072766,6,1,9,7,4
18072767,9,5,6,11,8
18072768,5,4,3,7,11
18072769,1,10,2,5,7
18072770,8,4,3,5,2
18072771,5,9,8,1,11
18072772,4,8,11,3,10
18072773,7,4,1,10,5
18072774,7,9,10,8,2
18072775,4,1,9,7,11
18072776,10,6,1,8,11
18072777,2,8,4,3,9
18072778,3,4,5,9,10
18072779,4,9,7,11,2
18072780,2,11,3,9,7
18072781,9,6,8,3,4
18072782,4,8,2,7,9
18072783,3,2,10,9,7
18072784,3,6,4,11,10
18072785,9,3,11,2,10
18072786,3,9,8,5,2
18072787,5,6,3,8,7
18072788,7,9,6,10,1
18072789,4,11,9,8,5
18072790,9,2,10,11,8
18072801,3,5,7,8,1
18072802,2,5,11,10,7
18072803,3,7,11,5,4
18072804,2,10,8,9,5
18072805,6,4,5,2,11
18072806,9,5,11,10,7
18072807,7,4,2,10,9
18072808,6,3,11,2,1
18072809,2,6,3,11,1
18072810,8,5,6,7,9
18072811,7,8,4,3,11
18072812,2,5,11,6,4
18072813,11,6,4,7,10
18072814,3,8,4,2,10
18072815,9,3,11,7,5
18072816,9,10,7,2,6
18072817,10,8,11,4,7
18072818,10,4,7,9,8
18072819,4,7,10,3,6
18072820,4,7,3,5,10
18072821,6,3,9,11,1
18072822,2,4,1,3,9
18072823,7,3,4,2,10
18072824,10,2,8,6,11
18072825,11,5,8,2,9
18072826,1,8,4,9,6
18072827,5,7,1,8,3
18072828,10,6,1,5,4
18072829,5,11,2,10,4
18072830,10,1,5,7,3
18072831,4,3,2,10,5
18072832,7,1,9,3,6
18072833,3,9,6,4,7
18072834,6,4,7,9,8
18072835,1,9,7,10,11
18072836,7,5,1,4,2
18072837,7,5,10,11,8
18072838,9,2,10,11,1
18072839,5,9,7,8,11
18072840,1,11,4,2,5
18072841,3,6,7,5,4
18072842,3,9,2,1,6
18072843,11,10,5,1,6
18072844,3,8,7,11,10
18072845,3,4,1,2,10
18072846,9,8,7,3,4
18072847,9,6,11,7,2
18072848,1,9,11,10,3
18072849,9,6,7,11,1
18072850,7,11,10,9,6
18072851,4,1,8,11,2
18072852,8,9,2,10,1
18072853,4,1,9,3,7
18072854,6,10,8,3,4
18072855,11,3,6,8,2
18072856,9,10,1,11,7
18072857,8,7,3,1,6
18072858,10,7,6,11,4
18072859,5,8,10,11,3
18072860,11,6,2,7,4
18072861,3,9,4,2,7
18072862,8,3,10,5,7
18072863,11,10,7,8,4
18072864,2,8,4,10,9
18072865,7,2,4,11,5
18072866,6,3,10,2,8
18072867,1,10,2,8,9
18072868,3,10,4,8,5
18072869,10,11,4,5,7
18072870,1,2,10,6,3
18072871,7,6,3,5,9
18072872,8,4,3,2,9
18072873,8,1,7,6,10
18072874,1,7,9,3,5
18072875,1,3,7,11,6
18072876,4,7,5,10,9
18072877,2,9,11,8,6
18072878,8,5,2,9,4
18072879,4,2,7,1,11
18072880,7,5,1,11,9
18072881,4,5,11,7,8
18072882,9,8,10,4,3
18072883,6,5,11,10,2
18072884,10,8,1,2,6
18072885,9,10,11,4,3
18072886,11,9,2,8,1
18072887,1,6,8,10,9
18072888,7,8,11,1,6
18072889,4,2,6,1,9
18072890,11,3,6,8,10
18072901,4,9,11,7,5
18072902,9,2,11,7,5
18072903,11,6,8,2,10
18072904,2,9,4,10,11
18072905,9,3,8,11,5
18072906,7,4,1,5,11
18072907,2,9,5,10,3
18072908,7,1,3,10,6
18072909,4,3,1,9,2
18072910,8,6,10,4,7
18072911,6,1,2,10,5
18072912,10,8,2,7,4
18072913,5,3,1,7,10
18072914,10,8,9,4,11
18072915,2,1,9,8,3
18072916,6,2,9,11,10
18072917,2,7,10,8,9
18072918,7,8,9,1,5
18072919,10,3,9,5,2
18072920,11,8,1,7,5
18072921,10,2,3,5,8
18072922,7,5,1,10,2
18072923,5,3,4,7,2
18072924,7,4,2,11,5
18072925,6,11,9,5,4
18072926,1,10,6,3,8
18072927,9,6,5,3,10
18072928,5,10,3,9,7
18072929,6,11,5,9,1
18072930,5,1,3,10,7
18072931,3,8,6,1,2
18072932,2,7,4,11,5
18072933,10,6,5,9,1
18072934,4,11,8,5,3
18072935,1,5,7,10,4
18072936,6,3,1,2,10
18072937,7,5,10,11,2
18072938,2,6,5,4,1
18072939,11,8,3,9,6
18072940,1,6,2,10,11
18072941,7,10,3,5,1
18072942,1,9,4,7,5
18072943,2,9,8,3,11
18072944,1,5,6,10,7
18072945,3,2,7,11,1
18072946,2,5,8,1,11
18072947,11,5,6,7,9
18072948,4,2,1,7,11
18072949,5,8,2,7,11
18072950,1,5,8,10,9
18072951,10,3,1,2,8
18072952,2,5,6,10,8
18072953,3,10,9,6,11
18072954,6,8,7,5,9
18072955,4,6,10,7,9
18072956,10,9,1,6,3
18072957,11,3,2,6,10
18072958,3,8,10,6,7
18072959,2,5,6,10,3
18072960,10,1,9,7,4
18072961,9,11,7,4,8
18072962,1,8,2,9,4
18072963,3,7,11,5,1
18072964,9,2,4,7,1
18072965,5,10,8,3,11
18072966,11,3,8,10,4
18072967,5,7,11,4,6
18072968,4,6,10,9,3
18072969,11,4,1,7,3
18072970,1,7,3,4,2
18072971,6,3,4,11,10
18072972,5,11,4,7,2
18072973,4,7,10,3,9
18072974,11,3,1,9,5
18072975,8,10,2,4,6
18072976,10,1,4,11,8
18072977,3,6,8,1,4
18072978,4,7,8,6,2
18072979,1,7,8,5,2
18072980,1,8,11,3,5
18072981,8,5,11,6,9
18072982,10,4,2,5,1
18072983,6,5,10,4,1
18072984,6,11,4,8,5
18072985,2,9,11,1,6
18072986,3,8,5,10,6
18072987,3,8,9,4,5
18072988,1,8,6,7,5
18072989,3,9,2,11,7
18072990,3,7,10,1,9
18073001,4,2,8,5,9
18073002,4,7,2,9,6
18073003,2,3,6,8,10
18073004,3,2,11,4,8
18073005,1,10,6,8,3
18073006,7,5,11,10,3
18073007,10,5,1,4,2
18073008,2,11,1,8,3
18073009,8,11,4,2,9
18073010,5,7,1,6,9
18073011,2,11,8,6,3
18073012,6,9,1,3,5
18073013,1,7,2,10,6
18073014,1,10,7,2,3
18073015,10,5,1,11,3
18073016,8,5,6,7,11
18073017,7,4,3,5,9
18073018,4,2,6,7,8
18073019,9,8,7,1,11
18073020,7,3,1,6,11
18073021,5,7,11,10,8
18073022,8,5,1,7,3
18073023,3,9,1,2,7
18073024,8,3,2,1,10
18073025,11,3,6,9,4
18073026,1,5,8,6,11
18073027,8,6,4,1,5
18073028,4,3,5,10,2
18073029,1,6,11,8,9
18073030,6,9,11,2,1
18073031,6,9,8,10,3
18073032,6,3,9,4,1
18073033,9,6,5,2,10
18073034,9,2,8,6,10
18073035,4,6,8,3,2
18073036,4,3,1,9,6
18073037,11,7,5,4,2
18073038,3,1,7,5,2
18073039,5,3,8,7,6
18073040,3,11,9,10,7
18073041,10,3,9,1,8
18073042,5,1,6,2,10
18073043,10,1,2,7,11
18073044,8,2,3,1,5
18073045,10,7,5,4,6
18073046,8,4,6,3,10
18073047,10,9,7,5,2
18073048,9,3,10,7,6
18073049,7,6,5,11,2
18073050,1,5,7,8,9
18073051,11,3,9,2,7
18073052,1,10,2,7,3
18073053,1,10,3,7,2
18073054,8,3,1,2,5
18073055,3,4,8,5,9
18073056,8,11,6,5,2
18073057,7,3,9,5,4
18073058,5,6,9,7,4
18073059,6,4,2,10,5
18073060,9,2,11,6,3
18073061,7,3,8,1,11
18073062,1,11,4,7,9
18073063,6,3,2,8,10
18073064,3,8,2,11,9
18073065,4,6,3,5,11
18073066,5,11,3,9,2
18073067,5,3,10,4,6
18073068,5,2,8,7,9
18073069,11,4,2,6,10
18073070,4,5,8,11,1
18073071,4,7,5,1,2
18073072,4,10,5,7,3
18073073,8,4,6,3,1
18073074,5,6,7,11,1
18073075,11,1,4,7,6
18073076,2,7,5,4,11
18073077,1,3,9,10,7
18073078,8,5,9,7,3
18073079,5,8,7,2,10
18073080,1,9,2,10,8
18073081,2,9,7,8,1
18073082,4,6,11,8,7
18073083,11,3,1,10,9
18073084,11,1,2,10,8
18073085,9,8,2,4,7
18073086,9,5,11,8,6
18073087,5,6,9,11,7
18073088,5,4,8,1,10
18073089,8,10,3,5,9
18073090,10,3,8,5,2
18073101,3,7,4,1,8
18073102,8,2,1,10,11
18073103,8,7,3,4,11
18073104,11,5,2,10,6
18073105,6,7,1,3,8
18073106,6,8,4,10,9
18073107,4,1,5,9,11
18073108,1,6,2,9,4
18073109,1,2,3,7,6
18073110,7,6,3,10,4
18073111,8,2,3,5,4
18073112,9,11,7,10,1
18073113,1,11,4,5,3
18073114,8,4,1,6,10
18073115,6,2,1,9,11
18073116,5,2,11,3,10
18073117,6,1,10,3,7
18073118,5,11,3,7,6
18073119,5,10,9,2,1
18073120,3,10,6,11,2
18073121,9,10,7,11,5
18073122,9,4,6,10,3
18073123,5,3,10,1,9
18073124,8,10,11,9,4
18073125,4,9,3,11,8
18073126,10,9,11,6,3
18073127,1,2,5,3,8
18073128,11,6,10,5,3
18073129,8,2,10,1,7
18073130,8,4,7,5,10
18073131,1,5,10,9,2
18073132,8,7,5,3,10
18073133,6,1,7,8,2
18073134,1,5,2,8,11
18073135,6,1,5,7,4
18073136,1,9,2,3,4
18073137,5,1,7,10,9
18073138,2,11,6,8,10
18073139,1,11,9,3,8
18073140,2,4,8,5,7
18073141,11,1,10,3,6
18073142,2,11,5,8,7
18073143,1,10,3,2,4
18073144,10,4,11,8,3
18073145,1,9,6,11,3
18073146,2,10,3,1,7
18073147,4,11,8,9,3
18073148,1,4,3,10,11
18073149,5,4,8,6,9
18073150,9,3,11,5,4
18073151,9,11,1,7,2
18073152,10,5,3,2,9
18073153,9,4,1,10,6
18073154,4,11,6,2,3
18073155,3,9,8,2,1
18073156,11,9,1,8,6
18073157,4,7,2,11,1
18073158,3,7,1,5,8
18073159,2,4,10,5,7
18073160,7,2,10,4,5
18073161,3,7,11,10,5
18073162,6,1,7,5,2
18073163,4,5,8,1,7
18073164,3,6,2,10,11
18073165,10,6,7,9,4
18073166,11,10,9,6,5
18073167,8,1,2,11,3
18073168,5,7,8,10,4
18073169,4,10,3,11,8
18073170,5,6,2,9,7
18073171,3,6,9,4,11
18073172,8,4,11,10,2
18073173,5,3,2,6,7
18073174,4,1,7,10,3
18073175,7,3,1,6,10
18073176,10,3,2,5,11
18073177,5,11,4,7,1
18073178,3,9,10,7,4
18073179,11,9,6,1,5
18073180,4,6,11,3,8
18073181,5,4,1,11,6
18073182,10,7,8,6,5
18073183,5,11,9,3,10
18073184,5,10,9,1,3
18073185,7,9,1,4,3
18073186,10,1,2,11,9
18073187,9,7,10,5,11
18073188,4,5,1,3,11
18073189,11,1,10,7,5
18073190,11,6,3,2,5
